7.751525 174.872086 110.347023 49.079567 221.662216 105.419815 1.445920 187.519852 115.360527 84.488754 209.048462 128.772858                  0 
7.738032 174.950562 110.327179 49.049057 221.715347 105.409805 1.354845 187.629059 115.323738 84.433411 209.038239 128.766190                 18 
7.684309 175.054306 110.258766 48.979591 221.802277 105.399483 1.244985 187.748535 115.238747 84.345100 209.041687 128.738953                 37 
7.715811 175.140381 110.306290 49.020039 221.833908 105.424660 1.213377 187.861267 115.258415 84.369041 208.987396 128.741974                 56 
7.724381 175.206909 110.328331 48.997623 221.892258 105.425911 1.163522 187.945648 115.267677 84.352448 209.000031 128.709152                 76 
7.728878 175.270599 110.359581 48.978451 221.942810 105.438881 1.114682 188.026718 115.287941 84.338638 208.999664 128.685699                 96 
7.782162 175.309906 110.411743 48.966431 221.983276 105.451118 1.078708 188.089966 115.306404 84.332787 208.996811 128.664368                116 
7.865579 175.324554 110.470032 48.969185 222.005371 105.457062 1.061481 188.130264 115.321304 84.340897 208.986420 128.643936                136 
7.950925 175.316177 110.524963 48.964245 222.008621 105.456665 1.033282 188.152634 115.317238 84.329796 208.968231 128.640900                158 
7.979809 175.331329 110.540749 48.902969 222.020279 105.503761 0.910966 188.201874 115.255608 84.222084 208.908707 128.718613                179 
7.891021 175.359741 110.529861 48.749962 222.021164 105.587379 0.674578 188.255676 115.143547 83.988388 208.803650 128.864685                200 
7.847496 175.350235 110.532608 48.621689 222.006058 105.656784 0.534038 188.235901 114.990555 83.801361 208.709595 128.977951                223 
7.919785 175.337830 110.575119 48.603622 221.995087 105.668854 0.521025 188.209869 114.895981 83.765854 208.660431 128.994537                246 
7.852894 174.788147 110.084465 48.588993 221.355240 105.380478 0.434118 187.636795 114.369881 83.743744 207.719086 128.542542                269 
7.839521 174.710022 110.099030 48.445602 221.324402 105.342262 0.343849 187.539108 114.277779 83.629303 207.677032 128.453720                293 
7.870061 174.630219 110.161011 48.393272 221.272995 105.385727 0.367815 187.408829 114.189705 83.591949 207.604416 128.461807                316 
7.907234 174.632217 110.248596 48.351994 221.297806 105.438675 0.389417 187.370316 114.128586 83.552109 207.629318 128.512619                339 
7.953766 174.649582 110.326698 48.328499 221.329514 105.465729 0.367166 187.396118 114.152473 83.529388 207.664505 128.540558                362 
7.947262 174.688583 110.385582 48.256931 221.384628 105.485733 0.293916 187.450043 114.166779 83.452263 207.726334 128.573013                385 
7.934362 174.683838 110.315552 48.266312 221.294327 105.390495 0.202970 187.488052 114.036629 83.415405 207.523590 128.481400                408 
7.931633 174.744003 110.336609 48.190357 221.329056 105.348984 0.075405 187.585754 113.973106 83.310616 207.509705 128.454727                430 
7.957407 174.791870 110.351685 48.133175 221.356369 105.303627 -0.029522 187.670090 113.902954 83.226936 207.488571 128.420609                453 
7.916737 174.587387 110.047897 48.116512 221.105911 105.085945 -0.105034 187.479813 113.611290 83.201729 207.097366 128.130905                476 
7.884621 174.541718 109.954109 48.014912 221.066284 105.007790 -0.206958 187.433655 113.454475 83.092377 207.007095 128.033707                499 
7.903356 174.491455 109.926247 47.933849 221.053879 105.000206 -0.258136 187.373337 113.368172 83.017815 206.969086 128.000565                522 
7.985996 174.263626 109.722794 47.963810 220.879059 104.934906 -0.186946 187.120834 113.175323 83.054153 206.758835 127.903786                545 
7.995395 174.270905 109.727715 47.948593 220.887833 104.934601 -0.198545 187.128128 113.142868 83.030304 206.757736 127.910599                568 
7.927420 174.435532 109.852890 47.910439 221.009705 105.081039 -0.284982 187.303848 113.225380 82.949699 206.836227 128.095047                592 
7.986871 174.255798 109.825775 47.889851 220.865860 105.022247 -0.276771 187.121689 113.187119 82.969582 206.680969 127.967476                615 
8.063476 174.238327 109.929321 47.809879 220.938828 105.010368 -0.273995 187.093262 113.251266 82.946716 206.848297 127.926346                637 
8.107071 174.250153 110.043381 47.720520 221.042114 105.021393 -0.269547 187.082840 113.348831 82.928986 207.044022 127.884018                660 
8.216639 174.019516 109.935432 47.721863 220.898178 104.893059 -0.179996 186.823181 113.263084 83.008575 206.937164 127.657524                683 
8.178493 174.030121 109.950111 47.645855 220.934647 104.876442 -0.219181 186.813690 113.243332 82.948616 207.007156 127.636551                706 
8.151794 174.070862 109.978493 47.586193 220.993942 104.855728 -0.246836 186.837418 113.235771 82.905411 207.100815 127.611305                729 
8.255336 173.834274 109.733589 47.619167 220.795944 104.575478 -0.189076 186.590347 113.026543 83.008713 206.888596 127.212799                751 
8.291822 173.961395 109.722809 47.571461 220.949585 104.502266 -0.229618 186.714371 113.004189 82.992897 207.060944 127.101166                775 
8.317870 174.036484 109.752647 47.543869 221.056961 104.478149 -0.241706 186.783691 113.031586 82.989098 207.216492 127.069290                797 
8.356635 174.074127 109.759666 47.532616 221.121964 104.462242 -0.243579 186.813431 113.038101 82.994301 207.312515 127.046547                820 
8.383142 174.107330 109.760895 47.523224 221.170715 104.453430 -0.253467 186.839432 113.038559 82.993340 207.379486 127.035614                843 
8.393622 174.214264 109.755295 47.523705 221.273849 104.452736 -0.260709 186.942535 113.035164 82.998207 207.469498 127.020012                866 
8.379142 174.339890 109.708824 47.547932 221.359467 104.437431 -0.280679 187.073029 112.990288 83.004227 207.502258 127.000916                889 
8.378522 174.445404 109.676323 47.568233 221.431229 104.424599 -0.298191 187.182434 112.952827 83.009232 207.529724 126.984886                913 
8.387875 174.462021 109.648308 47.574017 221.445038 104.424362 -0.303448 187.196686 112.927055 83.010643 207.525726 126.980530                937 
8.556136 173.125443 108.339653 47.922359 220.073349 104.360588 -0.099433 185.794739 111.922005 83.259796 205.485535 126.648338                960 
8.510638 173.181931 108.279419 47.873932 220.131805 104.377655 -0.152298 185.833282 111.871437 83.191414 205.546967 126.698952                984 
8.436920 173.338623 108.210686 47.816639 220.280701 104.411491 -0.229395 185.976624 111.798874 83.085930 205.700165 126.811661               1005 
8.836646 173.659042 108.297348 47.955616 220.810135 104.378761 0.247411 186.156998 111.669281 83.334030 206.482574 126.770081               1026 
9.193242 173.825012 108.473892 48.085949 221.187912 104.405235 0.852974 186.107513 111.553505 83.612892 207.144730 126.741478               1048 
9.370677 173.984421 108.626495 48.145126 221.498535 104.448776 1.644560 185.916611 111.120453 83.790108 207.702866 126.751167               1069 
9.414042 174.082886 108.726227 48.152069 221.684784 104.513054 2.500593 185.588440 110.417824 83.865456 208.044373 126.801514               1090 
9.378444 174.130096 108.847168 48.146168 221.756714 104.596474 3.367691 185.226105 109.663460 83.898354 208.201080 126.874458               1110 
9.350248 174.154648 108.990417 48.126644 221.801056 104.688507 4.179683 184.881882 108.981140 83.905693 208.310562 126.962906               1130 
9.128935 174.264648 109.271645 48.049343 221.792892 104.862648 4.751285 184.660858 108.444550 83.774994 208.292191 127.216415               1189 
9.085824 174.290878 109.351234 48.026115 221.801254 104.908409 4.868767 184.616333 108.348839 83.735374 208.319183 127.299583               1208 
8.988233 174.411407 109.495537 47.961369 221.879074 104.953979 4.963176 184.649170 108.260658 83.646751 208.427704 127.401619               1226 
8.902006 174.553909 109.663689 47.890141 221.993057 105.000671 4.882901 184.783524 108.394928 83.562248 208.594910 127.501160               1245 
9.023392 174.571060 109.871666 47.966908 222.033508 105.089844 4.894431 184.856155 108.751884 83.679436 208.700760 127.565071               1265 
9.058475 174.606888 110.015366 48.017658 222.051559 105.181129 4.898975 184.920120 108.962608 83.734154 208.731628 127.657646               1284 
8.935699 174.710831 110.180511 47.983356 222.081146 105.316490 4.793964 185.034454 109.127762 83.657486 208.735641 127.845062               1304 
8.692496 174.999939 110.424698 47.977348 222.163803 105.468018 4.565345 185.359711 109.372414 83.550362 208.720062 128.097839               1323 
7.985638 176.387939 110.962463 47.876335 222.977814 105.456078 3.958139 186.798569 109.762451 83.170647 209.457153 128.473145               1343 
7.735312 176.699265 111.065552 47.834412 223.100281 105.491402 3.725942 187.139191 109.860405 83.035423 209.490372 128.598587               1362 
7.578769 176.913513 111.109528 47.824974 223.181213 105.500267 0.320060 189.798843 115.096291 82.954857 209.507553 128.677948               1382 
7.498487 177.000931 111.113678 47.809692 223.209503 105.516289 -1.711844 191.357590 118.208237 82.903976 209.494614 128.723511               1402 
6.976904 177.810333 111.090660 47.735989 223.606674 105.376190 -2.885380 192.894058 119.255722 82.591545 209.728622 128.844727               1422 
6.942300 177.833206 111.055977 47.753784 223.573883 105.386421 -3.174814 193.128159 119.637131 82.579514 209.627258 128.858582               1436 
6.905685 177.866302 110.993683 47.774010 223.519974 105.405762 -3.426788 193.319321 119.869530 82.547707 209.452408 128.882889               1449 
6.973583 177.942047 111.031273 47.789806 223.531357 105.403236 -3.614630 193.526398 120.069260 82.527908 209.401825 128.895859               1463 
7.061565 178.038834 111.099472 47.799011 223.550400 105.402206 -3.797622 193.745026 120.220459 82.490700 209.346329 128.918457               1477 
7.115631 178.145325 111.122414 47.796219 223.580856 105.397720 -3.977644 193.954391 120.316017 82.436577 209.292480 128.938553               1492 
7.205643 178.199310 111.161736 47.809727 223.585709 105.408836 -4.087213 194.079010 120.410332 82.423050 209.228775 128.947723               1505 
7.344589 178.483627 111.209251 47.998051 223.742569 105.386734 -4.043499 194.448395 120.568771 82.605568 209.246811 128.848938               1518 
7.483134 178.526062 111.214943 48.102913 223.765244 105.392014 -4.003101 194.531631 120.693810 82.733025 209.194717 128.774429               1532 
7.551555 178.522934 111.217384 48.125023 223.759995 105.405258 -4.040969 194.566315 120.781334 82.758247 209.154114 128.760986               1547 
7.594608 178.535446 111.251297 48.119968 223.768433 105.458405 -4.104995 194.612198 120.875183 82.746101 209.125732 128.801605               1560 
7.712924 178.434280 111.139297 48.336090 223.507065 105.402756 -4.059410 194.576050 120.856514 82.914986 208.637482 128.672440               1580 
7.776793 178.421005 111.226143 48.286282 223.506577 105.490540 -4.160543 194.588943 120.950073 82.846077 208.634552 128.787018               1603 
7.834243 178.453064 111.337860 48.258396 223.524094 105.565720 -4.233698 194.688370 120.984016 82.799965 208.640137 128.881607               1618 
8.047367 178.461212 111.480927 48.325375 223.570297 105.614746 -4.149386 194.753616 121.079056 82.910561 208.722260 128.888824               1631 
8.163739 178.459274 111.626198 48.355671 223.601547 105.695915 -4.109832 194.808868 121.192497 82.970192 208.798904 128.955292               1646 
8.308657 178.525681 111.788582 48.406906 223.703400 105.752357 -4.028552 194.922867 121.335815 83.073914 208.950134 128.964905               1660 
8.443034 178.527100 111.966187 48.456646 223.754791 105.822800 -3.938081 194.967133 121.497391 83.176018 209.078430 129.005814               1675 
8.527687 178.525711 112.057892 48.481640 223.769989 105.857147 -3.903260 195.005569 121.576790 83.232513 209.112228 129.004700               1693 
8.620795 178.516006 112.166740 48.508484 223.802414 105.895477 -3.842007 195.026062 121.681602 83.303291 209.199936 129.011963               1713 
8.648222 178.516693 112.225174 48.512497 223.814896 105.938217 -3.842496 195.059616 121.725845 83.312935 209.233246 129.059372               1734 
8.670976 178.527664 112.295410 48.540836 223.811340 105.978233 -3.837441 195.112335 121.771385 83.333099 209.242645 129.119843               1755 
8.526706 178.598618 112.320671 48.471920 223.814240 106.049194 -3.993468 195.235748 121.753639 83.196999 209.207626 129.267685               1776 
8.500208 178.621353 112.307442 48.462063 223.808304 106.065872 -4.042110 195.285187 121.725220 83.163940 209.173798 129.301468               1797 
8.474372 178.655991 112.305740 48.452770 223.803192 106.082199 -4.094962 195.346298 121.700714 83.128128 209.139206 129.338791               1818 
8.333756 178.725006 112.232758 48.394547 223.778336 106.125298 -4.259964 195.446136 121.596443 82.986153 209.015686 129.444122               1839 
8.109962 178.653839 111.775215 48.676117 223.251755 105.982536 -4.356777 195.483276 121.167694 83.029358 207.969376 129.318909               1860 
8.117967 178.717117 111.769661 48.676865 223.269226 105.981003 -4.393025 195.558685 121.130478 83.005348 207.962311 129.337708               1881 
8.117131 178.819321 111.720146 48.695541 223.323639 105.962959 -4.422325 195.677994 121.051231 82.984947 207.989517 129.359192               1902 
8.106673 178.931152 111.673744 48.699947 223.386856 105.948265 -4.466642 195.804382 120.969627 82.946983 208.029144 129.391037               1922 
8.115878 178.984695 111.646851 48.702648 223.402802 105.941124 -4.495493 195.862595 120.917938 82.925385 208.024139 129.405640               1944 
8.059827 179.053299 111.612762 48.641819 223.402817 105.971542 -4.645128 195.974121 120.865059 82.797913 207.973633 129.499908               1966 
8.034838 179.115143 111.600273 48.589275 223.400345 106.009285 -4.779896 196.073730 120.822914 82.682533 207.926788 129.599564               1988 
8.005229 179.170898 111.600914 48.516979 223.403793 106.072220 -4.926696 196.157379 120.789413 82.548126 207.889496 129.725342               2011 
8.057264 179.208435 111.632545 48.508194 223.406570 106.088722 -4.976740 196.223251 120.795418 82.516022 207.877731 129.765808               2034 
8.103868 179.240005 111.650185 48.491989 223.406158 106.104416 -5.033603 196.277893 120.785881 82.474045 207.858414 129.806107               2056 
8.130907 179.291138 111.674126 48.462601 223.409134 106.129044 -5.120647 196.357330 120.760674 82.399986 207.834671 129.877151               2079 
8.143962 179.347183 111.692909 48.428318 223.416824 106.153404 -5.213216 196.437927 120.727440 82.319359 207.815002 129.949692               2102 
8.185277 179.378494 111.712463 48.406456 223.379150 106.185394 -5.314151 196.497696 120.668076 82.232529 207.717911 130.035019               2125 
8.134505 179.392441 111.711494 48.295265 223.334229 106.266541 -5.515350 196.533676 120.583092 82.032639 207.602646 130.195374               2148 
8.111461 179.405701 111.700386 48.228222 223.284592 106.315567 -5.666677 196.573730 120.500183 81.888649 207.479431 130.304214               2172 
8.148696 179.465927 111.755066 48.204449 223.289719 106.330643 -5.749007 196.667923 120.477379 81.819473 207.455078 130.363464               2196 
8.194694 179.517059 111.809464 48.184799 223.293976 106.343094 -5.818147 196.748077 120.459824 81.762238 207.435043 130.412430               2221 
8.230795 179.572418 111.865463 48.158512 223.298965 106.361122 -5.897536 196.832764 120.439629 81.693535 207.412872 130.471634               2245 
8.258908 179.560471 111.885757 48.124348 223.247849 106.397514 -5.987706 196.844650 120.393600 81.609673 207.311935 130.544205               2270 
8.296087 179.537598 111.906837 48.098598 223.196259 106.427467 -6.059976 196.845871 120.357018 81.544281 207.216202 130.599899               2294 
8.369029 179.514038 111.944763 48.087666 223.164413 106.451797 -6.096298 196.838486 120.342270 81.512741 207.163834 130.639160               2319 
8.393860 179.483521 111.967010 48.051979 223.130600 106.514748 -6.161127 196.818420 120.330154 81.448128 207.095871 130.719437               2344 
8.412413 179.507782 111.978951 48.040829 223.133621 106.529114 -6.203294 196.861404 120.311127 81.412384 207.075897 130.752472               2368 
8.243819 179.892105 111.962532 47.983967 223.351273 106.527199 -6.413509 197.328171 120.188683 81.218124 207.192566 130.871994               2393 
8.244287 179.925323 111.939293 47.948170 223.373901 106.567719 -6.481181 197.367798 120.145844 81.150398 207.169968 130.926025               2418 
8.289604 179.955353 111.945671 47.974209 223.389725 106.580971 -6.478030 197.413254 120.157364 81.168480 207.159988 130.932938               2442 
8.312530 179.988815 111.945793 47.997433 223.390579 106.604980 -6.514019 197.498917 120.197945 81.172081 207.114182 130.952545               2466 
8.360503 180.012451 111.936813 48.079479 223.355865 106.649025 -6.504202 197.576035 120.253113 81.232040 206.980850 130.960526               2490 
8.343713 179.991608 111.884171 48.078865 223.290329 106.718285 -6.583793 197.593842 120.240402 81.181396 206.811630 131.027893               2514 
8.448161 179.965698 111.890579 48.083511 223.342087 106.708000 -6.547647 197.573715 120.292038 81.231270 206.922150 130.995728               2539 
8.682096 179.943085 111.919594 48.165363 223.441177 106.645203 -6.384866 197.540939 120.367035 81.403862 207.143356 130.891144               2563 
8.819018 179.921860 111.940483 48.193367 223.508606 106.610657 -6.302863 197.513947 120.426453 81.492752 207.305786 130.836731               2587 
8.932931 179.901382 111.964447 48.214504 223.567093 106.583176 -6.232637 197.488220 120.486084 81.568130 207.455139 130.795212               2611 
9.014086 179.884399 111.984146 48.230659 223.614563 106.563461 -6.210210 197.506241 120.591751 81.632370 207.579956 130.760559               2635 
8.973438 179.850800 111.993454 48.201817 223.579163 106.615730 -6.334214 197.598663 120.674622 81.584747 207.540970 130.836349               2659 
8.933450 179.830902 111.999046 48.187782 223.539368 106.653046 -6.443357 197.699020 120.746567 81.550598 207.476563 130.885071               2683 
8.832461 179.745407 111.992500 48.190208 223.379211 106.812271 -6.576827 197.720428 120.834549 81.492340 207.169296 131.029800               2708 
8.827899 179.678223 112.049965 48.288879 223.229645 106.973648 -6.589948 197.749680 120.990562 81.557037 206.874939 131.140472               2732 
8.892647 179.630676 112.024063 48.406727 223.144135 107.029137 -6.591486 197.851242 121.105644 81.657112 206.702225 131.161240               2756 
8.949697 179.580978 111.983025 48.514576 223.060196 107.078415 -6.588560 197.927811 121.199417 81.749809 206.529053 131.170380               2781 
8.967110 179.573593 111.970726 48.541607 223.051193 107.104401 -6.628678 198.020248 121.283012 81.776482 206.494507 131.179306               2805 
8.976241 179.577621 111.958412 48.561386 223.053528 107.120621 -6.665958 198.108765 121.347466 81.793739 206.483765 131.190018               2830 
8.985789 179.579681 111.948517 48.579189 223.055634 107.135223 -6.697497 198.185059 121.403191 81.809280 206.474091 131.199631               2854 
9.019156 179.563583 111.930817 48.614597 223.043808 107.152809 -6.703577 198.229858 121.448593 81.844170 206.443878 131.205276               2879 
9.036058 179.667435 111.876930 48.684910 223.106552 107.139603 -6.694633 198.399445 121.462448 81.900223 206.444794 131.168991               2903 
9.045449 179.657333 111.839691 48.700737 223.102081 107.141495 -6.706192 198.430054 121.490105 81.922119 206.421036 131.149094               2928 
9.069379 179.725174 111.792336 48.729580 223.177704 107.094910 -6.690430 198.532715 121.503487 81.969925 206.501083 131.079315               2952 
9.013103 179.799866 111.739174 48.723019 223.221771 107.057533 -6.739461 198.653046 121.491119 81.949867 206.530533 131.050476               2977 
8.971110 179.892593 111.692421 48.728588 223.282349 107.015121 -6.771287 198.788406 121.485352 81.947403 206.575531 131.008362               3001 
8.933084 179.974701 111.650475 48.733421 223.334854 106.978348 -6.799889 198.907547 121.481598 81.945251 206.614563 130.971848               3026 
8.924300 180.029999 111.610138 48.743690 223.377304 106.959114 -6.814654 198.989761 121.478340 81.952118 206.643036 130.947586               3050 
8.920813 180.057953 111.606819 48.741920 223.403458 106.970131 -6.835475 199.043182 121.504242 81.950218 206.661453 130.953384               3076 
8.914848 180.075546 111.612167 48.739418 223.417404 106.989067 -6.857527 199.085907 121.534752 81.945595 206.665665 130.968460               3100 
8.905366 180.087738 111.618553 48.732944 223.426880 107.008011 -6.882016 199.122467 121.566574 81.938263 206.664536 130.981186               3125 
8.898417 180.089539 111.625740 48.727253 223.426010 107.027588 -6.904202 199.146255 121.598190 81.932396 206.651733 130.992661               3150 
8.893041 180.087646 111.629959 48.722485 223.422897 107.044052 -6.923571 199.164398 121.626053 81.928139 206.638092 131.001053               3174 
8.893140 180.084854 111.634109 48.723083 223.418671 107.053604 -6.936540 199.181747 121.649521 81.929153 206.628174 131.006027               3199 
8.886281 180.092438 111.638451 48.721394 223.420670 107.058998 -6.954221 199.211685 121.668701 81.924965 206.625153 131.011368               3224 
8.925039 180.143951 111.674011 48.756409 223.467850 107.027779 -6.914678 199.287491 121.728333 81.987602 206.681396 130.948166               3249 
9.000419 180.201874 111.732635 48.806553 223.536530 106.977425 -6.838774 199.364792 121.814369 82.088631 206.783386 130.850372               3274 
9.082692 180.259262 111.801682 48.857197 223.609573 106.931107 -6.757032 199.438660 121.908813 82.193604 206.897842 130.757248               3299 
9.165187 180.312988 111.871269 48.893520 223.692993 106.892448 -6.679936 199.500793 122.008812 82.291267 207.028259 130.665543               3325 
9.217511 180.350113 111.928696 48.909527 223.753082 106.867249 -6.633681 199.546478 122.092308 82.354782 207.124374 130.598724               3350 
9.263819 180.385773 111.978760 48.931072 223.805969 106.842773 -6.585154 199.589951 122.170853 82.419884 207.209976 130.535706               3375 
9.310923 180.421753 112.018784 48.956146 223.862747 106.817673 -6.529702 199.628113 122.244827 82.489891 207.302612 130.472107               3400 
9.500464 180.411346 112.037651 49.163948 223.838821 106.665932 -6.286022 199.643311 122.300117 82.762512 207.330704 130.264679               3425 
9.506022 180.453522 112.074577 49.177540 223.899399 106.669098 -6.248117 199.685120 122.377228 82.809586 207.430847 130.247787               3450 
9.518512 180.417786 112.029305 49.257725 223.831390 106.619972 -6.186620 199.671158 122.361496 82.885223 207.352966 130.198257               3474 
9.521956 180.439880 112.052635 49.276775 223.864517 106.628754 -6.153756 199.696594 122.422546 82.927223 207.406815 130.188766               3499 
9.690948 180.336472 112.012245 49.510960 223.723557 106.460083 -5.890841 199.619644 122.466072 83.229828 207.249023 129.910248               3524 
9.711795 180.359543 112.038132 49.515213 223.798141 106.471741 -5.845696 199.633270 122.541069 83.278687 207.368851 129.889450               3549 
9.852375 180.218658 111.995087 49.663784 223.705917 106.390739 -5.637587 199.481628 122.588737 83.500412 207.311890 129.727432               3573 
9.792561 180.206741 111.991669 49.629097 223.725433 106.435036 -5.662003 199.466385 122.629028 83.475624 207.350586 129.770828               3598 
9.803891 180.148041 111.952431 49.671062 223.694077 106.442108 -5.611638 199.407562 122.636139 83.527557 207.330490 129.771332               3622 
9.748347 180.166885 111.976036 49.605030 223.763428 106.547272 -5.675580 199.417633 122.671326 83.450867 207.433182 129.915298               3647 
9.690989 180.182053 111.986992 49.541492 223.822632 106.665627 -5.744799 199.422012 122.698814 83.369797 207.502869 130.066345               3671 
9.649867 180.193420 112.002213 49.492477 223.867859 106.795090 -5.805505 199.421936 122.730057 83.299446 207.540054 130.221024               3696 
9.642301 180.212585 111.962067 49.496235 223.909576 106.874542 -5.817083 199.431488 122.717735 83.282143 207.557465 130.313904               3720 
9.647736 180.223999 111.923882 49.499447 223.947449 106.928856 -5.821768 199.433212 122.699265 83.271187 207.587189 130.382935               3745 
9.653207 180.235611 111.882607 49.500134 223.982437 106.972603 -5.829397 199.435745 122.673706 83.257484 207.615219 130.442535               3770 
9.661181 180.245361 111.840591 49.500660 224.014435 107.010910 -5.836203 199.435852 122.646408 83.244965 207.640274 130.494766               3794 
9.626180 180.473831 111.600220 49.569771 224.322479 107.224045 -5.812148 199.616882 122.569702 83.252861 207.918182 130.774643               4043 
9.651536 180.470123 111.603004 49.689434 224.246368 107.159027 -5.713021 199.650391 122.615013 83.385757 207.784897 130.650726               4072 
9.585082 180.477432 111.644920 49.628834 224.253128 107.215149 -5.782092 199.664276 122.659599 83.318436 207.788620 130.714371               4099 
9.660628 180.301758 111.717995 49.510220 224.246216 107.187164 -5.784863 199.445953 122.716766 83.288467 207.969711 130.690094               4129 
9.658804 180.261536 111.710144 49.434902 224.273544 107.159760 -5.820575 199.389114 122.700813 83.239220 208.069794 130.675476               4146 
9.525652 180.399612 111.614441 49.284370 224.434845 107.051994 -5.987583 199.547409 122.538292 83.052208 208.312347 130.675735               4170 
9.503886 180.393311 111.610062 49.254158 224.445587 107.072838 -6.016339 199.539200 122.540977 83.021011 208.330597 130.703094               4194 
9.491303 180.394165 111.607491 49.243362 224.449417 107.085258 -6.032137 199.543594 122.543488 83.006523 208.332840 130.719711               4218 
9.475883 180.404541 111.605568 49.239132 224.451767 107.098145 -6.047971 199.560837 122.545639 82.994240 208.323898 130.736389               4243 
9.462378 180.410599 111.598434 49.233562 224.453278 107.112122 -6.063351 199.570953 122.545013 82.981651 208.313232 130.752075               4267 
9.440463 180.419464 111.593132 49.226555 224.451004 107.134895 -6.084386 199.584381 122.549347 82.965073 208.288177 130.772949               4292 
9.424779 180.429779 111.589668 49.226768 224.448959 107.151772 -6.097415 199.601151 122.555397 82.957558 208.264038 130.785751               4316 
9.411891 180.439728 111.587456 49.226971 224.447052 107.167381 -6.109643 199.616959 122.561218 82.950600 208.241714 130.797577               4341 
9.397473 180.445541 111.581566 49.228104 224.440079 107.180840 -6.121628 199.628906 122.564079 82.943878 208.213470 130.807648               4365 
9.374847 180.447311 111.559570 49.227673 224.424850 107.188148 -6.139929 199.637650 122.551712 82.930946 208.169907 130.813309               4390 
9.374357 180.452271 111.553596 49.231312 224.426559 107.185936 -6.142140 199.647995 122.548233 82.931534 208.168396 130.813248               4414 
9.481334 180.569855 111.342926 49.752537 224.172409 106.983124 -5.848578 199.909653 122.352226 83.304062 207.598221 130.602478               4439 
9.108788 181.098145 111.364807 49.693199 224.468811 107.479561 -6.212748 200.521851 122.231323 82.889412 207.692886 131.455856               4464 
10.203529 179.719101 110.007782 50.423477 223.558380 106.639595 -5.182307 198.821472 121.236107 83.864822 206.846878 130.318375               4488 
10.475624 182.731079 107.234383 51.808552 225.861313 102.640877 -3.974234 202.224335 118.356209 85.209587 209.572739 126.668694               4510 
7.663198 183.509094 97.743217 52.406788 224.370056 96.759048 -4.685790 202.696411 110.488152 84.585701 205.434311 120.512733               4530 
6.912282 188.908524 87.853943 55.850674 226.621841 90.157166 -2.923291 208.065964 102.923538 86.385963 206.264130 114.884529               4550 
6.490788 202.780777 79.499649 62.597195 231.871643 82.430351 0.650872 225.310120 97.120453 89.206856 209.951309 110.173950               4567 
7.428593 205.149719 66.975967 65.362251 232.160706 76.016479 2.310678 226.572311 88.749886 90.487900 208.775940 103.947403               4580 
8.257799 208.137497 54.875092 67.661400 232.431427 70.285011 3.913895 226.947174 79.924049 91.286079 207.738220 98.399109               4593 
9.072515 210.705490 41.736023 68.973709 232.389206 64.077026 4.906088 225.693771 69.747276 91.362549 206.601929 92.220200               4603 
10.258623 215.631088 28.545525 70.602554 232.564560 58.686123 6.685557 224.833038 59.646729 91.604187 205.821457 87.006073               4614 
14.714746 223.720917 7.414119 73.109383 234.023804 47.865242 10.332672 226.354263 40.009914 90.553116 206.127060 77.458664               4630 
17.154888 226.024963 -1.940587 74.097771 234.015503 42.591991 12.492374 225.322067 30.753937 90.434547 205.728363 72.445457               4639 
28.841253 233.237152 -33.519699 79.131676 235.112640 20.573055 22.082796 226.714188 -2.785230 90.593330 204.885300 50.792587               4664 
31.311497 234.768677 -40.466499 80.189468 235.118729 15.348217 24.510078 226.685883 -10.355018 90.668839 204.498779 45.529072               4673 
37.929020 238.963120 -58.485260 82.788994 235.920609 1.063510 30.441895 228.506302 -29.924318 90.392067 204.318390 31.093086               4690 
40.275219 240.747284 -66.065964 83.315514 236.261780 -5.023116 32.310482 229.267944 -38.031742 89.830856 204.222321 24.798115               4699 
45.963661 243.617264 -82.647545 84.258621 235.858322 -18.419909 36.254482 229.933136 -55.791912 88.767357 202.495087 10.300274               4716 
48.061859 244.776276 -89.665337 84.963028 236.250259 -24.476843 38.328941 229.919495 -63.341045 89.341667 202.532425 3.846600               4725 
50.292076 246.364655 -99.359795 83.948288 236.067657 -32.353348 40.995934 229.319565 -74.600021 87.744164 201.565491 -4.903878               4734 
52.472523 246.510315 -108.291115 83.795471 234.844315 -39.877159 44.030796 227.135895 -84.617577 87.794228 199.844498 -13.094595               4746 
55.162048 248.444992 -122.686554 82.799904 231.558945 -53.140038 48.078526 224.175598 -101.921204 89.221916 194.513321 -29.802044               4759 
57.358627 249.561630 -126.393555 83.342438 226.648529 -57.428017 50.720310 222.189850 -108.001930 90.199509 188.034622 -36.928532               4768 
53.897408 242.719055 -135.350403 87.397911 230.472107 -65.842560 54.588089 214.191391 -113.757149 102.132347 196.460007 -41.669106               4785 
51.456940 238.929504 -139.761322 87.411301 231.112366 -70.049400 55.883476 209.599548 -116.914047 104.870804 199.835571 -44.064587               4794 
48.672577 235.992020 -145.458084 86.916039 228.972488 -75.369766 56.970581 203.403854 -121.370987 105.361137 200.149094 -47.311382               4803 
61.931385 205.919693 -143.070679 85.829605 226.278702 -86.862099 59.054531 196.320908 -131.983566 105.902153 200.658798 -56.878838               4820 
65.104240 197.755249 -142.951202 84.452881 226.379517 -91.814705 60.729183 192.696228 -135.692215 107.361938 204.054977 -61.235744               4829 
67.304459 194.177246 -143.714523 84.593796 226.206512 -95.033463 62.965286 191.286194 -138.541351 109.228065 205.684708 -64.532791               4838 
68.739059 192.314178 -143.949249 86.314148 225.408539 -96.379578 64.452400 190.404678 -139.516479 111.589226 205.281128 -66.141510               4848 
68.895020 189.500198 -143.684189 88.512405 224.213379 -98.092331 64.905182 188.528351 -139.562561 113.687454 204.541275 -67.473587               4863 
69.179893 188.461227 -144.203522 89.917656 223.487091 -99.290977 65.446266 187.847031 -140.204666 115.010445 203.821945 -68.600319               4872 
68.914680 187.295074 -145.692642 89.862038 222.857193 -100.981743 65.431015 186.927948 -141.596954 114.893784 203.644608 -69.956413               4881 
69.158997 186.169983 -147.950439 89.973610 222.023590 -102.903603 65.953957 186.276733 -143.603500 114.963028 203.267151 -71.566612               4890 
69.237473 185.564102 -150.328583 90.034447 221.344070 -104.476067 66.373230 185.999268 -145.417908 115.155151 202.985977 -73.008423               4909 
69.212341 185.715210 -151.466507 89.897583 221.251358 -105.176521 66.508873 186.293640 -146.433289 115.083656 202.878021 -73.770081               4915 
69.223640 185.575500 -154.247330 89.685753 220.833084 -107.223625 66.913612 186.738815 -149.008759 115.101799 202.600189 -75.920784               4933 
68.998047 185.285141 -155.485886 89.575027 220.517532 -108.337425 66.798523 186.824219 -150.165985 115.044006 202.337921 -77.046608               4942 
68.759041 184.805206 -157.987427 89.005234 219.340088 -110.075836 66.567825 186.771835 -152.664474 113.637436 200.576263 -78.461662               4950 
69.394302 183.894455 -160.377686 88.928696 218.314209 -112.046722 67.151543 186.953491 -155.112518 113.174889 199.515030 -80.156357               4960 
69.653412 183.517120 -161.403870 88.896385 217.881058 -112.878876 67.351227 187.409683 -156.136566 112.978439 199.065247 -80.874146               4968 
70.597824 185.164795 -164.129272 89.322639 218.589203 -114.670921 67.799301 189.559494 -158.549561 113.640587 199.363770 -83.090828               4985 
70.595070 185.121017 -164.368484 89.355614 218.303055 -114.722908 67.704468 189.757294 -158.714539 113.471992 198.872223 -83.113960               4994 
70.523399 184.625473 -164.836914 89.567924 217.795868 -115.121315 67.547028 189.552048 -158.924896 113.664017 198.398529 -83.476341               5011 
71.103683 183.998428 -164.292770 90.980896 217.140045 -114.671692 68.252541 188.979797 -158.074722 115.266693 197.772629 -83.153671               5020 
71.186577 183.839020 -164.281555 92.295891 216.529694 -114.253242 68.817940 188.508820 -157.242294 116.757408 197.187195 -82.856041               5028 
70.941238 184.014008 -164.638031 93.251953 216.085938 -113.949020 69.309029 188.274734 -156.663101 117.840652 196.759766 -82.641228               5046 
70.556000 183.645309 -165.306870 93.643677 214.906235 -114.119598 69.284149 187.698822 -156.919586 117.956367 195.127014 -82.879272               5054 
69.980301 183.440369 -166.223206 94.220459 213.617493 -114.353096 69.386528 187.328796 -157.203201 117.955933 193.281570 -83.026428               5063 
69.022453 183.812180 -168.972992 95.945229 211.979156 -116.392326 69.572884 187.380981 -159.015533 117.352943 190.401215 -84.230476               5080 
68.403152 183.863068 -169.821533 96.554092 211.153320 -116.980339 69.661072 187.288361 -159.420258 117.147217 189.245407 -84.511139               5089 
67.572807 184.300354 -170.323547 97.121925 210.517868 -117.051628 69.976952 187.384125 -159.268326 117.208611 188.462540 -84.365692               5099 
66.560310 184.801987 -171.331787 97.457245 209.245331 -117.377014 69.991203 187.241394 -159.617050 116.693024 186.673965 -84.531906               5106 
66.213058 186.049744 -172.656418 98.536705 208.362289 -117.574966 71.076843 187.326340 -159.792419 117.110252 185.542175 -84.521248               5126 
65.821495 186.384949 -173.058731 98.719810 208.224625 -117.759766 71.203430 187.257965 -159.830002 117.481758 185.473068 -84.765244               5137 
65.520103 186.353226 -173.383545 98.788475 208.038132 -117.922165 71.309608 186.926575 -159.850250 117.824753 185.469131 -84.959419               5148 
65.396721 185.524445 -174.207413 98.666039 207.142578 -118.506607 71.718712 186.119034 -160.528030 117.805092 184.707230 -85.512146               5160 
65.546600 184.442856 -175.064926 98.498581 206.523941 -119.231682 72.255333 185.231750 -161.322601 118.195801 184.457153 -86.317253               5171 
65.642159 183.803146 -175.582764 98.399330 206.157257 -119.661446 72.695488 184.835129 -161.811920 118.422020 184.319046 -86.790985               5182 
66.241150 183.760742 -176.277313 98.425568 206.216614 -119.966507 73.395630 184.882507 -162.373947 118.789276 184.534378 -87.202469               5194 
67.931702 183.256119 -178.061752 100.735352 206.134079 -122.038063 75.082962 184.426239 -163.834045 120.581360 184.857666 -88.695419               5206 
69.762207 183.859024 -176.998581 102.901978 205.984604 -120.723793 76.778297 184.897705 -162.510223 122.000153 184.351059 -87.174850               5217 
70.809029 184.089737 -176.389328 104.049194 205.910812 -119.993355 77.708633 185.123398 -161.776428 122.832367 184.130905 -86.361359               5229 
70.835350 184.261597 -176.137253 104.383316 205.835449 -119.719841 77.677963 185.258026 -161.386642 123.054375 183.954422 -86.091064               5241 
71.151779 184.547028 -176.132736 104.831551 205.881134 -119.574150 77.928574 185.474594 -161.226700 123.420815 183.894196 -85.969147               5253 
71.517639 184.700851 -175.995239 105.320351 205.979919 -119.368912 78.269852 185.602020 -160.964386 123.887680 183.985611 -85.756607               5264 
71.722099 184.801315 -175.937225 105.545204 206.094025 -119.201416 78.496872 185.686981 -160.788940 124.167274 184.121536 -85.605125               5276 
71.842491 184.869888 -175.972839 105.696602 206.170853 -119.088631 78.657372 185.743286 -160.673218 124.355499 184.213135 -85.503113               5287 
71.769753 184.939407 -176.021454 105.764740 206.159485 -118.996323 78.653069 185.776855 -160.555634 124.439682 184.170792 -85.440010               5299 
71.676811 185.113983 -176.086258 105.783844 206.081985 -118.862244 78.596397 185.907974 -160.469452 124.335289 183.944809 -85.335052               5311 
71.472923 185.327484 -176.119202 105.656151 206.158051 -118.710892 78.461037 186.102081 -160.359482 124.231796 183.932266 -85.255814               5323 
71.256119 185.535339 -176.362320 105.626602 206.163361 -118.689575 78.370415 186.169891 -160.325256 124.186516 183.894653 -85.254311               5334 
70.681419 186.073898 -176.508209 105.446266 206.402802 -118.558807 78.059120 186.445618 -160.119797 124.213310 184.096909 -85.264252               5346 
70.182617 186.422165 -176.823120 105.336723 206.445129 -118.513382 77.819801 186.450272 -159.973999 124.126724 184.173157 -85.209068               5358 
69.688896 186.974304 -177.291794 105.263199 206.473541 -118.482895 77.645996 186.454651 -159.871429 124.068764 184.224335 -85.172150               5370 
68.960587 187.593918 -177.524780 105.058060 206.568542 -118.306221 77.235054 186.536453 -159.564377 123.892159 184.338379 -84.998878               5383 
67.518532 190.839798 -175.825256 104.144119 206.432358 -115.563614 75.879929 188.562073 -157.518677 122.230095 182.595703 -82.960037               5396 
66.275047 196.600998 -173.435333 104.033859 206.375610 -112.571182 74.445778 192.754959 -155.217102 120.234085 179.686768 -81.209732               5410 
64.488998 200.623352 -170.602310 103.449364 208.732773 -110.220589 72.869293 196.334518 -152.549789 119.494278 181.280472 -79.443733               5424 
62.243061 203.193771 -167.709732 102.151787 210.902267 -107.853928 70.734245 198.630402 -149.831177 118.578224 183.195343 -77.509560               5438 
57.627411 199.088211 -164.661026 99.035851 209.645172 -106.329468 66.116234 195.549164 -146.790802 115.399361 183.361328 -74.711792               5450 
56.267868 204.328522 -160.923019 98.943298 214.019363 -103.352180 64.025162 200.672379 -142.856537 114.512329 187.486740 -71.541695               5462 
53.206257 208.876068 -156.509583 97.245171 217.719894 -99.818375 60.440983 205.148972 -138.213486 112.316429 191.059006 -67.875656               5474 
52.300282 212.765213 -154.343277 96.307381 220.694916 -97.482597 56.944614 209.067139 -134.736618 110.852631 193.683762 -65.590347               5488 
68.145325 208.347473 -151.015381 89.210159 224.952454 -83.824837 66.988991 203.097229 -130.560760 106.033775 201.833298 -50.049805               5516 
64.580917 226.492966 -143.318542 94.109810 224.568054 -73.206299 58.808849 195.373276 -113.249756 104.653419 205.053085 -34.914257               5528 
57.749702 234.370148 -139.125473 92.378456 227.072296 -62.932404 40.069321 199.117004 -92.821098 100.464691 212.604462 -21.900986               5548 
43.440166 222.779510 -123.498383 74.960037 233.534775 -44.496571 22.958273 198.926605 -68.782364 80.684593 230.149872 -0.746663               5584 
38.889954 222.135498 -114.729240 76.817368 232.722427 -38.387791 22.328403 198.761139 -58.211533 85.912994 229.462097 4.796954               5593 
26.341282 220.816177 -91.004631 77.533852 233.788223 -23.172464 18.266979 202.042465 -30.905611 94.008080 232.143692 17.866270               5610 
21.852997 220.816315 -79.390404 78.443932 233.283524 -15.914547 18.003311 202.822083 -19.071775 98.039673 231.156525 23.705715               5619 
11.661597 220.035324 -53.790520 77.420509 233.920319 -0.733404 16.104702 206.128204 5.667922 102.585510 231.845932 35.608063               5636 
4.658477 220.013412 -29.763079 76.182190 235.165283 13.826360 15.458376 211.316818 26.869452 105.252502 233.075607 47.125496               5654 
2.744824 218.261230 -19.694136 75.658768 235.759598 19.685352 16.030489 212.494156 34.749577 106.197533 234.057663 51.666119               5663 
-1.880677 212.581024 -0.927913 71.621162 234.801620 32.559647 13.821872 211.446136 49.698868 104.126221 233.455109 62.557827               5680 
-3.021480 210.549744 6.510238 70.434212 234.775497 37.493790 13.151813 212.110382 55.542469 103.583221 233.783905 66.792984               5689 
-4.980130 205.389038 23.947325 67.720909 235.436813 48.168243 12.275827 213.040375 69.532799 102.629356 236.161331 75.355690               5706 
-7.144471 206.572754 41.607925 66.314857 238.274368 58.015957 11.597765 220.432907 83.884529 102.795937 240.235962 82.987251               5723 
-6.797652 203.273285 46.158806 65.865028 235.941330 62.386135 11.502965 217.538940 88.060463 102.666931 237.231064 86.926689               5732 
-6.344974 202.319305 53.705906 66.058228 234.915100 68.393959 11.104630 220.456268 94.929970 103.154121 235.483002 92.515617               5741 
-6.235748 200.747086 66.344955 66.159996 231.971466 80.060013 10.367656 224.322647 108.044655 103.542542 230.554214 103.699364               5758 
-5.237369 199.588882 71.068352 66.713356 231.471649 84.485405 10.818488 227.349792 113.895218 104.248734 229.981415 107.876793               5767 
-5.647868 195.900772 77.381012 65.371017 229.484528 90.616844 9.817513 226.358826 121.806168 103.335564 228.116058 113.312729               5784 
-5.734764 195.777191 81.359100 65.248993 229.533554 93.929993 9.755622 228.759705 125.923813 103.286812 228.359344 116.513786               5793 
-6.353984 196.168976 89.741493 64.817940 230.106689 99.512024 10.246897 235.471924 133.988937 103.314560 229.440613 121.325989               5810 
-4.860016 191.657669 90.308449 64.916016 227.906815 101.346863 10.346698 231.706192 136.629135 103.463692 227.796402 123.080406               5819 
-4.193283 189.160721 92.696190 64.440086 227.294037 103.706490 9.982513 231.429291 139.819870 103.033447 228.009598 125.347244               5827 
-4.292244 190.125427 99.587463 63.497963 229.548111 106.973564 9.340917 239.765244 142.779175 102.066925 231.848083 128.547333               5845 
-2.257065 190.236603 105.672188 64.329376 230.941254 108.907104 12.215147 249.262253 145.122696 103.299568 234.356445 129.593872               5862 
-1.488587 189.390228 108.362450 64.669540 229.826859 110.757545 13.346251 251.456589 146.797302 103.669983 232.789093 131.457138               5871 
0.012172 187.037811 111.538979 64.578125 227.665421 113.805016 13.689807 251.513702 149.575623 103.366562 229.538818 135.023651               5888 
0.913741 185.674377 112.326752 64.369064 226.925308 114.493004 13.429203 251.091934 150.142670 103.030495 228.581635 135.960007               5897 
0.818225 181.673065 111.207085 63.009720 222.677704 116.066513 13.821724 251.661911 152.084091 101.022392 222.494904 138.722321               5914 
0.854753 180.206131 110.774635 62.470318 221.162811 116.461319 14.692704 253.237686 154.144241 100.243408 220.320587 139.499695               5923 
1.655952 179.325119 110.923500 62.555435 220.661957 116.435440 16.635864 256.396179 157.892410 100.329102 219.677658 139.467239               5931 
2.603714 178.736298 112.193520 62.550903 220.313049 116.844650 18.211792 259.119995 161.110306 100.288086 219.069397 139.923660               5941 
9.183537 190.502350 104.042938 61.540081 225.104340 112.156784 15.677759 198.040665 127.547081 96.880829 218.955627 138.070251               5958 
11.721646 193.068573 104.326797 61.697124 225.815170 111.936333 14.172025 193.409958 123.298691 96.264198 218.183044 138.491013               5966 
14.377600 193.227737 105.860962 61.640415 225.803543 111.939117 14.468933 190.119217 120.839890 96.021164 217.809982 138.628983               5983 
15.229136 193.228958 106.331772 61.613312 225.794403 111.937767 14.603799 189.557983 120.248055 95.914055 217.627670 138.678116               5992 
15.998961 194.179230 106.258797 61.830460 226.513870 111.751183 14.684667 190.212524 119.419128 95.969299 217.895630 138.556931               6001 
16.760693 194.757690 106.388901 61.918453 227.040237 111.650650 14.699980 190.688309 118.698708 95.911293 218.030792 138.513245               6010 
17.553349 194.764709 106.843025 61.680820 227.215561 111.663185 15.227633 190.277390 117.335052 95.533684 217.885590 138.593048               6027 
18.038557 194.613159 107.120888 61.600700 227.197433 111.655716 15.180033 190.192581 116.997665 95.392128 217.714630 138.609344               6035 
18.757044 193.943024 107.328468 61.258900 226.927521 111.459396 14.990245 189.698181 116.222488 95.025558 217.202728 138.357788               6053 
19.142895 192.945129 107.674416 60.797089 226.216202 111.480225 14.629315 188.856491 115.712166 94.531387 216.229294 138.323120               6070 
19.416500 192.665665 108.091476 60.539482 226.200073 111.441391 14.426420 188.740692 115.678780 94.302689 216.276459 138.271423               6079 
19.348707 192.223480 108.636940 59.818882 226.179611 111.465584 13.841506 188.504715 115.749756 93.610611 216.465607 138.336380               6087 
19.414814 191.857529 109.192345 59.423473 226.078781 111.370079 13.917614 187.995697 115.367897 93.303177 216.539780 138.192749               6097 
19.420616 191.542053 109.684021 59.061031 226.005615 111.273918 13.957498 187.566864 115.205032 93.054558 216.697403 138.033585               6105 
19.804668 191.163422 110.412170 58.953377 225.924149 111.196877 14.068555 187.233139 115.438553 93.139565 216.897903 137.807281               6122 
20.028561 190.965912 110.838272 58.845284 225.921692 111.181961 13.975157 187.133255 115.705849 93.127563 217.078918 137.730270               6131 
20.406256 190.687393 111.484863 58.692177 225.974152 111.126541 13.926448 186.968765 116.133629 93.158363 217.495056 137.555115               6139 
21.126970 190.424820 112.351967 58.709507 226.089325 111.054031 14.085263 186.856232 116.631172 93.423805 217.992645 137.276993               6157 
21.337627 190.273422 112.868011 58.559464 226.114105 111.094482 14.018646 186.761154 116.953369 93.387428 218.227997 137.230759               6166 
21.558313 190.228760 114.097542 58.100677 226.288483 111.231201 13.670639 186.816010 117.823601 93.199806 218.771912 137.112366               6183 
21.358660 189.890533 114.645561 57.340641 226.283112 111.443016 13.232565 186.407730 118.062279 92.535812 219.099960 137.288422               6192 
