15.432651 179.698929 94.616219 65.238014 216.603714 110.785194 19.198465 205.532532 112.342049 97.959480 213.956314 140.206650                  0 
15.390730 179.851273 94.499359 65.256180 216.532578 110.766113 19.210045 205.530716 112.271172 97.973145 213.722122 140.177460                 22 
15.382082 180.021622 94.372078 65.271179 216.523560 110.702393 19.264004 205.433273 112.120705 97.994186 213.567535 140.092743                 44 
15.430234 180.080826 94.315613 65.265633 216.512665 110.664261 19.300440 205.313843 112.001801 97.980972 213.510880 140.058502                 66 
15.509894 180.105927 94.326584 65.264473 216.500061 110.649048 19.312885 205.246185 111.952278 97.978729 213.484955 140.043121                 89 
15.595353 180.146317 94.345497 65.260384 216.484711 110.627937 19.318140 205.203491 111.894989 97.971275 213.437363 140.022446                112 
15.717806 180.116882 94.379456 65.290779 216.452515 110.637871 19.359379 205.131760 111.872833 97.992653 213.413361 140.043259                133 
15.826710 180.095306 94.416084 65.314949 216.414536 110.657524 19.386623 205.075821 111.861450 98.004349 213.375885 140.076828                156 
15.985327 179.926056 94.407738 65.343231 216.282776 110.702713 19.436766 204.842560 111.853477 98.022247 213.248764 140.134033                179 
16.013584 180.004120 94.454048 65.354561 216.280228 110.696579 19.421715 204.913101 111.853691 98.034370 213.203827 140.122604                201 
16.063999 180.030334 94.503120 65.355087 216.279190 110.696159 19.347311 205.188721 111.909142 98.034683 213.199234 140.122055                224 
16.265228 179.758163 94.433075 65.374870 216.133743 110.685440 19.373947 204.920868 111.896446 98.076622 213.094620 140.090958                247 
16.311222 179.749054 94.473412 65.381157 216.126633 110.682281 19.357964 204.918381 111.920425 98.092178 213.105286 140.079330                269 
16.344595 179.754608 94.508675 65.386131 216.121536 110.680801 19.330635 204.926102 111.948135 98.102806 213.109467 140.072510                293 
16.396063 179.750565 94.597443 65.383614 216.140747 110.693100 19.123734 205.608978 112.186096 98.100876 213.180573 140.089417                316 
16.496126 179.470688 94.641495 65.341568 215.987000 110.747459 19.044088 205.556747 112.312027 98.068214 213.103592 140.140976                339 
16.553965 179.309921 94.702324 65.313774 215.901443 110.775383 19.011406 205.457230 112.376625 98.049652 213.083771 140.164993                362 
16.589256 179.231400 94.775711 65.295624 215.862274 110.797905 18.997192 205.391830 112.422737 98.039063 213.097794 140.184143                385 
16.617043 179.193863 94.840248 65.284218 215.841690 110.807899 18.989367 205.352615 112.455200 98.035782 213.114655 140.188568                407 
16.636868 179.203918 94.896942 65.279213 215.842407 110.812256 18.983812 205.354156 112.475555 98.034660 213.132126 140.190155                430 
16.652435 179.221420 94.961281 65.275169 215.846191 110.819801 18.979723 205.362350 112.502167 98.033859 213.154358 140.195770                453 
16.669947 179.242661 95.038979 65.269341 215.851852 110.828506 18.976000 205.370941 112.537933 98.032936 213.180695 140.200897                475 
16.673161 179.263199 95.108299 65.254761 215.858719 110.835083 18.963297 205.380814 112.571579 98.021675 213.207703 140.205597                498 
16.623299 179.334625 95.187737 65.222565 215.900604 110.822617 18.880493 205.761551 112.696594 97.988014 213.275879 140.197128                521 
16.144396 179.947433 95.676315 64.695534 216.682770 110.867340 18.294439 206.760803 112.586288 97.190750 214.622406 140.585037                544 
16.163260 179.883652 95.699371 64.658737 216.643280 110.867455 18.275843 206.654770 112.620605 97.166946 214.595901 140.571823                567 
16.154524 179.924881 95.736923 64.647522 216.656952 110.860741 18.254669 206.934448 112.722610 97.161140 214.604675 140.558868                589 
16.216288 179.802429 95.615196 64.680351 216.509506 110.804398 18.318254 206.825851 112.712433 97.231682 214.372101 140.455170                611 
16.245115 179.835541 95.499344 64.770348 216.413971 110.725410 18.423914 206.807144 112.692574 97.376114 214.119461 140.304535                634 
16.458122 179.578476 95.428452 64.907143 216.231644 110.677208 18.627953 206.499802 112.721519 97.592957 213.912277 140.165909                657 
16.635685 179.340210 95.382568 65.016487 216.073868 110.636658 18.799664 206.249466 112.754272 97.773117 213.751160 140.046402                679 
16.732239 179.167282 95.352997 65.058792 215.958633 110.630501 18.899858 206.082474 112.779648 97.854591 213.633682 139.996384                702 
16.759880 179.155380 95.334427 65.090004 215.919968 110.611290 18.959589 206.060150 112.778488 97.903900 213.576981 139.955521                724 
16.813929 179.084259 95.298241 65.125031 215.841476 110.605171 19.041903 205.919952 112.782104 97.964905 213.477325 139.918640                747 
16.849995 179.098373 95.287346 65.167099 215.824814 110.602623 19.133410 205.823242 112.793663 98.034302 213.433167 139.883209                769 
16.856012 179.155014 95.319893 65.183441 215.845215 110.642113 19.154240 205.862808 112.824493 98.037521 213.476120 139.939255                792 
16.860533 179.171967 95.278633 65.177277 215.826355 110.669708 19.195753 205.750046 112.816002 98.031113 213.431183 139.965012                815 
16.847681 179.201752 95.233284 65.163948 215.821396 110.663849 19.252626 205.598404 112.763062 98.018387 213.407227 139.956909                837 
16.917126 179.079453 95.164795 65.143013 215.777328 110.654968 19.421944 204.789444 112.625252 98.016113 213.404724 139.930481                861 
16.704088 179.472443 95.385071 64.969986 216.202881 110.628532 19.297539 205.036591 112.557167 97.777306 214.047287 139.994476                884 
16.656504 179.507828 95.442741 64.914032 216.226257 110.686768 19.345810 204.410461 112.486328 97.697174 214.107590 140.082397                907 
16.473680 179.865829 95.635201 64.844124 216.465302 110.731789 19.326488 204.328003 112.428635 97.556374 214.419754 140.211441                929 
16.499418 179.775345 95.607361 64.811386 216.411819 110.738258 19.428068 203.273132 112.268669 97.531036 214.379395 140.210617                951 
16.508144 179.747055 95.592049 64.781616 216.395386 110.731003 19.527132 202.118225 112.067551 97.507988 214.372223 140.196518                973 
16.511145 179.768646 95.595749 64.774651 216.398590 110.729546 19.653147 201.229935 111.866394 97.503197 214.372650 140.192459                994 
16.516865 179.786240 95.608055 64.773605 216.396820 110.730057 19.774660 200.568985 111.701065 97.505371 214.370575 140.189377               1015 
16.527445 179.795044 95.640137 64.780266 216.383881 110.736702 19.833372 200.110626 111.615524 97.521843 214.355408 140.184967               1035 
16.541128 179.803696 95.687393 64.791870 216.371124 110.744469 19.859924 199.743103 111.560966 97.546806 214.342209 140.177841               1055 
16.550232 179.806107 95.744179 64.803879 216.354645 110.760567 19.855957 199.467865 111.547356 97.574020 214.328812 140.177216               1075 
16.529739 179.831406 95.776100 64.800697 216.346741 110.773163 19.827606 199.186554 111.503548 97.575615 214.311172 140.183823               1095 
16.508469 179.859039 95.811378 64.800011 216.336929 110.784248 19.788292 198.931030 111.473923 97.582695 214.294983 140.185806               1115 
16.491367 179.884537 95.847542 64.799286 216.328735 110.794647 19.723221 198.790085 111.485611 97.589180 214.281433 140.187790               1135 
16.472481 179.917633 95.875603 64.794907 216.333847 110.796600 19.657148 198.672546 111.493698 97.588684 214.285782 140.185364               1155 
16.464344 179.930801 95.891830 64.793022 216.328339 110.793236 19.606365 198.486526 111.476997 97.591171 214.280304 140.177124               1175 
16.451664 179.943069 95.914574 64.791985 216.320023 110.795235 19.561600 198.228973 111.440567 97.595871 214.271866 140.172714               1196 
16.437391 179.961792 95.945518 64.795830 216.311783 110.799995 19.523289 197.996002 111.409584 97.607346 214.263077 140.168900               1216 
16.419683 179.992599 95.979507 64.800972 216.306168 110.805893 19.484772 197.821777 111.385994 97.619186 214.256256 140.167236               1237 
16.413118 180.061249 96.102959 64.884018 216.280991 110.822334 19.493563 197.734482 111.450020 97.740677 214.198654 140.138351               1258 
16.421667 180.133667 96.255287 64.993324 216.254913 110.839798 19.513994 197.697571 111.556274 97.902710 214.136765 140.094040               1281 
16.433294 180.200653 96.395241 65.098228 216.234283 110.848984 19.523218 197.670929 111.664688 98.063103 214.085098 140.038422               1303 
16.469677 180.222229 96.527908 65.176598 216.236206 110.857811 19.438000 197.675110 111.797272 98.184723 214.116592 140.000519               1327 
16.460560 180.284805 96.584419 65.207626 216.250015 110.859467 19.316547 197.714020 111.860283 98.236542 214.119324 139.977783               1351 
16.507454 180.255295 96.677353 65.262321 216.218491 110.887650 19.266186 197.690918 111.954086 98.323349 214.106842 139.970886               1374 
16.558949 180.226883 96.771080 65.317070 216.188263 110.916946 19.232542 197.675659 112.044998 98.409653 214.098511 139.965851               1399 
16.612675 180.196426 96.866562 65.373550 216.154266 110.949203 19.218817 197.656982 112.131783 98.497665 214.083328 139.963501               1425 
16.708780 180.165665 97.088638 65.507820 216.103897 111.032372 19.204979 197.765839 112.369873 98.695808 214.059708 139.975494               1448 
16.807674 180.111542 97.306129 65.649117 216.018829 111.128075 19.148569 197.951706 112.652397 98.909241 213.986526 139.989105               1471 
16.787909 180.250580 97.475479 65.770187 215.987579 111.198952 19.016104 198.368988 112.934952 99.094795 213.909088 139.982208               1495 
16.768932 180.381760 97.584953 65.946968 215.874619 111.284050 19.158228 198.326874 113.140915 99.361366 213.721420 139.957504               1518 
16.583721 180.680237 97.503510 66.024254 215.788193 111.365356 19.182732 198.351227 113.198471 99.461563 213.457108 139.998169               1541 
16.514206 180.779739 97.439583 66.012634 215.796524 111.383987 19.142815 198.379669 113.236511 99.459160 213.510498 140.009674               1565 
16.419909 180.934631 97.393471 65.952568 215.883804 111.388405 18.974833 198.676041 113.314316 99.406425 213.640030 140.008865               1587 
16.247322 181.130707 97.279900 65.828033 215.994141 111.371696 18.399086 199.828003 113.655602 99.285576 213.857010 139.996002               1656 
16.231394 181.149445 97.241829 65.811829 216.004242 111.367683 18.103439 200.673431 113.889198 99.266762 213.895905 139.997192               1679 
16.122875 181.253693 97.131119 65.758636 216.018173 111.373367 17.739014 201.879379 114.180809 99.201096 213.948883 140.020279               1701 
15.954286 181.472427 97.004517 65.694923 216.045624 111.382851 17.501284 202.634399 114.307747 99.117302 213.935913 140.050247               1722 
15.776364 181.720535 96.873520 65.644531 216.061493 111.372833 17.446419 202.707443 114.277512 99.062325 213.895020 140.041336               1743 
15.699145 181.863815 96.797615 65.644783 216.061874 111.372375 17.450747 202.775558 114.286293 99.065239 213.899277 140.038071               1763 
15.611261 181.991211 96.656898 65.635010 216.043152 111.362999 17.546797 202.647797 114.221733 99.068787 213.887817 140.013687               1783 
15.545853 182.116409 96.574356 65.633423 216.040634 111.359505 17.571871 202.717697 114.219048 99.071999 213.884384 140.004547               1803 
15.518517 182.182480 96.510231 65.631973 216.029190 111.365540 17.598936 202.729279 114.216545 99.075218 213.865540 140.004562               1824 
15.523314 182.197357 96.463661 65.630516 216.010345 111.379921 17.630009 202.704315 114.215858 99.079338 213.837326 140.011719               1844 
15.535193 182.202499 96.425941 65.629143 215.992599 111.393456 17.667768 202.672195 114.210732 99.083237 213.810806 140.018433               1865 
15.515933 182.257050 96.399582 65.628807 215.991730 111.395103 17.727215 202.647659 114.189461 99.086647 213.806091 140.015396               1885 
15.530863 182.249451 96.358185 65.620789 215.979202 111.392822 17.850647 202.382965 114.121292 99.088104 213.797668 140.002350               1906 
15.544892 182.243439 96.324936 65.613808 215.969162 111.392418 18.006243 201.578857 113.986488 99.088997 213.792419 139.993103               1927 
15.535532 182.303024 96.312981 65.615273 215.978638 111.404327 18.124046 200.678406 113.889183 99.099335 213.801941 139.994629               1948 
15.545533 182.287292 96.342674 65.561813 216.014175 111.455276 18.146454 199.918732 113.877151 99.061661 213.879822 140.030273               1968 
15.539692 182.298508 96.357689 65.511879 216.047363 111.502861 18.162853 199.233627 113.847992 99.026360 213.952682 140.063629               1989 
15.549444 182.276688 96.403152 65.461281 216.093018 111.548386 18.115850 198.706406 113.885201 98.992493 214.058960 140.093903               2009 
15.544932 182.268555 96.451828 65.394363 216.157028 111.584869 18.036753 198.314560 113.940796 98.941689 214.191467 140.116241               2030 
15.548132 182.261902 96.503708 65.337624 216.219391 111.610435 17.960438 198.016724 113.996323 98.899887 214.318939 140.128647               2051 
15.514850 182.327789 96.572136 65.291862 216.306046 111.619034 17.877951 197.781006 114.054382 98.872849 214.457748 140.118622               2071 
15.475061 182.447433 96.626450 65.272408 216.382019 111.643883 17.839041 197.479294 114.063675 98.856247 214.559845 140.141800               2091 
15.459828 182.504730 96.702553 65.248886 216.435349 111.690132 17.778782 197.200653 114.113258 98.835892 214.645264 140.186356               2112 
15.442590 182.594818 96.770126 65.246002 216.490295 111.734390 17.725103 197.001511 114.167648 98.837723 214.696747 140.224823               2132 
15.487458 182.606659 96.824440 65.261711 216.516602 111.767868 17.713078 196.732010 114.195091 98.859970 214.750656 140.252319               2152 
15.502528 182.724182 96.924881 65.298698 216.609879 111.794754 17.701141 196.596283 114.261711 98.912086 214.873398 140.263153               2173 
15.580145 182.742371 97.055611 65.374489 216.629242 111.869843 17.750776 196.472549 114.373917 99.009232 214.923843 140.314896               2193 
15.629086 182.829712 97.287575 65.420166 216.735809 112.014740 17.777178 196.510788 114.569595 99.058907 215.107056 140.459564               2214 
15.672394 182.859665 97.455940 65.453140 216.778763 112.125839 17.806257 196.427841 114.696312 99.105026 215.195511 140.557678               2235 
15.649022 182.929016 97.609749 65.407051 216.890564 112.201050 17.756788 196.387772 114.774849 99.052803 215.399323 140.645111               2256 
15.623667 182.958069 97.702507 65.366913 216.923767 112.255951 17.709436 196.288574 114.811249 99.011604 215.470215 140.703232               2279 
15.624887 182.965149 97.834991 65.327209 216.967758 112.309761 17.675289 196.246201 114.879662 98.975105 215.590912 140.757065               2302 
15.525949 183.155304 98.047852 65.273735 217.096817 112.392029 17.588737 196.377365 114.989754 98.918854 215.770020 140.845001               2325 
15.420804 183.392166 98.196587 65.246056 217.202744 112.455185 17.518070 196.509903 115.051445 98.889244 215.866730 140.910004               2348 
15.340896 183.582458 98.293610 65.232780 217.251389 112.512459 17.469559 196.572617 115.093590 98.879089 215.887299 140.962250               2372 
15.329802 183.681473 98.326431 65.240982 217.258545 112.535812 17.467915 196.486816 115.056122 98.886169 215.872833 140.985886               2396 
15.194346 184.012863 98.367432 65.240379 217.328735 112.568665 17.556725 196.166107 114.828629 98.874809 215.819901 141.025192               2419 
15.151105 184.251312 98.554230 65.249825 217.458557 112.652542 17.653967 195.868042 114.760330 98.885185 215.963531 141.108704               2443 
15.107260 184.467621 98.761368 65.242508 217.567139 112.735626 17.608633 195.930588 114.855888 98.873512 216.089508 141.197845               2466 
14.954309 184.975296 99.041260 65.171158 217.800873 112.902946 17.513765 196.083679 114.926895 98.777977 216.220688 141.388214               2490 
14.946891 185.344009 99.312500 65.138535 217.951050 113.023254 17.432430 196.223267 114.999962 98.730522 216.276428 141.520615               2513 
15.026458 185.543442 99.586960 65.131569 217.977768 113.138451 17.349619 196.387329 115.130699 98.726959 216.201019 141.625610               2536 
15.036736 185.909607 99.798363 65.108292 218.105453 113.199326 17.247852 196.603577 115.165970 98.697235 216.181564 141.684540               2559 
15.130277 185.993057 99.943497 65.097122 218.130188 113.219055 17.209457 196.663635 115.197685 98.689957 216.173355 141.697433               2582 
15.098436 186.260712 100.123283 65.051941 218.283432 113.268318 17.129299 196.836197 115.268623 98.651192 216.284805 141.736221               2604 
15.181085 186.370178 100.212021 65.053505 218.335175 113.282066 17.109648 196.899109 115.262619 98.648087 216.291245 141.752258               2627 
15.316730 186.342392 100.309875 65.053535 218.313065 113.299805 17.089972 196.870041 115.262794 98.645264 216.253067 141.772217               2650 
15.439856 186.323929 100.400253 65.053604 218.308609 113.304726 17.069191 196.866150 115.260605 98.643944 216.247665 141.778702               2673 
15.535456 186.289917 100.485100 65.044807 218.294220 113.320175 17.055885 196.848206 115.259041 98.633415 216.237350 141.796478               2695 
15.584743 186.293472 100.536079 65.034279 218.299896 113.323380 17.041414 196.869873 115.246185 98.617836 216.251328 141.806259               2718 
15.646664 186.297379 100.583694 65.032196 218.300430 113.322922 17.051186 196.859909 115.224617 98.613655 216.250824 141.808182               2741 
15.684995 186.337326 100.613335 65.018654 218.316345 113.320152 17.035858 196.882980 115.193687 98.588745 216.252716 141.817810               2765 
15.709011 186.403641 100.629089 65.005875 218.346497 113.313217 17.010206 196.942657 115.158318 98.557838 216.262939 141.830750               2788 
15.766176 186.400879 100.668831 65.005577 218.345245 113.312653 17.002472 196.969788 115.154762 98.555099 216.262497 141.833115               2811 
15.818652 186.399841 100.704697 65.005127 218.344284 113.312271 16.985765 197.021088 115.160347 98.552513 216.263214 141.835388               2835 
15.883394 186.390335 100.737976 65.006882 218.336548 113.308121 16.972113 197.077103 115.163567 98.549408 216.257721 141.837112               2859 
15.983878 186.345215 100.792145 64.995361 218.321503 113.309509 16.955662 197.119186 115.157745 98.526093 216.253357 141.853134               2884 
16.122889 186.221573 100.827644 64.979393 218.275360 113.307022 16.936747 197.171722 115.142387 98.492104 216.234589 141.873764               2908 
16.266588 186.102493 100.879272 64.961723 218.240799 113.302086 16.924778 197.219269 115.115036 98.456955 216.220718 141.890793               2933 
16.390995 186.045166 100.940514 64.949142 218.234741 113.295258 16.923155 197.259186 115.076767 98.431366 216.204987 141.898529               2957 
16.517849 185.984634 101.011887 64.937820 218.229294 113.289116 16.925850 197.276749 115.039505 98.408325 216.190796 141.905472               2982 
16.662212 185.885178 101.058426 64.932228 218.208221 113.272255 16.930227 197.254074 114.982735 98.390472 216.151108 141.901596               3006 
16.877148 185.586853 101.050453 64.909233 218.115204 113.224731 16.948101 197.120544 114.901680 98.356247 216.115662 141.871277               3031 
17.076303 185.344620 101.084587 64.884613 218.068420 113.198685 16.935755 197.100800 114.863510 98.320198 216.120911 141.862152               3055 
17.259367 185.089310 101.094231 64.822433 218.045914 113.178596 16.901743 197.083542 114.797455 98.229958 216.173248 141.879745               3079 
17.434366 184.891907 101.160828 64.769760 218.056442 113.163673 16.830326 197.239166 114.786423 98.157684 216.247238 141.891693               3103 
17.640162 184.641785 101.172180 64.753159 218.021851 113.116997 16.857801 197.160507 114.705742 98.135201 216.266251 141.855179               3127 
17.834766 184.402573 101.194519 64.738930 217.978577 113.085381 16.883453 197.044342 114.639801 98.115707 216.263733 141.832123               3150 
17.992355 184.237152 101.243034 64.735329 217.981583 113.052773 16.910316 196.977188 114.594933 98.108505 216.312897 141.806412               3174 
18.144119 184.085175 101.311676 64.731880 217.998459 113.022881 16.932043 196.935852 114.560097 98.097946 216.384872 141.787918               3197 
18.287001 183.947037 101.407616 64.728104 217.996338 113.017365 16.935596 196.912384 114.552063 98.091179 216.403046 141.787018               3221 
18.393095 183.831268 101.480202 64.726448 217.992905 113.015495 16.940517 196.892746 114.545212 98.086349 216.413132 141.789566               3244 
18.488512 183.723816 101.539833 64.726662 217.986435 113.015152 16.949581 196.865448 114.537025 98.082092 216.422714 141.795288               3267 
18.571112 183.627655 101.591293 64.729279 217.982697 113.013214 16.957577 196.846344 114.525406 98.079010 216.431107 141.800598               3291 
18.646622 183.543350 101.627464 64.731819 217.981140 113.007553 16.972473 196.815308 114.501740 98.074631 216.444885 141.803787               3314 
18.729721 183.449921 101.666962 64.732735 217.982147 112.998550 16.995876 196.781021 114.463181 98.066513 216.465317 141.806259               3338 
18.839270 183.335968 101.730766 64.736366 217.983658 112.988564 17.000494 196.777832 114.446716 98.063019 216.485397 141.805481               3362 
18.942392 183.216049 101.787399 64.737274 217.980743 112.978905 16.986322 196.803421 114.435989 98.056824 216.500778 141.804977               3386 
19.042866 183.095718 101.846581 64.736282 217.979980 112.969719 16.964373 196.852768 114.431808 98.049416 216.518127 141.804138               3410 
19.136646 182.976334 101.901443 64.735504 217.977692 112.959450 16.939222 196.921402 114.428864 98.042297 216.533859 141.802094               3434 
19.222914 182.860931 101.939491 64.734283 217.972702 112.942787 16.912342 197.001251 114.419693 98.033554 216.550476 141.795197               3458 
19.327362 182.709305 101.960014 64.725533 217.952988 112.903725 16.893595 197.052460 114.388084 98.018837 216.568787 141.764877               3482 
19.385578 182.648514 101.976303 64.711983 217.972626 112.867355 16.859745 197.151138 114.343407 97.991776 216.589844 141.744156               3507 
19.450203 182.572800 102.017509 64.700737 217.986069 112.854324 16.842176 197.196167 114.315720 97.973007 216.593414 141.739304               3531 
19.523169 182.494171 102.065720 64.692947 217.998734 112.841606 16.829056 197.240463 114.288765 97.957954 216.596405 141.734482               3556 
19.659708 182.280792 101.997101 64.680588 217.939407 112.767052 16.840311 197.176773 114.156425 97.927444 216.557220 141.681778               3580 
19.757908 182.065475 101.944229 64.657959 217.864517 112.734062 16.820402 197.176895 114.076073 97.889610 216.492157 141.666733               3605 
19.850563 181.841873 101.886749 64.619423 217.788498 112.693710 16.718220 197.350433 114.036819 97.838486 216.441101 141.642014               3629 
20.003994 181.496078 101.727310 64.613106 217.623672 112.578339 16.719770 197.279785 113.916977 97.851921 216.304398 141.505249               3654 
20.126421 181.193115 101.577469 64.608994 217.455185 112.494453 16.616674 197.499786 113.892754 97.864044 216.130829 141.402466               3678 
20.230917 180.913620 101.435852 64.610619 217.278885 112.439240 16.437395 197.876816 113.943665 97.875542 215.938477 141.335159               3702 
20.305878 180.695786 101.346214 64.574120 217.177963 112.413193 16.284027 198.145081 113.974335 97.826530 215.858002 141.324448               3726 
20.373917 180.541214 101.267052 64.564514 217.105453 112.378761 16.203985 198.298279 113.966583 97.805305 215.791046 141.303619               3749 
20.430044 180.405579 101.199722 64.556465 217.044708 112.349907 16.101004 198.557022 113.994453 97.787521 215.734894 141.286163               3772 
20.459442 180.331909 101.158844 64.554726 217.011353 112.332634 16.006308 198.856567 114.039314 97.778511 215.694473 141.276917               3796 
20.479729 180.277054 101.138504 64.551880 216.989304 112.325287 15.897519 199.171921 114.101921 97.766342 215.664703 141.279922               3819 
20.502018 180.207275 101.136009 64.541603 216.964951 112.330124 15.835964 199.366516 114.130722 97.741653 215.637909 141.301163               3842 
20.529219 180.129761 101.111771 64.536591 216.925781 112.328873 15.794175 199.536774 114.135391 97.719666 215.590683 141.318985               3865 
20.538460 180.060822 101.073868 64.520432 216.888351 112.326408 15.780411 199.552490 114.094688 97.684486 215.542480 141.337784               3888 
20.542542 180.008194 101.043457 64.505646 216.864975 112.320778 15.771351 199.575180 114.054955 97.654472 215.506897 141.348984               3911 
20.549009 179.944321 101.024544 64.496452 216.844849 112.319176 15.769780 199.597794 114.024353 97.632736 215.476318 141.361206               3934 
20.553858 179.887909 101.015694 64.492470 216.831558 112.320854 15.776447 199.627502 113.998512 97.618454 215.451584 141.374084               3957 
20.561577 179.843948 101.014450 64.494659 216.825851 112.320091 15.790606 199.658203 113.980988 97.615067 215.437653 141.379288               3981 
20.560707 179.799393 101.007668 64.499687 216.820129 112.320351 15.814615 199.686234 113.960640 97.614098 215.420563 141.385834               4004 
20.557178 179.766052 101.001854 64.506874 216.813690 112.321533 15.832622 199.718262 113.943741 97.615479 215.398117 141.392868               4028 
20.549730 179.748352 100.994476 64.513489 216.806183 112.325729 15.858433 199.747665 113.922676 97.615532 215.370773 141.403549               4052 
20.550169 179.730042 100.988441 64.535378 216.788712 112.327255 15.900588 199.778564 113.902634 97.632965 215.329178 141.408936               4076 
20.463486 179.889587 100.978470 64.567177 216.824951 112.323906 15.934132 199.938217 113.857452 97.657005 215.246826 141.408234               4101 
20.252483 180.363571 100.966797 64.618088 216.994324 112.313942 15.964021 200.310104 113.770561 97.689102 215.173309 141.405472               4125 
20.219114 180.394470 100.948357 64.608849 217.010101 112.309113 16.039825 200.212128 113.679062 97.674057 215.141235 141.404205               4150 
20.191805 180.424057 100.924034 64.599663 217.027649 112.299278 16.269375 199.803726 113.460526 97.657906 215.111832 141.399246               4174 
20.118008 180.511475 100.882355 64.565178 217.067200 112.284561 16.552732 199.294952 113.159134 97.608612 215.066467 141.395630               4198 
20.096437 180.545944 100.877953 64.562592 217.092911 112.284500 16.773483 198.895294 112.963242 97.599854 215.043472 141.399185               4221 
20.075899 180.586868 100.888786 64.562675 217.129028 112.290092 16.901850 198.563599 112.843781 97.594719 215.027985 141.407013               4243 
20.056335 180.636749 100.909882 64.567871 217.172852 112.297920 16.964760 198.322876 112.778847 97.595367 215.018234 141.416077               4265 
20.027262 180.725082 100.939201 64.575638 217.238464 112.312874 17.001062 198.155472 112.744781 97.598824 215.022141 141.431305               4287 
19.988607 180.836441 100.987282 64.577103 217.321487 112.344261 17.013336 198.035553 112.740204 97.590462 215.036789 141.468552               4309 
19.961861 180.905365 101.032372 64.573875 217.379837 112.378830 17.017588 197.923019 112.736122 97.577576 215.028915 141.508789               4331 
19.949240 180.947937 101.071930 64.564285 217.430588 112.397667 17.018032 197.832870 112.728477 97.561218 215.031952 141.531403               4353 
19.934685 180.991425 101.107185 64.551956 217.490494 112.405060 17.016441 197.753006 112.716911 97.544174 215.051132 141.540756               4375 
19.923094 181.035217 101.140450 64.537697 217.552063 112.405602 17.015450 197.681610 112.696487 97.526115 215.072632 141.542206               4396 
19.905006 181.073700 101.161308 64.526871 217.607727 112.402580 17.022104 197.599655 112.676476 97.511932 215.091812 141.539871               4418 
19.857401 181.151367 101.175446 64.507141 217.671814 112.388016 17.042643 197.495804 112.623688 97.487846 215.087769 141.524277               4440 
19.862211 181.115662 101.202103 64.498550 217.679993 112.389763 17.053980 197.420639 112.613457 97.481133 215.076752 141.522186               4463 
19.868416 181.078217 101.229515 64.491692 217.688782 112.390282 17.042891 197.428024 112.615997 97.475319 215.072510 141.520355               4485 
19.901608 180.984711 101.267807 64.482162 217.674713 112.406700 17.023594 197.379257 112.652512 97.476883 215.034363 141.522034               4556 
19.915821 180.951309 101.289635 64.458710 217.702179 112.395058 16.984194 197.404144 112.684814 97.459808 215.086594 141.505402               4580 
19.962538 180.857285 101.311974 64.453423 217.695084 112.387253 16.655849 198.019043 113.013710 97.457230 215.081573 141.494705               4605 
19.946735 180.931244 101.452194 64.452866 217.798691 112.377365 16.206261 199.025726 113.447090 97.429703 215.183670 141.515244               4630 
19.989277 180.879761 101.532265 64.478981 217.792725 112.373711 15.693621 200.066086 113.963570 97.449928 215.147171 141.515488               4652 
20.039150 180.812424 101.621254 64.481667 217.796768 112.375565 15.446891 200.541809 114.216240 97.447784 215.136871 141.521515               4673 
20.018154 180.791275 101.717415 64.459625 217.801163 112.400841 15.366488 200.689453 114.231392 97.386169 215.112610 141.588837               4693 
19.888645 180.908752 101.836617 64.412949 217.848007 112.420113 15.244448 200.955536 114.230392 97.280159 215.117554 141.671036               4713 
18.945705 182.637299 102.546181 64.173050 218.941177 112.359718 15.717883 201.341354 113.434662 96.695290 216.391418 142.009811               4732 
18.805771 182.950241 102.332024 64.247902 219.049606 112.028748 16.221186 200.830627 112.704063 96.672050 216.428925 141.779922               4752 
19.175636 182.906876 101.868103 64.544785 219.151642 111.486511 16.530565 200.732956 112.138657 96.911652 216.711426 141.315308               4771 
19.900671 183.928818 100.227493 65.782707 219.604904 109.675583 17.104847 201.979233 110.703796 98.117554 216.843536 139.511093               4790 
18.884331 188.148361 96.961273 66.006645 222.287521 106.361992 16.002419 207.235245 107.008553 97.261833 219.509842 137.325241               4808 
19.553617 190.219254 90.534492 67.251945 223.390381 101.383759 15.971080 210.336624 101.659340 97.787018 219.743423 132.969116               4827 
20.508343 193.258896 79.965317 69.378319 224.153519 93.852783 16.957987 213.462250 92.549530 98.616844 218.438538 126.345451               4845 
21.526848 196.068329 68.776672 71.169304 224.987396 85.935669 18.274637 215.616257 82.694527 99.112747 217.522522 119.203758               4859 
22.960968 198.083969 56.952183 72.262642 225.695969 79.012581 19.295637 216.302826 72.455765 98.153946 217.067230 113.632103               4873 
24.221855 200.929794 46.678814 73.273186 227.627121 72.305199 20.248796 217.584564 63.547832 97.702049 218.728973 107.905464               4884 
24.587381 205.057343 33.279900 73.449036 228.542923 64.148834 19.849127 218.710861 52.365559 95.471893 217.987793 100.849091               4897 
25.538265 208.921280 23.362495 74.244827 229.559860 57.790764 19.318539 218.857513 44.571060 94.620476 217.715424 95.044868               4906 
27.079180 213.115356 11.624853 75.441566 230.384613 49.763313 19.703615 218.175720 34.416687 94.034843 217.160019 87.482353               4916 
31.939278 220.730621 -7.720470 78.289978 232.217194 36.069244 22.432663 221.245316 15.814857 92.987442 216.330353 74.473915               4932 
37.921177 225.037079 -29.692551 79.857437 232.538498 19.913685 25.596575 222.276642 -6.511621 90.331497 214.420685 58.712711               4950 
40.703339 227.228729 -42.262882 79.886604 231.107285 10.449149 26.745247 222.273956 -19.535114 87.956230 210.858582 48.766212               4962 
45.225555 230.544632 -59.517677 81.260704 229.350784 -3.649719 29.621544 222.570877 -37.510948 86.782631 206.326157 33.534969               4976 
56.028370 240.375137 -99.459732 85.510872 230.152786 -39.696362 37.672340 227.583435 -80.200867 86.834160 202.253540 -5.590544               5010 
57.015999 240.831055 -104.657616 86.033043 230.201813 -44.433586 38.558498 226.897873 -85.605309 87.484047 201.971054 -10.606901               5020 
62.189243 241.977493 -127.438744 88.457718 228.906891 -65.479118 42.937511 224.735703 -109.573624 89.185966 199.398361 -32.737064               5045 
62.199692 241.214676 -131.095993 89.750793 229.229706 -69.069969 43.570110 222.801941 -112.566650 91.844849 200.138474 -36.014847               5054 
63.020390 240.211655 -137.694260 90.236542 228.569061 -74.548141 44.084446 219.967087 -118.546417 92.488853 200.025650 -41.029095               5066 
65.722290 237.254272 -145.254303 92.565247 226.927017 -80.597725 46.348259 214.865860 -124.878342 95.220650 199.478561 -46.205055               5080 
67.056793 236.915527 -151.711044 92.898888 226.079987 -85.927948 46.434666 212.907059 -130.770782 95.155334 198.832886 -51.347179               5089 
69.914452 237.986191 -160.059631 94.235847 224.002472 -92.660019 47.479881 210.842590 -138.586884 95.603500 196.343323 -58.360950               5106 
71.499359 239.564407 -165.250092 96.088051 223.979111 -96.883850 48.855186 210.037781 -142.623215 97.561569 196.597153 -62.367451               5123 
71.738625 240.699036 -166.932007 96.567757 223.848679 -98.037453 48.967735 209.708649 -143.531738 98.055588 196.655090 -63.373047               5132 
71.570648 241.917160 -168.311798 96.826729 222.802155 -98.585007 48.756664 208.033463 -143.706055 98.549995 195.879532 -63.720573               5145 
71.368423 240.936096 -168.445236 97.196533 221.097687 -98.230698 48.778313 205.454041 -142.917938 99.314217 194.505569 -63.135117               5158 
71.869133 242.845184 -169.548355 97.785896 221.183914 -98.814354 49.199615 205.254654 -143.360275 99.903450 194.798828 -63.562847               5167 
72.730690 245.361023 -171.904404 98.355080 221.629990 -100.485680 49.674950 205.387085 -145.068237 100.286774 195.490494 -65.041046               5175 
73.487793 248.792908 -173.110535 98.536415 221.235382 -101.235619 49.871368 205.195602 -146.273575 100.168045 194.847992 -65.960007               5193 
74.079002 249.891953 -173.224380 98.611557 220.672531 -101.331116 49.934853 205.272980 -146.685944 99.899521 194.016983 -66.243385               5201 
73.731171 251.016251 -173.332367 98.393150 220.321609 -101.602913 49.479816 205.230316 -146.954269 99.740501 193.405304 -66.717056               5218 
74.073769 251.562500 -173.553467 98.582520 220.419449 -101.788185 49.582233 205.514954 -147.161148 99.811188 193.483780 -66.912888               5227 
74.199852 253.405975 -174.444916 98.728210 221.227982 -102.954361 49.692085 206.686462 -148.480408 99.987495 193.939941 -68.355179               5236 
74.496155 253.521133 -175.353226 98.791840 221.039871 -103.762177 49.524715 206.776688 -149.199539 99.843849 193.831696 -69.093254               5244 
73.908485 255.265701 -176.119644 98.767471 222.101151 -104.902390 49.541790 207.619812 -150.401794 100.259605 194.525208 -70.541565               5253 
73.914825 255.375244 -177.190598 98.742867 222.427872 -105.749298 49.556778 207.534943 -151.246582 100.263084 195.014236 -71.260063               5262 
74.626633 256.069427 -180.107117 99.307243 223.340775 -108.383438 49.645458 208.572205 -153.487244 100.611649 196.280228 -73.607712               5280 
72.679810 256.973633 -180.947601 98.480728 224.120071 -109.622055 48.849777 208.660217 -154.535339 100.562141 196.826904 -75.066643               5288 
72.397049 256.480988 -182.255981 98.424934 223.656326 -110.917725 48.363277 208.333145 -155.411270 100.529007 196.527679 -76.234360               5298 
74.054314 254.591324 -183.611557 98.694565 221.584244 -111.781532 48.353638 207.370377 -156.339294 99.772545 194.783844 -76.797218               5315 
77.499252 256.205231 -182.868942 99.751839 221.029434 -111.246521 49.894424 209.108902 -157.042191 99.380806 193.519897 -76.802170               5324 
76.783852 256.948151 -184.332092 99.596252 221.761139 -112.837448 49.983212 209.152939 -158.720657 99.686714 194.096085 -78.515984               5334 
76.706604 259.349030 -185.732605 99.637962 222.699936 -114.961380 49.733913 211.203842 -160.786865 99.710655 194.455978 -81.114693               5344 
73.525101 260.114685 -187.864227 98.882805 223.777161 -117.717369 48.625774 210.950760 -162.694595 100.445816 195.395844 -84.021912               5353 
72.641487 261.705536 -189.911499 98.793358 224.322235 -120.563301 48.477287 211.859283 -165.409836 100.805115 195.412781 -87.344002               5365 
71.219444 261.935516 -190.820190 98.564865 225.342773 -121.475143 48.745968 211.352570 -166.273392 101.470299 196.541199 -88.228279               5374 
70.465134 261.580688 -191.770554 98.587990 225.664658 -122.341072 49.026749 210.779266 -166.897079 102.003212 197.097870 -88.940475               5384 
70.978348 261.011810 -192.331207 99.011749 225.410934 -122.668907 49.518387 210.478943 -167.060944 102.306000 197.093979 -89.044159               5395 
71.404610 260.509705 -192.920807 99.304214 224.965149 -123.142838 49.844597 210.272903 -167.364548 102.411079 196.816635 -89.359200               5405 
71.505501 260.224640 -193.327576 99.613342 224.819626 -123.531181 50.385269 209.909088 -167.697067 102.840393 196.745193 -89.697205               5416 
70.998772 259.773773 -193.857971 99.747810 224.930603 -124.011238 50.762421 209.235809 -168.007431 103.417107 197.027756 -90.080528               5427 
71.404953 259.803986 -194.327347 100.151932 224.842087 -124.511635 51.320568 209.226288 -168.523560 103.798630 196.923615 -90.591331               5437 
71.451019 259.659271 -194.595505 100.240837 224.805557 -124.717712 51.699425 208.999680 -168.795517 103.932190 196.937469 -90.760849               5448 
71.231049 258.982330 -195.000412 100.356033 224.679092 -124.964714 52.141994 208.315262 -168.931320 104.265152 197.046722 -90.839996               5459 
71.071724 258.964081 -195.324707 100.282158 224.260254 -125.498940 52.288132 208.126465 -169.551071 104.225571 196.458069 -91.516396               5470 
71.019005 258.993744 -195.624634 100.288506 223.965500 -125.963783 52.527325 208.012268 -170.112457 104.254082 196.028961 -92.094185               5481 
70.934891 258.850983 -195.937881 100.319656 223.748169 -126.341927 52.795742 207.818863 -170.502945 104.336151 195.796768 -92.490593               5492 
70.716484 258.278015 -196.479355 100.363228 223.250717 -126.936287 52.773285 207.435196 -170.788116 104.436287 195.419937 -92.992455               5503 
70.076485 257.714935 -196.869339 100.213715 222.981354 -127.370842 52.683098 206.901901 -170.946548 104.541397 195.294632 -93.340828               5514 
69.607903 257.317566 -197.144257 100.083809 222.805573 -127.664589 52.697407 206.506958 -171.083221 104.590889 195.228882 -93.568588               5525 
69.229965 256.809601 -197.390121 99.990616 222.609055 -127.864296 52.832012 206.026352 -171.159256 104.650032 195.186981 -93.664223               5536 
68.766762 256.533203 -197.483246 99.828217 222.451813 -128.015228 52.917061 205.730179 -171.212753 104.634789 195.103043 -93.776840               5548 
68.658188 256.690125 -197.390366 99.717041 222.241577 -128.086761 53.097404 205.814636 -171.385712 104.473724 194.772827 -93.937569               5560 
70.453506 223.925858 -185.824432 98.442055 222.191315 -127.978584 52.350616 204.758728 -171.074112 104.370865 194.603897 -94.109581               5570 
71.239716 211.325287 -181.359756 97.660011 222.050629 -127.913933 52.199841 204.525330 -171.094513 104.188736 194.192078 -94.378838               5582 
70.966728 208.470291 -180.523682 97.229607 221.915771 -127.920776 52.484531 204.351273 -171.213852 104.160530 193.922806 -94.578880               5593 
70.458488 207.596497 -180.190063 96.871643 221.809570 -127.934021 52.796982 204.250076 -171.341629 104.119705 193.725372 -94.736603               5605 
69.476570 206.314484 -179.373474 96.415268 221.614578 -127.643898 52.784191 203.021301 -170.564056 104.536263 193.965164 -94.283966               5614 
68.108849 205.379166 -178.507675 95.947762 221.347458 -127.393333 52.807968 202.073547 -169.798416 104.923363 194.037231 -93.973053               5623 
66.945396 204.187363 -177.557312 95.667702 220.975159 -127.146706 53.461712 200.935760 -169.152405 105.323814 194.191101 -93.491104               5632 
65.920090 202.945236 -176.167603 95.482559 220.745544 -126.573654 54.341015 199.797180 -168.109131 105.991142 194.583755 -92.684776               5640 
64.961784 202.015045 -175.043442 95.388718 220.522919 -126.105209 55.261055 199.037277 -167.260895 106.572571 194.899857 -92.021400               5649 
64.284370 201.517029 -174.319321 95.388771 220.352722 -125.771072 56.009529 198.676819 -166.723160 106.887131 195.085052 -91.526978               5657 
63.188908 200.679871 -172.691559 95.531364 219.768326 -124.828026 56.629700 198.073761 -165.249786 107.410477 194.930618 -90.399834               5674 
62.756062 200.386139 -172.113541 95.569214 219.547226 -124.485619 56.927078 197.857010 -164.743088 107.601952 194.864700 -89.999214               5683 
62.246811 200.176834 -171.601410 95.611328 219.344025 -124.159691 57.304260 197.734970 -164.253906 107.763924 194.831345 -89.594269               5692 
61.798244 199.980286 -171.270721 95.607079 219.182144 -123.940201 57.626034 197.587173 -163.899933 107.903877 194.830643 -89.311913               5700 
61.437656 199.892853 -171.140686 95.627319 219.037735 -123.801140 57.876900 197.503204 -163.660263 107.994057 194.807358 -89.112846               5709 
61.112339 199.875366 -170.995132 95.648628 218.919159 -123.610008 58.119518 197.460770 -163.406342 108.060051 194.779053 -88.874763               5718 
60.797058 199.988480 -171.118637 95.651680 218.844711 -123.461044 58.471844 197.451065 -163.273697 108.070702 194.801178 -88.661583               5735 
60.636513 199.994629 -171.094711 95.670906 218.794113 -123.359138 58.665253 197.447525 -163.154266 108.098267 194.811264 -88.520813               5744 
60.313164 200.161163 -170.837250 95.768738 218.516846 -122.893745 58.743702 197.521118 -162.643967 108.011185 194.511856 -88.005226               5752 
60.061035 200.336823 -169.887070 96.093124 218.399185 -121.828728 59.133686 197.667068 -161.404449 108.091499 194.584518 -86.725655               5762 
59.688755 200.606125 -168.984543 96.454102 218.406784 -120.969803 59.398552 197.893036 -160.213272 108.510345 194.737656 -85.788208               5770 
59.743382 202.294571 -165.258652 97.057938 216.898361 -116.090080 59.962685 199.155472 -156.246536 108.059174 191.712723 -81.622948               5787 
58.961544 202.746368 -164.451218 97.068787 216.612167 -115.298813 59.607388 199.610916 -155.129608 107.549812 191.537888 -80.589249               5798 
58.478168 203.076355 -164.364044 96.941536 216.570526 -115.055832 59.495472 199.862183 -154.787109 107.325043 191.531464 -80.291573               5804 
57.740456 203.959213 -164.138458 96.749016 217.090485 -114.778053 59.348335 200.769699 -154.313126 107.240608 192.061951 -80.038673               5814 
57.040230 204.690521 -162.826187 96.754074 216.894409 -113.544090 58.877602 201.552765 -152.800522 106.534615 191.920441 -78.558846               5822 
54.899017 199.440979 -158.027908 94.963882 216.851501 -110.432068 56.275963 198.557083 -147.221909 106.821999 194.761017 -74.172981               5839 
55.169441 199.064758 -155.539795 94.597939 218.185760 -107.961250 56.070587 199.092209 -144.371506 107.036247 196.876266 -71.430183               5848 
57.202736 201.857971 -149.638138 94.324921 221.484924 -100.226303 55.960850 202.919357 -137.391281 106.736305 199.835312 -63.886543               5866 
59.052357 200.536377 -147.259567 94.469437 222.600861 -97.523643 55.905727 202.678375 -134.203278 107.142227 202.182968 -60.566429               5876 
55.924126 199.166077 -128.262070 93.213806 225.203766 -81.732544 48.996971 205.263092 -113.258308 105.949043 208.549622 -42.953960               5910 
58.226315 219.095001 -140.648941 94.381592 226.185608 -84.234642 45.116913 206.793716 -114.804245 103.905533 210.101425 -44.310726               5920 
60.476059 232.754288 -147.953094 95.617340 225.740067 -82.913124 39.236916 207.823868 -111.050728 103.011230 210.531067 -42.202656               5931 
63.095394 232.104858 -145.403442 97.060051 224.864029 -77.141701 38.040859 206.644211 -104.172829 103.310631 211.826828 -35.496925               5941 
59.865833 224.794312 -133.588257 96.457298 224.803284 -65.264572 34.595757 205.316879 -86.952759 103.971306 217.147339 -22.506512               5960 
57.562584 222.694504 -126.101219 96.550026 224.694672 -58.986065 33.704178 205.191864 -77.813538 105.459221 218.520065 -16.256378               5969 
51.121471 217.159744 -107.607437 95.437912 225.485001 -44.365967 31.543596 204.345215 -56.291874 107.854385 223.286011 -2.124738               5986 
48.314419 216.071899 -98.202782 95.572472 226.583755 -37.468899 31.249651 205.674377 -45.840069 109.926048 225.961670 4.207395               5995 
41.587540 211.233765 -78.820427 94.158005 227.582306 -24.115532 30.870024 204.580658 -25.605600 112.609444 230.253525 15.831115               6012 
38.662678 210.815796 -69.514206 93.611320 228.590515 -17.738111 30.604120 206.024826 -16.391041 113.828537 232.292297 21.260433               6021 
31.110115 209.583221 -51.058929 89.848183 230.623566 -5.502454 27.291313 209.674805 1.321913 113.091187 236.736725 31.453165               6038 
25.510069 207.617294 -31.755541 87.345291 231.508377 6.624979 26.210375 210.594055 19.041460 113.854401 239.017197 41.037338               6056 
24.118446 207.210709 -23.152061 86.809853 231.222153 12.851560 26.253731 210.466110 26.612759 114.478676 238.374222 46.416565               6065 
21.443682 205.254410 -4.764977 84.860153 231.291870 26.602505 25.931051 209.594986 43.081860 114.406883 238.900208 58.421200               6081 
19.977957 204.304337 3.326021 83.879677 230.688248 32.230072 25.415178 209.809311 49.971375 114.334274 238.445328 63.144005               6091 
17.144831 202.437134 20.702669 81.728851 229.866806 44.247761 24.532797 210.069550 64.856369 113.972733 238.216782 73.125710               6107 
16.172092 201.962265 27.897303 80.728752 230.049255 49.308083 24.088428 210.688721 70.791931 113.535179 238.868927 77.402161               6116 
14.982182 202.728821 44.053909 80.335854 229.316635 62.193993 23.685080 213.193268 85.086174 114.273155 237.577118 89.089157               6134 
14.616029 202.470367 49.374706 79.856522 228.789078 66.756920 23.235849 213.314331 89.712730 114.038338 236.754074 93.430641               6142 
13.924922 198.202972 68.883339 78.257317 226.899887 82.229706 23.087446 210.967529 107.212006 113.353264 236.203690 107.230484               6168 
14.703300 191.381653 76.978371 74.851761 228.103683 87.493256 22.344067 207.044586 113.793510 109.094757 242.251831 111.379929               6186 
14.675820 191.246262 81.100517 74.187149 228.687881 89.578278 22.088055 208.213135 116.652481 108.737076 243.356628 112.696579               6199 
16.919445 187.379776 97.397972 74.539009 226.993805 104.750481 21.922457 207.831528 130.789108 108.304970 243.439453 127.831345               6232 
17.889233 186.871964 99.398331 74.759567 227.334106 107.176720 22.217098 207.484985 132.683487 108.178337 244.114883 130.520187               6238 
18.519218 187.180740 106.751541 75.316696 227.584595 113.043716 22.317104 210.444977 138.758850 109.265800 244.261078 135.686111               6255 
18.160555 186.161057 108.384232 75.158119 226.005859 115.343964 21.719032 209.659805 140.453735 109.248329 241.949249 138.300262               6264 
17.609667 182.841446 109.375092 74.015274 223.041656 118.133713 19.998415 206.846756 141.621353 107.656715 238.625336 141.981720               6273 
19.253284 176.364975 113.161697 73.537094 219.117111 122.508018 20.053507 202.532211 145.632721 107.062744 235.138229 146.228912               6290 
19.273743 175.729095 113.861832 72.981979 219.066467 123.399338 19.135365 203.238098 145.932465 106.220978 235.429886 147.289352               6298 
19.483610 171.724762 115.439560 69.919525 219.272263 121.712906 16.503298 204.232956 145.365982 102.346413 239.082825 144.059372               6316 
19.292824 172.693542 115.331200 69.973221 219.866074 122.145493 15.861589 206.285706 145.101563 102.391045 239.337555 144.801010               6324 
19.266041 172.875671 115.506485 71.819618 217.503052 124.698776 16.848444 206.527679 146.923706 105.117722 234.282043 148.215317               6333 
20.503990 172.212677 117.001938 73.723114 215.854126 126.908958 18.867315 205.656952 149.819351 107.766556 231.205856 150.333176               6342 
20.004990 173.289627 117.700409 74.294380 215.505859 127.659386 18.978558 207.722214 150.498550 108.749573 229.933044 151.069244               6359 
20.218513 172.933426 117.098915 74.398666 215.083710 127.888695 18.738810 210.158142 150.080429 108.813202 229.163589 151.568268               6368 
20.644928 172.110764 116.230118 74.604179 214.201981 128.375931 18.617317 211.597855 150.059921 108.952744 227.728119 152.470428               6376 
21.612406 171.861954 115.837021 75.588699 213.557434 129.383575 19.855783 216.322052 150.460083 110.055862 226.209625 153.781570               6386 
22.140953 172.240906 116.020844 77.060081 212.370956 130.741608 21.668154 218.634125 152.080124 111.946793 223.471481 155.298096               6394 
21.974636 173.368851 116.386742 77.890877 212.180374 131.319077 22.814499 221.278046 152.736877 113.085617 222.354630 155.837250               6403 
21.698870 174.335831 116.713684 78.320602 212.194656 131.901749 23.514219 222.785828 153.527023 113.738747 221.659821 156.382172               6411 
21.363401 175.229370 116.930534 78.703812 212.207382 132.421341 24.163088 224.087418 154.248657 114.311974 221.037842 156.863251               6430 
21.195881 175.509781 117.038536 78.827072 212.126144 132.612991 24.406481 224.429764 154.566345 114.524284 220.689484 157.020050               6438 
20.724186 176.507263 117.188583 79.173103 211.837601 133.068909 25.130230 225.073349 155.493515 115.146744 219.379257 157.407059               6448 
20.395321 177.190613 117.311600 79.321068 211.807144 133.216873 25.540623 225.633972 155.970779 115.478516 218.799026 157.446579               6456 
20.116947 177.771530 117.407532 79.467072 211.736710 133.388031 25.925032 226.090561 156.435547 115.775406 218.208359 157.536484               6466 
20.020685 178.138763 117.473068 79.624710 211.663971 133.622345 26.241550 226.242264 156.942688 116.031113 217.715652 157.732040               6475 
19.741949 178.983719 117.857635 79.988022 211.528397 133.843063 27.024012 226.847275 157.680527 116.658241 216.827286 157.729095               6485 
19.644249 179.319580 117.090645 80.134491 210.353653 135.232315 27.094238 225.455902 159.073868 116.562027 214.094696 159.775452               6495 
19.663511 179.771805 117.663818 80.324608 210.861130 135.341675 27.472099 226.160370 159.504364 116.915482 214.611893 159.639099               6505 
19.480991 180.176651 118.019936 80.410149 211.029526 135.368195 27.763693 226.755493 159.734695 117.126572 214.620865 159.499756               6516 
19.485481 180.347122 118.454498 80.633636 211.073074 135.432877 28.193079 227.086853 160.080185 117.493797 214.537613 159.363007               6526 
19.491770 180.599426 118.803970 80.924980 211.069153 135.432831 28.724474 227.502228 160.335678 117.923218 214.291916 159.182983               6537 
