19.691738 185.290314 124.917046 66.453766 222.077621 115.387436 32.062405 185.318985 121.151253 106.671745 232.298782 141.180496                  0 
19.933010 183.439407 124.470657 66.856697 220.172806 115.594734 32.263638 183.486069 120.645409 107.321922 229.462631 141.353317                 18 
20.195314 182.065140 124.162338 67.145180 218.861298 115.743614 32.418678 182.230316 120.334587 107.767899 227.590988 141.450165                 37 
20.216980 181.749344 124.055794 67.020515 218.760941 115.802643 32.445187 181.985962 120.258804 107.574707 227.609787 141.576553                 56 
20.382696 180.988922 123.697296 67.084587 218.185242 115.706810 32.435383 181.420258 119.951065 107.680252 226.884857 141.466232                 75 
20.475893 180.298309 123.222183 67.196342 217.544800 115.566185 32.321709 180.935837 119.539673 107.861771 225.932831 141.318909                 93 
20.541861 179.803329 122.869263 67.252838 217.128311 115.485779 32.165154 180.660675 119.290634 107.951576 225.352280 141.238800                112 
20.544872 179.427338 122.580238 67.259567 216.833328 115.452286 32.018608 180.472916 119.101784 107.967659 224.949402 141.224747                130 
20.528767 179.099915 122.308250 67.266632 216.585938 115.445633 31.907061 180.316254 118.954781 107.978683 224.617813 141.238220                149 
20.424959 178.831131 122.038139 67.271591 216.354874 115.505829 31.785810 180.184723 118.843102 107.990776 224.252167 141.328690                167 
20.333757 178.726776 121.814728 67.300049 216.319870 115.514977 31.625315 180.266190 118.888977 108.030304 224.252167 141.309631                186 
20.080669 178.691696 121.505905 67.303040 216.310150 115.526039 31.293575 180.461365 118.970604 108.036491 224.256378 141.311356                205 
20.008936 178.463531 121.307030 67.539230 216.074036 115.682793 31.133505 180.463409 119.133751 108.365738 223.857681 141.370346                224 
19.716265 183.344391 123.267548 66.525177 221.735931 115.408997 30.888731 185.581894 121.293488 106.982185 232.436020 140.627609                244 
20.053015 185.461029 124.385216 66.411537 224.360703 115.115585 31.409782 187.856689 122.510780 106.816559 236.639740 139.689926                263 
19.464514 186.037018 124.568710 65.976486 224.977661 115.243118 31.016491 188.477615 122.916313 106.258980 237.627655 139.830475                283 
19.167135 186.633163 124.700851 65.917160 225.400940 115.137398 30.849642 189.065430 123.173882 106.225143 238.197418 139.606903                300 
18.894396 187.157257 124.732521 65.882500 225.782272 115.006920 30.710238 189.590073 123.369972 106.204590 238.716263 139.380676                316 
18.709150 187.330780 124.698647 65.874016 225.886673 114.963707 30.611290 189.778442 123.483299 106.206444 238.854767 139.302216                332 
18.583763 187.481552 124.702179 65.874161 225.969604 114.929825 30.532690 189.936417 123.594368 106.220367 238.963776 139.231567                349 
18.470070 187.644394 124.761925 65.860435 226.056961 114.909554 30.455112 190.097290 123.716690 106.225502 239.076736 139.166214                365 
18.393459 187.710556 124.780510 65.837639 226.084076 114.897118 30.408064 190.149506 123.776596 106.203926 239.122208 139.141891                381 
18.401638 186.967316 124.671707 66.074371 225.154083 115.058891 30.625317 189.224411 123.633003 106.541611 237.772690 139.357300                398 
18.418007 185.940506 124.623085 66.223450 224.064285 115.378334 30.940252 187.968948 123.481827 106.759613 236.279831 139.767670                414 
18.427691 185.191742 124.560631 66.372871 223.223068 115.643799 31.277876 186.966675 123.317513 106.974037 235.053421 140.114746                433 
18.430382 184.836411 124.529755 66.444023 222.822510 115.770210 31.520571 186.441711 123.197266 107.076065 234.469009 140.278076                447 
18.430195 184.586456 124.503502 66.494202 222.540009 115.859360 31.705200 186.058578 123.124252 107.147987 234.056686 140.392502                464 
18.417032 184.477127 124.481293 66.509247 222.414490 115.906403 31.814430 185.864243 123.089211 107.168556 233.868774 140.459595                481 
18.391064 184.480423 124.455299 66.510864 222.395966 115.907166 31.790377 185.856491 123.090683 107.173668 233.817856 140.469666                496 
18.375933 184.485855 124.435959 66.514969 222.386230 115.906784 31.753145 185.860458 123.120056 107.181152 233.786499 140.473724                513 
18.293966 184.654556 124.459007 66.466278 222.514114 115.937164 31.673174 186.017761 123.166466 107.115364 233.920944 140.529343                529 
18.299635 184.614227 124.407860 66.450912 222.514023 115.942116 31.665920 185.996811 123.137756 107.078873 233.936020 140.562164                548 
18.286201 184.584961 124.348740 66.413506 222.533401 115.955002 31.656307 185.978867 123.093445 107.011169 233.975845 140.615479                566 
18.274851 184.574631 124.294151 66.389351 222.556702 115.962814 31.616688 185.996368 123.059494 106.960747 234.012650 140.660217                586 
18.296606 184.629868 124.266914 66.414650 222.615402 115.951401 31.589529 186.076340 123.050652 106.973831 234.084015 140.663010                606 
18.301558 184.713837 124.251968 66.440559 222.678879 115.941925 31.532293 186.187073 123.062111 106.992035 234.148941 140.665482                626 
18.323282 184.753723 124.244240 66.503494 222.671280 115.940025 31.511532 186.228577 123.067490 107.064316 234.103973 140.665573                646 
18.327234 184.786148 124.240005 66.562675 222.642456 115.955215 31.504118 186.246506 123.068893 107.134850 234.017395 140.688766                666 
18.514032 184.817230 124.266045 66.814545 222.598587 115.936516 31.701694 186.256638 123.085609 107.451515 233.884720 140.604294                687 
18.565769 184.895874 124.288849 66.917892 222.613586 115.944641 31.686062 186.345398 123.121216 107.579506 233.846298 140.596191                708 
18.604898 185.039871 124.321754 67.025726 222.669937 115.948898 31.655819 186.493805 123.160324 107.718323 233.837708 140.578827                731 
18.621960 185.192596 124.340630 67.127213 222.736038 115.948341 31.654577 186.637009 123.188210 107.848618 233.834045 140.562180                755 
18.678251 185.342896 124.365242 67.277214 222.788895 115.938911 31.716635 186.760574 123.214043 108.045715 233.796829 140.515198                779 
18.682077 185.480377 124.385864 67.367188 222.835373 115.942711 31.709700 186.874924 123.245323 108.166397 233.765549 140.502731                804 
18.591299 185.809830 124.460472 67.434067 222.960617 115.944656 31.540974 187.171570 123.383217 108.270645 233.790085 140.487183                828 
18.499788 186.167908 124.539627 67.504501 223.097198 115.933823 31.370327 187.498611 123.535866 108.382927 233.823898 140.451813                853 
18.413147 186.494263 124.604927 67.568588 223.215302 115.918510 31.226393 187.794556 123.664520 108.487457 233.839264 140.413742                876 
18.336950 186.709808 124.633308 67.600044 223.285385 115.907707 31.119131 187.988525 123.745575 108.540672 233.834686 140.398849                900 
18.342142 187.006516 124.696968 67.708054 223.422424 115.854485 31.017597 188.307388 123.933205 108.692039 233.915878 140.297058                924 
18.461611 187.187454 124.779022 67.853317 223.539932 115.796410 31.118961 188.489151 124.047165 108.878609 234.046249 140.164063                948 
18.603607 186.318466 124.407593 67.694977 223.165543 115.778595 31.253677 187.735977 123.712036 108.592339 233.840607 140.287537                971 
18.648752 185.814499 124.138832 67.594131 222.912170 115.749306 31.297312 187.284866 123.463730 108.420898 233.634476 140.355133                994 
18.671831 185.455399 123.940643 67.523354 222.719620 115.728409 31.312183 186.962784 123.282372 108.303085 233.460846 140.403870               1017 
18.650898 185.291687 123.852150 67.463760 222.636429 115.733772 31.283615 186.814590 123.192101 108.218170 233.382431 140.448975               1040 
18.634375 185.213303 123.806068 67.427719 222.598526 115.737587 31.258524 186.737152 123.132118 108.168587 233.343811 140.475403               1062 
18.617308 185.192352 123.799767 67.403633 222.588379 115.746567 31.236147 186.698776 123.091118 108.140114 233.326553 140.494705               1084 
18.800179 186.002518 124.281532 67.699997 223.157822 115.832596 31.541943 187.302170 123.469551 108.531342 233.926544 140.410538               1107 
18.945950 188.190918 125.185524 68.271057 224.566574 115.865059 31.783232 189.205490 124.337181 109.259010 235.393295 140.155167               1129 
18.964943 189.687195 125.649490 68.667336 225.416824 115.833054 31.872505 190.480774 124.840332 109.766953 236.156555 139.972626               1151 
19.001801 190.219330 125.774338 68.860611 225.687378 115.781960 31.956064 190.901703 125.025513 109.999840 236.385330 139.872559               1172 
18.894262 190.357742 125.723297 68.829346 225.727814 115.738052 31.923058 190.948212 125.048912 109.963875 236.387619 139.853577               1191 
18.822748 190.469864 125.690056 68.813988 225.764008 115.701347 31.940168 190.972397 125.097885 109.947945 236.396027 139.830109               1211 
18.740494 190.467728 125.604248 68.775368 225.709213 115.643532 31.954170 190.891495 125.095352 109.904243 236.304230 139.797226               1231 
18.744499 190.389923 125.506058 68.811600 225.592453 115.574257 32.027012 190.760788 125.081795 109.951408 236.129669 139.734604               1251 
18.744890 190.331909 125.419411 68.846634 225.493210 115.511627 32.111839 190.655548 125.087097 109.998344 235.972168 139.677032               1270 
18.732437 190.283234 125.345428 68.866257 225.411896 115.464821 32.174889 190.576126 125.093910 110.024818 235.840607 139.640320               1290 
18.665260 190.285461 125.262482 68.835678 225.377579 115.431389 32.190842 190.543991 125.100739 109.986320 235.761230 139.639725               1310 
18.594696 190.460938 125.212196 68.817314 225.464371 115.341896 32.180584 190.712265 125.190277 109.969727 235.836151 139.552322               1330 
18.565622 190.591492 125.167969 68.842026 225.515732 115.274712 32.091122 190.971909 125.490288 110.003731 235.854843 139.483307               1350 
18.511887 190.617996 125.099640 68.822357 225.509354 115.244072 31.831673 191.329971 125.996086 109.974083 235.811600 139.485336               1370 
18.316240 190.315033 124.716309 68.667107 225.238663 115.196266 31.552172 191.279343 126.012245 109.720818 235.423737 139.652267               1390 
18.230598 190.149780 124.473549 68.558434 225.120972 115.108223 31.213871 191.540298 126.221436 109.539482 235.262772 139.703690               1410 
18.300041 189.559845 124.053062 68.421783 224.824860 114.921600 31.074060 191.351944 126.091393 109.301689 234.981232 139.678833               1431 
18.404148 189.010971 123.673302 68.286446 224.598816 114.727028 30.993837 191.167526 125.902275 109.057304 234.797363 139.646210               1454 
18.542309 188.544739 123.423058 68.167320 224.432983 114.579269 30.930069 191.094696 125.827492 108.842079 234.705048 139.625000               1475 
18.453712 188.468018 123.336105 67.890434 224.513016 114.523315 30.606390 191.377518 125.870659 108.418816 234.899658 139.758347               1497 
18.538998 188.259964 123.315552 67.796524 224.411713 114.499245 30.528345 191.409973 125.850624 108.244247 234.790848 139.866440               1518 
18.658058 187.971222 123.270058 67.703758 224.247986 114.492706 30.463377 191.337906 125.773514 108.057678 234.601883 140.019104               1540 
18.767742 187.710434 123.204391 67.617775 224.092361 114.470268 30.378448 191.276154 125.663948 107.873993 234.406845 140.166321               1561 
18.909084 187.474121 123.195786 67.539070 223.957947 114.456871 30.318272 191.250732 125.597252 107.707870 234.235199 140.304199               1583 
19.028761 187.265900 123.192665 67.478477 223.839828 114.443535 30.275059 191.244614 125.538864 107.573074 234.067764 140.425293               1604 
19.049398 187.040817 123.151146 67.351379 223.702209 114.467026 30.155405 191.187363 125.444557 107.354065 233.857513 140.618408               1625 
19.089439 186.762573 123.057777 67.244972 223.520615 114.471359 30.035015 191.075363 125.289978 107.152901 233.574539 140.806046               1647 
19.113100 186.388275 122.860939 67.113586 223.275238 114.470596 29.879133 190.864532 125.046364 106.903969 233.197342 141.032166               1669 
19.138041 186.079971 122.705811 67.009895 223.085464 114.458832 29.737070 190.744781 124.871933 106.702492 232.899963 141.206024               1691 
19.231146 185.845520 122.652687 66.935394 222.951324 114.440247 29.630793 190.692383 124.751694 106.550354 232.688126 141.330566               1713 
19.312824 185.768799 122.729263 66.845222 222.926712 114.442223 29.524412 190.714691 124.679550 106.398674 232.623779 141.437241               1736 
19.403730 185.731018 122.843254 66.774178 222.928268 114.446854 29.445757 190.741684 124.610840 106.279007 232.595062 141.523804               1759 
19.492523 185.718597 122.984276 66.703110 222.945358 114.453270 29.359472 190.784042 124.547966 106.163269 232.581116 141.606293               1782 
19.542807 185.721832 123.137955 66.631561 222.966537 114.476852 29.280272 190.845932 124.531036 106.056824 232.572830 141.690933               1805 
19.649996 185.744675 123.336555 66.608238 222.984329 114.474480 29.266066 190.918686 124.536430 106.024307 232.563141 141.711578               1829 
19.738451 185.866165 123.516777 66.600235 223.040527 114.430801 29.244293 191.072617 124.528648 106.020882 232.566254 141.679901               1852 
19.786985 185.981842 123.638031 66.592949 223.091736 114.391014 29.362783 191.169662 124.512009 106.017639 232.569092 141.651108               1875 
19.813152 186.069168 123.747261 66.563881 223.126450 114.377815 29.604637 191.167526 124.484329 105.984589 232.568741 141.655838               1899 
19.820036 186.149933 123.825317 66.538826 223.148529 114.365562 29.943727 191.075134 124.417458 105.957306 232.550598 141.660690               1923 
19.826824 186.219482 123.897331 66.516701 223.168030 114.354744 30.223753 190.996521 124.379791 105.933151 232.534607 141.664993               1946 
19.852522 186.286713 123.982864 66.496696 223.185654 114.344955 30.419024 190.948868 124.355553 105.911255 232.520172 141.668930               1970 
19.906784 186.212631 123.972603 66.496117 223.104797 114.331055 30.535711 190.802460 124.264091 105.892197 232.377502 141.702667               1993 
19.955965 186.117142 123.931450 66.483589 223.017334 114.320366 30.724281 190.581436 124.127563 105.849586 232.235992 141.753448               2016 
20.015823 186.048080 123.916237 66.470947 222.950333 114.311058 30.863512 190.406082 124.020081 105.809418 232.124817 141.798386               2039 
20.067471 186.029892 123.918930 66.463043 222.921539 114.301308 30.963478 190.296646 123.950195 105.782608 232.074265 141.822906               2062 
20.124239 186.027267 123.941582 66.461548 222.909225 114.289635 31.062700 190.210144 123.894707 105.769142 232.049606 141.832443               2085 
20.187891 186.037842 123.972458 66.461945 222.904083 114.278053 31.129671 190.152969 123.855385 105.760315 232.037491 141.836334               2108 
20.244947 186.046646 124.000702 66.462318 222.899292 114.267258 31.202141 190.091705 123.820236 105.752090 232.026184 141.839951               2131 
20.353251 186.031342 123.974609 66.493095 222.909195 114.228271 31.323444 190.012924 123.742737 105.764091 232.048233 141.823685               2155 
20.443190 186.001648 123.933105 66.521080 222.920288 114.190865 31.413887 189.956192 123.676865 105.772491 232.076218 141.808517               2177 
20.545504 185.950974 123.869827 66.551506 222.928497 114.144585 31.518593 189.876404 123.585434 105.776955 232.107147 141.791580               2201 
20.635160 185.893906 123.813972 66.572403 222.926682 114.110535 31.622074 189.777222 123.493217 105.771255 232.122345 141.789566               2224 
20.710419 185.844421 123.762436 66.590431 222.925110 114.081154 31.680012 189.717010 123.421974 105.766304 232.135376 141.787857               2248 
20.778326 185.798782 123.718452 66.606529 222.923721 114.054916 31.728720 189.668320 123.359406 105.761864 232.146942 141.786331               2272 
20.846960 185.759598 123.688370 66.620956 222.922470 114.031410 31.771093 189.626801 123.319221 105.757866 232.157242 141.784973               2296 
20.921694 185.724152 123.675392 66.634254 222.921310 114.009735 31.802889 189.597977 123.304695 105.754166 232.166702 141.783722               2321 
20.976225 185.686157 123.654411 66.645950 222.920303 113.990677 31.822327 189.588470 123.317909 105.750900 232.174973 141.782639               2345 
20.991283 185.784195 123.637047 66.577744 223.109573 114.005775 31.797874 189.734192 123.343407 105.586189 232.484512 141.892883               2370 
21.110998 185.985428 123.718056 66.626831 223.378265 114.038727 31.938942 189.947937 123.425262 105.566940 232.894608 141.973404               2394 
21.326698 186.097229 123.829979 66.769516 223.553558 114.091171 32.193787 190.053452 123.529167 105.664764 233.177551 142.051453               2418 
21.626064 186.758102 124.350433 66.947586 224.291641 114.286423 32.470985 190.798218 124.073944 105.659950 234.441910 142.314346               2491 
21.677309 186.815918 124.408737 66.974510 224.376266 114.324036 32.500404 190.893097 124.163254 105.644005 234.605469 142.382416               2515 
21.602856 187.431168 124.642532 66.946556 224.876022 114.346077 32.291363 191.638794 124.510658 105.533539 235.317627 142.439789               2539 
21.553791 187.916885 124.849068 66.924301 225.273956 114.363625 32.057617 192.296524 124.816589 105.446404 235.885284 142.482773               2563 
21.595562 188.111588 124.979965 66.985054 225.415207 114.379547 32.078194 192.522736 124.923523 105.501045 236.060074 142.494400               2590 
21.622786 188.217789 125.063744 67.019478 225.495255 114.388573 32.163784 192.609192 124.961212 105.532066 236.159119 142.500885               2610 
21.666418 188.157028 125.100945 67.052589 225.450531 114.415756 32.382053 192.471069 124.912056 105.563469 236.091599 142.539032               2630 
21.714161 188.094757 125.141876 67.087868 225.402863 114.444717 32.642517 192.298950 124.842491 105.596939 236.019638 142.579666               2655 
21.696533 188.025391 125.174301 67.140999 225.259064 114.518929 32.644192 192.200958 124.849091 105.668037 235.743164 142.679016               2675 
21.653950 187.930450 125.212105 67.249031 225.002014 114.627518 32.605743 192.068329 124.871559 105.827942 235.233124 142.809631               2697 
21.760870 187.533432 125.175293 67.554680 224.401260 114.740623 32.710468 191.616196 124.830040 106.270035 234.175568 142.897751               2719 
21.747889 187.307312 125.141350 67.714912 223.992065 114.824318 32.638027 191.377350 124.816933 106.516602 233.422882 142.979736               2741 
21.718775 187.775940 125.308586 67.734421 224.348587 114.796829 32.480686 191.913940 125.004799 106.548721 233.865753 142.905777               2763 
21.693388 188.243073 125.480141 67.753822 224.703064 114.769501 32.292023 192.479858 125.213341 106.581131 234.305618 142.831406               2786 
21.716488 188.557129 125.595329 67.806183 224.931778 114.733307 32.162640 192.895126 125.363876 106.654442 234.571457 142.753464               2807 
21.733644 188.761475 125.682152 67.835411 225.075470 114.712868 32.048256 193.186859 125.468979 106.695900 234.725616 142.712448               2829 
21.695374 188.910065 125.734901 67.825027 225.148849 114.697029 31.900805 193.397995 125.530457 106.698578 234.760345 142.691772               2851 
21.569281 189.207870 125.798508 67.750504 225.332840 114.672127 31.731493 193.702560 125.558868 106.629410 234.908020 142.671875               2874 
21.434072 189.455338 125.831078 67.665459 225.470642 114.643394 31.566050 193.940948 125.557129 106.542831 235.003998 142.659531               2896 
21.367378 189.681732 125.896957 67.607872 225.620667 114.603432 31.467712 194.159119 125.574440 106.489182 235.160126 142.612030               2918 
21.358946 189.796570 125.980125 67.566360 225.707382 114.586174 31.399387 194.296585 125.620735 106.443352 235.279602 142.589600               2941 
21.370455 189.926086 126.054893 67.543137 225.809372 114.559387 31.345184 194.454834 125.667435 106.416527 235.418564 142.555145               2963 
21.502380 189.549728 125.956802 67.575630 225.579147 114.610191 31.618813 194.013092 125.525322 106.435410 235.109070 142.651901               2986 
21.564676 189.226624 125.874031 67.561440 225.375381 114.680336 31.688570 193.699173 125.427383 106.395905 234.823792 142.784622               3008 
21.586973 188.981659 125.806564 67.530441 225.214584 114.741814 31.774103 193.427719 125.331818 106.341217 234.592896 142.902252               3031 
21.758686 188.395187 125.522133 67.545319 224.848557 114.581413 31.947470 192.868530 125.029228 106.384674 234.157333 142.725510               3053 
21.838362 187.869705 125.259018 67.495567 224.510086 114.479797 32.077919 192.332764 124.737473 106.331718 233.742233 142.653549               3075 
21.927980 187.391388 125.035591 67.466194 224.201080 114.409019 32.406765 191.738434 124.427856 106.296165 233.360611 142.614990               3098 
21.979477 187.035889 124.887794 67.426651 223.974243 114.376740 32.786182 191.208282 124.167732 106.247009 233.082611 142.612473               3120 
22.010237 186.748734 124.786667 67.380653 223.795792 114.370712 33.156345 190.739456 123.950905 106.188576 232.867462 142.635345               3142 
22.047609 186.489243 124.704498 67.335396 223.640915 114.371048 33.456654 190.334061 123.772469 106.124329 232.689682 142.669067               3164 
22.113852 186.157669 124.585800 67.308807 223.434631 114.370766 33.819412 189.831238 123.577408 106.077110 232.445831 142.709015               3186 
22.247845 185.792526 124.419037 67.339928 223.221313 114.330795 34.211536 189.332520 123.368988 106.100533 232.205246 142.688232               3207 
22.366045 185.478394 124.262764 67.365341 223.048920 114.290192 34.487103 188.939758 123.203262 106.117729 232.019669 142.663010               3228 
22.454042 185.276382 124.168510 67.369621 222.960342 114.249069 34.635635 188.717407 123.116661 106.116394 231.953156 142.622589               3249 
22.543690 185.074829 124.089607 67.384865 222.862091 114.205147 34.798241 188.487274 123.049950 106.141228 231.870560 142.560593               3270 
22.601469 184.926331 124.020439 67.389053 222.789795 114.168411 34.878513 188.333664 122.991623 106.148926 231.811951 142.514694               3291 
22.600918 184.870132 123.985428 67.376198 222.758072 114.157654 34.875999 188.267746 122.981766 106.137268 231.772232 142.504868               3312 
22.600096 184.822113 123.954994 67.365265 222.731064 114.148506 34.774689 188.258636 123.046165 106.127357 231.738419 142.496475               3333 
22.600834 184.778931 123.929611 67.355461 222.706863 114.140305 34.585629 188.319138 123.145531 106.118477 231.708115 142.488953               3355 
22.602512 184.740234 123.907455 67.346680 222.685181 114.132957 34.373341 188.409393 123.267937 106.110527 231.680969 142.482208               3376 
22.603695 184.703110 123.886452 67.338539 222.665070 114.126152 34.169304 188.528992 123.403259 106.103157 231.655792 142.475937               3397 
22.601330 184.706360 123.878769 67.333633 222.675385 114.116829 33.749306 188.837219 123.627838 106.094742 231.674515 142.468750               3420 
22.679245 184.311859 123.729996 67.344048 222.413498 114.138672 33.822304 188.475876 123.501236 106.087479 231.359604 142.531509               3441 
22.755075 183.966507 123.548615 67.373505 222.171158 114.122581 33.909447 188.145142 123.336418 106.103615 231.047409 142.555481               3463 
22.753065 184.002502 123.524139 67.360268 222.218597 114.059174 33.891739 188.198044 123.319481 106.084686 231.141861 142.485107               3485 
22.774521 183.977737 123.441566 67.363274 222.210373 113.931740 33.900375 188.184418 123.239990 106.107643 231.152542 142.324539               3508 
22.749763 183.965836 123.358780 67.327026 222.214172 113.836891 33.874844 188.175903 123.163864 106.069435 231.176514 142.225998               3530 
22.731009 183.958023 123.290710 67.296928 222.217331 113.758156 33.849930 188.167618 123.107193 106.037720 231.196396 142.144196               3552 
22.543856 184.061066 123.249390 67.044769 222.401077 113.739799 33.664185 188.275131 123.103294 105.670418 231.566299 142.223083               3575 
22.374611 184.185669 123.178192 66.852234 222.558060 113.697823 33.510254 188.376740 123.071159 105.388435 231.836914 142.265335               3597 
22.270184 184.274887 123.130348 66.733391 222.655487 113.661316 33.497051 188.360947 123.043167 105.210144 231.991974 142.290131               3620 
22.239676 184.244736 123.068069 66.701279 222.609375 113.613815 33.518421 188.241089 122.996948 105.155518 231.921646 142.280746               3642 
22.195688 184.215500 122.995499 66.655632 222.551636 113.560760 33.523125 188.108597 122.930054 105.081245 231.828339 142.277557               3665 
22.137278 184.178757 122.913307 66.600861 222.475952 113.511040 33.514675 187.962204 122.843651 104.990517 231.700073 142.292801               3688 
22.091181 184.146301 122.848465 66.555351 222.413040 113.469719 33.569988 187.799576 122.767944 104.914978 231.593506 142.305420               3711 
22.050280 184.117447 122.805351 66.507523 222.358154 113.435059 33.604172 187.661224 122.697227 104.836113 231.497330 142.325104               3735 
22.042133 184.115662 122.794144 66.475227 222.316635 113.397278 33.671455 187.533951 122.631943 104.779694 231.411652 142.333206               3758 
22.020691 184.118362 122.787888 66.424316 222.270203 113.372131 33.681366 187.410645 122.556091 104.694725 231.315125 142.368759               3782 
22.015741 184.188080 122.835121 66.376694 222.264099 113.355446 33.548294 187.456512 122.567596 104.616257 231.262405 142.407227               3806 
22.101263 184.249374 122.941956 66.368134 222.259888 113.339821 33.467323 187.499268 122.614189 104.596146 231.225327 142.416946               3830 
22.179668 184.297653 122.993561 66.381264 222.224380 113.303413 33.430771 187.493835 122.564957 104.600906 231.116592 142.414017               3854 
22.240238 184.340927 123.026672 66.393288 222.191864 113.270065 33.404812 187.477325 122.516525 104.605125 231.016998 142.411301               3878 
22.321098 184.358902 123.048729 66.415825 222.160278 113.237473 33.413845 187.437256 122.465652 104.617638 230.927979 142.409180               3902 
22.396528 184.377884 123.070930 66.435600 222.132553 113.208862 33.453045 187.379745 122.435478 104.628548 230.849838 142.407272               3926 
22.430239 184.356537 123.059319 66.438110 222.090378 113.198685 33.604050 187.214890 122.407043 104.612221 230.764816 142.434464               3950 
22.443197 184.328384 123.034355 66.440346 222.052765 113.189613 33.800098 187.022461 122.363976 104.597626 230.688995 142.458664               3974 
22.322081 184.355377 122.974976 66.312592 222.064133 113.221558 33.816803 186.902496 122.277130 104.386841 230.660248 142.610291               3998 
22.289169 184.201981 122.895355 66.191391 221.996658 113.275406 34.080921 186.511246 122.100754 104.166245 230.594498 142.791962               4023 
22.330605 184.202774 122.927185 66.164970 222.024689 113.293335 34.395218 186.302704 122.028458 104.107765 230.633102 142.848007               4047 
22.363352 184.217758 122.953575 66.140152 222.055954 113.306473 34.594604 186.166336 121.971405 104.055466 230.667892 142.895370               4070 
22.389277 184.215897 122.987404 66.094246 222.090454 113.353279 34.592739 186.141281 121.966560 103.971420 230.716934 142.986755               4094 
22.368383 184.293640 123.072212 66.029007 222.166565 113.409500 34.395905 186.254578 122.092636 103.877563 230.795319 143.078857               4117 
22.386845 184.353012 123.184883 66.015511 222.201523 113.448097 34.247139 186.342514 122.224442 103.868065 230.811676 143.117767               4140 
22.306084 184.452759 123.446327 65.942947 222.262115 113.695244 34.062824 186.441742 122.516075 103.778854 230.835892 143.396652               4163 
22.387196 184.390930 123.698105 66.000870 222.226028 113.957352 34.048443 186.411041 122.837883 103.859093 230.766037 143.640045               4186 
22.749767 184.365601 124.025436 66.299690 222.244965 114.167542 34.437965 186.337372 123.109535 104.271187 230.760651 143.712219               4208 
22.824917 184.378067 124.255516 66.355042 222.288269 114.416351 34.319401 186.324097 123.381752 104.343674 230.778091 143.946442               4231 
22.908644 184.417694 124.483551 66.422501 222.372009 114.661629 34.378696 186.315994 123.596764 104.419022 230.854813 144.183594               4253 
23.019495 184.428268 124.668419 66.512230 222.443771 114.860870 34.500584 186.264847 123.760902 104.514183 230.943115 144.371078               4275 
23.102261 184.436188 124.808411 66.580704 222.498550 115.012894 34.536800 186.214798 123.892296 104.586777 231.010513 144.514145               4297 
23.242449 184.420029 124.948837 66.694969 222.535751 115.146706 34.638641 186.138885 124.012428 104.721733 231.059555 144.617859               4320 
23.358805 184.429794 125.055092 66.799820 222.584579 115.245728 34.651321 186.096191 124.119537 104.846443 231.123154 144.686966               4342 
23.447454 184.458313 125.116417 66.905594 222.642441 115.323830 34.629059 186.066757 124.201385 104.969887 231.189972 144.739609               4364 
23.503731 184.488068 125.151878 67.003143 222.700211 115.390099 34.650692 186.029678 124.254501 105.087685 231.250793 144.778778               4387 
23.622381 184.497513 125.150146 67.152016 222.762451 115.418854 34.757607 185.987411 124.282471 105.268707 231.326004 144.762039               4409 
23.576841 184.591064 125.177277 67.157143 222.846878 115.467972 34.688679 186.019730 124.323532 105.273949 231.414154 144.809921               4432 
23.341394 184.649261 125.141953 66.980743 222.877060 115.404160 34.562538 185.904068 124.206558 105.112717 231.447617 144.725433               4455 
22.423931 185.682526 125.058388 66.250572 223.679504 114.977051 33.686474 186.854813 124.166794 104.276489 232.598129 144.332245               4478 
21.875534 186.245087 124.146149 66.453934 223.412582 114.088036 33.356609 186.904007 123.065948 104.718636 231.488525 143.376801               4502 
18.843121 183.334564 114.477478 64.220718 220.595901 107.850540 30.188976 184.058487 113.992905 102.012749 226.334030 138.282028               4524 
14.045858 185.410416 106.744904 60.839119 221.810699 103.687767 24.672682 186.463715 107.643890 96.753258 226.628662 136.462769               4546 
7.583913 189.912155 99.329926 56.575977 224.276016 99.919075 14.895708 193.979156 103.086670 90.063095 228.651230 135.227859               4560 
5.258780 191.427094 88.499046 57.731640 222.388809 92.079292 10.156724 199.291031 95.992050 91.648621 223.576279 127.228516               4574 
3.320845 192.391403 77.635147 58.036240 220.575027 86.188744 7.642885 201.709229 88.522842 91.057899 218.795670 122.155998               4587 
1.707301 193.337021 68.301491 57.355122 220.100647 79.514946 5.967701 202.759613 80.982178 90.084213 216.432251 115.606346               4596 
-0.438419 194.971527 57.765930 56.396317 219.094818 72.473297 3.854715 204.116043 72.537910 88.326454 212.856979 108.925941               4607 
-4.975316 199.677460 27.546816 50.485592 219.600113 53.212250 -1.720315 205.924698 44.561531 77.072479 208.745987 92.741539               4632 
-5.745662 201.056274 19.921818 49.349823 220.219070 47.352062 -2.652081 206.535156 37.222614 75.122658 208.449982 87.157700               4641 
-9.652327 206.443176 -0.859258 43.928139 221.302887 32.546959 -7.351827 209.207794 17.204178 65.925385 205.959518 73.387398               4658 
-10.277581 208.272217 -8.457076 43.058651 221.388687 26.575460 -8.044561 209.543381 9.962498 64.382927 204.401321 67.121040               4667 
-13.583165 214.237564 -38.681866 37.556572 220.096069 2.407952 -12.182901 210.581024 -19.867994 55.868942 196.323547 40.966526               4693 
-14.970801 215.558029 -47.095737 35.453369 218.822083 -4.429897 -13.893183 210.278397 -28.332182 53.081463 192.788284 32.969707               4702 
-19.543659 219.296448 -66.039383 31.511328 217.338913 -22.708874 -18.493792 210.783142 -47.204041 49.476624 187.437912 11.502494               4723 
-22.372561 221.757034 -79.045242 28.664021 217.277893 -34.973888 -21.546183 210.932999 -60.384228 47.123905 185.371262 -2.904594               4738 
-28.570843 226.376724 -101.756882 22.520220 219.030029 -56.764751 -29.257862 211.929535 -83.204292 41.673019 185.259048 -27.101118               4762 
-34.268398 225.903519 -122.106934 15.825315 220.104156 -74.559380 -35.103905 208.261383 -103.850433 37.465359 186.684387 -46.238583               4788 
-38.703979 230.071075 -134.823090 10.404900 220.547577 -85.963448 -40.502197 209.717285 -117.356682 31.861319 185.399460 -59.667614               4806 
-41.843109 229.679276 -144.520447 7.182797 219.496368 -94.520119 -44.024818 207.268616 -126.550903 29.199392 184.593277 -68.361313               4823 
-42.217545 229.096024 -147.733139 7.052732 219.251343 -97.341705 -44.156429 205.809998 -129.519119 29.722672 184.780045 -71.168396               4832 
-44.973057 224.756790 -152.238113 5.830418 217.437958 -102.213707 -45.681625 200.763733 -133.177841 30.527168 184.580200 -75.800133               4849 
-48.119419 222.552231 -156.563217 3.865744 216.178497 -107.143295 -47.480621 197.138367 -138.074875 30.948088 184.024612 -82.245224               4875 
-48.400974 222.076218 -157.497482 3.790032 215.783188 -108.139198 -47.649883 196.354889 -139.025970 31.205019 183.752594 -83.447128               4884 
-49.171604 220.073425 -158.764236 3.258202 215.486771 -109.378082 -47.952763 194.305008 -140.108566 31.710812 184.406204 -84.645782               4892 
-49.868382 220.057190 -161.795349 2.673254 216.692535 -112.352180 -48.552444 194.223663 -142.937195 31.850132 186.316330 -87.588593               4901 
-49.131073 219.488708 -165.519974 2.878430 216.514832 -115.421654 -48.772236 193.860535 -146.016663 31.589308 186.349945 -89.867706               4910 
-49.687550 220.789703 -169.901901 1.973510 218.056030 -119.364799 -51.709431 195.131729 -149.220261 30.610928 188.050934 -93.541718               4918 
-50.182915 221.416733 -174.267319 1.021919 219.706467 -123.158165 -53.971100 196.067139 -152.414413 29.547150 190.267014 -96.571159               4929 
-51.002121 220.802246 -177.262421 0.375213 218.636887 -126.287079 -56.093281 196.055756 -154.581528 28.151377 188.948685 -99.188477               4939 
-55.323177 219.205994 -179.068680 -3.327148 220.846695 -128.659210 -57.913090 193.741058 -156.850662 27.402836 193.368515 -102.432167               4953 
-56.851746 218.450211 -179.544296 -4.498249 221.331085 -129.519440 -58.669952 193.188202 -157.456009 27.101696 194.587387 -103.568375               4962 
-55.018986 219.019882 -182.444031 -3.079816 220.703247 -131.874557 -58.421288 194.913895 -159.776520 26.884592 193.156815 -104.845558               4979 
-55.583496 219.790421 -185.031021 -4.098668 220.693542 -133.940399 -59.463886 195.925095 -162.605804 25.342438 192.705811 -106.789932               4997 
-55.542801 219.750549 -187.226776 -4.225504 221.265869 -135.960266 -59.811096 196.608276 -164.274979 24.811255 193.587173 -108.067696               5005 
-55.087814 219.111649 -191.601135 -4.426424 221.570938 -139.684189 -60.101620 196.954025 -167.942795 23.924438 194.402054 -110.609818               5022 
-54.823215 220.048553 -192.950958 -4.761598 222.936356 -140.459549 -59.861416 197.818832 -169.424011 23.661695 196.007980 -111.232552               5031 
-54.888599 219.919250 -194.864777 -5.183818 222.082718 -141.970627 -60.692093 198.094452 -171.188171 22.539557 194.741516 -112.456009               5049 
-54.249828 220.395233 -196.931473 -5.037189 222.787552 -143.568039 -60.489410 198.869125 -173.063080 22.384211 195.571335 -113.658463               5066 
-55.409237 222.151306 -198.906143 -6.127537 224.054047 -145.574112 -61.784706 200.544830 -175.102921 21.281595 196.562729 -115.905846               5075 
-56.097679 217.529739 -201.027115 -6.553442 220.852539 -147.986069 -63.191353 197.758835 -175.935226 19.924700 194.222183 -116.729523               5092 
-56.533772 217.918915 -201.324966 -6.823914 220.267548 -148.376709 -63.864410 198.189499 -176.319183 19.338196 193.096191 -117.320297               5101 
-56.852402 215.732269 -201.894302 -7.159560 219.342224 -148.976822 -63.791935 196.539658 -176.788696 19.393032 192.855682 -117.661285               5118 
-56.917076 215.611252 -202.165009 -7.170329 219.401901 -149.299667 -63.822834 196.742401 -176.999008 19.366207 193.019409 -117.882874               5127 
-57.280163 215.423538 -202.214035 -7.398339 219.734070 -149.499130 -63.812210 196.608719 -177.107391 19.607744 193.609985 -118.267036               5140 
-58.779942 214.913300 -202.196121 -8.706047 221.044098 -149.813461 -63.983604 195.676071 -177.422836 19.923004 195.901581 -119.228004               5155 
-59.398407 215.098480 -202.466263 -9.342123 221.862320 -150.126114 -63.977455 195.611740 -177.971817 20.016001 197.082245 -119.938576               5163 
-59.156361 215.892441 -202.963242 -9.481636 222.532974 -150.219940 -63.695038 196.319641 -178.705688 19.934793 197.685425 -120.144821               5173 
-58.986370 216.150146 -203.018356 -9.375772 222.416580 -150.140320 -63.690651 196.813782 -178.785355 19.813852 197.344254 -120.030800               5191 
-58.197628 219.301865 -200.887558 -9.587194 222.946198 -146.833542 -62.794518 198.231384 -178.169922 19.746496 196.482864 -118.085213               5200 
-57.618729 221.748383 -198.639877 -9.602699 223.623276 -143.942001 -62.074306 199.572861 -176.983200 19.957973 196.320984 -116.229347               5220 
-59.694756 222.281281 -196.682602 -12.947156 221.981445 -140.844116 -63.591728 198.429199 -176.854599 17.292109 193.931595 -114.651901               5228 
-63.249813 222.671204 -195.125809 -16.159416 222.780151 -139.539429 -65.701065 198.330627 -176.037872 15.898102 195.498596 -114.734756               5238 
-63.078793 222.868790 -194.924301 -15.943129 222.926208 -139.345383 -65.935509 199.062851 -175.327774 15.939982 195.543839 -114.427269               5248 
-63.047146 222.521652 -194.926926 -15.856973 222.984970 -139.365112 -66.352608 199.413696 -174.537521 15.911541 195.731705 -114.160736               5258 
-63.399765 222.122864 -194.307205 -15.916143 223.191849 -138.961945 -66.906487 199.720352 -173.231155 15.871101 196.138626 -113.566391               5266 
-63.936108 221.477356 -191.970383 -14.721078 221.664307 -138.101730 -68.536392 200.840012 -169.440216 15.724748 193.508972 -112.264397               5275 
-63.895046 222.742340 -187.483414 -12.679692 221.339661 -135.479401 -69.388550 204.108521 -163.523636 16.218283 191.917801 -109.278252               5292 
-63.728958 222.844727 -184.989838 -11.792650 221.486191 -133.680649 -69.392998 205.201965 -160.340851 16.667730 192.001892 -107.073837               5301 
-64.092690 224.232147 -180.888824 -10.866282 222.124039 -130.913971 -69.732315 207.562027 -155.562500 17.241049 192.194672 -104.429047               5309 
-61.623947 224.467590 -175.708252 -7.858597 221.334229 -126.339439 -67.806747 209.255814 -149.545197 19.012211 190.900925 -99.154655               5318 
-59.495907 226.270248 -170.605774 -7.337722 220.517868 -119.730438 -68.181381 213.662628 -143.003571 15.799752 189.098328 -90.324493               5336 
-58.884972 226.455399 -168.112152 -6.859100 220.663391 -117.056282 -68.676567 214.961578 -138.861496 15.823831 189.341553 -87.195503               5344 
-54.605106 227.689697 -164.139801 -2.685023 221.677292 -112.746590 -68.946465 220.127548 -126.401825 19.481903 190.474701 -82.377769               5361 
-52.945122 227.339645 -155.481506 -1.559110 220.298401 -103.584953 -69.741074 223.240738 -112.734436 19.713995 188.703293 -72.983597               5379 
-51.829681 220.327820 -146.536133 -1.400604 217.504959 -93.299767 -70.548119 222.600143 -100.546700 19.043209 188.571503 -59.652393               5396 
-45.807396 208.245071 -136.576981 3.343818 215.125763 -82.540657 -66.641785 215.526443 -89.372284 25.178022 191.536316 -45.743305               5413 
-44.247829 203.087891 -129.405899 5.705154 214.745392 -77.039192 -64.737877 214.688370 -81.353500 28.664850 194.092224 -39.177090               5422 
-39.534615 192.830750 -108.253609 12.261736 215.367950 -61.990761 -58.442337 212.369431 -61.522533 38.154995 201.915619 -22.801306               5439 
-35.923149 184.868240 -86.605202 17.617781 215.189560 -47.888824 -52.851295 211.038971 -42.630630 46.111851 207.842087 -8.884441               5457 
-35.895329 181.982742 -65.787735 20.802244 214.900040 -35.157009 -49.083759 213.484299 -25.781918 51.489544 211.163269 2.679023               5474 
-33.737728 179.131454 -44.506721 24.963976 214.552902 -22.298992 -43.989765 214.413666 -8.239878 58.227360 214.497879 13.489045               5491 
-31.381399 175.803802 -26.652048 28.004045 213.202103 -11.406542 -39.765766 213.084518 7.074152 63.601639 215.789825 21.960424               5509 
-27.462898 173.617691 -8.430292 32.065651 212.544266 -0.110609 -34.106998 212.568420 23.360281 70.014587 217.329803 30.290314               5526 
-19.848688 170.906128 10.040932 38.071045 212.705231 9.804518 -25.325340 211.053864 39.672413 78.574341 220.873459 35.881382               5543 
-15.010102 168.748123 25.425661 41.689766 211.862732 23.086832 -20.880062 209.034943 54.463760 82.625137 221.255798 48.052914               5561 
-11.218399 166.576492 35.580681 45.351509 209.354187 33.078266 -16.237101 205.366852 65.981041 87.093491 217.308105 57.194267               5578 
-8.437617 166.350281 41.612206 47.381100 209.666763 38.372356 -13.908621 204.836899 71.368065 89.176712 218.094788 62.233093               5588 
-1.826704 168.593063 59.705929 53.058170 212.228638 53.708218 -7.656898 207.532074 87.179047 95.049065 221.938339 76.723991               5613 
-0.322932 169.469131 63.734169 54.469166 212.890060 56.689060 -5.994988 208.621948 90.570465 96.640320 222.784393 79.292938               5621 
1.668014 174.391235 74.437096 58.207920 214.748962 65.751335 -2.430489 214.996872 99.770699 100.830467 223.231186 88.080910               5639 
2.612975 173.837265 76.711555 58.995743 214.442993 69.117859 -2.094166 216.167343 103.005890 101.365257 222.625076 92.033287               5647 
4.656693 170.952789 81.799400 60.967285 211.727997 77.435165 -0.377003 215.637222 112.421852 103.272270 217.740814 101.128487               5665 
5.608772 170.712997 83.828110 61.665310 211.553848 79.710564 0.516291 217.563812 115.761810 104.054123 217.123764 103.362282               5674 
7.206788 168.658066 86.867516 61.494110 211.433319 84.166512 -0.326419 215.523590 120.006744 103.399406 217.634750 108.512512               5691 
7.995059 167.823364 88.194824 61.472778 211.383545 85.541847 -0.329391 214.579132 121.646454 103.355125 217.868561 109.853432               5700 
8.886832 167.215378 90.451500 61.624756 211.375336 87.485863 -0.063613 214.085663 123.958801 103.562759 218.003845 111.662422               5708 
10.728805 168.161850 97.115265 63.071262 212.312637 93.485611 1.302531 215.595520 129.851135 104.989571 218.816315 117.730141               5726 
11.591164 170.935791 101.582520 66.689957 211.485611 97.513542 5.422255 219.173035 134.182220 109.044991 215.206390 121.585228               5734 
12.410335 171.940430 105.990845 70.429672 208.352600 105.028450 8.940351 219.841995 140.937729 112.225273 207.854065 130.329010               5752 
13.116148 172.611588 107.468201 71.483604 208.441864 106.254593 10.339995 220.764313 142.743317 113.404053 207.455994 131.333344               5760 
13.083324 173.541031 108.465164 71.285011 209.638916 107.670219 9.499736 222.612762 143.192459 112.767296 209.249268 133.483154               5774 
13.046830 172.990921 108.701904 71.411873 208.805435 108.787781 9.339733 222.044754 143.937363 112.612999 207.996338 135.037582               5786 
13.441534 173.533020 109.799873 71.937119 209.050201 109.655609 9.887160 223.067307 144.699966 113.081833 208.221542 135.993134               5795 
14.049314 172.881454 110.781136 72.352074 208.457596 111.105957 10.094357 222.432190 146.010559 113.323578 207.439789 137.705566               5812 
14.420864 172.579544 111.113541 72.558365 208.271683 111.515594 10.248631 222.136597 146.467255 113.502693 207.247238 138.156754               5821 
15.052693 171.424088 111.565414 72.783371 207.501038 112.434181 10.392433 220.488815 147.686035 113.728661 206.278519 139.065521               5830 
15.498430 170.636963 111.981056 72.790466 207.041290 113.234673 10.259446 219.365219 148.583435 113.678146 205.687607 139.948059               5838 
16.000229 170.760605 112.541008 72.750572 207.421005 113.658279 10.094207 219.595551 148.959824 113.574394 206.187073 140.474930               5856 
16.196535 170.651443 112.718987 72.663696 207.442291 113.851631 9.934407 219.452087 149.135696 113.450882 206.229797 140.724945               5864 
16.426414 170.532028 113.218750 72.584602 207.056229 114.486481 9.894162 219.028488 149.950348 113.342445 205.300812 141.374313               5882 
16.406267 170.754440 113.476433 72.873436 206.377548 115.067039 10.461724 218.745163 150.929276 113.653893 203.479813 141.821426               5891 
16.148699 170.245178 113.087090 72.405228 205.495728 115.443108 9.925655 217.459702 151.385239 113.054962 201.722580 142.287140               5901 
18.337984 170.568970 114.809753 72.766769 207.057846 115.770920 10.326685 217.918427 152.205246 113.707077 204.410889 142.306244               5921 
19.060347 170.418228 115.212517 72.804329 207.222473 115.939651 10.337239 217.564560 152.506531 113.794937 204.783386 142.417191               5929 
20.083755 171.124374 116.210327 72.844612 207.881104 116.290993 10.361120 218.191925 152.890366 113.847649 205.623566 142.765396               5939 
22.286301 175.286865 119.282883 73.923256 211.680954 115.588097 12.209801 224.091888 152.893585 115.477379 210.965836 141.278229               5960 
22.308899 175.775360 119.629242 73.350601 212.236328 115.619705 11.482821 224.625198 152.705093 114.836357 211.858109 141.427231               5971 
