18.160246 168.995026 82.510460 32.899780 219.475800 85.888641 9.387254 156.720245 69.666214 68.876320 218.825226 125.975670                  0 
18.247051 168.771149 82.828125 32.735397 219.322281 85.762741 9.581895 156.365234 69.923813 68.578514 219.093475 125.973717                 22 
18.312059 168.584641 83.136276 32.577091 219.187149 85.666306 9.768026 156.058670 70.151443 68.305069 219.328354 125.980026                 45 
18.410097 168.222122 83.487305 32.456589 218.892990 85.514481 9.983401 155.545044 70.526901 68.082962 219.542877 125.913040                 67 
18.544041 167.828049 84.112434 32.347992 218.576324 85.364754 10.216341 154.930252 71.257805 67.924232 219.958115 125.789078                 90 
18.634850 167.668091 84.529770 32.286942 218.455246 85.339668 10.356436 154.656342 71.710503 67.889473 220.224014 125.725754                112 
18.664446 167.588226 84.975098 32.214378 218.389709 85.282730 10.590034 154.454727 72.114822 67.778877 220.570221 125.682190                134 
18.637297 167.597565 85.397408 32.128239 218.355942 85.257042 10.661708 154.357742 72.425011 67.707191 220.783417 125.629677                155 
18.634272 167.615204 85.776665 32.056793 218.327927 85.235733 10.718073 154.278168 72.684097 67.648438 220.960129 125.584343                177 
18.635078 167.634811 86.114662 31.996683 218.304367 85.217804 10.763479 154.211884 72.903252 67.599503 221.108688 125.544952                198 
18.535412 167.676041 86.440132 31.930983 218.275650 85.169296 10.699949 154.161240 73.136650 67.482460 221.238968 125.530357                220 
18.449696 167.718475 86.727341 31.874859 218.251129 85.127853 10.790589 154.106430 73.270386 67.383217 221.350815 125.516624                241 
18.390217 167.764572 86.989571 31.826944 218.230194 85.092476 10.933266 154.055008 73.364311 67.299049 221.446671 125.503967                262 
18.337660 167.807877 87.223068 31.785643 218.212158 85.061989 11.044895 154.010696 73.450928 67.226906 221.529572 125.492371                284 
18.264168 167.853867 87.809868 31.687368 218.144806 85.128479 11.008695 153.891052 73.894073 67.139435 221.682709 125.530685                305 
18.300800 167.926514 88.236870 31.697678 218.112488 85.110909 11.059161 153.820282 74.187973 67.181328 221.822571 125.469925                327 
19.274063 166.273987 89.796600 31.223209 216.700699 85.091736 12.783566 151.471481 76.097260 65.996162 222.870682 125.766998                348 
19.924562 165.221710 90.897263 30.901068 215.742157 85.078712 13.965689 149.955231 77.426514 65.142097 223.574585 125.918762                369 
21.027285 163.291046 90.847008 30.494701 214.092072 85.387634 15.896639 147.944885 76.942520 64.443054 222.555588 126.345940                387 
21.698343 162.327820 90.793617 30.284443 213.120392 85.509705 17.117630 146.848206 76.419304 64.054382 221.837418 126.562225                405 
22.114714 162.012604 90.530396 30.299118 212.558151 85.536003 17.719496 146.373001 75.511292 64.051521 220.930542 126.674576                422 
22.427523 162.017029 90.541405 30.307419 212.240097 85.550873 18.111483 146.117935 74.974434 64.052109 220.417206 126.735039                439 
22.920128 161.753494 90.291931 30.164452 211.664337 85.165245 18.819546 145.498367 74.174332 63.613987 219.986069 126.560677                455 
23.174740 161.506958 89.984627 30.041365 211.254959 84.848999 19.322117 145.070251 73.542389 63.233826 219.668579 126.432358                472 
23.377979 161.336594 89.769547 29.989672 210.952271 84.658752 19.689457 144.780762 73.050659 63.032288 219.361298 126.362213                488 
23.516872 161.231522 89.632126 29.954876 210.748535 84.530693 19.961130 144.591492 72.709343 62.896591 219.153442 126.314728                505 
23.749428 161.056519 89.674469 29.939625 210.513046 84.369019 20.616751 144.315689 72.603966 62.651871 219.232407 126.268738                521 
23.927122 160.913849 89.700981 29.927576 210.327011 84.241295 21.169756 144.107666 72.506767 62.456810 219.293762 126.231186                537 
23.998810 160.827774 89.742386 29.867924 210.188721 84.160141 21.538960 143.959869 72.433868 62.230003 219.330017 126.241447                553 
24.055130 160.771805 89.772507 29.832661 210.080307 84.107246 21.825270 143.853683 72.358292 62.074577 219.330536 126.256943                570 
23.883051 160.749817 89.539429 29.743694 210.002579 83.868889 21.784527 143.817795 72.020821 61.912178 219.185883 126.089264                585 
23.739391 160.736755 89.340416 29.667410 209.935913 83.664505 21.754471 143.787567 71.729843 61.772655 219.062057 125.945366                602 
23.686371 160.690933 89.294029 29.624996 209.848206 83.573044 21.820518 143.712158 71.624901 61.666939 218.997086 125.896988                619 
23.569454 160.674500 89.102776 29.596655 209.816437 83.556137 21.764910 143.752808 71.332764 61.661091 218.759125 125.907112                635 
23.370014 160.678970 88.868973 29.518637 209.800369 83.509232 21.651321 143.812546 70.999580 61.533165 218.524261 125.943512                652 
23.193649 160.685577 88.662598 29.454027 209.787064 83.470383 21.559153 143.862991 70.723274 61.426727 218.329651 125.973030                670 
23.022278 160.691254 88.459320 29.397272 209.775375 83.436264 21.483150 143.908661 70.478699 61.332859 218.158615 125.998497                688 
22.859543 160.692795 88.267738 29.350004 209.765640 83.407845 21.423920 143.947739 70.273468 61.254414 218.016113 126.019371                706 
22.639143 160.748489 88.200172 29.284382 209.791489 83.365097 21.289373 143.992737 70.235909 61.158733 217.999557 126.007301                727 
22.590654 160.798370 88.156738 29.344706 209.817688 83.325836 21.358599 144.080444 70.147583 61.352451 217.982361 125.876358                747 
22.555285 160.848831 88.130440 29.401274 209.842239 83.289024 21.419243 144.161240 70.066315 61.533813 217.965744 125.753281                767 
22.536724 160.894180 88.121330 29.449522 209.863190 83.257629 21.449522 144.219757 70.003937 61.688263 217.951202 125.648102                787 
22.522053 160.934982 88.115700 29.491167 209.881271 83.230530 21.484980 144.271545 69.944313 61.821404 217.938385 125.557152                806 
22.492495 160.976166 88.094643 29.527981 209.897263 83.206573 21.517185 144.317520 69.890717 61.938961 217.926849 125.476639                825 
22.460798 161.015869 88.073318 29.559841 209.911087 83.185837 21.545122 144.355759 69.838539 62.040596 217.916702 125.406868                845 
22.274778 161.221939 88.312820 29.460974 210.052841 83.063721 21.378899 144.413635 70.208534 62.023483 218.343689 125.166565                864 
22.352091 161.348587 88.434639 29.451258 210.168060 83.111580 21.533009 144.495529 70.352554 62.036709 218.603119 125.167999                883 
22.395929 161.459045 88.516045 29.443165 210.264023 83.151436 21.664972 144.564804 70.469749 62.047344 218.819214 125.169060                903 
22.415743 161.549911 88.567047 29.436655 210.341217 83.183495 21.774862 144.621475 70.561089 62.055645 218.993042 125.169823                922 
22.190496 161.593475 88.455818 29.253092 210.393234 83.346191 21.551626 144.752197 70.366264 62.003727 218.801483 125.279495                942 
22.179388 161.621429 88.390137 29.312080 210.404755 83.388588 21.555786 144.800308 70.277573 62.141907 218.704681 125.281517                961 
22.117535 161.643631 88.315353 29.333130 210.411697 83.423958 21.540693 144.836746 70.206444 62.210640 218.627213 125.296135                980 
22.074436 161.685608 88.290642 29.368771 210.433960 83.464279 21.503147 144.886108 70.173882 62.329750 218.569229 125.286469               1000 
21.815905 161.918213 88.132820 29.576481 210.665405 83.445938 21.316534 145.153671 70.233803 62.743355 218.657608 125.132713               1020 
21.128876 163.288422 87.987762 30.036369 211.858017 82.954422 20.414602 146.398163 70.441574 63.575790 219.604935 124.388672               1040 
18.896128 170.275726 87.427513 28.807930 217.966339 77.893425 16.161875 152.150970 71.397980 66.160789 227.563004 115.501564               1058 
14.956088 177.162491 77.569466 27.331478 223.771072 65.825577 9.653418 158.903107 62.330379 68.412132 231.539017 99.792366               1075 
7.951225 189.190811 67.846199 29.696194 232.116516 55.685738 0.617626 172.679596 50.687111 73.581764 229.738739 86.832283               1092 
5.099359 196.236893 57.697876 33.621067 235.881271 48.860542 -2.274709 181.912964 37.724365 75.813950 224.532867 80.367348               1106 
4.032103 201.373703 49.361118 36.753204 238.235046 44.460876 -3.440665 189.477264 27.187431 76.545517 219.785233 75.731956               1116 
3.434952 205.479889 42.023380 39.292313 239.283600 39.391056 -4.602984 195.408783 18.663879 76.573769 215.631638 70.251740               1125 
5.952701 209.094711 24.941629 42.475586 241.564911 28.298216 1.575080 200.962021 -1.804618 75.915710 213.808594 60.126648               1143 
5.453701 211.203964 17.882010 43.094810 242.143921 21.528685 2.144665 202.652359 -9.849845 74.731964 213.327286 54.245598               1152 
2.924884 214.302383 0.562060 40.000660 245.461517 5.773069 1.790750 205.585709 -28.407122 70.623444 216.584381 39.389435               1170 
2.832205 213.054001 -7.847516 38.937912 244.813004 -0.228145 3.475286 205.007401 -37.388092 68.763542 215.639648 33.846062               1178 
1.708392 210.667191 -28.803270 35.543922 243.121719 -15.737617 15.650723 203.688751 -60.663818 64.773781 212.075668 17.178383               1195 
0.700062 205.592834 -47.864933 32.270245 237.871414 -29.514757 21.134756 202.014313 -79.819923 61.306927 204.899002 1.652456               1212 
1.166202 204.612915 -55.682487 31.868443 236.881302 -35.426338 24.008736 201.550949 -86.702950 60.387424 203.914932 -3.778426               1222 
-0.663532 202.061554 -74.255409 29.015440 233.794540 -50.539959 24.721069 199.850845 -103.160606 56.643089 200.550934 -18.395279               1239 
-0.781626 202.407440 -79.734154 29.731804 233.940735 -56.035892 25.265070 198.804535 -107.856224 56.794949 201.130188 -22.978979               1247 
0.160679 203.536728 -91.382996 31.393682 235.827469 -68.176392 27.250944 198.100677 -118.175987 58.592304 204.875854 -33.478611               1265 
1.323839 201.707962 -98.064728 31.839483 235.309555 -74.753929 29.367893 196.303833 -123.879219 59.794315 206.107452 -39.152401               1282 
2.894147 199.650009 -103.729134 31.751986 235.327072 -80.589394 32.330288 194.113953 -127.941910 59.774284 208.908173 -42.926460               1291 
7.004437 194.075989 -114.528465 31.445440 233.352051 -90.986839 38.923252 190.042694 -135.819672 59.347504 211.704254 -50.310654               1308 
7.323202 193.902756 -118.485718 30.926395 233.755417 -94.503181 39.636940 190.740799 -139.399811 59.431847 212.843994 -53.860142               1317 
8.461098 192.105911 -124.948441 31.483809 232.388428 -100.027565 41.398487 189.907852 -145.187149 60.693108 212.106110 -59.565872               1334 
7.837890 191.567307 -129.412766 29.683310 231.880630 -103.072472 40.981468 191.192307 -149.541000 59.887814 211.538589 -63.378719               1343 
11.213835 188.075516 -134.679520 29.334883 229.491623 -106.877953 44.594662 191.277557 -154.309875 61.153954 211.017899 -67.533661               1369 
11.462796 187.249603 -135.072968 29.118818 229.015350 -107.271759 44.831211 190.985443 -154.705521 61.462402 211.195297 -68.053871               1377 
10.727227 187.495514 -138.445953 28.150906 229.143677 -109.658684 44.434307 191.949036 -157.563721 60.843655 211.390854 -70.700684               1395 
9.721773 187.107880 -139.372131 27.682575 228.636353 -110.362823 43.559147 191.464752 -158.424179 60.601875 210.758423 -71.653603               1405 
6.251664 185.389206 -142.820923 24.578133 227.738022 -114.697052 39.953400 189.775162 -162.304047 58.581577 211.144272 -76.354942               1421 
5.713780 185.879547 -145.042191 23.977694 228.171768 -116.495338 39.615307 190.475555 -164.230347 57.968510 211.552780 -78.152962               1429 
6.005061 186.033386 -146.640808 23.961901 228.575821 -117.625542 40.458057 190.826767 -165.032089 57.693592 212.422318 -78.857758               1447 
4.472140 186.232971 -148.852737 22.409281 229.329391 -120.174850 38.789112 191.512024 -167.569733 57.132210 214.141891 -81.894791               1464 
4.101065 186.190170 -149.673141 21.882317 229.593536 -121.120522 38.456028 191.686584 -168.377808 56.890888 214.940414 -82.892387               1473 
3.516307 186.235428 -150.179367 21.681908 229.691940 -121.282440 38.390423 191.516647 -168.278534 56.447540 215.103653 -82.808586               1490 
3.188669 186.246155 -150.514801 21.655985 229.684021 -121.326248 38.346737 191.457367 -168.288422 56.373005 215.065155 -82.820122               1499 
0.733015 187.478104 -153.896729 19.937727 231.039764 -124.675034 36.296810 192.288757 -171.325912 54.643925 216.545105 -86.112244               1516 
-0.001202 188.499924 -156.280579 19.308311 231.803207 -126.141891 36.030293 193.492737 -173.029449 53.796764 217.021744 -87.492706               1533 
-0.538608 188.901993 -157.429565 19.089468 232.068649 -126.651909 35.946793 193.916122 -173.621735 53.502609 217.186951 -87.974068               1551 
-1.310209 189.780396 -159.242111 18.800861 232.631302 -127.668869 35.652420 194.770752 -174.878326 53.155941 217.437027 -89.061005               1568 
-1.651038 191.343384 -161.296555 18.294405 233.917770 -128.699356 35.676510 196.944855 -176.419113 52.846489 218.661362 -90.292328               1587 
-2.219173 191.296570 -162.367203 17.852240 233.742584 -129.189728 35.578205 196.969330 -176.939041 52.350414 218.559891 -90.705093               1605 
-2.436316 191.378235 -162.673798 17.855354 233.697388 -129.237701 35.611065 196.939148 -176.988724 52.280613 218.444733 -90.715462               1615 
-4.633276 193.106552 -164.730316 17.593981 233.330582 -129.950333 33.864395 196.889313 -178.469650 50.633152 215.165482 -91.477661               1637 
-4.547552 192.635056 -164.794678 17.729683 232.757416 -129.847290 34.070232 196.304657 -178.335449 50.584366 214.472122 -91.273697               1648 
-4.746170 192.395309 -165.959396 16.864212 233.519211 -131.661942 33.706696 196.928513 -179.875809 50.607033 216.619019 -93.223557               1671 
-4.833656 192.119064 -166.000488 16.517839 233.483414 -131.770538 33.576225 197.007813 -179.996613 50.544750 216.959793 -93.418953               1681 
-5.279627 192.385803 -165.357086 16.001089 233.362671 -130.307938 33.317215 197.738800 -179.077744 50.215900 216.574036 -92.239677               1701 
-5.557606 192.255630 -165.292831 16.189373 233.012054 -129.973892 33.319508 197.282532 -178.733078 50.249893 215.983704 -91.873749               1711 
-6.261571 193.261047 -166.570709 14.792464 234.224884 -130.919495 32.409683 199.636688 -180.325668 49.891384 217.859787 -93.476822               1731 
-6.825077 193.542664 -166.674622 14.179521 234.471405 -130.930908 31.999683 199.766632 -180.183212 49.020016 218.073715 -93.261818               1742 
-9.010037 195.292953 -165.846832 13.170268 235.921600 -130.691589 29.843603 200.358627 -179.734299 47.782253 218.958359 -93.062309               1755 
-12.455325 197.565689 -164.274933 11.774230 237.152176 -129.721497 26.296064 200.806290 -178.875870 46.032169 218.731613 -92.455154               1773 
-13.300278 197.320877 -163.065125 11.389163 236.993729 -129.390884 25.424192 199.648163 -177.934433 45.384377 218.720612 -91.812668               1784 
-18.634684 197.914108 -162.574463 8.090750 236.939026 -130.131882 20.327549 197.122314 -177.176529 40.477146 217.940643 -91.506920               1805 
-21.084349 197.452728 -161.457275 7.426952 236.292557 -130.484711 17.813946 194.289505 -176.050446 38.994934 217.286438 -91.191780               1815 
-30.944122 204.157516 -160.220520 3.854781 239.443604 -131.765961 -0.167847 194.569672 -175.333755 33.830238 217.554703 -92.726852               1835 
-31.335869 203.855331 -160.134705 3.582292 239.412643 -132.232376 -4.280755 193.344284 -173.999420 32.632694 218.325302 -92.068932               1846 
-27.408092 203.358902 -148.925858 3.269475 240.056458 -131.791107 -9.534718 191.755905 -169.896912 31.130562 220.555756 -90.015663               1866 
-26.115683 203.372559 -144.071411 3.083904 240.386581 -131.521820 -11.732642 191.181595 -167.814056 30.445847 221.765869 -89.021263               1876 
-44.679722 229.605637 -122.301437 22.819660 237.346207 -62.442059 -5.159472 201.962692 -112.170036 50.542355 206.585861 -27.989805               1894 
-48.170017 239.746094 -98.713135 29.888348 240.993866 -38.259136 -14.899598 206.837448 -79.373688 55.037228 210.823853 -1.394404               1912 
-47.612278 237.467377 -89.856117 31.188276 241.925278 -29.894976 -17.219116 207.406509 -68.293541 56.621414 212.917480 7.700341               1921 
-38.303360 236.398254 -81.908638 34.493740 238.735565 -14.944039 -13.785431 206.794098 -57.205433 55.175987 208.897125 24.850645               1947 
-43.508984 237.854324 -74.735786 31.923506 239.942291 -11.485480 -19.228758 209.451309 -51.481087 53.615742 209.519135 27.316368               1964 
-31.598759 208.720779 -46.793491 25.785570 242.346603 -13.136373 -27.505751 208.888123 -47.604893 49.787758 215.148621 26.686596               1982 
-31.620300 202.546387 -38.129604 21.880589 243.114380 -12.672642 -31.995338 208.010254 -44.249794 48.320969 217.185593 26.446526               1990 
-2.097665 204.904083 13.248653 40.981293 241.665771 15.647890 -21.050037 210.144135 -3.815989 70.958008 215.124420 51.684772               2008 
0.570265 203.064148 24.913982 39.408844 241.089752 20.985886 -22.571222 206.204056 7.539257 72.582085 217.683838 56.389324               2016 
5.938035 200.702530 48.194050 37.904320 242.159866 35.029076 -20.423094 199.384430 33.314209 77.768402 226.356277 67.629784               2034 
6.552711 198.434494 60.289871 33.691887 241.576950 43.238094 -21.662643 195.188293 47.945259 77.457321 228.951294 71.993675               2051 
7.620886 196.182068 66.890968 31.134951 239.960800 46.600616 -21.621759 191.488495 57.190094 77.604126 229.986282 71.954689               2060 
7.993336 197.131500 76.563965 30.950867 238.725174 51.678707 -21.626766 191.570053 68.052994 77.703209 231.520416 77.447182               2077 
11.107872 198.402405 83.851547 30.681932 238.674286 54.627060 -18.654016 190.136841 76.331413 77.916649 237.140228 80.477257               2086 
14.209777 201.906403 90.883842 32.588036 238.727310 57.041737 -16.226963 192.719742 84.793480 79.998871 240.599548 82.544907               2096 
16.564274 198.812973 97.404007 37.019234 236.000870 65.409363 -14.996393 192.320786 91.196434 84.358757 233.473419 90.988388               2106 
17.982719 196.507935 100.991386 38.907490 234.446686 70.359421 -14.170979 191.498901 95.084900 86.555519 229.066086 94.903648               2115 
21.173271 197.374298 111.186386 38.400127 233.248962 76.198624 -10.757129 189.540634 106.604881 86.820435 233.750977 99.797920               2129 
21.638163 199.750763 115.053078 38.426384 233.407440 77.778061 -10.007984 191.355286 110.881317 87.023155 235.374832 100.933784               2138 
21.013859 203.869156 123.261665 39.760368 232.846420 83.150688 -10.495151 195.832077 118.819847 87.832680 235.559525 107.304291               2148 
20.817455 206.669739 128.207764 40.597610 232.494324 86.522690 -10.563163 198.717026 123.596794 88.383682 235.776825 111.168602               2164 
21.175228 209.924484 130.566544 42.177856 232.497787 87.634422 -10.014999 201.577774 125.575928 89.247658 237.532715 113.340218               2172 
21.653221 217.011734 136.332443 42.747608 232.710297 90.515419 -9.555140 208.178757 132.525269 89.897644 240.962967 115.223152               2190 
24.052423 215.841141 142.096054 43.591125 233.973389 96.503960 -7.338183 207.385300 138.875046 91.650124 240.516739 119.939438               2198 
24.938795 209.435059 144.638916 41.476402 232.403992 100.057709 -6.442319 200.589523 142.252045 90.670486 237.679184 121.360741               2208 
27.369099 204.159027 146.191803 40.914116 231.135513 102.924728 -3.978464 194.433350 144.401077 90.879944 236.270218 122.386375               2216 
29.431059 198.772568 146.465317 40.955574 231.067810 106.518776 -2.233893 189.149475 144.659134 91.700226 233.755371 124.392258               2224 
31.252089 197.338745 146.959747 40.629498 231.787796 108.349579 -1.074363 189.693970 141.628555 91.790833 234.931839 124.912704               2233 
32.504242 196.328003 147.544846 40.127567 232.055252 109.955284 -0.080553 189.960587 138.511276 91.488983 235.759338 125.766319               2250 
33.040642 196.119339 147.658859 39.939915 232.119171 110.431755 0.162791 189.932983 137.827957 91.366127 235.985962 125.991226               2259 
34.002934 194.550125 147.423157 39.694946 231.667267 111.665207 0.514676 188.365921 137.215271 91.247231 235.312439 126.856644               2268 
34.644424 193.485947 147.233383 39.523048 231.350174 112.530739 0.763383 187.326859 136.775864 91.165543 234.859924 127.445137               2277 
34.610954 193.270096 146.966690 39.355316 231.347794 112.691254 0.596412 187.392761 135.710480 90.959679 234.791794 127.752235               2286 
34.609474 193.708984 146.949844 39.227997 231.603546 112.600769 0.524516 187.879684 135.128586 90.784210 235.240891 127.780716               2294 
33.016960 195.704224 146.446320 39.100170 233.701035 112.629517 -1.092535 191.027023 133.358307 90.422005 235.909851 128.843567               2311 
33.362522 191.651276 144.599518 39.130077 231.695435 113.257965 -0.647188 187.441559 130.799820 90.307907 233.532364 129.966034               2320 
33.496609 191.633713 144.342834 39.144985 231.774048 113.209824 -0.528625 187.441910 130.224487 90.271057 233.705704 130.065018               2328 
34.445263 191.976929 143.639664 39.311420 231.704788 113.245720 -0.128654 187.020782 129.348953 90.391266 233.698944 130.233276               2338 
35.841579 191.279160 141.677292 39.238892 230.998611 112.914162 0.885314 184.855728 126.989571 90.139618 233.715378 130.333679               2346 
36.927891 190.652893 140.071182 39.177917 230.404968 112.635437 1.763650 183.133835 124.947685 89.907875 233.700867 130.448715               2355 
37.373154 190.945480 139.276871 39.226265 230.384186 112.298622 2.052839 182.835342 123.842194 89.827431 233.847031 130.443466               2363 
37.698292 191.340347 138.816757 39.274639 230.371231 112.299446 2.163810 182.760941 123.252670 89.843842 233.763351 130.546448               2380 
37.871464 191.491684 138.425766 39.461384 230.607483 112.359932 2.691530 182.749496 121.959854 89.991043 233.783737 130.754745               2389 
38.364273 191.574982 137.499512 39.960793 230.950638 112.371819 3.710949 182.732956 119.573616 90.449303 233.629868 130.957748               2407 
38.479267 191.898941 137.177612 40.226360 231.245132 112.367844 3.946784 183.077957 118.732491 90.695320 233.545486 131.057327               2415 
38.305050 193.599152 137.225174 40.742157 232.463852 112.157593 4.759209 184.577301 117.296242 91.178673 233.998581 131.012497               2424 
38.280491 193.835037 136.964355 40.898220 232.642166 112.181290 5.643236 184.688141 115.658089 91.335564 233.718246 131.065689               2432 
38.272751 193.984955 136.817001 40.911247 232.678314 112.177826 6.229919 184.615067 114.620888 91.340630 233.584106 131.092407               2442 
38.265522 194.115204 136.678787 40.970699 232.738922 112.200058 8.233788 184.088211 111.967255 91.390854 233.424011 131.148499               2451 
38.098827 194.232635 136.381729 41.167435 232.918610 112.261620 9.689289 184.107422 109.551933 91.545258 232.969940 131.334549               2460 
37.866554 194.324295 136.081909 41.225857 232.995773 112.181450 10.466372 184.147964 107.870407 91.522552 232.636536 131.464020               2470 
37.663746 194.615921 135.690552 41.213943 232.912750 112.154884 10.414548 184.241806 106.920242 91.424019 232.102509 131.648376               2488 
36.770210 196.400604 135.976074 42.195160 234.258148 112.511017 9.695850 186.918991 106.456863 92.090523 231.254700 132.589279               2498 
36.281799 196.498016 135.641922 42.151951 234.018295 112.453377 10.174951 186.878693 104.726021 91.898041 230.309937 132.782654               2530 
35.607380 196.187164 135.360779 41.928509 233.612534 112.338951 9.734543 186.793945 104.015450 91.560577 229.287247 132.824417               2542 
34.005741 196.226776 135.170425 41.134995 233.023056 111.675568 9.541858 186.498276 102.424515 90.561775 228.000793 132.495621               2553 
32.940834 196.218521 135.029404 40.548573 232.647751 111.363876 9.491908 186.456131 101.066376 89.829300 227.158157 132.410950               2564 
32.447159 196.480331 135.137817 40.269726 232.574081 111.253189 9.409875 186.615753 100.531929 89.474342 226.936905 132.438843               2576 
31.866432 197.328079 135.399963 39.861534 232.675018 110.666954 9.240128 186.598907 100.474770 88.932076 227.474747 132.271210               2588 
31.544472 197.327499 135.658661 39.506248 232.504471 110.827194 9.221418 186.435303 100.449493 88.603340 227.309021 132.372192               2599 
31.348763 197.207077 135.813965 39.268131 232.254150 110.931190 9.029440 186.252350 100.554794 88.419189 226.991013 132.336273               2611 
31.119825 197.625351 136.070480 39.087078 232.324402 110.849762 9.006166 186.296036 100.728088 88.235161 227.143799 132.281784               2623 
30.868443 198.114990 136.344681 38.879208 232.445236 110.747849 8.901541 186.381973 100.979401 88.032204 227.368134 132.193375               2635 
30.348928 199.136765 136.784286 38.436867 232.873932 110.536041 8.564429 186.684692 101.494263 87.556877 228.109909 132.128479               2647 
30.232086 199.755920 137.128235 38.183304 233.211868 110.572090 8.440370 186.936630 101.923546 87.393753 228.634186 131.998276               2660 
30.292967 199.819794 137.166245 38.185188 233.221390 110.605927 8.577497 186.930389 101.895592 87.420952 228.658386 131.977020               2673 
30.333714 199.879562 137.150818 38.193501 233.234604 110.599289 8.692600 186.941605 101.811440 87.441963 228.663025 131.939255               2685 
30.305517 199.859299 136.924820 38.162823 233.230240 110.463837 8.660296 186.993271 101.526024 87.398926 228.608032 131.821411               2698 
30.134813 199.662552 136.167038 38.025757 232.937698 109.662170 8.654665 186.650711 100.686493 87.173782 228.474472 131.255127               2711 
30.107328 199.536560 135.262604 38.023403 232.795990 108.807884 8.846861 186.444870 99.635712 87.046379 228.533615 130.723282               2724 
30.197628 199.189880 134.394958 38.164955 232.500763 108.079308 9.165847 186.116058 98.603455 87.064339 228.324615 130.285492               2738 
30.161175 198.544891 133.040451 38.263794 232.031967 107.049667 9.713913 185.532532 96.868568 86.864212 228.054199 129.938126               2753 
30.628923 197.141510 131.860687 38.669903 231.223022 106.686829 10.123608 184.886414 95.555107 87.102974 227.127731 129.906876               2768 
32.936283 194.953094 127.769478 44.395416 230.366394 106.459785 11.918723 188.201385 90.615868 91.077370 220.860672 131.602203               2921 
33.186050 195.160675 127.524895 44.560070 230.429291 105.967865 12.129165 188.085907 90.547874 91.147301 221.414291 131.464218               2936 
33.481785 194.913513 127.515045 44.885735 230.177475 106.009621 12.439904 187.872833 90.542938 91.382713 221.218369 131.689774               2962 
33.530991 194.792618 127.382729 44.935257 230.006516 105.823036 12.571872 187.628952 90.386871 91.380867 221.168121 131.637619               2980 
33.600292 194.661545 127.336433 45.051598 229.832077 105.764496 12.719419 187.442429 90.303940 91.432976 221.021301 131.703705               3001 
33.706734 194.434845 127.454857 45.189571 229.669205 106.029099 12.900720 187.326736 90.357224 91.516182 220.782669 132.040237               3014 
33.822273 194.196136 127.583832 45.387527 229.494095 106.345367 13.109475 187.243698 90.412552 91.637848 220.466156 132.443436               3031 
33.981297 193.901688 127.689102 45.572289 229.321579 106.702065 13.297849 187.186249 90.463150 91.798416 220.111389 132.779282               3046 
34.221306 193.635117 127.727104 45.797661 229.154282 106.934151 13.622854 187.042816 90.439507 91.975258 219.916824 133.087601               3063 
34.262047 193.637604 127.753189 45.799976 229.139084 106.940414 13.662505 186.989532 90.479515 91.990234 219.967331 133.094635               3081 
34.437981 193.581223 128.475464 45.560768 229.222153 107.705040 13.718085 186.868393 91.279640 91.976250 220.360809 133.565903               3099 
35.265064 194.338715 129.254425 44.986881 230.462463 108.644157 13.918412 187.489456 92.415077 92.192055 222.545441 133.356430               3118 
35.732071 194.249130 129.546127 44.429604 230.698227 109.322472 13.730931 187.549606 92.975090 92.266190 223.107712 132.896820               3138 
36.027370 194.309662 129.670822 44.207092 230.828659 109.602348 13.653538 187.681763 93.167526 92.388260 223.360367 132.504410               3156 
36.221252 194.477692 129.841156 44.066223 230.943375 109.753296 13.496585 187.783875 93.514252 92.519615 223.529266 132.091690               3174 
36.358669 194.613251 129.954514 43.966919 231.024231 109.859711 13.412183 187.833420 93.777496 92.608315 223.649567 131.799026               3192 
36.464706 194.726181 130.037827 43.892212 231.085068 109.939766 13.384972 187.862473 93.976593 92.672874 223.740723 131.577972               3209 
36.650871 194.912659 130.423233 43.891857 231.124405 110.136833 13.293699 187.850372 94.597786 92.869476 223.823975 131.340637               3227 
36.763573 195.147980 130.810089 43.852383 231.187729 110.280884 13.403208 187.819733 94.952316 92.960793 224.015320 131.224274               3244 
36.847149 195.387009 131.348740 43.983059 231.122742 110.525162 13.524706 187.723358 95.394447 93.110802 223.978821 131.432892               3262 
37.115913 195.763885 132.030807 44.518299 231.020355 110.680779 13.823442 187.610519 96.060051 93.529877 223.924026 131.875397               3279 
37.236671 195.836044 132.730362 45.244209 230.652664 111.047829 14.350536 187.386673 96.431229 93.846909 223.473831 133.137329               3296 
37.441280 195.984009 133.130707 45.861671 230.409653 111.158409 14.733482 187.284592 96.762520 94.151207 223.231369 133.924545               3314 
37.655441 196.434998 133.444305 46.523663 230.338028 110.993340 15.111860 187.277939 97.129768 94.431824 223.372894 134.615356               3331 
37.965527 196.805176 133.762772 47.393734 230.194733 110.831032 15.490211 187.305557 97.652840 94.880318 223.401764 135.337845               3348 
38.168499 197.071060 133.958969 47.950752 230.102997 110.727127 14.826150 187.775726 98.908440 95.162933 223.438416 135.792999               3366 
38.491405 197.951477 134.439392 49.243904 230.251617 110.675186 14.719934 188.667526 100.109741 95.808441 223.517334 136.906799               3383 
37.801735 199.076889 135.612976 50.751312 230.406113 111.687363 15.010764 189.955139 100.649696 95.783577 222.736542 140.235168               3401 
37.504391 199.818390 136.167038 51.824974 230.554413 112.285004 15.413788 190.833267 100.747826 95.887054 222.186737 142.121552               3418 
37.508743 200.448013 136.761414 52.826000 230.741837 112.963974 15.700215 191.763107 101.115013 96.283447 221.577469 143.446243               3436 
37.450977 200.888443 137.001877 53.385796 230.827835 113.188591 15.926258 192.174667 101.211281 96.378662 221.423721 144.251114               3453 
37.359318 201.262070 137.243942 53.773369 230.932571 113.446129 15.978723 192.572083 101.377846 96.413254 221.299210 144.922195               3471 
37.202221 201.521927 137.327637 54.029774 231.002579 113.587517 15.949839 192.859421 101.513908 96.439705 221.215195 145.325653               3488 
37.126225 201.887970 137.390182 54.371964 231.104111 113.627144 16.036963 193.144775 101.626595 96.545784 221.236664 145.653793               3505 
37.220898 202.226959 137.487900 54.861252 231.195267 113.727417 16.130419 193.578278 101.745552 96.835823 221.003189 145.913773               3522 
37.265064 202.433502 137.585709 55.263702 231.214828 113.860451 16.183252 193.917755 101.859360 97.069756 220.680984 146.155914               3539 
37.317490 202.617737 137.667664 55.595200 231.247025 113.954155 16.224747 194.189285 101.978027 97.282799 220.462784 146.320007               3557 
37.420280 203.193222 137.948288 56.086262 231.516693 114.141075 16.256512 194.861496 102.330536 97.637344 220.383896 146.564407               3574 
37.329166 203.764206 138.272491 56.366226 231.794998 114.386292 16.085018 195.552399 102.718300 97.784775 220.285980 146.847809               3592 
37.277424 204.303772 138.594315 56.607140 232.086395 114.603760 15.915942 196.200531 103.148376 97.973778 220.259659 147.017242               3609 
37.248219 204.633621 138.923737 56.842003 232.268600 114.887367 15.830534 196.643906 103.559998 98.192055 220.141830 147.211029               3627 
37.658535 204.943100 139.616364 57.557743 232.400558 115.622826 15.641511 197.734238 104.429749 99.006081 219.084808 147.347122               3645 
37.515244 205.421585 139.881134 57.735981 232.594025 115.809273 15.413248 198.301315 104.661354 99.067787 218.811981 147.486420               3663 
37.237957 205.706451 139.870178 57.716213 232.651413 115.738571 15.321694 198.364746 104.547958 98.837593 218.852493 147.681122               3681 
36.952332 206.039597 139.830292 57.702667 232.718124 115.614433 15.272045 198.405991 104.381325 98.609848 218.893661 147.819885               3701 
36.763641 206.377823 139.763275 57.748463 232.717560 115.360222 15.215524 198.418182 104.233665 98.567932 218.699326 147.593201               3721 
36.454052 206.353516 139.385986 57.505955 232.661713 114.989220 15.128914 198.192871 103.690735 98.324646 218.466629 147.145691               3741 
36.366096 206.269699 139.198929 57.475670 232.585510 114.805946 15.271564 197.944717 103.306953 98.338219 218.167496 146.807159               3762 
36.270985 205.814606 138.945236 57.517166 232.342026 114.796951 15.434222 197.739166 102.746864 98.407669 217.304184 146.475571               3782 
36.239506 205.675354 138.840851 57.586758 232.339279 114.827972 15.511742 197.794205 102.511673 98.508698 216.944382 146.293777               3802 
36.161469 205.930969 138.821060 57.648315 232.473389 114.707031 15.504354 197.971222 102.478828 98.566895 216.946182 146.112122               3822 
36.075684 207.226273 138.825241 57.997089 233.060242 114.256485 15.156347 199.182556 102.701286 98.782593 217.140686 145.638245               3842 
36.214016 208.002518 138.865402 58.404697 233.436218 114.052063 15.197571 199.881699 102.873543 99.089653 217.326324 145.467194               3862 
36.286259 208.471954 138.888626 58.653049 233.665298 113.927513 15.184985 200.340027 103.074532 99.275620 217.440704 145.364334               3882 
36.197304 208.654037 138.888351 58.739166 233.906860 114.089546 15.200620 200.758606 103.043724 99.250053 217.380722 145.513412               3902 
36.174740 209.079163 138.944351 58.870342 234.125107 114.026268 15.227028 201.062408 103.156418 99.299774 217.585327 145.547714               3922 
35.872368 208.425903 139.067886 58.744217 233.986145 114.768188 15.074981 201.251846 103.089981 99.080063 216.560120 145.929993               3942 
35.582554 207.679413 139.116791 58.686306 233.462738 115.189392 14.982084 201.001663 102.994934 98.883667 215.422104 146.179916               3962 
35.447685 207.832321 139.115051 58.697548 233.444260 115.067841 14.866672 201.101151 103.058792 98.841927 215.362198 146.102859               3982 
35.267750 208.447418 139.226395 58.654976 233.652878 114.815186 14.660216 201.390823 103.317261 98.774567 215.707581 145.961441               4002 
34.987724 208.151978 139.413483 58.357101 233.494736 115.067009 14.580812 201.106110 103.531990 98.558090 215.388168 146.014343               4022 
34.525913 207.881500 139.296875 57.793095 233.379471 114.957344 14.174830 200.861038 103.439148 98.141945 215.270737 145.710373               4042 
34.179455 207.497314 139.262360 57.288029 233.179688 114.914124 13.964723 200.389099 103.455902 97.818695 215.179703 145.491409               4061 
33.945030 207.184250 139.265259 56.936413 233.030579 114.932259 13.871254 200.023407 103.496262 97.605484 215.094254 145.362823               4081 
33.760361 207.020828 139.207779 56.692833 232.962112 114.876793 13.857339 199.743057 103.443062 97.427750 215.150299 145.292435               4101 
33.625790 206.899384 139.156006 56.530930 232.914063 114.837051 13.920192 199.503494 103.358421 97.304970 215.176682 145.243744               4121 
33.270756 206.571320 138.949356 56.216629 232.628403 114.676552 13.846098 199.101898 103.111946 96.972824 214.857437 145.087570               4142 
33.217880 206.564148 138.976578 56.149029 232.639267 114.672958 13.899905 198.989014 103.178032 96.932747 214.977798 145.110855               4162 
33.121265 206.581696 139.029984 56.044243 232.667206 114.696220 13.910169 198.904297 103.251259 96.847855 215.108444 145.166840               4183 
32.782551 206.410843 139.055405 55.692799 232.599731 114.788895 13.951620 198.644516 103.118622 96.516106 215.045242 145.235596               4204 
32.685394 206.450912 139.379822 55.515167 232.740982 115.112198 14.018404 198.673126 103.211693 96.455948 215.153259 145.381470               4225 
32.523178 206.321457 139.628296 55.263306 232.777267 115.442627 13.947352 198.613098 103.317902 96.303673 215.105743 145.527679               4246 
32.471275 206.175842 139.829239 55.112507 232.794418 115.716660 13.916998 198.563919 103.447090 96.260895 215.048752 145.609894               4269 
32.450108 206.011078 139.948181 55.006603 232.805527 115.938957 13.914424 198.536911 103.500450 96.247337 214.956619 145.642868               4291 
32.517670 205.539093 140.055908 54.893520 232.651474 116.223175 14.001419 198.261749 103.515739 96.285309 214.787720 145.707230               4313 
32.609890 205.473785 140.118866 54.918930 232.613129 116.242615 14.080912 198.163788 103.514977 96.372467 214.859711 145.706573               4336 
32.708111 204.946533 140.062378 54.814762 232.382446 116.326012 14.274261 197.672195 103.313843 96.379631 214.905380 145.798340               4359 
33.000725 205.021790 139.975494 55.089573 232.348724 116.086365 14.656656 197.475845 103.241135 96.638504 215.210663 145.779419               4382 
33.459915 204.718079 139.977051 55.437210 232.228317 116.185204 15.037089 197.326141 103.269600 97.064255 215.152222 145.804459               4404 
33.866402 204.727112 139.891586 55.818932 232.236008 116.065140 15.445336 197.262283 103.185532 97.443909 215.335037 145.787567               4427 
34.168430 204.759628 139.872665 56.107731 232.257706 116.011642 15.710041 197.253616 103.169250 97.731232 215.481857 145.806931               4450 
34.237988 204.727234 139.920090 56.192516 232.232758 116.023895 15.793674 197.228989 103.205864 97.840752 215.525864 145.823364               4473 
34.295605 204.716034 139.971359 56.270931 232.215439 116.031525 15.787462 197.304077 103.243980 97.938469 215.579330 145.843613               4495 
34.068905 204.592026 140.043259 56.056652 232.126709 116.104309 15.612247 197.193527 103.292786 97.740105 215.543503 145.923630               4518 
33.914261 204.692596 140.140411 55.923691 232.179749 116.120361 15.465065 197.234680 103.420105 97.633812 215.645309 145.929459               4541 
33.100285 204.259521 139.371689 55.301941 231.390259 115.081963 15.587656 195.563324 102.494080 96.556625 216.276123 146.247940               4564 
32.616501 203.819656 139.040436 54.792351 231.113892 114.871597 15.412814 195.009079 102.069489 95.965843 216.341263 146.307526               4586 
32.084713 203.329498 138.805206 54.281040 230.815796 114.838715 15.073108 194.723831 101.638336 95.407959 215.995010 146.312927               4607 
31.682978 203.001236 138.681839 53.889954 230.625824 114.850517 14.846876 194.525833 101.358849 94.980087 215.827850 146.383438               4628 
31.749628 202.669388 138.811691 53.862751 230.581223 115.196480 14.757769 194.680374 101.422287 95.106400 215.430313 146.359222               4649 
31.843279 202.068405 138.870316 53.872559 230.362411 115.603699 14.701268 194.733658 101.354286 95.249168 214.748657 146.359039               4670 
32.092804 201.798431 138.905045 53.996323 230.243835 115.719269 14.716842 194.783646 101.312813 95.462151 214.444702 146.259018               4691 
32.460869 201.272339 138.981476 54.246346 230.088257 116.138161 14.758487 194.987488 101.406776 95.902100 213.670914 146.087662               4711 
32.632900 201.376236 139.008682 54.455414 230.273270 116.294907 14.859170 195.334518 101.450722 96.104057 213.619675 146.123627               4732 
32.669998 201.840851 138.928909 54.701370 230.414658 116.000572 14.797832 195.709747 101.447945 96.264290 213.557663 145.834595               4754 
32.805622 202.174469 138.833725 55.023132 230.401672 115.645943 14.749661 195.986298 101.504570 96.551765 213.267227 145.369461               4814 
32.775196 202.178284 138.757248 55.063747 230.348145 115.564209 14.733510 196.006546 101.444160 96.548393 213.116425 145.292923               4835 
32.602650 201.862305 138.417847 54.985737 230.056992 115.339134 14.672195 195.768326 101.064163 96.376221 212.697876 145.124924               4856 
32.492058 201.617065 138.037277 54.971199 229.813354 115.047180 14.676801 195.559021 100.644264 96.256165 212.388428 144.940796               4878 
32.476482 201.416489 137.909042 54.961113 229.717957 115.047211 14.673388 195.520523 100.495216 96.239990 212.157944 144.870102               4900 
32.492344 201.173203 137.707077 54.944336 229.601288 114.964081 14.717205 195.392609 100.285248 96.236839 211.986633 144.735840               4922 
32.467999 201.108948 137.633545 54.920010 229.580170 114.938263 14.711740 195.378601 100.217613 96.220734 211.884674 144.650620               4944 
32.320560 200.703674 137.436157 54.715279 229.448059 115.024208 14.615240 195.305817 99.960655 96.066696 211.487244 144.505951               4966 
32.270699 200.653900 137.332718 54.659245 229.437317 114.958687 14.591163 195.304276 99.851707 96.026543 211.402542 144.372925               4989 
32.229240 200.612427 137.247314 54.612747 229.428406 114.904312 14.589274 195.274826 99.761482 95.993202 211.332397 144.262390               5011 
32.281960 201.942673 137.761627 54.888683 230.055618 114.751968 14.453629 196.044891 100.528412 96.216789 211.987930 144.201080               5034 
32.372158 203.949829 138.496002 55.282211 230.965530 114.488190 14.321502 197.087234 101.598785 96.495567 213.171143 144.262741               5057 
32.475571 204.349686 138.759384 55.404877 231.184525 114.563026 14.302390 197.406464 101.992401 96.677856 213.238876 144.163696               5078 
32.639427 205.521988 139.058792 55.640129 231.729584 114.245895 14.370776 197.864410 102.526337 96.896721 214.213608 144.125458               5098 
32.793278 206.377731 139.280869 55.829109 232.140350 114.033783 14.437747 198.216629 102.925758 97.089478 214.932083 144.086426               5118 
32.935246 206.882629 139.424149 55.973774 232.425903 113.953300 14.538427 198.431213 103.176140 97.244316 215.413544 144.103363               5138 
32.955917 206.905151 139.439301 55.994839 232.447144 113.963318 14.576032 198.432022 103.188698 97.261154 215.459915 144.133331               5157 
32.984673 206.793411 139.468903 55.985126 232.388123 114.009842 14.612606 198.325592 103.201088 97.271217 215.429749 144.169022               5177 
33.004734 206.679520 139.506485 55.965275 232.336700 114.073059 14.638103 198.231934 103.215126 97.273254 215.393860 144.210999               5196 
33.018581 206.569763 139.544785 55.940128 232.295273 114.144104 14.653963 198.155197 103.228172 97.270721 215.353607 144.251678               5216 
33.071289 206.550644 139.619003 55.931908 232.287155 114.203865 14.668567 198.119202 103.274971 97.284172 215.362350 144.291168               5235 
33.133255 206.478531 139.705093 55.919479 232.259064 114.291588 14.693219 198.049179 103.330406 97.309776 215.346619 144.333511               5255 
33.436016 206.442551 139.982819 55.936306 232.236801 114.471901 14.773639 197.952820 103.509178 97.385262 215.397766 144.474152               5275 
33.666679 206.684784 140.183167 55.993137 232.301514 114.465446 14.832995 197.962891 103.654556 97.426323 215.625351 144.580261               5294 
33.696598 206.571823 140.222229 56.000858 232.255920 114.552391 14.878656 197.900970 103.673172 97.444061 215.578201 144.652542               5314 
33.684845 206.451691 140.235458 55.981911 232.208130 114.629547 14.907184 197.827911 103.661530 97.423691 215.523712 144.727936               5334 
33.695755 206.421951 140.244934 55.983341 232.200409 114.654129 14.928311 197.806030 103.669861 97.431267 215.521835 144.747299               5355 
33.690971 206.431381 140.245926 55.985928 232.200439 114.652939 14.931552 197.808167 103.680984 97.433449 215.532364 144.752472               5377 
33.683952 206.441132 140.248840 55.986584 232.201218 114.654305 14.928463 197.822891 103.707542 97.433174 215.542831 144.760498               5399 
33.665569 206.452545 140.246399 55.985950 232.198303 114.654915 14.940910 197.814667 103.700516 97.429901 215.553726 144.772385               5422 
33.633266 206.461807 140.231842 55.973633 232.175705 114.627594 14.959861 197.761520 103.679871 97.406418 215.589050 144.792328               5445 
33.512123 206.366562 140.122681 55.888020 232.050339 114.520905 14.920897 197.597198 103.560333 97.291260 215.513245 144.753357               5469 
33.383839 206.275970 139.980270 55.805676 231.915100 114.375465 14.866180 197.438080 103.407089 97.173012 215.409256 144.674057               5492 
33.362358 206.294342 139.987946 55.805134 231.900894 114.370300 14.873451 197.410675 103.414047 97.163361 215.421265 144.695587               5515 
33.349049 206.308502 140.016418 55.809052 231.904388 114.404526 14.882271 197.411209 103.435860 97.161484 215.425888 144.738342               5539 
33.329037 206.310913 140.040009 55.806335 231.900955 114.438538 14.888515 197.399368 103.450577 97.151299 215.425934 144.784424               5562 
33.267113 206.174194 140.048035 55.716404 231.894745 114.552612 14.866508 197.355713 103.422279 97.086250 215.371902 144.838501               5586 
33.203484 206.114685 139.984283 55.658253 231.877762 114.530663 14.851233 197.302078 103.347198 97.030952 215.358917 144.814850               5610 
33.157104 205.976547 140.003769 55.598610 231.862671 114.661629 14.833409 197.294540 103.344482 96.998573 215.237366 144.850143               5635 
33.128071 205.858643 140.004440 55.554222 231.850510 114.763664 14.824684 197.295166 103.326294 96.976410 215.133102 144.870712               5659 
33.086456 205.776154 139.985062 55.505238 231.849930 114.832863 14.821840 197.300720 103.272064 96.937538 215.065002 144.888382               5684 
33.050537 205.710068 139.962021 55.465027 231.850952 114.887474 14.813939 197.302460 103.230293 96.906273 215.017487 144.903503               5708 
32.978428 205.639572 139.889999 55.392658 231.854919 114.904778 14.813870 197.303101 103.123238 96.837143 214.966385 144.885376               5733 
