24.053635 184.317749 120.845268 50.697819 215.653961 107.962151 18.394650 262.028687 125.657349 86.362862 210.798233 133.413116                  0 
24.137083 184.298569 120.817078 50.738598 215.672241 107.899902 18.344303 262.001282 125.617958 86.452080 210.929688 133.304260                 21 
24.161289 184.254974 120.790604 50.760818 215.635376 107.879944 18.332748 261.948273 125.642387 86.497200 210.926804 133.258392                 43 
24.170036 184.281418 120.797554 50.799683 215.635757 107.875374 18.386332 261.972778 125.658852 86.557098 210.939102 133.226395                 64 
24.172890 184.225876 120.807930 50.836216 215.563400 107.898819 18.421722 261.909180 125.712448 86.610306 210.878723 133.228516                 86 
24.171204 184.180283 120.812454 50.867573 215.501282 107.918945 18.452030 261.854767 125.758835 86.655960 210.826904 133.230331                106 
24.136160 183.783356 120.757782 50.820801 215.182343 108.050110 18.345194 261.413147 126.143929 86.612724 210.419739 133.340057                127 
24.066170 183.404892 120.614243 50.761559 214.890152 108.130730 18.208557 260.990387 126.459671 86.536407 210.035843 133.427399                148 
23.729797 183.078583 120.559616 50.373100 214.730286 108.377693 17.525913 260.603027 126.792557 86.052017 209.913376 133.816589                171 
23.831358 182.650803 120.386497 50.295959 214.509872 108.300194 17.156132 260.116699 126.884293 86.030540 209.863235 133.692596                191 
23.751495 182.347321 120.108932 50.161316 214.338699 108.226219 16.921133 259.758209 127.122093 85.919312 209.618668 133.572083                212 
23.829731 181.902496 119.899254 50.076530 214.100403 108.205383 16.540638 259.240265 127.279297 85.831116 209.477509 133.573944                233 
23.719881 181.339874 119.537231 49.820473 213.768723 108.155342 16.032522 258.573395 127.600311 85.575424 209.109695 133.516785                254 
23.319098 180.464645 118.950493 49.107986 213.361633 108.226028 9.335179 250.315506 128.796509 84.743416 208.753326 133.764343                275 
23.111080 180.405670 118.753799 48.867367 213.346237 108.094589 6.129290 246.191254 129.249924 84.549858 208.665161 133.553818                295 
23.051758 180.351593 118.651466 48.793816 213.299744 107.989876 5.147690 244.867889 129.348297 84.507347 208.596161 133.401413                317 
23.019112 180.321579 118.594910 48.753147 213.274033 107.931984 4.888442 244.517746 129.365738 84.483810 208.558044 133.317108                329 
22.944252 180.189148 118.472969 48.669800 213.162155 107.864693 4.623843 244.122025 129.378448 84.402939 208.407837 133.239182                342 
22.896660 180.198776 118.446388 48.657974 213.130020 107.815681 4.512721 243.953491 129.358795 84.395012 208.332932 133.176636                354 
22.867174 180.204376 118.432953 48.663937 213.095993 107.801720 4.460863 243.816940 129.404160 84.407066 208.224304 133.139847                367 
23.141602 180.242950 118.533806 49.001186 213.044815 107.785072 4.916750 243.775284 129.644394 84.855759 208.027191 132.936600                379 
23.256290 180.205612 118.600067 49.349327 212.829529 107.878143 5.506771 243.724991 130.016190 85.247879 207.418884 132.885040                391 
24.159132 180.511322 119.429390 50.829308 212.569824 108.407761 7.836205 244.297272 131.053024 86.886040 206.381622 133.003372                404 
24.564672 180.697235 119.865433 51.654728 212.404022 108.774338 9.148854 244.611740 131.681091 87.738045 205.670456 133.187012                417 
24.630932 181.190033 120.177887 52.072033 212.577835 108.907791 9.945539 245.249191 131.878128 88.171143 205.522797 133.206070                429 
24.564266 180.717834 120.099144 52.125862 212.148590 109.120728 9.976357 244.661469 132.290878 88.182549 204.841675 133.407562                442 
24.566685 180.481628 120.049088 52.258018 211.906342 109.192848 10.157122 244.369995 132.536118 88.327599 204.430435 133.408997                455 
24.481535 180.522400 120.028549 52.293667 211.921616 109.193016 10.334795 244.670547 132.643646 88.365379 204.394653 133.390167                468 
24.355837 180.490768 119.970161 52.290119 211.918839 109.200836 10.433841 244.931198 132.766800 88.362297 204.381439 133.394043                493 
24.324572 180.472458 119.981880 52.297779 211.921875 109.213043 10.478924 245.020844 132.830582 88.388687 204.407394 133.385437                506 
24.250673 180.522781 120.051285 52.307739 211.968994 109.231316 10.571332 245.223053 132.892960 88.436378 204.493591 133.359406                519 
24.163145 180.386047 120.021629 52.273273 211.874496 109.253662 10.539663 245.164001 132.959869 88.412529 204.426239 133.374252                531 
24.006016 180.370209 119.969330 52.235271 211.830170 109.282555 10.589277 245.234680 133.058624 88.357628 204.277344 133.395950                544 
24.004181 180.167831 119.923782 52.244614 211.711975 109.309479 10.647928 245.142838 133.354797 88.423553 204.151627 133.335526                557 
23.804688 179.936432 119.743408 52.089237 211.550446 109.286697 11.001355 245.848007 133.853989 88.266052 203.938278 133.299576                570 
23.773979 179.905624 119.744507 52.058765 211.551819 109.268852 11.412162 246.677475 134.189056 88.258247 204.012177 133.270447                587 
23.739750 179.874420 119.755135 52.024940 211.529343 109.264412 11.607543 247.086792 134.358231 88.233719 204.022705 133.262329                604 
23.694693 179.846008 119.754906 51.994057 211.508820 109.260353 11.718296 247.338745 134.459457 88.211311 204.032303 133.254883                621 
23.551680 179.777145 119.728920 51.861015 211.442505 109.247253 11.686598 247.480362 134.517303 88.071983 203.977280 133.254791                638 
23.249556 179.549469 119.491379 51.518883 211.299911 109.163116 11.289291 247.353638 134.483963 87.681961 203.854721 133.248932                655 
23.193392 179.556961 119.524078 51.468685 211.284912 109.143700 11.320448 247.521652 134.465805 87.631836 203.872940 133.239655                672 
23.149082 179.553177 119.556274 51.418736 211.272751 109.147560 11.325458 247.644775 134.476669 87.579521 203.889359 133.255829                690 
22.846832 178.983200 119.348824 50.691971 211.111618 109.131363 9.848382 247.014984 134.036972 86.728485 204.347046 133.604523                711 
22.746395 178.780441 119.400085 50.085701 211.296875 109.173317 8.470102 246.759033 133.518875 86.021057 205.317352 133.997116                734 
22.672020 178.846848 119.320625 49.865219 211.504303 109.274719 8.054429 246.789307 133.628799 85.740654 205.597229 134.202316                762 
22.677366 178.771530 119.271996 49.808426 211.489639 109.315674 7.928477 246.692520 133.707092 85.662766 205.588562 134.275024                771 
22.634382 178.650558 119.171837 49.642296 211.453705 109.318810 7.615214 246.576416 133.653122 85.430550 205.623047 134.389313                787 
22.650185 178.517517 119.070816 49.563259 211.400421 109.363251 6.117262 245.056091 134.782852 85.318954 205.535995 134.472305                805 
22.658251 178.483627 118.961998 49.556679 211.364944 109.323135 5.140737 243.996902 135.620514 85.308090 205.391953 134.412689                824 
22.694786 178.510269 118.873947 49.654156 211.328171 109.251625 5.200479 243.966385 136.050003 85.437508 205.169144 134.250504                843 
22.695196 178.551926 118.813972 49.732235 211.303192 109.196045 5.374445 244.093109 136.325363 85.539474 204.987259 134.121460                860 
23.098715 178.725876 118.886948 50.199100 211.374939 109.091087 6.144942 244.549484 136.835083 86.142265 204.923660 133.785126                877 
23.884386 178.705948 119.074188 50.941467 211.365204 109.139275 7.114536 244.697174 137.534836 87.060631 204.853134 133.559036                895 
24.375269 178.665710 119.212311 51.420967 211.376862 109.301956 7.702171 244.750305 138.177094 87.628845 204.784302 133.568253                912 
24.841196 178.523514 119.325584 51.880322 211.335083 109.448441 8.187168 244.685471 138.659485 88.164810 204.760559 133.604950                929 
25.126747 178.217575 119.298981 52.206779 211.187469 109.602455 8.465408 244.412506 139.107803 88.525558 204.602493 133.704529                946 
25.415730 177.871078 119.302467 52.514839 211.001144 109.775215 7.150012 238.467331 136.489502 88.866760 204.449463 133.836365                963 
25.547476 177.860519 119.210182 52.811264 211.033188 109.820648 4.919773 230.439972 134.127197 89.205811 204.345078 133.779617                980 
25.661642 178.595078 119.597076 53.404381 211.474655 109.918869 5.500281 230.797394 133.990631 89.858780 204.588486 133.730286                997 
25.501329 178.641968 119.558456 53.445435 211.482315 109.915771 4.770794 228.566864 133.617981 89.905144 204.508362 133.693466               1011 
25.383928 178.754776 119.589783 53.538197 211.526825 109.910835 4.296616 227.353256 133.625839 90.024620 204.482742 133.626801               1023 
25.267929 178.735931 119.542984 53.593945 211.531387 109.908096 4.015604 226.548752 133.643539 90.110352 204.511948 133.585190               1035 
25.051241 178.716690 119.432785 53.589428 211.531006 109.901398 3.896724 226.378876 133.670959 90.110855 204.519958 133.573242               1047 
24.820486 178.713684 119.372902 53.589794 211.511246 109.917496 3.810162 226.300751 133.778885 90.120110 204.482483 133.570358               1059 
24.534988 178.831299 119.368240 53.639488 211.536209 109.958115 3.745274 226.463394 134.127090 90.185837 204.429047 133.562744               1071 
24.225698 178.903275 119.357437 53.671490 211.524857 110.023926 3.645258 226.459244 134.394363 90.223999 204.366272 133.603470               1083 
23.939981 179.017990 119.381699 53.726624 211.536972 110.093964 3.587033 226.663879 134.803741 90.293556 204.316101 133.632111               1095 
23.688787 179.085861 119.381187 53.774944 211.531525 110.156349 3.495220 227.013000 135.410126 90.356010 204.259140 133.656647               1107 
23.486816 179.082733 119.341110 53.805264 211.500748 110.205864 3.514941 226.952942 135.512985 90.402840 204.201477 133.672089               1119 
23.382530 179.088791 119.369171 53.855583 211.484314 110.248474 3.571970 227.061813 135.698563 90.480011 204.197540 133.676666               1132 
23.059349 179.651459 119.815392 54.019272 211.621567 110.361992 4.454972 229.850128 136.362946 90.622810 204.212784 133.784561               1144 
22.767559 179.927322 120.001495 54.070221 211.647278 110.468102 5.301631 232.375443 136.929581 90.630989 204.108307 133.915909               1156 
22.599329 179.191147 119.715195 53.969162 211.058411 110.643753 5.041246 231.439590 137.064407 90.457970 203.381668 134.158859               1170 
22.268993 180.411575 120.326096 54.179276 211.636139 110.700638 5.907197 233.955475 136.980164 90.602776 203.791138 134.261414               1181 
21.921223 181.451782 120.844757 54.296860 212.127579 110.782471 7.297459 237.675568 137.185120 90.647324 204.162903 134.415787               1193 
21.664347 181.963806 121.033562 54.321865 212.367065 110.818825 8.836706 241.369476 137.856888 90.617188 204.327896 134.511581               1206 
21.593742 182.553131 121.259102 54.433498 212.723846 110.769028 9.881463 243.879410 138.028320 90.716965 204.752426 134.502808               1218 
21.391666 182.939880 121.430214 54.334614 212.981216 110.780426 10.846189 246.402679 138.253113 90.571404 205.136673 134.627533               1229 
21.232307 182.874603 121.359924 54.194138 212.928711 110.771530 11.281116 247.555756 138.467468 90.388130 205.108246 134.691422               1241 
21.047329 183.112198 121.371140 54.033634 213.101318 110.669106 13.227111 251.229263 138.729233 90.188728 205.406509 134.688370               1253 
20.908434 183.181259 121.355553 53.852978 213.209610 110.620354 14.885297 254.237549 139.018539 89.975960 205.680542 134.740234               1264 
20.615692 183.294037 121.264717 53.507771 213.388443 110.535141 15.820291 256.599670 139.003662 89.548943 206.103577 134.851608               1275 
20.414507 183.492218 121.245094 53.217892 213.663635 110.444740 16.509575 258.552002 138.713791 89.205475 206.687805 134.930603               1288 
20.234770 183.502640 121.135155 52.982796 213.744522 110.359253 16.973383 259.762115 138.509644 88.917862 206.926849 134.966492               1300 
19.870529 181.980072 120.021858 52.248837 212.957901 110.270775 15.786929 258.468842 139.168030 88.039757 206.125504 135.083145               1312 
19.612774 181.476776 119.619209 51.827511 212.712082 110.227516 15.532547 258.575226 139.311020 87.525291 205.936905 135.189301               1324 
19.104790 182.523529 120.154381 51.232281 213.662125 110.341835 15.157410 260.806641 138.110718 86.723495 207.566650 135.769073               1336 
19.345387 182.654572 120.352531 51.302658 213.917618 110.527527 15.422680 261.513397 138.166718 86.766136 208.014633 136.038742               1347 
19.568213 182.880081 120.743820 51.304913 214.261658 110.703445 15.315582 262.300049 137.718262 86.696724 208.853226 136.422974               1359 
19.822353 182.875122 120.851303 51.424522 214.333893 110.714287 15.477399 262.646759 137.519241 86.798691 209.131622 136.500534               1371 
19.962021 182.989944 120.961037 51.460033 214.409790 110.697113 15.638669 263.045349 137.268753 86.790665 209.312164 136.563812               1383 
19.876560 183.263214 120.812759 51.401310 214.544586 110.504959 15.745905 263.552429 136.758972 86.614891 209.450378 136.531448               1394 
19.755501 183.498718 120.651833 51.348534 214.665741 110.332245 15.843241 264.005280 136.299820 86.456497 209.575974 136.501907               1406 
19.367706 183.813538 120.528633 50.985107 214.971756 110.316872 15.421527 264.672913 135.788864 85.876900 210.060532 136.807785               1418 
19.263756 183.298294 119.754280 50.491173 215.030243 110.120338 13.876941 264.282837 135.221466 85.050446 210.642593 137.133865               1429 
20.445356 184.055573 117.542221 51.419682 215.978592 107.728226 11.858745 262.800232 133.809708 86.014572 212.011673 134.761230               1441 
21.174562 182.076965 111.663147 52.310959 214.319595 103.620522 10.259663 257.963348 132.323395 86.585922 209.044510 130.836807               1466 
21.578995 182.469971 110.483955 52.961235 214.555511 102.867546 10.694115 258.262939 132.752762 87.042305 208.786896 130.226807               1490 
21.867887 182.452133 110.371681 53.075027 214.650620 102.712967 10.485471 258.223572 132.928772 87.155449 209.019714 130.101700               1502 
22.249626 182.295532 110.343384 53.226685 214.638733 102.561729 10.346258 258.049042 133.145599 87.363525 209.185181 129.916077               1514 
22.733212 182.365677 110.743050 53.509987 214.734940 102.479012 10.642383 258.277496 133.329742 87.827049 209.522522 129.654297               1527 
23.138733 181.976639 110.911858 53.582241 214.585312 102.457214 10.459287 257.832031 133.700821 88.049927 209.623032 129.488312               1540 
23.828392 182.600311 112.128914 53.953690 215.203705 102.559868 11.138905 258.811310 133.993988 88.911942 210.845901 129.059967               1552 
24.392387 181.637421 112.413673 54.193279 214.615707 103.046722 11.361444 257.428558 135.755737 89.451057 210.083008 129.117188               1566 
24.934134 180.792374 112.966064 54.506290 214.050964 103.692078 11.900185 256.310455 137.288071 90.065094 209.346451 129.319504               1580 
25.479340 180.245575 113.580734 54.920719 213.690018 104.205589 12.702395 255.652573 138.547943 90.813416 208.874008 129.342133               1594 
25.770668 180.586151 114.824219 55.516361 213.640411 104.985321 14.256997 256.277374 139.577850 91.638931 208.470261 129.719009               1608 
25.993692 182.201233 117.229393 55.957283 214.659500 106.148903 15.275590 258.786346 139.466888 92.172493 209.997528 130.848099               1622 
26.111008 181.341965 116.983093 56.189262 213.996643 106.798660 15.969289 257.234009 141.744949 92.525604 208.333282 131.107544               1637 
25.773674 181.562073 117.421524 55.824352 214.169083 106.971573 15.986364 258.134308 140.987061 92.139366 208.785736 131.375778               1650 
25.422527 180.856766 117.569145 55.460323 213.636536 107.613892 16.002272 257.481323 141.841812 91.767792 207.919540 131.953354               1664 
25.263382 180.091644 117.411064 55.215862 213.104172 107.896690 16.110559 256.552032 142.786423 91.644615 207.039398 131.969299               1678 
25.277992 179.587784 117.712898 54.970104 212.956909 108.585068 15.527295 255.644318 144.041931 91.470726 206.900223 132.550598               1691 
24.209377 180.770340 119.370728 53.999855 213.885071 109.598022 14.931827 257.188782 144.751862 90.637520 208.006653 133.398270               1732 
23.853985 181.025040 119.850693 53.840252 213.977814 110.125183 15.111721 257.408203 145.506729 90.488029 207.786697 133.830368               1745 
24.225836 181.261581 120.819923 54.198387 214.136108 110.689186 15.840198 257.741333 146.274582 91.072998 208.012863 134.057846               1758 
23.580223 184.627930 123.572182 53.641838 217.161911 112.515991 14.632368 262.236359 145.130234 90.132065 212.295242 136.766861               1773 
22.870354 185.065430 124.272942 53.189220 217.454666 113.433311 14.501543 263.164581 144.953461 89.420166 212.545792 138.061493               1788 
22.818380 185.091690 124.511292 53.068111 217.542511 113.622887 14.737656 263.794647 144.153427 89.237206 212.906403 138.394409               1804 
22.764269 185.161240 124.612961 52.984547 217.641861 113.651428 15.167014 264.439056 143.379028 89.152771 213.180206 138.456238               1817 
22.480234 183.646301 123.820671 52.582001 216.554581 113.701500 14.550621 262.766174 143.957687 88.656425 211.880478 138.603592               1831 
22.311182 183.613678 123.947983 52.362415 216.594681 113.787766 14.622721 263.202332 143.556320 88.438408 212.134262 138.726746               1845 
21.801662 183.520233 124.122955 51.913994 216.479584 114.068375 14.600314 263.614807 143.301620 87.889893 212.052383 139.157425               1859 
21.539097 183.278198 123.899269 51.779449 216.184052 114.046989 15.160813 263.590302 143.557053 87.816437 211.396210 138.981659               1873 
21.351461 183.094818 123.783318 51.611473 216.042618 114.078888 15.363517 263.536102 143.799316 87.714020 211.101929 138.888596               1887 
21.290863 183.196426 123.803902 51.505569 216.196442 114.063492 15.422758 263.821808 143.698929 87.659782 211.339935 138.814499               1902 
21.256277 183.222122 123.794525 51.462990 216.258591 114.054131 15.464100 263.912598 143.728729 87.662956 211.426697 138.743011               1916 
21.202286 183.093460 123.738434 51.409943 216.201553 114.091461 15.412712 263.762238 143.917114 87.643585 211.353363 138.727707               1931 
21.215694 182.921188 123.651367 51.485722 216.136505 114.120537 15.529296 263.567230 144.201187 87.798050 211.260544 138.635147               1947 
21.045311 182.473953 123.379715 51.142338 216.067520 114.145348 14.686944 263.013855 144.384811 87.468536 211.447388 138.688934               1962 
20.996485 182.365082 123.363525 50.887814 216.263947 114.155869 14.044905 262.934418 144.382050 87.270561 212.006119 138.681198               1977 
20.878405 183.741577 124.298470 50.707561 217.498779 114.097733 13.794726 264.923859 143.065308 87.165825 214.082596 138.642609               1993 
20.582588 184.111938 124.743958 50.455479 217.817169 114.252869 13.410874 265.565735 142.539398 86.856186 214.771530 138.931564               2008 
20.495426 184.527588 125.038902 50.453056 218.175629 114.267845 13.451936 266.198395 142.169708 86.891594 215.375763 138.919815               2024 
20.156502 184.397614 124.971786 50.258137 218.109070 114.379211 13.250585 266.245819 142.125061 86.628632 215.366409 139.137863               2040 
20.022835 184.224045 124.965790 50.142296 218.071762 114.540565 13.076592 266.210602 142.239517 86.476563 215.411179 139.361282               2055 
19.870546 184.127670 124.959129 50.056183 218.060089 114.650574 13.116893 266.349182 142.232468 86.362144 215.413788 139.514191               2073 
19.874823 184.134140 125.093750 50.033318 218.156647 114.755379 13.179095 266.566467 142.175659 86.357094 215.616241 139.604019               2090 
20.051964 184.321075 125.363289 50.161270 218.370010 114.773811 13.458013 266.999298 141.955887 86.568039 216.018692 139.519409               2109 
20.191107 184.469818 125.624176 50.251022 218.546112 114.799591 13.660207 267.367828 141.796631 86.733315 216.368454 139.449661               2134 
20.131294 184.200821 125.640839 50.114086 218.444565 114.955635 13.372291 267.145386 141.963013 86.561913 216.337646 139.662766               2155 
20.247349 183.957550 125.637848 50.122433 218.343124 114.947151 13.261709 266.955414 141.950333 86.589394 216.364532 139.636658               2166 
20.512041 183.304962 125.451096 50.218788 217.980057 114.822304 13.268017 266.362030 142.112000 86.779335 216.089539 139.379944               2191 
20.435820 182.834961 125.268173 50.069637 217.693481 114.830544 12.943001 265.846008 142.264709 86.608063 215.811432 139.421738               2204 
20.751881 181.388458 124.511513 49.804146 216.974991 114.580963 11.817449 264.099457 142.579803 86.350662 215.413696 139.182587               2220 
20.718552 181.387680 124.558945 49.779762 217.018463 114.521080 11.838148 264.211121 142.434586 86.354927 215.506195 139.083160               2239 
20.764769 181.368225 124.598969 49.818726 217.036957 114.447685 11.938840 264.282654 142.327148 86.439224 215.562973 138.944473               2257 
20.732430 181.341324 124.628479 49.817005 217.031326 114.414207 11.997937 264.343109 142.238678 86.453133 215.559540 138.887741               2275 
20.704977 181.340225 124.789322 49.738605 217.072189 114.366463 11.861735 264.479553 141.924438 86.387230 215.793243 138.832123               2294 
20.723043 181.453873 125.078667 49.647198 217.238144 114.310394 11.634287 264.782623 141.417923 86.307030 216.302521 138.774796               2313 
20.802979 181.467438 125.275322 49.640259 217.313797 114.227173 11.539517 264.948639 141.029282 86.330894 216.643982 138.654083               2333 
20.965313 181.558121 125.556953 49.718697 217.433105 114.161148 11.610411 265.199310 140.697296 86.477478 217.009659 138.490921               2352 
21.104290 181.508209 125.744240 49.785587 217.458679 114.143440 11.653599 265.266022 140.551788 86.594154 217.193634 138.400070               2372 
21.306526 181.563507 126.039803 49.893089 217.563110 114.122948 11.749328 265.464142 140.325287 86.771835 217.520432 138.274185               2392 
21.394310 181.796829 126.340927 49.986763 217.751740 114.084251 11.947725 265.874298 140.014206 86.923653 217.855026 138.146271               2411 
21.404278 181.717789 126.378937 50.024673 217.716293 114.098404 12.050225 265.863037 140.061127 86.984833 217.786621 138.124786               2431 
21.287729 181.620560 126.433517 49.998093 217.669281 114.173058 12.074979 265.857178 140.118774 86.954544 217.698395 138.205231               2450 
20.912634 181.146362 126.181725 49.827961 217.251511 114.255653 12.024629 265.391205 140.449066 86.732361 216.977402 138.366150               2471 
20.799824 180.816681 126.071342 49.745766 217.059097 114.335495 11.953008 265.053009 140.796753 86.664299 216.661789 138.422623               2489 
20.592901 180.615402 125.974213 49.586937 217.006897 114.380409 11.707951 264.893097 140.910233 86.484917 216.604904 138.498932               2509 
20.248024 180.524292 125.884064 49.379810 216.987274 114.402390 11.495893 264.880310 140.908310 86.242729 216.542648 138.573715               2531 
19.993929 179.885437 125.620506 49.139011 216.577957 114.521141 11.111757 264.163818 141.341614 85.964699 216.013611 138.746658               2552 
19.811743 179.407837 125.423004 48.955185 216.265488 114.611801 10.832730 263.617493 141.638672 85.753075 215.609161 138.877213               2574 
19.633919 179.459961 125.432838 48.869686 216.300949 114.629303 10.794024 263.728119 141.581390 85.647064 215.612915 138.924911               2595 
19.471745 179.444031 125.442734 48.755520 216.280167 114.690781 10.681841 263.724548 141.607010 85.503227 215.559448 139.030289               2617 
19.305960 179.255066 125.359695 48.608555 216.127579 114.719460 10.493453 263.513458 141.672043 85.326698 215.369919 139.102432               2638 
19.322104 179.316971 125.424850 48.582626 216.199387 114.678551 10.471829 263.664978 141.569794 85.315346 215.542694 139.042496               2660 
19.287313 179.289978 125.417618 48.529377 216.183594 114.649574 10.427176 263.697113 141.537003 85.260094 215.564865 139.017532               2682 
19.259140 179.314728 125.483147 48.508911 216.173462 114.604362 10.483865 263.811798 141.441559 85.260017 215.596451 138.942581               2704 
19.279999 179.247070 125.479607 48.497524 216.116959 114.539726 10.505074 263.795624 141.405350 85.275040 215.579453 138.838928               2725 
19.162964 179.285339 125.529648 48.449467 216.084869 114.525444 10.578924 263.914917 141.343002 85.230186 215.517624 138.819122               2748 
19.246092 179.369064 125.677521 48.418720 216.217804 114.523262 10.451569 264.063019 141.220856 85.218948 215.844650 138.791138               2770 
19.461393 181.250015 126.878571 48.681519 217.652100 114.393684 11.166609 266.922943 140.238571 85.594543 217.990189 138.490158               2792 
19.286591 181.205444 126.941376 48.664684 217.555344 114.595589 11.402176 267.172302 140.969421 85.561821 217.704987 138.718292               2815 
19.133118 181.408218 127.164497 48.549984 217.728409 114.791084 11.421947 267.741974 141.378876 85.412354 217.919800 138.966583               2834 
18.875221 181.565033 127.190781 48.409702 217.809189 114.867378 11.387435 267.975677 141.423523 85.227646 217.910004 139.111023               2854 
18.812126 181.639694 127.270180 48.339577 217.885727 114.944565 11.294593 268.064056 141.437393 85.142380 218.011765 139.211075               2873 
18.820284 181.769058 127.457825 48.239269 218.058884 115.007553 11.040552 268.191498 141.231155 85.036583 218.381256 139.280563               2893 
18.715212 181.734756 127.601868 48.083549 218.066147 115.151306 10.766073 268.148926 141.149887 84.837486 218.488907 139.488419               2912 
18.756426 181.690033 127.613014 48.082500 218.053436 115.148979 10.725862 267.855957 140.687820 84.845879 218.508881 139.471252               2932 
18.757418 181.280792 127.563507 47.958405 217.805603 115.267769 10.461544 266.989868 140.149841 84.704361 218.295609 139.615677               2951 
18.758360 180.932846 127.520096 47.852245 217.593582 115.369377 10.295480 266.234375 139.544403 84.583191 218.112930 139.739319               2971 
18.751066 180.675812 127.485352 47.776131 217.441559 115.442238 10.190802 265.712097 139.127090 84.496254 217.981827 139.828018               2990 
18.745827 180.480423 127.458382 47.717888 217.325241 115.497993 10.118917 265.353455 138.863541 84.429695 217.881424 139.895935               3009 
18.744293 180.330811 127.438446 47.672665 217.234924 115.541275 10.063539 265.085175 138.685425 84.377998 217.803436 139.948669               3027 
18.740231 180.205231 127.420715 47.635464 217.160629 115.576889 10.033756 264.835876 138.455215 84.335464 217.739243 139.992065               3046 
18.740688 180.106918 127.407890 47.605274 217.100342 115.605782 10.023262 264.610962 138.208496 84.300934 217.687149 140.027283               3064 
18.740587 180.021286 127.396652 47.579281 217.048431 115.630661 10.013765 264.427795 138.011581 84.271202 217.642258 140.057617               3083 
18.740488 179.944519 127.386612 47.556057 217.002060 115.652893 9.971825 264.235260 137.865234 84.244629 217.602158 140.084732               3103 
18.740669 179.882553 127.378349 47.537167 216.964325 115.670975 9.918207 263.973724 137.638046 84.223007 217.569519 140.106781               3123 
18.743427 179.829849 127.371674 47.520206 216.930450 115.687210 9.914723 263.596466 137.158249 84.203598 217.540222 140.126572               3143 
18.743059 179.783768 127.363739 47.505173 216.900421 115.701599 9.884678 263.515198 137.148163 84.186386 217.514236 140.144135               3164 
18.516399 179.828156 127.267090 47.336674 216.923859 115.694664 9.746218 263.585358 137.155487 83.975937 217.473907 140.201553               3184 
18.465405 179.885529 127.212433 47.339565 216.945114 115.685295 9.833189 263.679749 137.279099 83.980682 217.403809 140.191284               3204 
18.489717 179.890259 127.113869 47.370026 216.952362 115.635460 9.903098 263.658936 137.332779 84.027481 217.344055 140.118164               3224 
18.585361 179.855103 127.080879 47.415070 216.951981 115.598907 9.934525 263.588715 137.363083 84.103775 217.352921 140.034607               3245 
18.646049 179.799500 126.992584 47.464870 216.910080 115.550301 10.011381 263.470520 137.374863 84.177795 217.258636 139.950409               3266 
18.783733 179.848618 126.963882 47.610126 216.935532 115.485214 10.214320 263.311493 137.232758 84.387390 217.216873 139.789108               3288 
18.857740 179.872986 126.907379 47.709335 216.940216 115.425407 10.295210 263.039001 137.043304 84.528976 217.149719 139.665771               3310 
19.133636 180.098282 126.988518 47.988480 217.105087 115.316216 10.569461 262.916992 136.858688 84.928848 217.287704 139.372437               3333 
19.304247 180.353256 126.951836 48.275234 217.266418 115.267418 10.939155 262.718811 136.825363 85.320404 217.211578 139.162567               3356 
19.527714 180.599640 127.086426 48.565239 217.438766 115.309685 11.251464 262.662964 136.775345 85.682693 217.295258 139.092026               3378 
19.700058 180.893127 127.256584 48.832073 217.632172 115.354279 11.603180 262.808868 136.774216 86.014336 217.411652 139.034576               3402 
19.706022 180.991318 127.307655 48.922977 217.680908 115.418633 11.743753 262.830597 136.844070 86.116875 217.369400 139.079636               3424 
19.773567 181.109665 127.402878 49.084656 217.746414 115.483948 12.007338 262.941223 136.942078 86.311821 217.359253 139.091446               3446 
19.795521 180.651123 127.292046 49.173489 217.335709 115.626930 12.154138 262.429047 137.384674 86.401062 216.738403 139.229401               3470 
19.691614 179.962311 127.127045 49.095242 216.770142 115.875488 12.066736 261.662994 137.933441 86.279671 215.949478 139.539185               3493 
19.656878 179.965805 127.110146 49.060814 216.777679 115.851799 12.042713 261.697662 137.867416 86.239334 215.968109 139.525146               3515 
19.639366 179.963562 127.103882 49.031494 216.784088 115.831627 12.020583 261.743530 137.838699 86.204979 215.983994 139.513199               3538 
19.393539 179.578308 126.779831 48.808075 216.425354 115.717339 11.848742 261.371552 137.886398 85.937836 215.454712 139.461060               3561 
19.360012 179.564697 126.725540 48.706001 216.401443 115.633469 11.790937 261.415588 137.854401 85.830025 215.395798 139.384705               3583 
19.482405 179.680191 126.835983 48.659786 216.513428 115.556519 11.704996 261.600220 137.801743 85.799576 215.602737 139.286926               3605 
19.583849 179.723541 126.936111 48.632442 216.575516 115.535614 11.657219 261.705994 137.837158 85.788116 215.713669 139.242966               3627 
19.723448 179.762756 127.058090 48.605900 216.639023 115.513680 11.605520 261.812744 137.873672 85.775307 215.826355 139.201233               3650 
19.887350 179.792007 127.187996 48.583778 216.691940 115.495399 11.554350 261.899017 137.920807 85.764610 215.920258 139.166397               3672 
19.985975 179.698746 127.218948 48.510056 216.599426 115.449722 11.522182 261.852631 137.963379 85.681274 215.759552 139.133484               3694 
20.157063 179.598907 127.250107 48.447815 216.505981 115.379562 11.502221 261.783478 137.981369 85.614906 215.597183 139.067261               3717 
20.367388 179.595581 127.364586 48.427170 216.515457 115.338280 11.504501 261.831879 137.976959 85.599075 215.594742 139.017960               3739 
20.549107 179.597900 127.459785 48.408443 216.530411 115.300690 11.511946 261.877380 137.976974 85.584602 215.587341 138.972824               3762 
20.700977 179.612747 127.550476 48.388283 216.559128 115.266754 11.510402 261.929474 137.964935 85.569656 215.603729 138.930191               3784 
20.828583 179.631378 127.624138 48.369114 216.590393 115.231979 11.508572 261.981934 137.970688 85.557884 215.618729 138.883133               3808 
20.939829 179.587967 127.654732 48.346336 216.559494 115.215698 11.522433 261.980499 138.051941 85.532707 215.530823 138.868210               3831 
21.080687 179.571167 127.722878 48.342239 216.551956 115.196770 11.551835 262.047363 138.130600 85.533638 215.511185 138.840836               3854 
21.152861 179.561142 127.748886 48.320969 216.543060 115.166954 11.593169 262.166992 138.243713 85.509743 215.469604 138.813690               3878 
21.218168 179.577637 127.797516 48.281815 216.562729 115.155029 11.601839 262.379303 138.452606 85.455742 215.476715 138.824539               3902 
21.318495 179.551147 127.843719 48.277103 216.558929 115.149460 11.618113 262.462158 138.555771 85.452118 215.481628 138.817657               3925 
21.351448 179.526443 127.830444 48.254738 216.558914 115.132645 11.617045 262.491913 138.615753 85.427727 215.455780 138.802826               3949 
21.417763 179.739456 127.857506 48.266724 216.789322 115.120132 11.635511 262.733276 138.648529 85.453094 215.693130 138.769608               3973 
21.085087 179.387390 127.648766 47.960785 216.575821 115.417046 11.242974 262.281097 139.337769 85.042191 215.190918 139.215729               3996 
19.654556 178.853149 126.954559 46.701580 216.170425 115.636467 9.687407 261.612152 139.604950 83.384369 214.365005 140.017593               4020 
18.612448 178.432831 126.233810 45.614307 215.886597 115.425835 8.264611 261.176819 139.290314 81.989616 213.970444 140.255066               4043 
17.980442 178.226288 125.799271 44.905186 215.723465 115.274361 7.459219 261.112396 139.238220 81.064270 213.675537 140.407059               4066 
16.447166 178.216965 124.695930 43.698612 215.483307 114.765167 6.579208 261.378723 139.032715 79.467247 212.769730 140.388718               4087 
15.542188 178.230804 124.027779 42.899471 215.324249 114.427910 6.066497 261.737030 139.226486 78.401474 212.169998 140.369858               4112 
14.517919 177.899780 122.871078 42.015388 214.818634 113.889359 5.458528 261.442810 139.314911 77.213531 210.953384 140.147247               4129 
13.523751 177.935593 121.471313 41.278851 214.428040 113.142502 5.464942 261.404724 139.509903 76.159958 209.362183 139.618347               4150 
13.749182 178.083908 121.415215 41.259563 214.466354 112.984459 5.627724 261.515533 139.613983 76.116547 209.174622 139.447906               4164 
14.024299 178.185623 121.474548 41.247734 214.489838 112.887558 5.730465 261.577545 139.658936 76.089569 209.059677 139.342911               4179 
14.497217 178.539001 121.422798 41.431061 214.575912 112.626991 6.368104 261.851257 139.606140 76.220886 208.700150 139.055557               4229 
14.710132 178.892395 121.539658 41.634556 214.697540 112.550430 6.944731 262.219910 139.571838 76.409340 208.566391 138.940750               4245 
14.970654 179.889206 121.929085 42.102863 214.969788 112.549255 8.483183 263.261658 139.586685 76.710342 208.024323 138.957748               4262 
15.627898 180.556000 122.367355 42.721909 215.188202 112.710144 9.801432 263.842377 139.936371 77.237816 207.625351 139.068848               4278 
16.188023 181.405060 122.935577 43.314144 215.630753 113.152000 10.852574 264.603027 140.327972 77.596947 207.536041 139.656540               4294 
16.602158 181.955948 123.397377 43.679688 215.895386 113.500076 11.512894 265.045319 140.618713 77.779778 207.409729 140.117798               4311 
16.858297 182.212112 123.786629 43.720387 216.030258 113.862671 11.519320 265.139160 140.916550 77.638580 207.322876 140.640701               4326 
17.184177 182.420486 124.162941 43.749565 216.126968 114.122658 11.572064 265.224731 141.069107 77.536285 207.260880 141.014587               4342 
17.428698 182.554535 124.443260 43.770176 216.195267 114.306297 11.636355 265.302979 141.168610 77.463501 207.217239 141.278137               4359 
17.621315 182.643005 124.664032 43.785488 216.246017 114.442726 11.688583 265.368408 141.252548 77.409149 207.184906 141.473663               4376 
17.793425 182.710495 124.850647 43.797302 216.285172 114.547974 11.742274 265.414185 141.276871 77.367065 207.160004 141.624313               4392 
17.917561 182.757767 124.991776 43.806885 216.316925 114.633362 11.785202 265.452759 141.303925 77.332809 207.139847 141.746445               4409 
17.994162 182.782074 125.093521 43.814850 216.343323 114.704315 11.821300 265.481171 141.316040 77.304283 207.123108 141.847839               4427 
18.065960 182.798416 125.183739 43.821445 216.365189 114.763100 11.856066 265.505829 141.314240 77.280602 207.109253 141.931808               4444 
18.123852 182.807602 125.259193 43.827183 216.384186 114.814186 11.883148 265.529205 141.324860 77.259979 207.097229 142.004745               4462 
18.162766 182.816391 125.317360 43.832165 216.400711 114.858589 11.915347 265.550873 141.319809 77.242035 207.086792 142.068085               4480 
18.023621 182.822586 125.335930 43.616428 216.463898 114.963821 11.533186 265.532379 141.344345 76.928436 207.153809 142.294357               4499 
17.979763 182.791580 125.313225 43.393436 216.558624 115.021446 11.000685 265.431488 141.364441 76.640541 207.327637 142.457642               4518 
17.989458 182.766174 125.328743 43.229008 216.628464 115.063934 10.574177 265.325256 141.387314 76.427673 207.455231 142.578049               4537 
18.075602 182.829041 125.310013 43.098682 216.778748 114.989609 10.246489 265.368347 141.261475 76.280754 207.707642 142.557541               4556 
18.453659 182.692871 125.211044 43.335541 216.713776 114.910469 10.542774 265.143616 141.432770 76.589973 207.521194 142.350677               4576 
19.135389 182.385483 125.352386 43.718182 216.587097 115.054054 10.857160 264.672394 141.716232 77.111702 207.393127 142.324356               4597 
19.585733 181.955368 125.274445 43.938866 216.337051 115.113579 11.026452 264.010986 141.813797 77.398827 207.035217 142.265610               4619 
20.008780 181.650650 125.296616 44.094208 216.161041 115.155479 11.158396 263.425903 141.578247 77.601524 206.784470 142.223267               4641 
20.608143 182.191757 125.912743 44.444180 216.613724 115.194717 11.425227 263.867432 141.129715 78.074287 207.478699 142.192734               4663 
20.956909 183.758255 127.280670 44.787109 217.776642 115.611092 11.987229 265.803375 140.577560 78.374786 209.077332 142.805130               4686 
21.039337 184.532196 127.649361 44.943638 218.317429 115.699020 12.280574 266.816589 140.392212 78.351753 209.655457 143.125168               4708 
20.762302 184.601639 127.542992 44.791676 218.270279 115.681068 12.367467 267.090179 140.603622 78.012077 209.366058 143.257248               4729 
19.986456 184.488373 126.821297 44.363182 218.032715 115.404907 12.292184 267.188049 140.721268 77.230888 208.614685 143.231873               4750 
20.398401 184.232376 126.121880 44.754673 217.861664 114.951492 12.978168 266.984406 141.155899 77.693306 208.086304 142.570587               4770 
20.397182 183.532089 125.056808 44.722065 217.407715 114.590027 12.639565 266.042908 141.386734 77.472603 207.255844 142.296829               4790 
21.925930 183.388245 124.856651 45.741615 217.553726 114.131187 13.416903 265.827881 141.324799 78.899162 207.752335 141.477768               4809 
22.649603 187.039200 126.036682 46.511204 220.777695 114.092369 13.523209 270.313049 139.072968 79.238190 212.395615 142.412170               4829 
23.662302 185.235764 123.028938 48.270073 219.106247 111.558441 16.646364 268.850983 138.686996 81.242172 209.421692 139.169601               4848 
18.836178 187.929764 116.591621 46.520035 221.364136 105.890015 15.337068 273.080048 130.291534 78.175423 211.857330 135.059906               4866 
15.806058 190.307220 109.119133 47.033974 223.477539 100.731354 16.443130 276.298492 123.928360 77.527695 213.455353 130.947479               4883 
16.305122 189.892517 98.676468 50.064476 223.878647 93.570671 18.651022 275.873810 121.495720 80.825844 212.890182 123.173325               4898 
1.680296 214.003540 68.724251 65.911232 226.851257 91.469429 17.353745 242.488480 110.144951 99.355278 214.855209 117.563805               4911 
-3.587360 219.974854 54.098362 68.913040 227.800964 84.208282 14.194398 231.255432 98.113129 102.336182 215.106857 109.997406               4923 
-4.238567 226.076508 38.269573 68.763878 228.875900 75.195892 12.288732 227.155975 83.559822 100.821793 215.107285 102.141045               4934 
-2.428442 234.074463 26.026447 69.336472 229.527451 67.539688 12.501553 226.908691 71.075844 99.487267 213.439743 95.386421               4945 
3.049286 244.059128 3.565600 70.788940 231.268967 51.046597 14.360421 228.580460 47.456234 97.744774 212.329453 80.338287               4962 
5.930220 246.952347 -4.771791 71.898148 232.533096 44.906052 15.848673 229.584854 38.681042 97.661293 213.155426 74.974174               4971 
13.818026 250.050171 -27.445326 74.664780 234.213226 28.050461 19.939333 230.051514 15.347564 97.500725 214.069656 59.926495               4988 
17.035894 251.666611 -36.555065 75.750114 234.408310 20.781427 21.552570 230.724609 5.913386 97.281364 213.556793 53.107040               4997 
24.311562 253.365921 -58.371880 77.650368 234.939484 3.695827 25.049477 231.448166 -16.142967 96.139458 213.602966 37.551876               5014 
26.867458 253.524597 -66.870247 78.379776 234.936676 -3.267391 26.540953 230.978622 -24.899727 95.920120 213.605804 31.093275               5023 
29.250553 254.224136 -75.948776 78.722778 235.017761 -10.835176 28.170988 229.943420 -34.912766 95.392433 213.360794 23.754189               5032 
33.170914 253.509247 -95.283409 78.380722 233.194916 -27.312939 31.053751 225.880676 -56.357681 93.391930 210.825424 7.581120               5049 
34.800331 254.072693 -104.380104 77.543976 232.398666 -35.147816 31.697237 225.025742 -66.391136 91.352577 209.477142 -0.115654               5058 
38.591251 255.208466 -129.049652 78.148422 229.497833 -59.082916 35.169792 222.716766 -93.639565 90.252190 205.041199 -24.460709               5084 
39.595741 251.450897 -137.932739 78.959061 227.616730 -67.103722 38.272717 217.976334 -103.181831 91.508598 203.894485 -32.131023               5101 
40.878418 249.520264 -141.784134 79.319229 226.510834 -70.138077 40.158085 215.599258 -107.331467 91.630562 203.124573 -34.855793               5110 
43.123051 251.188431 -150.552338 76.744492 221.724991 -78.813995 40.551933 214.051651 -119.472832 86.443726 195.391632 -44.816868               5127 
44.478363 251.975800 -153.259720 78.620514 221.177811 -82.309196 42.665497 213.852432 -123.143242 88.520859 194.248169 -48.841267               5141 
45.086567 247.420441 -163.360535 78.480095 218.733704 -91.153221 43.907608 209.440353 -132.801971 88.303886 192.675156 -56.980560               5162 
44.486458 247.478439 -167.206543 77.379173 217.743851 -95.180428 43.211208 208.885315 -137.268906 86.910057 191.225876 -61.279335               5171 
47.229439 252.753342 -176.762100 76.671379 212.194321 -108.533653 43.323841 210.165222 -152.273254 83.841064 181.199371 -78.017509               5196 
46.181255 251.214325 -177.231537 76.708511 213.600174 -107.790192 43.758686 208.944778 -151.679764 84.762878 183.762665 -76.354942               5205 
46.991806 252.244370 -178.791534 76.508545 214.690842 -108.838661 44.563271 209.311462 -153.528198 84.076294 184.947800 -77.193657               5222 
47.240490 252.543884 -179.261978 76.448387 215.018936 -109.154060 44.751534 209.386475 -154.085861 83.868965 185.303864 -77.447975               5231 
47.500313 254.521179 -184.938705 72.866669 216.608978 -113.541862 44.101315 210.696396 -160.512543 78.675293 186.686279 -81.695076               5248 
47.675652 256.030670 -186.344360 71.490051 216.058426 -115.535347 44.681061 210.853195 -163.955490 77.037010 185.062622 -84.683815               5266 
45.924751 253.958359 -188.475098 73.395126 217.576859 -117.072906 44.670124 209.617065 -164.166077 80.808182 188.028137 -85.209991               5275 
47.223579 258.073944 -192.933487 73.950966 217.315598 -123.646988 44.946686 211.992294 -171.374710 80.849586 185.891617 -93.509506               5292 
48.616589 262.426605 -196.361771 73.858582 218.106949 -128.721359 44.599983 215.299118 -176.798767 79.692513 185.301819 -99.857635               5300 
49.175644 261.533264 -200.769363 73.267044 220.931595 -130.553223 44.277412 215.410385 -179.010788 78.486549 189.554840 -100.031395               5318 
49.568134 260.425049 -201.602371 73.418915 220.727615 -130.853668 44.337711 214.243240 -179.596024 78.612167 189.606003 -100.067291               5335 
50.054543 260.019928 -201.331879 74.117294 219.231186 -131.292114 44.561268 213.031586 -180.296341 79.532501 187.567139 -101.102890               5352 
50.200703 258.665985 -201.491425 74.386086 218.976089 -131.021515 44.689117 211.900696 -180.217331 80.009048 187.494858 -100.679451               5378 
50.179485 258.042725 -201.662537 74.462425 219.018097 -130.928116 44.770481 211.511017 -180.155792 80.193665 187.687637 -100.450569               5387 
49.619751 256.389374 -202.073196 74.080383 218.857864 -130.790466 44.921825 210.373428 -180.297058 80.189606 187.775131 -100.133209               5405 
48.868286 254.587250 -202.455948 74.350525 218.972824 -130.705017 44.987377 209.159454 -179.971664 81.212212 188.416901 -99.679565               5414 
45.207497 249.186111 -200.011124 75.489670 218.883743 -127.956902 44.821754 205.198669 -175.622223 85.458961 190.039108 -96.146103               5423 
42.944923 242.641083 -198.403183 76.615105 217.346741 -126.369423 45.581543 200.386642 -172.934189 89.282814 189.928329 -94.258896               5443 
42.928761 242.091217 -198.417877 76.671249 217.583466 -126.291359 45.610760 200.255280 -172.772949 89.447098 190.309708 -94.100594               5453 
43.563866 242.461105 -198.844681 77.775253 218.647552 -126.812279 46.199024 200.926956 -172.910217 90.610985 191.540909 -94.504395               5472 
42.751190 240.096039 -197.460175 78.151024 218.535950 -125.295166 46.465710 199.102310 -170.674423 91.803032 192.400589 -92.524895               5482 
41.201172 233.605942 -196.158127 78.988930 218.124481 -123.764168 48.156830 194.417480 -167.755234 94.930801 194.455688 -90.164001               5502 
41.107327 230.882431 -195.943069 79.401558 217.747421 -123.445915 48.742447 192.657028 -166.821945 95.907684 194.999161 -89.484322               5511 
41.207287 230.949982 -195.894363 79.702148 217.829208 -123.569496 48.542995 192.953781 -166.719131 96.154831 194.987122 -89.644966               5522 
41.233334 228.823792 -195.764801 80.103920 217.835938 -123.486061 48.756058 192.062912 -165.966141 96.882523 195.676208 -89.269821               5541 
41.401096 228.175110 -195.773544 80.333900 217.700302 -123.534103 48.758324 191.805222 -165.799194 97.105850 195.656281 -89.239960               5550 
41.963497 227.358398 -193.426147 80.425217 217.005219 -121.548668 47.645000 192.537415 -163.753647 96.543671 194.163971 -87.463509               5580 
41.602070 226.890213 -192.174469 80.347725 216.770264 -120.603287 46.998512 192.549515 -162.553757 96.475571 193.786789 -86.618317               5590 
40.704300 227.348282 -188.669113 80.365669 216.707184 -118.099358 45.481030 193.674332 -159.533783 96.429604 192.987045 -84.593681               5601 
37.403282 224.773071 -177.617523 80.174599 216.674805 -109.258774 42.840588 193.395981 -148.399246 97.534309 193.276840 -76.175529               5622 
35.898342 223.405075 -172.752197 80.054604 216.702133 -105.646164 40.900555 193.852966 -143.191879 97.408516 193.478210 -72.437485               5633 
34.719501 228.730209 -168.342804 79.531120 217.244720 -102.540565 38.185974 198.482529 -139.940048 95.632439 191.779587 -70.359825               5643 
32.416698 235.345169 -161.655304 77.882507 220.047180 -96.225868 33.751095 203.303665 -131.348236 92.557838 194.946442 -63.091095               5664 
30.312706 240.157715 -157.319092 76.993652 220.827805 -92.292397 31.564400 203.794662 -125.912720 91.797958 196.547943 -58.607891               5683 
39.976223 241.441177 -153.407898 79.475670 223.122833 -83.208138 28.166143 207.824478 -115.367554 90.297935 199.258133 -47.758450               5694 
42.497074 237.916916 -147.764633 79.986710 223.636810 -74.929848 21.740223 208.580017 -104.280739 89.315010 201.042343 -38.244724               5737 
41.653706 236.928589 -145.616302 79.821465 223.464478 -72.918541 20.886536 208.688431 -101.406326 89.261795 201.242218 -36.035248               5744 
53.185101 234.841309 -143.133682 70.997452 223.960052 -62.430157 19.089048 214.115891 -103.865295 68.088104 204.076431 -23.193661               5758 
62.398819 232.714157 -137.516815 69.045288 224.133179 -54.802296 22.536654 215.064972 -102.461227 60.083618 205.777573 -15.737153               5767 
56.851967 188.499695 -95.464767 68.103386 220.638779 -41.901997 25.500593 209.271835 -94.995239 50.283421 212.203964 -2.473222               5784 
38.458069 201.517303 -62.530216 80.644150 223.293961 -11.872232 22.781103 214.740479 -42.143299 81.477943 211.157150 30.499083               5793 
18.621386 213.320572 -23.095325 80.971542 225.819778 10.550100 18.301411 214.502960 0.135409 97.766296 207.540115 46.979698               5810 
8.003202 211.601303 11.208616 76.651276 227.102951 32.283901 14.794377 208.979294 33.323883 102.330986 208.880585 63.135536               5836 
6.805668 210.936310 17.118305 75.839630 228.036545 36.123920 14.283684 209.002274 39.219017 102.546661 211.112335 66.842506               5845 
5.249905 205.741608 31.158371 73.257652 229.075348 47.752506 13.705452 204.756302 53.150856 102.357170 214.931641 77.694107               5863 
4.993813 206.867523 36.758442 73.418678 230.194061 52.319374 13.711707 206.296890 58.895546 102.832710 216.294800 82.067505               5871 
3.989052 207.692291 50.358078 73.226982 231.162308 63.081272 12.849639 208.518616 73.914818 103.917908 217.325836 91.540802               5888 
3.171251 206.007126 62.625057 72.058609 232.093719 72.848549 11.989701 208.514664 88.468918 104.632919 218.813538 99.416893               5906 
2.685571 204.727417 66.610596 71.386971 231.603912 76.944656 11.384788 207.635422 93.422562 104.377640 218.187531 102.924301               5914 
1.938653 205.411072 77.862076 70.917419 232.663940 86.890312 11.075510 209.052856 106.506111 104.867798 218.801743 111.355331               5932 
1.115800 209.876297 90.568398 71.369179 235.127609 96.106361 11.452205 214.675232 119.735558 105.890099 220.760712 119.456406               5949 
2.088335 207.125504 90.837944 70.402313 237.214539 97.649559 10.529131 215.491928 122.296844 104.967651 225.982132 122.597427               5957 
3.860445 219.817245 101.907150 76.687943 238.114197 103.613342 15.286580 233.457458 137.425873 110.147758 222.676468 127.809265               5970 
1.320844 223.401413 104.364235 74.927261 238.875549 103.059616 17.781290 259.461578 149.095596 107.838463 226.574738 129.684204               5987 
0.732826 222.631454 112.495796 73.369759 241.623108 107.024040 18.465424 264.822510 157.673019 108.102119 231.821274 132.340286               5995 
-0.332755 218.627563 122.093170 72.122162 236.245163 111.214584 29.754086 270.055450 171.764893 108.661453 224.044769 132.647171               6008 
0.547391 209.447708 128.440933 71.175735 234.535507 120.159645 31.736652 253.226486 190.574295 109.376984 220.194458 136.842712               6019 
0.828370 202.910202 134.021988 69.627380 233.365158 128.231140 33.335464 237.764084 203.401077 109.241302 218.496521 140.599930               6036 
0.490246 199.662338 133.747757 68.203819 232.683380 128.957245 31.895990 234.154510 204.447754 108.298660 218.877213 141.003784               6044 
0.375240 196.427200 135.846100 66.857254 232.023590 131.548080 31.620636 229.847946 207.707291 107.553925 219.217499 142.643616               6062 
0.166063 188.275375 135.793381 64.558258 227.744400 133.668610 30.990299 217.235352 209.951401 106.086082 216.297806 143.035629               6071 
0.298906 184.176361 135.044800 63.635704 225.418533 135.508896 29.898376 210.212540 210.985321 105.390739 214.602509 144.611420               6079 
0.331707 188.280487 135.459351 64.477562 228.304260 135.397400 28.233694 218.541733 210.669937 105.708328 217.287521 146.441879               6088 
3.398895 187.079803 137.765747 67.058960 227.451187 137.485748 32.562485 215.762543 213.350235 108.464401 215.873932 147.226501               6096 
6.221643 185.028915 139.549591 67.341385 228.592056 139.834717 34.519596 213.393967 215.874969 109.280785 218.219543 148.599609               6114 
7.989521 184.371780 139.761841 68.388550 228.511978 139.235382 36.743572 213.396927 215.823578 110.452209 218.126587 147.366684               6131 
9.039047 183.961563 139.854431 68.943253 228.469559 138.917908 37.925514 213.401901 215.791443 111.068428 218.075897 146.713226               6140 
9.815961 183.288345 139.712692 69.089035 228.344528 138.757141 38.481270 212.948013 215.756134 111.276131 218.032257 146.322311               6148 
9.937160 183.532425 139.474152 68.333031 229.368011 137.099747 38.442944 215.627548 214.727600 110.645058 219.513428 144.576752               6174 
10.123665 182.803955 139.219604 67.951523 229.305878 136.927765 38.367088 215.061218 214.565674 110.375259 219.840927 144.273956               6183 
10.203412 180.385239 138.217392 65.602432 229.621063 135.116516 37.446236 214.587433 212.875504 108.506065 222.132233 141.937180               6200 
10.414060 179.408768 137.873642 64.845634 229.629578 134.642761 37.185089 214.139069 212.375351 107.894913 222.813461 141.247696               6209 
10.521062 178.041367 137.091049 63.583755 229.577805 133.863968 35.400669 214.215240 210.356308 106.777397 223.667816 140.399048               6226 
9.337839 176.160416 134.817596 61.443188 228.657394 132.496658 32.282364 212.688599 208.072891 104.653336 223.422470 139.482697               6235 
6.413463 174.183533 131.092087 60.697643 224.368576 132.779907 29.575619 205.141617 206.382263 103.537552 216.692505 139.790329               6250 
6.173166 173.883713 130.475510 60.817852 223.583771 132.386536 29.614326 204.250793 205.760529 103.598816 215.401398 139.180923               6257 
5.935395 174.045853 130.189178 60.663742 223.499176 132.543335 28.216555 205.021088 205.374588 103.291161 215.020111 139.914520               6271 
4.816195 174.184540 128.853333 59.347183 223.760330 132.188538 25.469992 205.421646 204.338181 101.834419 215.347153 140.396988               6276 
