-7.870670 193.191162 80.342926 58.360477 213.243942 121.739395 15.116231 178.580597 125.396584 93.585281 216.491898 148.434937                  0 
-7.929217 193.404205 80.248253 58.361660 213.309769 121.701393 14.987787 178.835632 125.440918 93.589256 216.600769 148.387970                 15 
-7.972088 193.520477 80.186592 58.414715 213.204651 121.672356 14.897081 178.917587 125.465416 93.670708 216.471909 148.324326                 31 
-8.000995 193.406219 80.179558 58.378765 213.278885 121.621452 14.819900 179.067276 125.549988 93.636726 216.692963 148.252411                 47 
-8.038633 193.349167 80.151276 58.355022 213.344498 121.558685 14.758509 179.209534 125.605324 93.618721 216.883469 148.165726                 65 
-8.132774 193.484283 80.085548 58.330997 213.381546 121.514084 14.674515 179.345627 125.621933 93.595062 216.970734 148.113922                 83 
-8.246902 193.626450 80.090523 58.335274 213.364288 121.504425 14.625362 179.426559 125.626686 93.608604 216.957565 148.091415                103 
-8.349711 193.722824 80.113762 58.367950 213.272827 121.491631 14.632190 179.389374 125.596985 93.669434 216.835999 148.045288                122 
-8.451282 193.822800 80.145569 58.389675 213.196182 121.484779 14.604862 179.393387 125.561676 93.712189 216.709045 148.017166                141 
-8.528928 193.929794 80.136665 58.387177 213.174957 121.474754 14.556509 179.447311 125.531731 93.711960 216.663300 148.007355                161 
-8.529855 193.841965 80.097549 58.463314 212.898804 121.447739 14.614521 179.181412 125.409164 93.822533 216.300079 147.945755                180 
-8.583653 193.837708 80.067627 58.461040 212.880066 121.375587 14.557899 179.238983 125.387688 93.838112 216.297119 147.847733                200 
-8.635591 193.787918 80.086136 58.505672 212.780991 121.301186 14.525331 179.225357 125.394119 93.929115 216.183624 147.713120                221 
-8.678546 193.812241 80.099197 58.501038 212.775742 121.293144 14.435823 179.322449 125.436775 93.930130 216.174210 147.698013                241 
-8.739138 193.897324 80.063713 58.450569 212.793213 121.291962 14.378428 179.349731 125.375183 93.870850 216.164383 147.712158                261 
-8.760090 194.026794 80.081299 58.498398 212.736908 121.295967 14.417597 179.300705 125.293098 93.951073 216.001480 147.686096                284 
-8.770780 194.162445 80.095383 58.547527 212.682358 121.306702 14.450886 179.259918 125.211327 94.029129 215.834167 147.671646                307 
-8.781736 194.288162 80.083725 58.564053 212.639572 121.329079 14.449390 179.234222 125.125092 94.055740 215.689926 147.692368                331 
-8.787689 194.427979 80.101051 58.584030 212.673203 121.351067 14.451715 179.290573 125.076866 94.079155 215.656937 147.717346                355 
-8.793747 194.609314 80.106300 58.592060 212.737991 121.379448 14.422046 179.397995 125.019585 94.076286 215.642075 147.769287                379 
-8.766685 194.786774 80.025948 58.636677 212.566193 121.414696 14.398151 179.287735 124.793709 94.107224 215.236588 147.847580                404 
-8.785343 194.786743 80.071335 58.630810 212.559906 121.423012 14.354975 179.326508 124.746330 94.090302 215.182236 147.875534                428 
-8.805717 194.706345 80.170639 58.629627 212.559631 121.425270 14.330127 179.357025 124.731010 94.085098 215.161987 147.885147                452 
-8.819385 194.699310 80.239174 58.618042 212.554214 121.448402 14.260276 179.418106 124.687721 94.060822 215.081635 147.932541                479 
-8.969358 194.572006 80.251694 58.471500 212.706055 121.308319 14.137610 179.561050 124.677765 93.920609 215.358597 147.771744                501 
-9.365347 194.792923 80.017914 57.841209 213.657928 121.088417 13.513332 180.565048 124.680779 93.145370 216.715881 147.701447                525 
-9.451394 194.836594 80.113441 57.833096 213.661606 121.037811 13.452950 180.651810 124.712273 93.184395 216.670517 147.593781                549 
-9.380743 194.577744 80.209854 57.829567 213.614319 121.012085 13.434420 180.619797 124.680893 93.189095 216.594452 147.560349                617 
-9.355107 194.525269 80.236748 57.839432 213.609589 121.002213 13.428811 180.632126 124.675270 93.202133 216.574997 147.547897                640 
-9.331835 194.544464 80.231865 57.859516 213.598190 120.992935 13.429469 180.642822 124.640984 93.224007 216.522644 147.540771                663 
-9.291440 194.561844 80.217514 57.883476 213.575302 120.984421 13.429589 180.645035 124.591721 93.249054 216.442169 147.537094                685 
-9.241298 194.517059 80.239113 57.899456 213.574982 120.982216 13.431550 180.661697 124.569771 93.264961 216.411469 147.538254                708 
-9.193921 194.472733 80.247002 57.910683 213.568893 120.980698 13.430962 180.669220 124.544579 93.274353 216.376740 147.542221                730 
-9.124417 194.290604 80.304352 57.942802 213.522278 120.978539 13.484777 180.592972 124.550438 93.318169 216.339737 147.523468                753 
-9.090597 194.347015 80.466637 58.014030 213.645584 121.011787 13.580193 180.704727 124.618965 93.428642 216.453644 147.505325                775 
-9.074379 194.354614 80.781952 58.148788 213.733414 121.085770 13.718300 180.810104 124.892967 93.641586 216.589172 147.469360                798 
-8.970629 194.420120 81.118629 58.345695 213.735229 121.290382 13.850736 180.896286 125.225632 93.889931 216.558792 147.608109                821 
-8.749068 194.355530 81.518303 58.626415 213.755951 121.539528 14.157660 180.896271 125.617104 94.225182 216.639603 147.776901                844 
-8.433267 193.902451 82.322914 59.348915 213.353973 121.601280 14.859347 180.606949 126.326439 95.231163 216.309845 147.441452                869 
-8.405861 193.734497 82.488953 59.472538 213.160904 121.593781 14.952719 180.490891 126.551544 95.440796 216.147781 147.310516                892 
-8.422262 193.791794 82.540192 59.513012 213.109970 121.586197 14.996250 180.456650 126.641029 95.544586 216.082321 147.215836                916 
-8.420358 193.838882 82.623199 59.598465 213.000046 121.583923 15.095779 180.350250 126.740700 95.716331 215.937119 147.095901                938 
-8.411616 193.876343 82.690628 59.666164 212.902695 121.604424 15.175590 180.253098 126.811104 95.848190 215.798462 147.030060                961 
-8.388698 193.902359 82.730980 59.685833 212.865723 121.676109 15.210979 180.205032 126.881371 95.888840 215.751175 147.073044                983 
-8.289323 193.884491 82.823051 59.796410 212.682999 121.811752 15.334359 180.005142 126.975372 96.044708 215.496185 147.152130               1006 
-8.167562 193.852356 83.017525 59.957767 212.615433 121.930611 15.520881 179.937561 127.250572 96.282555 215.468307 147.156769               1028 
-8.054027 193.860489 83.135239 60.084229 212.599106 122.002930 15.673207 179.921616 127.474312 96.471970 215.504944 147.132126               1051 
-7.972240 193.860123 83.109306 60.090195 212.672531 122.055321 15.727319 179.952774 127.591866 96.479065 215.680191 147.170898               1073 
-7.953094 193.860931 83.089729 60.027115 212.782776 122.113976 15.718522 180.016479 127.715981 96.404266 215.918060 147.230911               1096 
-7.936506 193.851028 83.043747 59.982212 212.796097 122.153282 15.719617 179.974976 127.743401 96.350853 215.985168 147.275772               1118 
-7.901267 193.812912 82.897964 59.861759 212.895721 122.200607 15.643031 180.004303 127.701233 96.162186 216.175049 147.409988               1141 
-7.782521 193.661591 82.721107 59.655777 213.187119 122.363121 15.532277 180.151779 127.734810 95.789154 216.722778 147.777023               1164 
-7.679208 193.569794 82.679474 59.673008 213.194427 122.419411 15.554999 180.143402 127.767487 95.771431 216.789047 147.874664               1187 
-7.574987 193.506607 82.603172 59.699173 213.152023 122.470093 15.577651 180.090622 127.764893 95.765495 216.770599 147.967422               1209 
-7.447557 193.477432 82.523300 59.677460 213.206924 122.605194 15.579563 180.104965 127.816132 95.667397 216.908676 148.198349               1230 
-7.287243 193.462921 82.416451 59.610882 213.321014 122.826042 15.552416 180.158646 127.913857 95.474632 217.161453 148.575409               1252 
-7.317111 193.621964 82.330444 59.627308 213.290543 122.813705 15.582874 180.158447 128.016006 95.508354 217.219559 148.525589               1273 
-7.365763 193.703537 82.263824 59.619812 213.138626 122.860046 15.563658 180.055099 128.144531 95.502594 217.129669 148.559952               1295 
-7.392870 193.897415 82.166763 59.641327 213.062744 122.908539 15.587378 180.005051 128.260910 95.522461 217.121765 148.600098               1316 
-7.410180 194.053085 82.091721 59.658733 213.001358 122.947777 15.604568 179.969040 128.354172 95.538589 217.115356 148.632370               1337 
-7.372910 194.128922 82.051308 59.688095 212.961594 123.017380 15.644515 179.935638 128.480911 95.560410 217.150024 148.700485               1358 
-7.384607 194.265778 82.037132 59.675827 212.998917 123.113380 15.634344 180.005493 128.623795 95.525375 217.273941 148.813995               1379 
-7.311973 194.291794 82.065834 59.722923 212.985092 123.245369 15.703362 179.987122 128.805374 95.555527 217.354980 148.953659               1400 
-7.171417 194.287827 82.121971 59.841110 212.925781 123.402596 15.859948 179.912567 128.986969 95.664658 217.377090 149.109543               1421 
-7.061184 194.327255 82.135780 59.933563 212.879379 123.525597 15.971464 179.856857 129.145462 95.750008 217.394379 149.231339               1442 
-6.968408 194.385010 82.128281 60.008587 212.841721 123.625397 16.060648 179.814926 129.273392 95.819244 217.408401 149.330063               1463 
-6.827406 194.448853 82.113640 60.148880 212.718628 123.736832 16.226471 179.664429 129.386673 95.964668 217.307510 149.430389               1485 
-6.710340 194.531464 82.048210 60.182743 212.756607 123.870804 16.304443 179.658615 129.488007 95.952187 217.439377 149.611938               1507 
-6.602052 194.649490 82.014359 60.258995 212.698761 124.007423 16.411455 179.566971 129.574768 96.005981 217.413025 149.773987               1529 
-6.519833 194.792480 81.968277 60.321289 212.651489 124.119041 16.495626 179.493332 129.650375 96.049896 217.391449 149.906387               1551 
-6.371092 194.900375 81.961960 60.492550 212.521942 124.223999 16.706112 179.314880 129.724716 96.230598 217.267029 149.997314               1573 
-6.245926 195.021667 81.948120 60.656193 212.450531 124.273079 16.888443 179.227051 129.777313 96.407364 217.203476 150.026749               1596 
-6.196023 195.091980 81.892471 60.683144 212.485748 124.304871 16.924868 179.257889 129.815323 96.410599 217.297775 150.080460               1619 
-6.119074 195.080307 81.868011 60.732822 212.488037 124.347275 17.007402 179.221497 129.862228 96.438728 217.372604 150.139084               1642 
-6.055530 195.096359 81.837234 60.777870 212.490128 124.385727 17.083693 179.188477 129.902069 96.464127 217.440414 150.192184               1665 
-5.960879 195.156067 81.796455 60.892876 212.384674 124.444107 17.242939 179.021973 129.945343 96.574150 217.381607 150.248459               1689 
-5.860756 195.158005 81.757080 60.985558 212.174988 124.570900 17.394566 178.716721 129.992004 96.647316 217.205460 150.395706               1712 
-5.786396 195.200317 81.711563 61.058891 212.009048 124.671234 17.521799 178.468842 130.022507 96.705132 217.065948 150.512314               1736 
-5.666498 195.121170 81.687576 61.156113 211.671860 124.836906 17.680908 178.013687 130.035828 96.781364 216.708771 150.710815               1759 
-5.591588 195.105606 81.718552 61.129639 211.629288 125.060081 17.678442 177.928024 130.184357 96.691048 216.730194 151.009155               1783 
-5.528275 195.154129 81.707260 61.083733 211.673401 125.233887 17.618689 177.984375 130.304840 96.572968 216.832504 151.270126               1806 
-5.505147 195.166321 81.565086 60.947758 211.615875 125.367516 17.448294 177.950211 130.273361 96.337631 216.768112 151.540009               1830 
-5.545317 195.215042 81.347267 60.828907 211.497650 125.332138 17.274246 177.882858 130.081680 96.165939 216.564835 151.592484               1854 
-5.573867 195.256439 81.152809 60.739052 211.390549 125.284088 17.144396 177.809402 129.895355 96.035797 216.377975 151.613785               1877 
-5.606036 195.304825 80.941559 60.650558 211.233627 125.230064 17.009169 177.689392 129.671341 95.910202 216.107895 151.630569               1901 
-5.602983 195.327774 80.819786 60.572941 211.303497 125.205589 16.927023 177.760437 129.606506 95.788651 216.210693 151.658585               1925 
-5.601215 195.241867 80.343086 60.103001 211.523193 125.295982 16.510698 177.874374 129.378464 95.055878 216.602524 152.063217               1948 
-5.558347 195.175293 80.116608 59.958271 211.510345 125.293526 16.397398 177.805069 129.192413 94.812981 216.612457 152.184143               1972 
-5.637806 194.875259 79.144104 58.948040 212.089478 125.261772 15.520969 178.201675 128.644547 93.275459 217.629089 152.737747               1995 
-5.876621 194.670456 77.878441 57.831463 213.138046 124.688072 14.482791 179.183838 127.938782 91.637276 219.356064 152.661102               2019 
-5.848246 194.457748 78.005531 58.084606 212.980209 124.491341 14.769742 178.999680 127.915512 92.002907 219.212967 152.324585               2041 
-5.826527 194.247528 78.131546 58.340939 212.820389 124.292130 15.033335 178.834915 127.913254 92.372482 219.068405 151.983353               2063 
-5.804737 194.112091 78.213432 58.527687 212.703964 124.146996 15.200776 178.736115 127.930931 92.641312 218.963303 151.734467               2084 
-5.789397 194.021164 78.274178 58.662682 212.619797 124.042084 15.299980 178.685043 127.959473 92.835419 218.887436 151.554413               2106 
-5.767209 193.956573 78.384430 58.833729 212.461380 123.982201 15.433412 178.561737 127.997177 93.085983 218.677887 151.407120               2127 
-5.750099 193.921738 78.497231 58.956570 212.363159 123.969536 15.522581 178.499588 128.063828 93.267456 218.544846 151.328949               2149 
-5.735962 193.895401 78.582146 59.049881 212.288559 123.959908 15.589633 178.454422 128.113983 93.405212 218.443878 151.269455               2170 
-5.699240 193.856033 78.639473 59.136528 212.054001 124.022850 15.657588 178.225052 128.094696 93.521492 218.093170 151.321030               2192 
-5.667479 193.824829 78.686768 59.207214 211.862625 124.074203 15.713675 178.038940 128.077744 93.616531 217.807159 151.362473               2213 
-5.619263 193.814011 78.723740 59.306633 211.653137 124.112328 15.776642 177.857498 128.051834 93.746048 217.481766 151.387619               2235 
-5.579422 193.805069 78.753128 59.384041 211.490036 124.142014 15.823289 177.721985 128.031113 93.846985 217.228485 151.406693               2257 
-5.541850 193.809448 78.794250 59.466400 211.371140 124.162910 15.834907 177.669449 128.065460 93.956184 217.039078 151.408417               2278 
-5.511064 193.814087 78.827179 59.532127 211.276260 124.179596 15.815444 177.650681 128.119141 94.043335 216.887985 151.409592               2300 
-5.485301 193.822769 78.853210 59.586479 211.197800 124.193390 15.829304 177.615250 128.133987 94.115425 216.763062 151.410431               2324 
-5.464888 193.827499 78.874634 59.629547 211.135620 124.204323 15.818666 177.606033 128.164429 94.172554 216.664108 151.411011               2349 
-5.447564 193.835785 78.890785 59.665649 211.083511 124.213478 15.827422 177.583832 128.174088 94.220444 216.581177 151.411453               2373 
-5.432837 193.841003 78.905586 59.696556 211.038895 124.221329 15.835637 177.562393 128.183289 94.261452 216.510193 151.411774               2397 
-5.418468 193.844666 78.917877 59.723049 211.000641 124.228050 15.834860 177.550705 128.197937 94.296600 216.449341 151.412033               2422 
-5.407053 193.847580 78.929146 59.746372 210.966980 124.233971 15.831651 177.543152 128.212692 94.327545 216.395782 151.412231               2446 
-5.366710 193.850922 78.958839 59.780239 210.998993 124.260651 15.840080 177.606674 128.274109 94.357704 216.446594 151.439880               2471 
-5.440192 193.339996 78.929871 59.668171 211.122482 124.038155 15.879739 177.567688 128.350677 94.246407 216.935547 151.140579               2495 
-5.696096 193.104370 78.838249 59.420494 211.379868 123.706238 15.692193 177.789856 128.331726 94.019798 217.463760 150.722198               2520 
-5.963152 193.145645 78.747398 59.118866 211.879120 123.435020 15.365055 178.384872 128.340164 93.700180 218.203201 150.418839               2543 
-6.095646 193.131241 78.749901 58.959560 212.204834 123.279854 15.197235 178.784058 128.334015 93.526062 218.676804 150.247589               2567 
-6.196232 193.121902 78.773552 58.858513 212.411438 123.181435 15.103617 179.031509 128.315323 93.416016 218.977173 150.138031               2589 
-6.271654 193.119370 78.805061 58.792957 212.530045 123.129532 15.048953 179.176788 128.298569 93.345230 219.149506 150.079681               2612 
-6.348623 193.105438 78.846748 58.708244 212.667267 123.100555 14.991076 179.330475 128.291672 93.243629 219.360275 150.054184               2635 
-6.426215 193.112396 78.886154 58.639725 212.778244 123.077118 14.936574 179.459427 128.293976 93.161568 219.530792 150.033249               2658 
-6.467984 193.100693 78.951485 58.638325 212.780212 123.075439 14.939622 179.466309 128.282471 93.159317 219.534103 150.032333               2681 
-6.478873 193.089066 79.008377 58.677650 212.738251 123.072510 14.980076 179.426834 128.263702 93.206757 219.471130 150.024261               2703 
-6.413208 193.121063 79.081863 58.728062 212.768143 123.164780 15.013436 179.485489 128.312134 93.231331 219.495132 150.151062               2726 
-6.257676 193.259750 79.153465 58.917946 212.598343 123.320114 15.154568 179.361954 128.313538 93.423767 219.162735 150.343155               2749 
-6.136673 193.384613 79.216141 59.073833 212.458939 123.447639 15.268372 179.261566 128.318054 93.581711 218.889694 150.500183               2772 
-5.978117 193.510223 79.239494 59.230282 212.291473 123.594131 15.377934 179.128815 128.283020 93.725822 218.557678 150.700958               2795 
-5.702078 193.599823 79.273964 59.538055 211.810104 123.812759 15.627552 178.662094 128.175964 94.041611 217.756393 150.981384               2818 
-5.584781 193.872116 79.276855 59.668365 211.558044 123.993614 15.662266 178.496506 128.113708 94.161331 217.248016 151.230484               2841 
-5.543369 194.112991 79.280968 59.740017 211.410706 124.099197 15.665069 178.414063 128.077026 94.226105 216.942444 151.377350               2864 
-5.507098 194.198761 79.238731 59.760822 211.352707 124.125298 15.639441 178.388077 128.045120 94.223076 216.836792 151.443161               2887 
-5.476705 194.251068 79.209755 59.776485 211.309036 124.144951 15.607900 178.379150 128.031494 94.220787 216.757172 151.492630               2910 
-5.443776 194.274094 79.183701 59.790039 211.271240 124.161957 15.596313 178.358994 128.004608 94.218811 216.688217 151.535370               2932 
-5.409538 194.369034 79.164711 59.806019 211.334198 124.167786 15.567545 178.475464 128.001480 94.216621 216.735733 151.567078               2955 
-5.370308 194.471100 79.142746 59.817631 211.405151 124.177536 15.528372 178.606323 127.996605 94.204941 216.787933 151.609741               2978 
-5.337583 194.548767 79.136467 59.829117 211.463303 124.185730 15.504388 178.709808 127.985672 94.197479 216.829239 151.644974               3000 
-5.307584 194.614761 79.142677 59.852188 211.508301 124.184341 15.499441 178.792007 127.970314 94.210136 216.855194 151.660324               3023 
-5.284962 194.677704 79.148903 59.872265 211.547470 124.183128 15.493940 178.864639 127.958038 94.221130 216.877808 151.673691               3046 
-5.250964 194.886673 79.118843 59.833019 211.763931 124.232094 15.384079 179.180832 127.981987 94.124260 217.100418 151.793304               3070 
-5.207075 195.074677 79.118874 59.822952 211.987885 124.266190 15.328886 179.480194 128.003799 94.070145 217.340469 151.878998               3092 
-5.162205 195.203644 79.154427 59.859306 212.124146 124.280128 15.332588 179.673981 128.021378 94.092087 217.471558 151.911819               3116 
-5.130985 195.302719 79.180153 59.888065 212.218033 124.288788 15.335872 179.812881 128.031586 94.112129 217.557236 151.932846               3140 
-5.107373 195.375961 79.207314 59.911148 212.293381 124.295738 15.343600 179.919586 128.035858 94.128212 217.626053 151.949722               3165 
-5.086901 195.434036 79.231934 59.930412 212.356262 124.301537 15.352044 180.006424 128.038376 94.141617 217.683517 151.963806               3189 
-5.070989 195.472275 79.257149 59.948235 212.393982 124.307068 15.375731 180.051392 128.025742 94.157158 217.711075 151.974121               3213 
-5.057621 195.505875 79.278564 59.963711 212.426743 124.311874 15.385556 180.097336 128.025330 94.170639 217.735001 151.983078               3238 
-5.045849 195.526382 79.304756 59.977383 212.455688 124.316116 15.398819 180.133972 128.021454 94.182549 217.756134 151.991013               3262 
-5.036497 195.542755 79.328583 59.996357 212.468384 124.314064 15.429722 180.144958 128.000839 94.204765 217.755493 151.987503               3287 
-5.032897 195.550903 79.354866 60.014008 212.465729 124.313370 15.446596 180.148911 127.986198 94.226059 217.733643 151.985962               3311 
-5.027894 195.557693 79.377342 60.030449 212.463257 124.312721 15.462973 180.151001 127.972679 94.245880 217.713287 151.984528               3336 
-5.021201 195.564087 79.396019 60.045570 212.460968 124.312126 15.474556 180.155731 127.963142 94.264107 217.694550 151.983215               3360 
-5.016803 195.577896 79.409119 60.059769 212.458832 124.311562 15.483290 180.163132 127.955254 94.281212 217.676971 151.981964               3385 
-5.013881 195.586777 79.425980 60.072987 212.456848 124.311043 15.488033 180.172668 127.950981 94.297134 217.660599 151.980820               3410 
-5.012356 195.595016 79.443558 60.085293 212.454987 124.310555 15.491490 180.182022 127.948082 94.311951 217.645355 151.979736               3435 
-5.014042 195.605667 79.462585 60.095837 212.429840 124.316109 15.490583 180.170227 127.929657 94.324738 217.586502 151.988815               3461 
-5.012952 195.627106 79.484634 60.117237 212.408539 124.313805 15.498545 180.165817 127.901482 94.350746 217.524567 151.988358               3537 
-5.014368 195.622528 79.489792 60.116199 212.405075 124.312248 15.496445 180.164017 127.888390 94.347961 217.512650 151.990524               3562 
-5.009744 195.622589 79.442528 60.104763 212.358170 124.291725 15.469678 180.130066 127.799950 94.321999 217.415878 151.997116               3587 
-5.013710 195.629166 79.390312 60.086044 212.316925 124.268372 15.434239 180.102173 127.709076 94.286430 217.326294 152.003326               3613 
-5.018075 195.629257 79.313377 60.070259 212.253235 124.220238 15.395887 180.056259 127.587914 94.254433 217.203033 151.985855               3638 
-5.001217 195.613754 79.255569 60.115952 212.200546 124.124847 15.439335 179.993805 127.462494 94.310951 217.103714 151.885406               3663 
-4.992421 195.603836 79.200874 60.172680 212.180405 123.996048 15.494913 179.960266 127.334976 94.388641 217.048767 151.736893               3689 
-4.996671 195.594009 79.180923 60.214828 212.156357 123.908600 15.529074 179.926910 127.253052 94.450340 216.988983 151.631577               3714 
-5.005458 195.581726 79.172142 60.248798 212.136978 123.838120 15.529192 179.914536 127.217484 94.500084 216.940857 151.546600               3739 
-5.022749 195.573181 79.178413 60.275860 212.119476 123.783058 15.527201 179.906067 127.186768 94.540787 216.895065 151.479553               3764 
-5.039448 195.550964 79.171997 60.292850 212.013885 123.760864 15.521543 179.794006 127.114197 94.565620 216.711365 151.461014               3789 
-5.070399 195.218842 79.086456 60.160152 212.017426 123.700859 15.511338 179.592484 127.015739 94.381683 216.857452 151.439804               3814 
-5.086457 194.810822 78.980270 59.981258 212.003311 123.682648 15.469390 179.350204 126.922417 94.119720 217.012314 151.493851               3839 
-5.098366 194.498810 78.890617 59.825985 212.037582 123.668785 15.415369 179.215439 126.867836 93.889450 217.204010 151.543076               3863 
-5.106429 194.424591 78.791626 59.760410 211.961411 123.654716 15.340086 179.117950 126.783134 93.787399 217.111359 151.576569               3888 
-5.051635 194.233322 78.781456 59.781204 211.893616 123.645432 15.353680 178.986572 126.845589 93.802551 217.102142 151.563293               3912 
-5.062845 194.202133 78.710144 59.682388 211.950638 123.669266 15.272395 179.001526 126.822037 93.653114 217.206451 151.639847               3936 
-5.065709 194.249161 78.680534 59.667282 212.011765 123.658150 15.239239 179.077866 126.817894 93.623993 217.279297 151.643555               3960 
-5.076449 194.289627 78.680931 59.683525 212.026794 123.647629 15.238386 179.109940 126.817665 93.642220 217.286270 151.632141               3984 
-5.108552 194.339294 78.667221 59.672878 212.030716 123.639061 15.196874 179.147339 126.804283 93.627419 217.267334 151.632889               4008 
-5.144907 194.393188 78.641556 59.666908 212.027435 123.615479 15.162161 179.178055 126.766434 93.618515 217.232971 151.618668               4032 
-5.188523 194.438965 78.647247 59.671852 212.023941 123.597923 15.141790 179.205765 126.746147 93.627792 217.200439 151.601242               4056 
-5.223737 194.467789 78.655090 59.676407 212.020721 123.581757 15.123804 179.230972 126.726646 93.636307 217.170502 151.585190               4080 
-5.249967 194.456375 78.680519 59.681267 212.024414 123.578682 15.120641 179.245010 126.714943 93.639381 217.162674 151.586411               4104 
-5.266769 194.487030 78.673904 59.696308 211.994293 123.571320 15.109454 179.244568 126.667603 93.652161 217.079559 151.591461               4128 
-5.286044 194.538452 78.670555 59.717716 211.975418 123.558052 15.094970 179.267960 126.627800 93.675285 217.005127 151.586136               4153 
-5.298253 194.614655 78.653000 59.763649 211.929581 123.529816 15.089552 179.282730 126.555382 93.726982 216.869446 151.566895               4177 
-5.316308 194.720505 78.630966 59.829712 211.866318 123.487144 15.089230 179.296936 126.464424 93.805115 216.689804 151.529861               4202 
-5.342646 194.798584 78.611824 59.865307 211.824341 123.457840 15.071197 179.317062 126.389854 93.843567 216.557785 151.512436               4227 
-5.375115 194.831924 78.612732 59.897812 211.789139 123.430824 15.059924 179.332886 126.315582 93.874496 216.445953 151.500153               4252 
-5.404711 194.836273 78.624878 59.925957 211.758667 123.407425 15.047551 179.347458 126.254578 93.901199 216.349075 151.489426               4277 
-5.447579 194.855148 78.639290 59.932499 211.785904 123.385460 15.000110 179.432861 126.225174 93.897079 216.335403 151.487015               4302 
-5.450004 194.868179 78.645569 59.982578 211.797028 123.347809 14.975816 179.522324 126.178772 93.939217 216.282120 151.469315               4327 
-5.484731 194.891998 78.676842 60.016590 211.794907 123.328300 14.943095 179.588074 126.159271 93.972939 216.218292 151.459915               4352 
-5.532889 195.093002 78.677536 60.054871 211.978806 123.245903 14.873560 179.922089 126.160515 94.014824 216.374863 151.377457               4377 
-5.662642 195.275970 78.633499 60.056103 212.199158 123.025970 14.782976 180.284760 126.139359 94.056335 216.627167 151.103806               4402 
-5.768099 195.434952 78.605217 60.067337 212.354462 122.851578 14.715033 180.560883 126.128700 94.107941 216.793457 150.878708               4426 
-5.930045 195.540253 78.664902 60.082260 212.459625 122.682640 14.670110 180.762146 126.167099 94.197548 216.910690 150.616898               4451 
-5.971192 195.598633 78.625557 60.084614 212.506317 122.603081 14.609497 180.890472 126.152229 94.201073 216.952164 150.536743               4475 
-6.010670 195.661423 78.594826 60.065140 212.547134 122.563400 14.543557 180.989090 126.144997 94.176430 216.982376 150.505066               4500 
-6.011475 195.647949 78.642899 60.142754 212.597153 122.494415 14.598945 181.043777 126.210243 94.288048 217.065659 150.389206               4524 
-6.056094 196.154266 78.243362 59.965622 213.951035 121.987488 13.831355 183.173065 126.665184 93.938179 219.010406 149.992065               4548 
-5.954288 197.220184 77.591415 59.891365 215.572662 121.392105 12.497241 186.360184 127.689613 93.649063 221.098984 149.567734               4572 
-4.938146 200.027359 76.276016 62.117882 218.340073 118.243866 13.302846 191.477020 127.516502 96.491188 224.042099 145.629089               4593 
-3.872947 207.955566 78.060318 67.305527 225.896622 112.837471 17.519785 203.723267 128.917908 104.023415 231.851166 136.927475               4611 
-2.742311 215.051468 72.841927 70.776375 225.619339 105.229652 17.963985 212.473389 123.818314 108.274544 227.246826 128.792908               4629 
-4.973530 215.078659 60.909916 67.257416 223.502823 95.558144 12.701142 212.092163 111.362358 103.490913 222.332855 121.048393               4645 
-6.586538 217.227890 52.299362 64.547676 223.484726 89.374008 9.238299 212.060577 102.264297 99.693161 220.286453 116.179855               4656 
-7.931699 223.264359 29.519291 58.082058 224.490097 75.411156 1.773909 212.758499 78.809883 89.257683 217.483307 106.119019               4677 
-8.144115 225.275070 23.451586 57.105511 225.364273 70.414291 0.988790 213.716263 71.749893 87.511635 217.470810 101.673676               4687 
-13.386955 232.508804 7.453379 52.071571 224.933578 53.539413 -3.795704 213.527985 52.259830 82.263000 211.926636 83.259521               4705 
-14.746354 234.560501 0.270597 50.072113 224.867538 46.866173 -5.712333 213.493790 43.942017 79.755333 210.372192 76.409004               4713 
-15.606936 239.344849 -18.289223 45.462914 225.846832 32.165276 -9.653837 213.954132 22.881981 72.641785 208.421295 62.523922               4731 
-17.055634 244.032608 -36.066219 40.686859 227.025787 16.999800 -13.516848 214.346802 2.030173 65.810150 206.723129 47.341354               4748 
-19.679430 250.397003 -51.174793 36.420570 230.373917 2.332032 -17.529144 218.464508 -15.673058 60.326103 207.540146 31.846991               4766 
-21.234480 251.359421 -57.752903 33.720852 229.996964 -3.695511 -19.875681 218.288559 -23.678984 56.946915 205.939346 25.386591               4774 
-26.396246 253.855820 -72.951271 27.144787 229.085876 -18.975218 -26.072535 217.107254 -42.315845 49.948765 202.506287 8.181591               4791 
-30.266047 252.702393 -87.775970 22.522690 226.091797 -33.857536 -28.834631 211.255310 -61.722466 46.533676 198.352432 -8.998166               4809 
-32.432674 253.397385 -92.197472 20.460573 226.690857 -38.301777 -31.298407 210.988022 -66.205841 44.677322 198.908966 -13.690738               4817 
-36.947819 253.991165 -105.255699 15.841446 228.489471 -50.303951 -35.402458 209.895264 -79.377281 40.661850 201.360214 -25.566555               4835 
-39.033253 254.164993 -118.330948 13.202976 227.679184 -62.789192 -39.439743 210.128723 -90.690384 36.843311 200.346832 -37.136421               4852 
-40.732376 252.143539 -122.632088 12.465715 226.454742 -67.036201 -40.471478 207.722656 -93.882828 36.412426 200.007233 -40.747944               4861 
-42.981815 256.554535 -130.602783 11.714142 225.397491 -77.413200 -43.020748 206.759949 -101.093903 35.259815 200.066895 -49.701286               4878 
-46.037682 258.020996 -131.221741 10.156074 224.609909 -80.152161 -44.361290 204.999908 -103.956245 34.538460 199.155075 -53.290691               4888 
-49.607540 261.131653 -145.278900 6.515039 224.993561 -94.858727 -50.106213 205.886261 -114.788002 30.616375 200.681503 -66.715576               4913 
-52.281597 261.653870 -154.402817 3.215004 222.296158 -105.173225 -55.291573 205.540894 -122.484253 26.866186 197.480988 -77.087341               4939 
-52.044067 261.844147 -157.654480 2.719380 222.701141 -107.225700 -55.629387 205.357040 -125.034378 26.001371 198.395950 -78.395256               4948 
-55.508976 263.906250 -158.196609 0.960919 224.009018 -109.892014 -57.250809 205.058685 -127.349113 25.325319 199.695236 -81.977798               4965 
-57.461494 264.776947 -159.545334 -0.601411 224.160690 -112.144272 -59.131779 205.338455 -128.960724 24.000116 199.695496 -84.572418               4974 
-57.178478 264.244873 -163.113663 -1.000546 223.684219 -114.623978 -59.984867 205.030106 -130.741806 23.240170 199.736954 -86.288414               4983 
-63.180813 267.704132 -163.983337 -4.979130 225.447739 -119.220520 -64.233360 206.305176 -134.406372 20.484219 200.705841 -92.698006               5000 
-64.830681 268.196259 -165.066711 -6.045403 225.887878 -121.015106 -65.223190 206.211700 -136.104858 19.767508 201.140457 -94.837898               5008 
-65.443169 267.612885 -167.878540 -6.860630 224.574738 -124.036789 -66.555450 205.484589 -138.132568 18.860476 199.849503 -97.748466               5026 
-66.183632 267.765717 -168.708679 -7.318433 225.044281 -124.836411 -66.879570 205.493195 -138.897568 18.569761 200.573685 -98.473946               5034 
-66.444710 268.743439 -169.547516 -7.685867 225.698135 -125.737091 -67.102524 206.015182 -140.336945 18.132612 201.111343 -99.414406               5043 
-66.667809 270.123322 -171.657928 -8.320722 226.304993 -127.941223 -67.726669 206.985184 -143.091202 17.250795 201.411758 -101.665527               5061 
-66.655327 270.343140 -172.841644 -8.677851 226.080429 -129.026978 -68.104599 207.015137 -144.520721 16.680204 201.004486 -102.718147               5071 
-64.338203 270.801849 -175.278046 -7.878614 225.613297 -130.371597 -67.467606 207.500946 -146.679306 16.599569 200.201462 -103.556587               5086 
-62.724812 271.174896 -176.696640 -7.342374 225.385391 -131.028519 -67.058388 207.998947 -147.812408 16.516081 199.767151 -103.853760               5095 
-61.973618 271.190857 -178.942383 -7.064433 225.335373 -132.714813 -66.684761 207.943481 -150.003647 16.515812 199.737366 -105.279396               5112 
-61.115940 270.988159 -180.562057 -6.760243 225.097916 -133.662033 -66.464096 207.912689 -151.022751 16.505632 199.629105 -105.840698               5121 
-60.424770 270.969727 -182.431030 -6.738330 224.855286 -134.914810 -66.515228 207.986557 -152.480011 16.148264 199.433334 -106.738289               5130 
-58.215736 270.765106 -185.824661 -6.196024 224.160645 -136.867416 -66.183784 208.214249 -154.878906 15.749651 198.768402 -107.925934               5147 
-57.748211 270.631775 -187.560638 -6.209526 224.108841 -137.985046 -66.235893 208.274216 -156.119766 15.463180 198.860916 -108.713501               5156 
-56.879803 269.423187 -191.878738 -6.316766 223.275131 -140.910416 -66.315720 207.375748 -159.547882 14.786472 198.353973 -110.950829               5175 
-56.643539 269.279449 -192.843628 -6.335345 223.055283 -141.666946 -66.381859 207.189728 -160.413574 14.618761 198.132141 -111.604500               5185 
-56.527554 268.716705 -194.187164 -6.372638 222.785080 -142.566376 -66.392296 206.661942 -161.421387 14.484640 198.059540 -112.274300               5195 
-56.468212 267.402496 -196.689636 -6.301072 222.423904 -144.184494 -66.144249 205.583374 -163.087738 14.547193 198.320129 -113.389275               5215 
-56.313274 267.418274 -197.357468 -6.161781 222.481598 -144.773163 -66.004646 205.576019 -163.657471 14.676339 198.455658 -113.910316               5225 
-56.722466 266.837891 -198.191971 -6.073756 222.487991 -145.548309 -65.822968 204.963654 -164.200470 15.035740 198.808304 -114.602386               5236 
-57.538368 266.780212 -198.931747 -6.341422 222.665955 -146.589874 -65.995918 204.656128 -165.096222 15.068567 199.110504 -115.755775               5247 
-58.306301 266.975800 -199.027435 -6.645230 222.890854 -147.089081 -66.301308 204.615143 -165.361893 15.024950 199.366013 -116.413795               5258 
-58.623055 267.212708 -198.864090 -6.741678 222.942917 -147.277863 -66.438416 204.649277 -165.402481 15.055681 199.351837 -116.743881               5270 
-66.682823 270.225281 -191.175232 -9.951457 226.247116 -144.672028 -66.857399 203.299820 -166.187378 14.455873 201.743179 -116.962334               5281 
-70.289391 271.859192 -187.879822 -11.368810 228.181610 -143.858627 -66.939575 203.553558 -166.998520 14.257195 203.381866 -117.547638               5293 
-71.386490 272.564789 -187.129654 -11.960420 228.778336 -143.879471 -67.384453 203.962433 -167.194031 13.948671 203.859375 -117.961288               5306 
-71.578354 273.259918 -186.255676 -12.055187 229.285873 -143.309296 -67.159523 204.373672 -167.277893 13.895134 204.208679 -117.585693               5318 
-71.365906 273.209717 -186.521851 -12.065221 229.062332 -143.429779 -67.514221 204.444351 -166.905777 13.759094 203.994171 -117.570930               5327 
-72.783112 275.339966 -183.030136 -12.789932 230.432114 -141.698898 -68.267830 206.039902 -165.394424 13.431833 204.845551 -116.764290               5338 
-72.870445 276.141327 -181.914398 -12.871915 230.828064 -141.020798 -68.670181 206.756271 -164.361694 13.355349 205.058929 -116.280746               5346 
-72.266235 277.366638 -179.098648 -12.841651 230.821625 -138.731216 -69.885376 208.143784 -160.458862 13.088010 204.635834 -114.115265               5364 
-66.417625 281.246246 -171.693069 -11.372474 229.308228 -131.677414 -72.175529 213.511871 -148.808273 12.288507 201.238007 -106.853882               5390 
-63.148373 281.582245 -173.001678 -10.842533 228.789368 -130.500198 -72.898376 216.061737 -145.493225 11.421142 200.890396 -104.233025               5399 
-60.886002 276.101624 -175.903122 -10.429931 226.178253 -128.047455 -73.061249 214.876236 -141.019333 10.914758 200.389359 -99.007393               5408 
-60.086498 272.592529 -177.399704 -10.486846 224.869461 -126.527534 -73.918564 215.957108 -136.217896 10.497335 200.551651 -95.994011               5417 
-57.205097 267.291473 -178.996017 -11.354514 225.257645 -120.219421 -75.121964 218.583679 -129.871384 7.449693 204.226593 -86.042168               5435 
-56.534435 267.015869 -177.663727 -11.926573 226.098572 -117.199936 -75.933182 220.429260 -126.546577 6.129114 205.455292 -82.388519               5443 
-52.641079 267.305481 -172.621140 -10.148703 228.502396 -109.354630 -74.813713 224.049988 -117.372910 6.565943 208.131882 -73.722473               5461 
-52.159969 267.459686 -170.222198 -10.634533 230.051453 -105.532333 -75.759155 224.050690 -114.154686 5.579600 210.048096 -69.463570               5478 
-51.944847 267.664276 -163.563004 -7.875199 229.776962 -100.904083 -74.029610 223.321579 -104.946693 9.819269 209.175369 -65.883110               5489 
-47.582912 263.756622 -147.397232 0.320128 229.844757 -85.331909 -65.858566 221.040436 -86.018387 20.270744 211.220856 -50.416142               5504 
-43.258446 255.367157 -131.890823 9.008174 230.051498 -69.307533 -56.731579 219.269760 -65.144585 31.526854 215.993286 -33.821434               5522 
-41.442268 252.225739 -124.951492 12.374478 229.830429 -62.610809 -53.105835 219.222748 -56.544853 35.846786 217.386795 -27.139772               5530 
-38.038082 246.591949 -108.105370 19.500919 229.216537 -47.623943 -44.608395 221.269867 -38.425705 45.274620 219.779465 -12.829608               5547 
-36.263214 243.835968 -93.636230 23.660978 230.454300 -34.578613 -38.797928 224.093353 -25.173979 50.957249 223.457565 -0.374124               5565 
-35.117821 240.918839 -78.502785 28.460278 230.597839 -22.912968 -32.537251 225.937073 -10.790995 58.051304 225.392609 9.664091               5582 
-22.981138 236.983185 -59.118401 38.895714 231.925522 -3.840966 -23.076479 219.653290 -4.554357 63.385056 218.788956 30.679903               5600 
-21.385439 233.738449 -44.784416 44.627281 232.965286 7.121964 -19.704481 220.633255 6.466251 68.623497 218.263290 41.356743               5617 
-20.668139 232.776031 -39.356339 46.390266 232.671066 11.493419 -18.149420 220.989197 11.065178 70.464966 217.567657 45.497585               5625 
-19.701191 229.857803 -27.326868 48.989281 232.157501 21.264042 -15.542113 220.274384 22.354826 73.938087 217.422073 54.796291               5643 
-19.236055 228.902252 -21.729578 50.188850 231.789474 25.703894 -14.357012 220.142868 27.597162 75.540443 217.026123 58.920277               5653 
-17.978819 224.719437 -5.260263 53.904472 232.974411 37.349323 -10.067126 219.757828 43.657284 81.607582 220.489136 69.608330               5677 
-16.956694 223.021942 0.121073 55.130898 231.816147 42.128010 -8.736939 218.304276 48.764446 83.109589 219.308701 74.139641               5688 
-15.362649 219.987946 10.586730 57.542950 232.382370 49.895573 -5.817600 217.880692 58.770214 86.673477 221.598785 81.504341               5704 
-13.405700 216.074265 21.942139 60.211872 231.689499 58.387329 -2.440946 215.909225 69.559372 90.615829 222.331955 89.242210               5721 
-12.601660 214.573639 25.606905 60.949623 231.682953 61.268505 -1.455135 215.636810 72.952286 91.672737 222.939560 91.987083               5729 
-10.566164 209.777832 35.349777 62.599228 231.590378 68.313919 0.911807 215.202179 81.916946 94.258232 224.985199 98.613533               5747 
-8.896037 206.633560 44.210678 63.869709 231.674576 74.681793 2.557229 215.880753 90.055260 96.192352 226.539917 104.562729               5764 
-8.184681 205.023132 47.528049 64.067566 231.432678 76.827095 2.649979 217.441467 93.333153 96.654037 226.552505 106.463112               5773 
-6.611903 203.681931 57.180244 65.737495 231.306885 83.053398 4.234553 222.240280 102.853683 99.120392 226.752792 111.842812               5790 
-5.993474 202.149033 60.989101 66.239792 230.158951 85.579712 4.767914 223.756073 107.054749 99.961578 225.436844 113.943962               5799 
-4.565353 198.411774 67.283592 66.910553 228.000641 90.513832 5.866601 221.657028 113.459160 101.260368 223.196289 118.099991               5817 
-3.610056 197.526321 70.187134 67.445969 228.296082 92.420662 6.647853 221.893768 116.044464 102.087044 223.955338 119.717941               5825 
-1.964618 196.291428 77.532364 68.683655 228.763168 96.851357 8.406506 224.467758 122.706856 103.983856 225.294876 123.419281               5842 
-1.542134 195.069046 79.501251 68.720268 228.051926 98.419075 8.626159 223.734253 124.752090 104.218987 224.478363 124.707062               5851 
-0.275585 193.506805 82.005264 69.279030 227.396500 100.364746 9.457305 222.573547 127.186676 105.040871 223.738907 126.281929               5860 
-0.117185 192.861877 83.699234 69.021645 227.134918 101.777397 9.218674 222.872757 128.715149 104.801544 223.415344 127.660820               5868 
1.070814 190.072800 85.990517 68.948357 226.032578 103.743454 9.524744 220.421234 131.065048 105.046715 222.469742 129.203278               5887 
1.030008 189.550430 87.491966 68.707726 225.868225 104.706009 9.303950 220.715118 132.093658 104.819489 222.543381 130.179001               5894 
0.841187 187.852264 89.481995 68.408203 223.909073 106.705727 9.144166 219.034363 134.035950 104.601166 220.018875 131.982666               5912 
0.755459 186.928497 90.025932 68.028168 223.144913 107.547310 8.784892 218.033096 134.515686 104.189476 219.090012 132.843658               5922 
1.059450 184.370392 90.124084 66.856903 222.439209 108.392227 8.412373 214.308304 132.787857 103.061951 218.847137 133.695969               5938 
1.319158 183.552963 90.459602 66.513596 222.319519 108.812416 8.779621 212.487534 131.305939 102.752617 218.866379 134.086838               5946 
1.412883 182.012314 90.217941 64.957634 222.710190 109.311951 9.497161 206.676834 126.980850 101.280983 219.790573 134.532532               5964 
0.831070 182.524338 90.930260 63.860073 223.852280 109.932884 9.841866 205.219406 124.820534 100.066643 221.290710 135.359451               5972 
-0.333271 183.311295 93.076714 62.444149 225.022415 111.180351 10.028770 204.185486 123.561798 98.682060 222.672852 136.582733               5990 
-1.029820 184.500061 95.137550 61.979370 226.014023 111.864594 10.201533 204.801575 123.521164 98.347046 223.594177 137.074203               6008 
-0.768177 184.489761 95.406082 61.988312 226.097534 112.032303 10.548409 204.360291 123.106606 98.407928 223.475388 137.146515               6017 
-0.460253 184.369888 96.054596 62.028122 226.119141 112.227829 10.740224 204.264420 123.104462 98.536957 223.322495 137.193237               6026 
-0.179901 184.078430 96.858673 62.243290 225.606888 112.604965 11.183579 203.620056 123.059967 98.915253 222.286301 137.265228               6045 
0.012364 183.870956 97.191910 62.258106 225.506577 112.704628 11.437588 203.230270 122.786507 98.972443 222.112000 137.291656               6055 
0.184448 183.472916 97.637871 62.169888 225.315536 112.836601 11.441520 202.956970 122.761772 98.905769 221.914612 137.390549               6065 
0.361337 182.866913 98.065315 62.143703 224.864670 112.977570 11.398443 202.603729 122.928909 98.905609 221.449249 137.490524               6075 
0.662231 182.194931 98.403679 62.228092 224.403107 112.942978 11.478867 202.224091 122.957016 99.038994 221.025909 137.387604               6096 
0.767294 182.024780 98.601257 62.238232 224.294891 113.029366 11.457420 202.198303 123.006561 99.029053 220.916840 137.504089               6107 
0.929025 181.957291 98.845726 62.196430 224.388306 113.042557 11.455960 202.227371 122.873756 98.979614 221.030853 137.531586               6118 
0.971057 182.727325 100.062263 62.566471 224.557938 113.293648 11.380896 203.513657 123.497993 99.340904 220.824875 137.741409               6141 
