13.560983 183.788849 114.053856 58.033394 226.572968 119.120834 15.967979 181.337830 118.133461 93.222443 221.031143 149.897202                  0 
13.630094 183.660660 114.264191 58.003086 226.604218 119.161011 15.995717 181.324265 118.121002 93.176498 221.113129 149.964340                  8 
14.033613 183.171799 114.788940 58.128284 226.483810 119.345734 16.332909 181.007202 118.307297 93.344841 221.181381 150.132828                 30 
14.201097 182.930008 115.000816 58.195313 226.383484 119.441292 16.473515 180.839432 118.390221 93.433762 221.149612 150.215057                 40 
14.451933 182.480804 115.293053 58.245510 226.180710 119.628105 16.627087 180.515060 118.525475 93.490685 221.086929 150.417679                 50 
14.510134 182.392914 115.574806 58.175163 226.269821 119.726013 16.645163 180.504547 118.588577 93.374649 221.327072 150.592361                 64 
14.522493 182.426147 115.887695 58.106926 226.433548 119.804092 16.606560 180.589005 118.755981 93.263847 221.665894 150.746399                 77 
14.644333 182.169617 116.030663 58.181267 226.261230 119.871063 16.640993 180.384445 118.811470 93.349571 221.506882 150.802475                 91 
14.823112 181.822357 116.200409 58.260406 226.045517 119.965553 16.700752 180.103500 118.898621 93.457275 221.351166 150.873642                107 
14.926666 181.643158 116.328102 58.277500 225.978622 120.012871 16.696411 179.995590 118.935959 93.480003 221.372116 150.927765                124 
15.041265 181.488068 116.451813 58.296516 225.949860 120.063950 16.671690 179.927170 118.996468 93.504128 221.451355 150.988922                141 
15.127182 181.442612 116.645859 58.303120 226.023499 120.119247 16.694450 179.945190 119.103828 93.509750 221.671982 151.066360                159 
15.214445 181.467453 116.985146 58.277256 226.213486 120.217850 16.751740 180.027451 119.366379 93.461227 222.129028 151.227066                178 
15.293777 181.395767 117.139565 58.300091 226.240387 120.272697 16.758928 180.022598 119.450363 93.477234 222.264572 151.303772                198 
15.331022 181.303970 117.208824 58.316029 226.234955 120.306900 16.675095 180.077042 119.442436 93.480988 222.314499 151.358826                218 
15.510700 180.998306 117.222061 58.398724 226.130203 120.362740 16.761625 179.959747 119.395805 93.546303 222.318604 151.447876                239 
15.855862 180.506561 117.179512 58.577709 225.939041 120.411133 16.966404 179.754227 119.315422 93.721382 222.281830 151.519226                260 
16.245466 180.003860 117.059769 58.844200 225.688736 120.411293 17.071856 179.730057 119.154678 93.989594 222.122025 151.527939                281 
16.650396 179.427063 116.960121 59.076176 225.390213 120.432915 17.235207 179.604126 119.015205 94.216156 221.954178 151.570374                302 
17.269365 178.441208 116.676292 59.229351 224.933243 120.471687 17.466532 179.284515 118.699509 94.351921 221.758392 151.656479                323 
17.529371 178.113052 116.647705 59.342175 224.835373 120.463043 17.570873 179.416428 118.544884 94.466583 221.827759 151.662354                345 
17.680382 177.847610 116.588287 59.406971 224.731171 120.454666 17.620598 179.482529 118.404732 94.519661 221.827362 151.676987                369 
17.903578 177.490189 116.563065 59.546124 224.515305 120.475052 17.795502 179.329941 118.344429 94.685677 221.685150 151.673904                388 
18.171871 177.093842 116.612503 59.791080 224.246231 120.544037 17.777702 179.419144 118.481476 95.000847 221.467941 151.668304                409 
18.424765 177.136047 117.179024 60.067772 224.380310 120.807220 17.901840 179.889114 119.024902 95.338898 221.820984 151.880737                431 
18.402586 177.202606 117.765152 60.138710 224.600250 121.184631 17.832985 180.343933 119.684013 95.456161 222.307892 152.226364                496 
18.371401 177.146835 117.829147 60.150890 224.606323 121.283661 17.753796 180.468109 119.843781 95.482620 222.372986 152.313446                517 
18.094059 178.467438 119.178123 60.025837 226.074554 121.686089 17.667187 181.914627 121.260490 95.378883 224.600235 152.736923                538 
17.950720 178.290039 119.107384 60.028732 225.984421 121.812347 17.679457 181.850677 121.378616 95.412567 224.547943 152.829880                560 
18.037724 177.921631 119.024788 60.073200 225.921951 122.024216 17.992365 181.563904 121.569183 95.487099 224.723633 153.017548                580 
18.236023 177.158539 118.842590 60.210739 225.463135 122.347603 18.436005 180.847763 121.698128 95.686592 224.377487 153.274155                600 
18.455404 176.361313 118.627304 60.371967 224.921707 122.669136 18.880751 180.071991 121.780457 95.910355 223.893524 153.525772                620 
18.489243 175.994751 118.455772 60.468346 224.689011 122.871475 18.711500 180.208221 121.958549 96.035393 223.736542 153.697510                641 
18.550186 175.778519 118.405357 60.591236 224.559189 123.024773 18.522005 180.497650 122.149574 96.200043 223.675552 153.804611                662 
18.526062 175.790817 118.501869 60.680168 224.565247 123.134003 18.337540 180.839111 122.389870 96.328613 223.729553 153.869263                681 
18.652592 175.786911 118.788910 60.843937 224.642273 123.309372 18.400372 181.176544 122.713295 96.558052 223.990387 153.972748                700 
18.648844 175.800995 119.041542 60.945171 224.665909 123.485222 18.414854 181.443512 122.977478 96.708969 224.134384 154.092972                721 
18.597267 175.841583 119.231430 61.016991 224.698044 123.633606 18.418890 181.686523 123.186890 96.818512 224.262375 154.198746                741 
18.563316 175.870743 119.444794 61.090343 224.731064 123.788330 18.451393 181.892151 123.429001 96.939095 224.409164 154.299469                761 
18.514378 175.908249 119.586769 61.152523 224.759506 123.909546 18.500935 182.059555 123.603409 97.039162 224.529892 154.376953                781 
18.448380 175.960770 119.717072 61.221947 224.790115 124.018265 18.519356 182.247299 123.794701 97.152084 224.648651 154.434906                801 
18.391361 176.011475 119.818024 61.278851 224.812958 124.107048 18.532768 182.401260 123.950279 97.245018 224.742386 154.481323                822 
18.339516 176.053146 119.904518 61.340282 224.818939 124.180344 18.552713 182.525345 124.091957 97.344894 224.807831 154.509109                843 
18.303352 176.077377 120.001183 61.395718 224.812958 124.249329 18.576298 182.616684 124.235245 97.439850 224.859451 154.531082                865 
18.275387 176.092163 120.074478 61.448589 224.805176 124.300919 18.595764 182.697159 124.360718 97.523376 224.916855 154.545975                886 
18.290237 176.065216 120.153847 61.501438 224.795670 124.351891 18.619217 182.795181 124.497658 97.609070 225.018951 154.557114                908 
18.196470 175.817108 119.944168 61.430248 224.561966 124.322945 18.553885 182.623840 124.397636 97.543472 224.830704 154.521103                931 
18.074173 175.614410 119.714828 61.368813 224.368347 124.290924 18.640709 182.513412 124.178596 97.493980 224.692245 154.474258                953 
18.008310 175.518158 119.522209 61.371113 224.253967 124.237274 18.781963 182.544800 123.977638 97.523300 224.613678 154.387833                976 
18.016373 175.409149 119.368263 61.397129 224.157272 124.185730 18.964931 182.566696 123.821999 97.585503 224.562698 154.292267                999 
18.072334 175.321869 119.298981 61.436028 224.092163 124.143700 19.166468 182.623901 123.695724 97.660568 224.545746 154.206024               1022 
18.164673 175.236267 119.264542 61.505245 224.023956 124.095512 19.409399 182.673080 123.584152 97.776215 224.515854 154.101196               1046 
18.222286 175.151215 119.199135 61.534534 223.957306 124.062744 19.604082 182.704636 123.467537 97.831940 224.489716 154.035751               1069 
18.255655 175.062012 119.115868 61.535225 223.887283 124.048676 19.789013 182.732086 123.356468 97.847687 224.465897 154.002579               1093 
18.304880 174.948700 119.032997 61.530437 223.812485 124.046158 19.973831 182.758270 123.250122 97.858353 224.457413 153.979965               1116 
18.351200 174.861786 118.957771 61.526321 223.748199 124.043991 20.132721 182.866089 123.139633 97.867325 224.450211 153.960617               1140 
18.415590 174.773193 118.887833 61.530262 223.684875 124.041283 20.289782 182.945450 123.047089 97.887718 224.448807 153.936401               1163 
18.472488 174.703720 118.829140 61.532200 223.627182 124.045319 20.433830 183.051163 122.951645 97.909004 224.446259 153.915436               1187 
18.636667 174.504364 118.778961 61.561123 223.502777 124.055504 20.544703 183.075241 122.926979 97.983978 224.420868 153.866562               1210 
18.754175 174.384537 118.729240 61.583645 223.422913 124.061989 20.625891 183.143036 122.906075 98.043938 224.433350 153.824249               1233 
18.782524 174.404175 118.660126 61.596676 223.407852 124.057480 20.528255 183.382370 122.923584 98.076057 224.480865 153.794159               1257 
18.772961 174.470795 118.574913 61.602222 223.400848 124.055511 20.322193 183.700836 122.984154 98.092621 224.513306 153.777206               1280 
18.701168 174.592041 118.452896 61.602291 223.400711 124.056145 20.152807 183.956650 123.011986 98.095238 224.524796 153.774277               1304 
18.798450 174.436386 118.377769 61.681377 223.208633 124.062508 20.096279 184.011047 123.124344 98.256660 224.377487 153.677521               1328 
18.768187 174.495438 118.311371 61.677174 223.194016 124.081390 19.984688 184.280930 123.172089 98.270882 224.416504 153.671463               1351 
18.724558 174.573853 118.227982 61.673935 223.182755 124.095940 19.887205 184.558151 123.173965 98.281769 224.446579 153.666809               1374 
18.689482 174.645309 118.151886 61.672615 223.168732 124.109962 19.803106 184.734558 123.199242 98.295197 224.471344 153.660873               1398 
18.666023 174.708023 118.091721 61.671406 223.155838 124.122841 19.745024 184.837799 123.232201 98.307472 224.494110 153.655426               1421 
18.654663 174.764496 118.043480 61.670269 223.143753 124.134918 19.586588 185.082855 123.275024 98.318947 224.515503 153.650330               1445 
18.642555 174.820908 117.995743 61.669247 223.132828 124.145821 19.463709 185.290482 123.295685 98.329262 224.534805 153.645721               1468 
18.646187 174.860962 117.948418 61.686501 223.108063 124.150558 19.285519 185.544083 123.357452 98.371735 224.539063 153.617691               1491 
18.628496 174.921906 117.874489 61.702629 223.084885 124.154984 19.102085 185.797760 123.414169 98.411377 224.543106 153.591492               1515 
18.860224 174.885361 118.007011 61.860161 223.092606 124.212074 19.288734 185.792419 123.644333 98.653534 224.726196 153.533493               1538 
19.192936 174.905548 118.346954 62.102016 223.194702 124.284073 19.375427 186.005341 124.150627 99.020004 225.097107 153.432129               1561 
19.427757 175.067520 118.770142 62.371552 223.339569 124.319298 19.691624 186.119980 124.597321 99.423691 225.472885 153.280548               1584 
19.194338 175.222488 118.618141 62.349781 223.299911 124.029922 19.463703 186.371765 124.593880 99.464882 225.478668 152.907043               1608 
18.524750 180.011078 120.107239 62.437164 227.664642 121.382523 18.940464 191.712677 125.302345 99.929283 231.520035 149.589676               1630 
18.468763 180.098602 117.942101 62.996689 227.168869 118.578468 19.252756 191.762115 123.096565 100.926025 230.637283 146.246185               1653 
16.542763 181.606033 114.320953 62.010540 227.779785 114.178787 16.883347 194.430115 119.934875 100.070404 231.020813 141.694397               1671 
16.625828 186.074020 109.356316 62.119427 232.354645 107.017860 16.240368 200.392548 115.530426 100.373032 237.296051 134.006943               1688 
14.491375 191.686066 103.601212 60.731266 237.379730 99.862762 13.866537 207.023865 109.755173 98.470901 243.786530 127.264214               1705 
7.619118 191.164261 90.220917 57.424438 233.804108 90.633713 8.253237 206.528610 98.672668 94.999023 236.712830 118.844643               1720 
2.966863 192.434357 78.151703 55.347527 232.945877 82.734505 5.003482 207.507263 89.040176 92.417595 233.856827 111.737030               1733 
-0.051180 195.478012 68.918259 54.128605 234.301880 76.567650 3.087402 210.048950 81.576683 90.567139 234.281830 106.373680               1745 
-2.821744 197.892426 58.118790 51.713917 236.675888 69.327797 0.884971 211.753967 72.715767 87.155350 237.276825 100.306976               1757 
-7.113600 199.981979 46.644463 48.464413 236.700195 62.402477 -2.670817 212.369568 63.076519 82.762207 235.821655 94.636871               1766 
-8.118090 207.953461 37.317955 52.798077 236.941040 52.159451 1.586678 215.146866 53.664654 89.094070 231.096725 81.563728               1784 
-7.939634 211.921860 33.733284 54.543247 238.055328 48.676666 3.683233 216.414032 49.675003 90.969986 230.911713 77.628830               1792 
-8.712667 214.492111 26.770706 54.393276 238.877380 43.191021 4.235733 216.303879 42.535984 90.625526 230.820190 72.147408               1803 
-9.291399 215.997543 18.829386 53.621246 239.853409 37.261318 4.494813 215.659973 34.386101 89.706657 231.075531 66.191544               1816 
-12.179686 220.534882 9.896519 52.276737 239.926239 29.115957 3.710408 216.383087 24.031431 88.098022 228.582626 57.476574               1827 
-16.809895 227.879776 -6.581089 48.956051 241.770798 15.116034 2.817216 217.423523 6.171125 83.515007 228.617920 44.251011               1845 
-19.559496 231.341553 -21.413019 46.270859 243.500946 3.013844 2.479285 216.772690 -8.267114 79.723610 230.822418 33.613426               1862 
-21.076750 232.773438 -27.350481 44.820351 244.354355 -1.973378 2.079797 216.489990 -13.896313 77.911194 232.097351 29.186344               1870 
-24.283161 233.631317 -43.128639 40.912266 245.744156 -15.523638 0.045847 215.950607 -29.101480 73.364891 234.273621 16.592098               1888 
-27.443216 232.886536 -58.242558 36.580505 246.557999 -28.141209 -2.162531 214.773270 -43.242199 68.242592 236.360641 5.170841               1905 
-31.152668 230.932388 -73.997978 31.866962 245.760880 -41.979633 -4.088760 212.055237 -59.152458 63.182793 236.072723 -8.191697               1923 
-33.002945 230.673630 -80.371643 29.344025 245.987579 -47.162357 -5.494129 211.554947 -65.085564 60.107159 236.743301 -12.748122               1931 
-34.832489 229.237518 -92.770714 26.469774 245.212845 -57.841988 -6.787213 210.007767 -77.229630 56.678139 236.208755 -22.877043               1948 
-36.661110 219.725403 -105.024521 22.059650 234.659790 -65.455765 -6.770199 200.654419 -92.591705 52.554359 222.143890 -31.846375               1966 
-37.747478 218.507187 -112.116165 19.973024 232.459824 -70.729317 -7.774686 199.314270 -100.132370 50.107677 218.827911 -37.229465               1975 
-41.852879 217.041824 -128.176605 11.983146 228.234024 -81.059753 -12.164402 197.686203 -116.227028 40.248421 211.963211 -47.111248               1992 
-41.527813 216.212982 -134.816223 10.428154 227.214462 -85.561569 -12.068780 197.302277 -122.624069 38.152298 210.540421 -51.363403               2009 
-43.809525 216.351166 -147.033096 5.490124 225.557022 -94.754463 -15.083495 197.353439 -134.465866 31.966829 207.530075 -60.255482               2027 
-45.166733 217.453888 -153.929047 2.031157 226.814209 -99.757072 -16.794672 198.793015 -140.606934 27.603668 208.802399 -64.574867               2045 
-46.093037 217.843155 -157.863708 0.399939 226.801468 -103.003685 -17.839258 199.182404 -144.478439 25.692253 208.512482 -67.761971               2063 
-46.317291 218.033112 -159.344574 -0.030811 227.169815 -104.322174 -17.938398 199.616257 -146.045303 25.400970 208.952026 -69.144012               2080 
-48.099350 221.168869 -168.481445 -3.614873 229.986008 -111.919777 -20.007399 202.863510 -154.627289 20.971100 211.531235 -76.267036               2105 
-47.421738 220.921814 -169.657257 -3.247458 229.903564 -112.869072 -19.175842 202.913895 -155.897598 21.526217 211.506836 -77.316414               2114 
-47.510910 221.983902 -172.199188 -3.712795 230.776093 -115.036285 -19.430214 204.043564 -158.495972 21.095673 212.247528 -79.576469               2132 
-47.104614 222.276016 -173.096558 -3.989048 231.566559 -115.445610 -19.346943 204.441406 -158.924271 20.437960 213.346649 -79.563545               2148 
-47.538986 223.761597 -177.820099 -5.684074 232.998566 -119.168968 -19.866724 206.225220 -163.421494 18.498528 214.699249 -83.161980               2165 
-48.004330 223.347290 -178.955627 -6.231500 232.877548 -120.246490 -20.492517 205.774399 -164.347794 17.777714 214.759613 -84.032333               2183 
-48.197067 223.257523 -179.949875 -6.520147 232.578156 -121.106171 -20.726099 205.619095 -165.352127 17.424999 214.328232 -84.915886               2191 
-48.903000 224.677444 -182.748657 -6.100129 233.131958 -124.524704 -21.283512 206.755325 -168.949249 18.546124 214.335114 -89.092979               2209 
-49.119823 224.963684 -183.836517 -6.054095 233.235764 -125.571434 -21.345505 206.992355 -170.139130 18.845432 214.352753 -90.363312               2217 
-48.972656 224.710693 -185.179794 -5.928301 233.154373 -126.511131 -21.017561 206.827667 -171.299210 19.188105 214.399841 -91.388489               2235 
-49.037521 224.590729 -185.695618 -5.943476 233.166214 -126.670662 -21.283655 206.559219 -171.485596 19.248302 214.532776 -91.537552               2252 
-49.206272 224.661270 -186.021393 -5.961425 233.239594 -126.723625 -21.543636 206.472794 -171.555954 19.281874 214.630402 -91.614655               2270 
-49.552666 224.589844 -187.173996 -6.475393 233.307053 -127.581230 -21.863213 206.489792 -172.567108 18.850573 214.780472 -92.488106               2279 
-50.099472 225.203461 -188.958984 -6.910131 233.704681 -129.079437 -22.234493 207.085892 -174.417801 18.775818 215.075211 -94.303856               2299 
-49.408176 224.651825 -189.578705 -6.084930 234.211014 -129.685745 -20.924784 207.225067 -175.135956 20.465233 216.266418 -95.200294               2320 
-49.727932 224.910294 -190.287201 -6.478126 234.315948 -129.865433 -21.292971 207.289291 -175.521454 20.073908 216.320038 -95.408165               2367 
-49.820023 224.928452 -190.443848 -6.559971 234.319046 -129.905548 -21.406527 207.255402 -175.591751 19.996490 216.312866 -95.457054               2380 
-50.477043 226.018875 -191.675308 -6.916058 234.372757 -130.785873 -22.220299 207.696838 -176.709976 19.479057 215.778732 -96.526176               2405 
-51.006054 226.330490 -192.143448 -7.241808 234.348251 -131.121521 -22.777163 207.754944 -177.104889 19.139847 215.559113 -96.958046               2418 
-51.776768 227.399445 -192.694550 -6.827052 235.133667 -132.075531 -23.393299 208.448868 -177.849197 20.072384 216.198303 -98.400032               2446 
-52.345596 227.085907 -190.131439 -6.649390 233.890625 -129.770004 -24.519686 207.177765 -175.084259 19.726715 214.395569 -96.000046               2459 
-52.922028 227.459015 -187.178040 -6.601722 232.621048 -126.747871 -25.680681 206.346924 -171.907288 19.077555 212.217941 -92.977257               2474 
-53.635708 228.756668 -184.977783 -6.685725 232.438705 -124.650345 -26.774313 206.693329 -169.782913 18.582645 211.206253 -91.081627               2489 
-54.275410 227.983154 -181.083328 -5.143801 232.689606 -122.131653 -26.696161 206.062622 -166.147888 21.242357 212.032288 -89.067894               2504 
-55.559525 228.026260 -177.904831 -4.106372 232.780273 -120.525215 -27.611460 205.876846 -163.438034 23.223574 212.145721 -88.222649               2520 
-58.038757 227.895569 -170.616638 -3.955456 234.633835 -115.488380 -29.966852 205.886215 -155.719315 24.185232 215.173248 -83.153358               2548 
-60.821682 226.823380 -166.986969 -3.925756 236.171768 -114.937286 -32.100151 205.248245 -152.019379 25.531578 218.370590 -82.819534               2561 
-62.763084 225.514511 -163.112122 -4.371130 237.156815 -112.698753 -33.834049 203.972702 -146.740555 25.165197 221.164047 -79.713860               2574 
-45.443996 199.258453 -134.957718 -6.049530 236.736801 -110.295265 -35.372093 199.036240 -139.538315 24.824121 225.318848 -76.640938               2600 
-43.156467 193.884933 -126.004074 -7.126698 235.867294 -109.475945 -37.239487 196.434402 -135.495407 24.649157 226.449951 -76.042801               2615 
-44.046680 193.243896 -120.062759 -8.103987 236.121735 -107.430931 -39.169842 195.932388 -131.108368 24.353884 227.642166 -74.404427               2631 
-35.552177 192.968201 -109.555397 -8.669087 235.368347 -100.341606 -37.661831 195.517136 -127.057274 25.468510 226.003647 -69.307854               2642 
-32.515133 211.114594 -103.046120 17.629824 232.921280 -50.206829 -3.768012 202.560120 -94.805260 45.319836 212.267136 -18.225023               2659 
-27.929110 212.799332 -97.094826 26.002192 230.072723 -34.302471 7.051786 199.850098 -81.659149 53.079094 208.304764 -2.535141               2677 
-26.050055 210.329376 -93.249321 26.972755 228.950760 -29.046051 8.801565 197.638596 -76.481743 53.752159 207.597275 3.250368               2685 
-22.256044 201.165558 -77.429001 29.286686 224.907486 -13.708283 12.340279 189.972717 -59.621094 56.236946 205.958069 19.918633               2712 
-22.180794 199.828400 -69.693092 30.968008 225.110886 -8.362123 12.117549 189.478470 -53.134724 59.067383 206.462128 24.483202               2721 
-18.682442 188.904449 -56.345116 32.634407 222.920074 0.084705 12.687809 183.520462 -41.206577 62.273594 207.117569 33.069027               2737 
-15.862380 180.974014 -50.028606 32.830578 219.800308 4.033617 13.031425 178.446762 -35.552853 62.595528 205.526978 37.596779               2749 
-10.053685 168.974686 -38.642109 33.996628 215.731796 11.184055 16.082668 170.613953 -25.264717 64.278748 205.214386 45.659313               2763 
-8.694439 165.828812 -32.940731 34.319492 214.432755 15.232711 16.473076 168.719208 -20.630222 65.514236 204.621155 49.096954               2772 
-5.859067 157.140182 -14.125956 36.617283 212.930939 24.636992 18.124521 162.947449 -4.824533 70.464424 207.770554 56.946552               2789 
-3.335194 152.188400 -6.895859 36.460697 212.041718 27.642675 19.452408 159.518951 1.820314 69.897240 210.056519 60.721718               2798 
2.691111 178.923019 18.998035 62.194122 220.725113 55.167194 21.286222 177.908646 48.461914 99.215721 218.475891 84.158722               2815 
4.343338 183.062790 26.838291 65.839661 224.458817 62.988384 21.857683 183.526489 61.066921 102.899834 224.272339 92.017258               2824 
5.765441 183.793457 43.220161 68.759445 230.234802 71.224365 23.248798 191.028503 78.931374 106.706421 235.451233 98.591911               2841 
6.059529 184.826584 48.088417 70.180313 231.064178 73.861740 23.880724 192.995529 83.653740 108.844925 236.303452 100.201141               2850 
6.762311 184.910446 52.394222 71.205742 231.543549 76.584579 24.614679 194.015228 87.850082 110.246597 237.138382 102.288200               2859 
8.123195 185.823792 60.137535 73.722916 231.658081 82.180893 26.087479 195.649780 95.112244 113.466995 236.465652 106.949051               2876 
9.029580 185.684448 62.925526 74.485077 231.801910 84.379128 26.585457 196.075531 97.642281 114.308868 236.500565 109.039917               2885 
9.853016 183.417053 69.039604 74.279266 232.028107 87.401581 26.338549 196.968979 103.167831 113.956657 238.740463 111.831398               2902 
11.185706 185.139771 72.357513 76.271187 232.759079 90.284592 27.211962 199.117371 106.792976 116.267548 238.478256 114.445480               2913 
13.299383 185.009842 75.949356 77.887161 232.720169 93.714737 28.255507 199.489975 110.704468 118.268272 237.476166 117.440521               2928 
14.260036 185.780457 78.221115 79.049995 233.254868 95.359261 28.920177 200.826035 113.207474 119.669418 237.615601 118.751839               2937 
15.643716 186.125473 80.559975 80.322624 233.600601 97.400528 29.489883 202.195892 116.263199 121.083618 237.624725 120.606430               2947 
16.063431 185.737518 82.090286 81.139091 232.444824 98.841827 29.152502 202.907227 118.968575 122.105957 235.587860 121.820160               2963 
16.051575 185.560287 82.803429 81.937119 230.863724 100.011742 29.464417 202.010574 120.363243 123.223419 232.687637 122.556831               2971 
16.488428 185.007202 83.019859 82.316360 229.516998 101.830597 29.492823 200.404694 121.057426 123.529510 230.227264 124.571274               2980 
17.037621 184.418137 83.495361 82.503899 228.851044 102.730011 29.322147 199.965759 121.769295 123.684097 229.007629 125.540825               2989 
17.177677 184.094803 84.460609 82.508347 228.123840 104.064552 28.919359 199.540039 122.610336 123.609177 227.535004 127.011040               3006 
17.510311 186.045670 85.805481 84.314903 227.224625 106.313835 29.583277 200.357498 124.108490 125.286919 224.519669 129.338684               3024 
17.281313 186.747650 86.526337 84.698471 226.678513 107.349556 29.453575 200.649231 124.840584 125.558319 223.086365 130.452286               3032 
16.471004 188.239471 87.652336 84.627853 226.727722 108.512062 28.492695 202.437973 125.725510 125.112213 222.328888 132.130569               3041 
15.105225 187.229294 85.831329 83.610786 223.870407 108.238747 27.531532 198.736588 123.650101 124.132500 217.575424 131.358658               3058 
14.751943 187.536743 86.399529 82.806374 224.619385 108.929794 26.831280 199.327484 123.083771 122.926506 218.620239 132.816010               3067 
12.748923 189.282883 88.614662 79.766075 227.573456 111.216606 23.600113 202.741287 123.088356 118.560905 222.837799 137.459732               3084 
11.847970 189.946716 89.783813 77.878807 229.532562 112.556625 22.352390 203.670319 122.725357 115.979713 225.884369 139.964249               3093 
11.404388 190.127045 90.186684 78.014168 228.568344 112.992592 22.707159 202.336792 122.505119 116.189720 224.030685 140.162476               3102 
11.033307 190.301804 90.528328 78.128639 227.752945 113.361275 22.738335 201.610428 122.616211 116.355606 222.464066 140.322235               3110 
10.938250 190.405365 91.141922 78.239647 227.525742 113.566772 22.848282 201.270996 122.951302 116.570381 221.938019 140.319305               3119 
10.831061 190.540848 91.720482 78.336830 227.422501 113.551643 23.411806 200.169724 122.751640 116.815704 221.618927 140.044312               3140 
10.775407 190.600250 91.845482 78.325882 227.426224 113.564026 23.593281 199.715836 122.630890 116.822243 221.591721 140.024475               3151 
10.381501 191.333206 92.703293 78.429588 227.866135 113.175224 23.773590 200.228790 123.008163 117.190125 221.996475 139.239273               3163 
9.663178 192.241547 93.567268 77.855003 228.547363 113.611557 22.994619 201.317673 123.511261 116.340904 222.864822 140.120239               3174 
8.856487 193.290314 94.505051 77.321594 229.099762 114.167656 22.574411 201.814331 123.825897 115.650543 223.336349 140.885468               3186 
8.437664 193.981766 94.994469 77.122261 229.384933 114.325577 22.493977 201.979141 123.840378 115.391159 223.501617 141.103271               3198 
7.710884 194.785461 95.644691 76.369621 230.118896 114.730766 22.557938 201.717819 123.273598 114.443283 224.415436 141.823822               3211 
7.536389 194.878998 96.226448 76.201256 230.103210 115.091873 23.003458 200.887329 123.018478 114.267075 224.361572 142.187881               3223 
7.398334 194.335953 96.840752 75.709328 230.368881 115.248894 23.668982 199.526184 122.710091 113.989120 225.089706 142.136703               3237 
6.725332 194.050491 97.574951 74.878571 230.643845 115.215805 23.887243 198.596848 122.403236 113.303497 225.865891 141.990097               3250 
5.268147 193.893112 97.460686 73.506805 229.974350 115.566353 23.172956 196.960312 121.660995 111.731049 224.866135 142.565979               3264 
4.356107 194.058655 97.709274 72.656517 229.793930 115.765144 22.680601 196.287445 121.414658 110.725044 224.580658 142.963959               3278 
4.216603 194.037918 97.874367 72.450317 229.638611 115.723381 22.767538 195.673599 121.192055 110.541275 224.297531 142.865936               3291 
3.955666 194.140518 98.127174 72.338211 229.019455 115.738037 22.954731 194.681763 120.723602 110.466698 223.089890 142.705154               3306 
3.607347 194.517593 98.479332 72.294205 228.425308 115.746338 22.941954 194.074417 120.431595 110.432571 221.820328 142.541977               3319 
3.406594 194.573959 98.710701 72.057251 228.156799 115.421669 22.877783 193.542328 120.037270 110.214699 221.308243 142.128845               3334 
2.291876 193.744720 98.418098 70.387505 227.861115 115.095589 21.705215 192.504593 119.347099 108.367386 221.357376 142.139938               3348 
1.653070 193.296783 98.141594 69.428925 227.589737 114.754051 21.211374 191.597076 118.579422 107.277061 221.201004 142.009674               3363 
1.822203 193.882339 98.414070 70.593193 226.467285 113.454208 21.783342 191.289749 118.009323 109.021408 218.769272 139.534454               3378 
2.022810 197.879410 98.134422 70.400864 230.228973 113.630493 20.470434 196.653214 118.510445 107.153236 223.924667 142.365234               3393 
2.548549 199.262527 99.024765 71.336067 230.636688 113.139511 21.206030 197.483490 118.592743 108.255608 223.874908 141.554153               3410 
3.315982 199.930679 100.478889 72.018234 231.946594 112.830650 22.455633 198.151367 119.568100 109.283554 226.059052 140.987335               3426 
3.589434 201.249649 101.901726 72.852768 232.439163 112.880783 23.611412 198.535248 120.341248 110.386650 226.479538 140.663101               3441 
3.494634 202.540039 102.374298 73.250435 232.661240 113.049278 24.356665 198.472305 120.538452 110.840569 226.467300 140.703995               3455 
3.362230 203.172028 102.163605 73.414749 232.427109 113.378548 24.747078 197.875488 120.444710 111.021179 225.859161 140.924591               3470 
3.179820 203.850006 102.040268 73.627304 232.056198 113.887604 25.248045 197.132996 120.439537 111.262367 225.083160 141.294632               3484 
2.987748 205.268738 102.562759 73.826180 232.463852 114.804550 25.956503 196.979782 120.675079 111.572380 225.003265 141.928894               3499 
3.076376 205.869690 102.688232 74.206276 232.279343 115.292206 26.529341 196.565018 120.883217 111.974297 224.609909 142.327789               3513 
2.994956 206.154022 102.879196 74.335724 231.865112 116.040939 26.722002 196.038635 121.247192 112.069435 223.928864 143.047424               3528 
2.992213 205.695831 103.105309 74.398666 231.376404 116.444260 27.239258 194.942581 121.431801 112.400558 223.408966 143.062729               3542 
2.586480 205.969543 103.196945 74.133247 231.567307 116.706772 27.280331 194.756989 121.879066 112.305809 223.868866 143.159668               3557 
1.991821 206.223907 103.325851 73.741196 231.614777 117.181351 27.220350 194.384766 122.399521 112.067551 224.127258 143.471924               3572 
0.310364 204.346222 102.504158 71.738579 230.273026 118.211823 25.955149 191.994293 122.326096 109.905083 223.194336 144.845932               3586 
-0.050020 203.703384 103.391281 71.013985 231.176590 118.570358 26.234951 191.789856 123.367996 109.562546 225.264679 144.937454               3600 
-0.010125 202.454483 103.846100 70.947838 230.299988 118.867264 26.552546 190.364517 123.363419 109.812752 224.277496 144.740311               3615 
-0.118015 202.162491 104.038231 70.780785 230.163834 119.038811 26.480381 190.036453 123.428413 109.733376 224.144257 144.780350               3630 
0.241398 202.011856 104.519218 71.163124 229.981979 119.392319 26.836063 189.808395 123.749588 110.217155 223.867050 144.957062               3643 
1.143428 198.736221 103.914200 72.004044 226.277863 119.862831 27.845863 185.599655 122.020973 111.430611 218.780457 144.469742               3658 
0.932854 196.704865 103.472504 72.108833 223.020569 120.352684 27.724598 182.499115 120.561447 111.814476 214.017624 143.986877               3672 
1.512396 195.825043 103.326996 72.728004 222.233810 120.083389 28.168854 181.751923 120.284767 112.720467 213.109726 143.181458               3686 
1.499463 195.698807 103.029144 72.662910 222.181396 119.969711 27.620646 182.032761 120.429741 112.649590 213.093002 143.091858               3701 
1.352762 195.750885 102.679588 72.355003 222.344818 120.094582 26.936205 182.476212 120.570129 112.185928 213.317535 143.507660               3716 
1.129998 195.774261 102.671776 71.824295 223.080811 120.131241 26.315536 183.219971 121.113121 111.536140 214.617722 143.953751               3731 
0.356615 195.637238 102.151558 70.278908 223.898621 120.670975 24.891256 183.867661 121.207886 109.507683 215.990967 145.464905               3760 
0.699583 195.025497 102.097679 69.710030 224.812973 120.917542 24.734264 184.312210 121.489372 108.644363 217.805099 146.435654               3774 
1.250089 194.346497 102.288902 69.106056 225.863556 121.024124 24.438995 185.026047 121.669830 107.703506 219.691437 147.259750               3789 
3.222054 192.990967 103.200081 69.092194 228.090302 120.294243 25.516201 186.080734 121.909843 107.846741 223.690109 146.654999               3833 
3.270113 192.821472 103.594917 68.796707 228.270401 120.276611 25.143764 186.338898 121.952248 107.521942 223.881714 146.682327               3848 
3.616306 192.161896 104.555626 68.300346 228.329041 120.287224 24.459843 186.592834 121.991348 106.927284 223.887222 146.827698               3863 
4.009119 191.054230 105.693932 67.458626 228.107620 120.363518 23.420807 186.569061 121.833572 105.915993 223.504730 147.121887               3878 
4.470663 190.280914 107.066650 66.868927 228.041809 120.445923 22.396971 186.909470 122.077766 105.185120 223.353180 147.391281               3892 
4.843678 189.589279 108.461830 66.253532 227.971634 120.631805 21.273222 187.314026 122.465172 104.396263 223.234650 147.813782               3907 
4.449736 189.931839 110.157730 65.554596 228.311905 120.612762 19.980513 188.355530 123.193687 103.688316 223.481888 147.791016               3922 
4.183185 190.169800 111.625031 64.928162 228.593735 120.668564 18.800255 189.289413 123.824356 103.008026 223.689621 147.908981               3937 
3.972889 189.780365 112.717850 64.383194 228.222885 120.816345 17.774820 189.497345 124.246544 102.370766 223.187134 148.161407               3951 
3.627948 189.526794 114.340630 63.207165 228.516815 121.346832 16.261271 190.229752 125.151398 100.709351 224.119339 149.461151               3967 
4.160620 189.187576 116.063316 62.931458 228.782166 121.357658 15.727496 190.852661 126.064751 100.470284 224.844009 149.491150               3983 
4.659314 188.692856 117.398483 62.720585 228.787613 121.444557 15.456687 191.008347 126.640335 100.324020 225.121368 149.528488               3999 
4.977906 188.452957 118.354530 62.453777 228.830399 121.353638 15.141781 191.181091 126.827469 100.148018 225.197830 149.319946               4015 
4.928494 187.686142 119.624016 61.350780 229.012314 121.140320 14.472941 190.986389 127.344528 99.151680 226.257736 149.062912               4031 
5.190996 187.447174 120.591866 60.909428 229.097015 120.920425 13.934926 191.299820 127.667580 98.773529 226.610260 148.782455               4046 
5.729843 187.124435 121.267204 60.870792 228.898880 120.847580 13.607386 191.512665 127.849930 98.829956 226.247299 148.564667               4062 
6.239978 186.629852 122.037918 60.717037 228.692932 120.657059 13.311968 191.597519 128.210602 98.831146 226.166031 148.172424               4078 
6.590078 186.277328 122.611977 60.687096 228.332245 120.428665 12.930366 191.808777 128.525757 98.930313 225.735306 147.757751               4093 
7.048778 186.005981 123.247078 60.686634 228.051102 120.222382 12.131227 192.749603 129.239365 99.015747 225.417480 147.427338               4109 
7.479147 185.985107 124.012749 60.920452 227.776031 119.889656 11.078269 194.670517 130.482040 99.403770 225.124649 146.874298               4125 
7.646539 185.854691 124.391052 60.918537 227.404327 119.566704 10.210337 196.028107 131.017471 99.460037 224.651321 146.457977               4141 
7.761085 185.708389 124.798187 60.581871 227.439117 119.243057 9.762034 196.616562 131.226028 99.244553 224.919617 145.982834               4156 
8.010779 185.165894 124.840080 60.399818 227.148407 119.125809 9.749890 196.217743 131.000519 99.136429 224.614517 145.757019               4172 
8.488617 182.784302 123.536400 60.825695 224.801666 119.015335 10.221188 193.665512 129.994293 99.900612 220.803741 144.964020               4187 
8.616447 182.155945 122.852982 61.461327 223.456833 118.837151 10.494275 192.975494 129.486328 100.779289 218.028564 144.151138               4203 
8.776161 181.323959 121.636345 62.085354 222.013733 118.498222 10.907674 192.012299 128.461914 101.569771 215.118103 143.188248               4219 
8.675598 181.967346 121.873070 62.087982 222.313538 118.411140 10.754263 192.798981 128.491379 101.521309 215.284744 143.145233               4234 
8.614216 182.130661 121.922058 61.993000 222.284286 118.409233 10.546798 193.061325 128.356659 101.331207 215.117142 143.254822               4250 
8.831417 182.196274 122.145729 61.976723 222.259491 118.414673 10.478456 193.232697 128.319901 101.278473 215.010818 143.294296               4266 
9.014759 182.273941 122.409676 61.940018 222.163589 118.488235 10.321472 193.437546 128.322891 101.178345 214.761902 143.422852               4281 
8.850101 182.571838 122.796272 61.795807 221.955887 118.217033 9.936783 193.987137 128.371811 100.983879 214.426361 143.192368               4297 
8.869581 182.795273 123.047371 61.748299 221.699112 117.864853 9.686108 194.388474 128.272095 100.904877 213.980820 142.831970               4313 
9.022589 182.666306 123.100639 61.632469 221.332291 117.425468 9.504080 194.357727 127.941795 100.747284 213.598160 142.453079               4330 
9.312456 182.665512 123.105171 61.555901 221.271194 117.367363 9.420244 194.616470 127.676414 100.587311 213.415512 142.487137               4346 
9.271948 182.526764 122.839973 61.324680 221.103485 117.407158 9.161954 194.677612 127.307671 100.215065 213.071487 142.689392               4362 
9.187204 182.554733 122.725632 61.130951 221.068832 117.434509 9.022647 194.816895 127.023712 99.923470 212.935165 142.834320               4378 
9.305614 182.699860 122.731537 61.121441 221.143326 117.325989 9.050282 195.308899 126.919548 99.883636 213.001572 142.769470               4395 
9.439555 182.735825 122.816994 61.114338 221.142532 117.328659 9.092478 195.626678 126.918365 99.864525 212.987823 142.786270               4411 
9.588148 182.781631 122.910896 61.117725 221.148422 117.327705 9.133696 195.890625 126.918068 99.857574 212.985596 142.798447               4428 
9.630366 182.771072 122.966652 60.982796 221.161148 117.365837 9.126164 195.907516 126.787209 99.670471 213.084442 142.943115               4446 
9.463171 182.084076 123.817772 59.743885 221.338699 116.549881 8.741932 195.232193 126.953209 98.747047 214.956192 142.126877               4463 
9.304271 181.969040 123.878677 59.190483 221.315903 116.330063 8.533479 194.980133 126.729469 98.259140 215.114792 141.851669               4481 
9.001821 181.665680 123.376282 58.781609 220.861984 116.210037 8.677387 194.215561 125.847176 97.836243 214.174713 141.630157               4500 
8.770176 181.783310 123.169220 58.536354 220.718964 116.132698 9.129369 193.808594 125.120605 97.540749 213.697571 141.539856               4518 
8.623061 183.275986 123.275650 58.717991 221.465561 116.252747 9.502277 194.919067 124.757996 97.556107 213.861130 141.746658               4536 
8.756620 183.320007 123.228455 58.759216 221.425217 116.297516 9.529279 194.953995 124.670746 97.539612 213.699722 141.842850               4553 
8.719490 183.800003 123.219666 58.809246 221.640549 116.381798 9.472785 195.441757 124.632118 97.481232 213.699402 142.025162               4570 
8.607576 185.060806 123.405853 58.964321 222.368774 116.785294 9.356108 196.703201 124.759972 97.407173 214.000885 142.636642               4587 
8.678843 186.347961 123.755684 59.173153 223.176559 117.101059 9.346511 197.993881 124.963554 97.439583 214.525253 143.120316               4605 
8.939047 185.864578 123.590744 59.180496 222.914383 117.106789 9.452846 197.936661 124.953339 97.483772 214.220856 143.057663               4622 
9.041140 185.925430 123.589638 59.244572 222.902634 117.121941 9.606271 198.167191 125.041000 97.523750 214.098297 143.071014               4639 
9.171421 186.053635 123.659119 59.369740 222.907867 117.184540 9.755786 198.414810 125.171860 97.641350 213.931915 143.085953               4656 
9.368100 186.494995 123.956085 59.562145 223.187485 117.307404 9.910078 198.872345 125.446976 97.844704 214.110291 143.157288               4673 
9.624963 187.018234 124.324051 59.805439 223.563889 117.382027 10.112783 199.413681 125.851898 98.123413 214.475067 143.175293               4690 
10.012163 188.042938 125.005310 60.277550 224.217026 117.334236 10.468586 200.402252 126.597633 98.709480 215.140793 142.961853               4707 
10.166072 188.258026 125.278160 60.369282 224.340759 117.356483 10.520037 200.536591 126.898499 98.859863 215.230804 142.883926               4723 
10.307622 188.349197 125.433746 60.430496 224.377945 117.355293 10.522213 200.640106 127.089935 98.961983 215.214600 142.801788               4741 
10.409179 188.552414 125.585632 60.452816 224.561081 117.278854 10.549518 200.837830 127.249794 99.055054 215.414612 142.623993               4757 
10.497552 188.542847 125.602646 60.466843 224.573898 117.244118 10.542224 200.845932 127.326477 99.101006 215.389465 142.526794               4775 
10.044756 187.075058 124.509567 60.606853 222.224930 116.373726 10.291796 199.644196 126.434311 99.227310 211.785385 141.185867               4794 
10.749194 186.545242 124.321846 60.980179 222.136169 116.420776 10.701461 199.638611 126.519676 99.719398 211.715500 141.055069               4813 
11.286842 186.175110 124.157883 61.299301 222.051361 116.376862 11.010046 199.486816 126.525948 100.099030 211.721603 140.954163               4832 
11.553725 186.506348 124.258652 61.277527 222.752914 116.607697 11.123204 199.754242 126.518486 100.004250 212.849930 141.474106               4851 
11.744667 186.832336 124.320137 61.229546 223.375351 116.832436 11.158424 199.984009 126.518791 99.871552 213.789658 141.953674               4870 
11.928396 186.589142 124.172020 61.485466 222.993958 116.733070 11.280329 199.719772 126.404068 100.074753 213.285309 141.888092               4889 
12.173946 187.471298 124.522491 61.668365 223.852295 116.815300 11.426523 200.522064 126.660515 100.241447 214.365387 142.079544               4908 
12.158610 188.489685 125.008980 61.661690 224.774185 117.014091 11.327600 201.289902 127.165092 100.230080 215.438065 142.341599               4928 
12.212197 188.024429 124.994034 61.529255 224.531403 116.888901 11.077551 200.918076 127.501816 100.198166 215.360474 142.123322               4948 
11.959394 186.516312 125.031105 60.852100 223.430923 116.254425 10.433252 200.070618 128.059616 99.866455 214.712982 141.114914               4967 
11.901576 185.405365 124.852531 60.510242 222.679840 115.947182 10.090760 199.436691 128.387421 99.726059 214.131821 140.548355               4986 
11.824613 184.325211 124.721207 59.815063 222.370499 115.680283 9.966131 198.851593 128.387787 99.239357 214.447052 140.157028               5006 
11.836059 182.289093 124.245575 58.922577 221.533646 115.391815 9.940413 197.120193 128.022369 98.586334 214.400970 139.724457               5024 
11.627907 181.950485 124.137680 57.904007 222.058685 114.810745 9.644388 197.053757 127.721535 97.711510 216.044235 139.210648               5043 
11.520144 181.096283 123.774414 57.826614 221.310745 114.927589 9.901924 196.321091 127.534668 97.761047 214.829071 138.998230               5062 
11.454617 181.171310 123.745506 57.822525 221.335342 114.925644 10.035587 196.373932 127.493637 97.746063 214.804993 139.001205               5078 
11.253743 181.437103 123.601852 57.806965 221.429764 114.919640 10.136926 196.503922 127.324471 97.678734 214.684433 139.021698               5095 
10.958413 182.273178 123.500214 57.881607 221.866974 114.977188 10.097208 197.218811 127.219002 97.609329 214.781403 139.219070               5113 
10.787648 182.659042 123.307213 57.995888 221.995712 115.219490 10.052935 197.593430 127.113564 97.587746 214.469925 139.550827               5130 
10.726143 182.822021 123.054146 58.133942 221.988098 115.384995 10.077100 197.856461 126.989952 97.603867 214.107071 139.801804               5147 
10.659821 182.895752 122.918083 58.199501 221.942719 115.646141 10.082199 198.071686 126.933029 97.533669 213.780609 140.189362               5163 
10.637421 183.021637 122.863419 58.275806 221.927292 115.797966 10.115094 198.294678 126.875160 97.519882 213.531250 140.406418               5180 
10.639655 183.164185 122.852913 58.340199 221.920029 115.943687 10.145608 198.497009 126.837280 97.525688 213.249298 140.550232               5197 
10.681971 183.197495 122.797966 58.382965 221.883911 116.047577 10.285224 198.633011 126.745628 97.525902 213.003464 140.647064               5213 
10.708165 183.241104 122.768723 58.380749 221.890259 116.107681 10.390030 198.770294 126.669739 97.498611 212.876144 140.698441               5230 
10.666363 183.942108 122.948563 58.467873 222.331818 116.310951 10.456431 199.557404 126.778427 97.522621 213.032715 140.895905               5247 
10.727783 184.461380 123.110336 58.595413 222.650085 116.474396 10.707973 199.921341 126.827675 97.607178 213.107788 141.034393               5264 
10.752839 184.923996 123.252167 58.702404 222.895401 116.673477 10.870498 200.113449 126.795029 97.651711 213.059494 141.216766               5282 
10.805131 185.570786 123.479401 58.770187 223.401596 116.938339 10.968878 200.491516 126.841064 97.658852 213.354309 141.492157               5299 
10.928881 186.128571 123.696297 58.852592 223.836365 117.117088 11.022547 200.801743 126.855949 97.680580 213.620117 141.697205               5317 
11.115301 186.748260 123.898155 58.977272 224.322632 117.236176 11.109566 200.996613 126.796165 97.745842 213.917923 141.831009               5336 
11.475624 187.273743 124.130936 59.155445 224.806778 117.236259 11.231073 201.108124 126.751038 97.906937 214.338699 141.831131               5355 
11.731730 187.386429 124.232040 59.254940 224.888016 117.283913 11.263592 201.010071 126.645233 97.993271 214.244339 141.824097               5375 
11.944736 187.319992 124.261673 59.306896 224.866180 117.312279 11.293932 200.786545 126.530373 98.044159 214.122650 141.810593               5398 
12.083947 187.252213 124.273682 59.333202 224.850143 117.335419 11.288315 200.724243 126.500420 98.071381 214.054657 141.809448               5414 
12.259436 187.077347 124.161293 59.395615 224.771759 117.340904 11.273117 200.626419 126.421944 98.144180 213.883636 141.757370               5434 
12.384530 186.925507 124.065681 59.436855 224.702499 117.343620 11.233264 200.577148 126.387833 98.197899 213.745438 141.709381               5455 
12.494761 186.803650 123.986839 59.481556 224.632309 117.338043 11.204638 200.539047 126.360947 98.257996 213.592590 141.641922               5475 
12.559694 186.735458 123.930382 59.534115 224.566208 117.342346 11.182755 200.534454 126.361969 98.325027 213.420425 141.574631               5496 
12.636607 186.677490 123.895264 59.595913 224.495544 117.348808 11.207196 200.507965 126.335915 98.396942 213.233505 141.511032               5517 
12.717464 186.649796 123.870560 59.677063 224.415207 117.348808 11.227435 200.506485 126.298714 98.478188 213.000916 141.439331               5538 
12.810916 186.668747 123.893051 59.761978 224.365601 117.351730 11.256188 200.536758 126.275558 98.558731 212.811279 141.382462               5559 
12.871438 186.815643 123.984062 59.867027 224.373947 117.369026 11.271090 200.616180 126.267876 98.634743 212.674683 141.376495               5581 
12.982125 186.787704 124.021500 59.942703 224.308472 117.391548 11.288010 200.596741 126.275337 98.706337 212.498169 141.351166               5604 
13.082651 186.788666 124.084312 60.008640 224.254883 117.412064 11.298216 200.617401 126.283981 98.760170 212.334763 141.336853               5626 
13.234191 186.667252 124.103874 60.065102 224.184082 117.417313 11.294557 200.568314 126.303078 98.827911 212.246323 141.315018               5650 
13.371217 186.521408 124.108482 60.111488 224.118866 117.420975 11.284481 200.538284 126.326607 98.885002 212.217224 141.319351               5674 
13.609487 186.205307 124.111885 60.212536 223.943161 117.437897 11.265765 200.577820 126.457047 99.025475 212.104858 141.303696               5698 
13.832851 185.875412 124.148682 60.326263 223.716553 117.497246 11.238131 200.669907 126.647560 99.182014 211.887436 141.297852               5722 
13.986362 185.672684 124.219246 60.422718 223.559402 117.554413 11.275913 200.718094 126.760498 99.307915 211.732117 141.307800               5746 
14.073893 185.617493 124.266144 60.509518 223.483231 117.553391 11.301853 200.750229 126.815369 99.400520 211.652435 141.295517               5770 
14.282887 185.295807 124.263016 60.578873 223.315781 117.530693 11.269265 200.840881 126.986176 99.516983 211.614273 141.259674               5795 
14.326385 185.239487 124.252869 60.576828 223.306076 117.518974 11.231254 200.911469 127.017891 99.519234 211.656113 141.266251               5818 
14.353612 185.212341 124.256187 60.575954 223.301804 117.514687 11.199295 200.960449 127.051529 99.523262 211.683746 141.269577               5842 
14.370670 186.040619 124.708076 60.442730 224.249100 117.638939 11.174973 201.706879 127.298843 99.373695 213.085754 141.637390               5866 
14.132721 187.511490 125.203728 60.472797 225.317993 117.766144 11.069734 203.131653 127.590744 99.279259 214.181976 141.977997               5889 
14.078192 188.759369 125.661842 60.398808 226.512924 117.861755 10.994836 204.335953 127.730492 99.045212 215.905655 142.562119               5912 
14.056003 189.537613 126.068420 60.341511 227.263962 117.946220 10.958099 205.071564 127.905617 98.898262 217.069687 142.958618               5934 
14.118658 189.516449 126.046234 60.357037 227.305832 117.954323 11.015735 204.990585 127.868172 98.898613 217.184525 143.019684               5955 
14.682740 187.909943 125.571182 60.576942 226.170990 117.765739 11.401672 203.446426 127.678848 99.288948 216.070328 142.575485               5975 
15.023583 186.917603 125.382629 60.724594 225.416214 117.633720 11.670392 202.488449 127.652275 99.596489 215.287704 142.180725               5996 
15.224188 185.798691 125.087135 60.678127 224.627945 117.575958 11.764933 201.525314 127.521919 99.625359 214.569199 142.032059               6016 
15.331462 185.067780 124.954178 60.625610 224.095154 117.576836 11.922128 200.693039 127.337479 99.633751 214.060593 141.945648               6036 
15.396934 184.584290 124.847549 60.596924 223.717499 117.575737 12.074282 200.071167 127.131004 99.642334 213.656952 141.874054               6055 
15.522688 183.712845 124.550537 60.601120 222.999481 117.605148 12.201611 199.093994 126.844841 99.684349 212.774933 141.773849               6074 
15.565152 183.355179 124.428947 60.516449 222.725983 117.596069 12.307200 198.427948 126.417908 99.585861 212.500824 141.786850               6093 
15.833343 182.511368 123.946785 60.581894 222.075394 117.467987 12.461569 197.440918 125.857536 99.627960 211.787521 141.669861               6150 
15.918988 182.306824 123.861115 60.608883 221.917740 117.452530 12.504331 197.219788 125.764435 99.654182 211.617432 141.650360               6169 
16.000292 182.116470 123.873489 60.601665 221.776993 117.495415 12.518816 197.006607 125.746429 99.657791 211.472687 141.674057               6188 
16.009678 182.094254 123.908562 60.585281 221.723145 117.515717 12.303105 197.455353 126.019012 99.637192 211.381042 141.685028               6207 
16.017365 182.040146 123.907913 60.572193 221.638092 117.530579 12.284411 197.928299 126.206139 99.618195 211.242050 141.686295               6226 
16.019453 182.055679 123.931152 60.548439 221.610794 117.542122 12.336732 198.278549 126.286530 99.588173 211.166290 141.687057               6245 
15.973676 182.134232 123.954681 60.482292 221.647141 117.542473 12.315948 198.595734 126.329506 99.504784 211.176788 141.704086               6264 
16.183941 181.390305 123.511909 60.461796 221.155365 117.438965 12.390155 198.107162 126.045822 99.497734 210.685257 141.578949               6284 
