11.801978 208.885010 34.629631 61.193523 223.555542 100.531830 18.042431 187.357895 84.404984 76.270134 214.883362 141.293045                  0 
11.721746 208.903351 34.427124 61.116772 223.736725 100.454590 18.078026 187.402252 84.582756 76.194534 215.439346 141.293320                 18 
11.653552 208.921219 34.257629 61.048592 223.908813 100.386024 18.125412 187.456635 84.708496 76.114189 215.943649 141.295334                 36 
11.667790 209.180618 34.050819 61.043003 223.903290 100.384430 18.227676 187.401611 84.657227 76.122269 215.976639 141.296188                 54 
11.700975 209.472382 33.825069 61.040733 223.903122 100.382202 18.274504 187.372818 84.617035 76.127899 216.003174 141.296219                 73 
11.695586 209.750977 33.595623 61.027237 223.916290 100.377724 18.251116 187.338226 84.672287 76.144478 216.121735 141.300842                 92 
11.669979 210.016266 33.393127 61.031292 223.934952 100.359947 18.201742 187.349380 84.748657 76.187042 216.253021 141.290115                112 
11.498610 210.053772 33.389233 61.130035 223.937912 100.276581 18.089474 187.405502 85.002899 76.429474 216.459610 141.191010                131 
11.392091 210.082306 33.320332 61.098328 223.992096 100.233208 17.907360 187.509140 85.144539 76.433441 216.701813 141.168213                151 
11.333252 210.182785 33.187309 61.062317 224.026260 100.203987 17.747156 187.577026 85.236816 76.421463 216.896515 141.158249                172 
11.280319 210.389740 33.046986 61.076771 223.977142 100.203186 17.628206 187.546234 85.315788 76.524902 216.942566 141.140427                193 
11.279942 210.645187 32.881229 61.088219 223.968552 100.198494 17.528015 187.570969 85.326790 76.586861 216.989334 141.126114                214 
11.292642 210.873062 32.728668 61.093830 223.965424 100.195541 17.438652 187.595215 85.312233 76.627495 217.025177 141.116516                235 
11.280667 211.034286 32.625103 61.095459 223.963684 100.188957 17.134935 187.787277 85.246681 76.659531 217.057571 141.104156                257 
11.158817 211.091309 32.634586 61.153107 223.977264 100.157364 16.986588 187.862808 85.387535 76.845062 217.204453 141.045975                280 
11.019203 211.118011 32.656078 61.202480 224.015320 100.103912 16.540771 188.162323 85.535919 77.012321 217.392807 140.971741                301 
10.892056 211.119934 32.685410 61.255299 224.034363 100.052231 15.888450 188.576996 85.681618 77.178001 217.543060 140.897278                323 
10.802167 211.152634 32.687359 61.286709 224.033173 100.026886 15.234382 188.957306 85.810669 77.296494 217.630905 140.851944                345 
10.723035 211.165207 32.697292 61.323769 224.024338 100.005974 14.814993 189.184280 85.941963 77.419342 217.709091 140.810852                367 
10.635427 211.178406 32.714962 61.374592 224.010696 99.980942 14.535913 189.334503 86.097214 77.568489 217.790131 140.761459                388 
10.520910 211.101929 32.822388 61.542667 223.968643 99.956856 14.652005 189.162552 86.430389 77.967064 217.930038 140.672485                409 
10.445450 211.178314 32.826183 61.644733 223.955917 99.938240 14.704523 189.068100 86.676292 78.223564 218.059357 140.612076                431 
10.393080 211.271133 32.798424 61.703609 223.952911 99.921265 14.447858 189.138916 86.846512 78.382706 218.157974 140.568710                452 
10.341030 211.313141 32.796631 61.771549 223.927734 99.904945 14.103874 189.245544 87.028473 78.554016 218.223923 140.522720                474 
10.249125 211.263428 32.957561 61.956596 223.904648 99.901978 14.105369 189.235062 87.339012 78.930283 218.334122 140.458740                495 
10.163733 211.306778 33.071518 62.099373 223.914612 99.908981 14.170082 189.225754 87.625847 79.231140 218.465988 140.415802                517 
10.107215 211.403488 33.113041 62.161739 223.898926 99.939850 14.185641 189.194916 87.790199 79.388496 218.518555 140.415497                540 
10.059064 211.494263 33.154091 62.204865 223.873535 99.985107 14.199500 189.136444 87.927696 79.509361 218.547440 140.434769                559 
10.006800 211.570374 33.219421 62.254978 223.821671 100.047989 14.199764 189.057907 88.120247 79.651207 218.552551 140.465744                581 
9.929997 211.456345 33.338562 62.163704 223.887680 100.193130 14.132207 188.984238 88.421631 79.586563 218.840637 140.627762                602 
9.745742 210.884918 33.573460 61.792091 224.085007 100.453743 13.961733 188.806000 88.879776 79.168694 219.506592 140.963989                624 
9.635986 210.844025 33.796341 61.895554 223.982605 100.536842 13.983617 188.735687 89.112778 79.392212 219.422241 140.997421                647 
9.575282 210.891510 33.863209 61.913513 223.962189 100.571175 13.930349 188.767410 89.228928 79.454224 219.420532 141.014771                670 
9.501401 210.945709 33.945198 61.930229 223.930832 100.612228 13.869493 188.803543 89.356934 79.520935 219.394821 141.034744                693 
9.310868 210.945801 34.097790 61.984699 223.776031 100.628876 13.856757 188.670425 89.566917 79.746704 219.229050 140.975174                715 
9.085941 210.983887 34.303947 62.102573 223.564713 100.641640 13.853446 188.537460 89.836540 80.084618 218.981537 140.886246                738 
8.881006 211.058777 34.480251 62.170116 223.365082 100.688522 13.818314 188.403229 90.099709 80.341583 218.748138 140.844086                761 
8.814110 211.181152 34.518173 62.207996 223.336731 100.689095 13.748740 188.480881 90.206940 80.444283 218.717911 140.815048                784 
8.744764 211.266342 34.579796 62.259392 223.286850 100.696503 13.678361 188.540253 90.325310 80.572968 218.668503 140.787292                807 
8.642164 211.232513 34.688385 62.326138 223.142685 100.698303 13.456663 188.680222 90.437767 80.741844 218.510040 140.740631                830 
8.561335 211.217026 34.780464 62.397461 222.995575 100.700470 13.151580 189.021942 90.502762 80.908890 218.337769 140.695709                853 
8.515390 211.143127 34.863804 62.493294 222.887024 100.688766 13.142884 189.059952 90.582184 81.119034 218.248566 140.633148                876 
8.486882 211.095047 34.926407 62.570946 222.805603 100.684875 13.182353 189.024689 90.664513 81.287285 218.189713 140.589508                898 
8.450042 211.058945 34.976620 62.606720 222.721130 100.699448 13.182128 188.992416 90.731300 81.390495 218.117996 140.573868                922 
8.425351 210.973694 34.966152 62.551285 222.757706 100.708473 13.155099 189.003510 90.786293 81.349991 218.261276 140.588028                945 
8.415645 210.840408 34.927876 62.488209 222.839218 100.688591 13.129170 189.051620 90.835350 81.285622 218.502655 140.586456                968 
8.397937 210.350754 34.733814 62.054451 223.299866 100.663017 12.855784 189.326553 90.932159 80.636803 219.547256 140.720505                991 
8.359042 209.687469 34.571266 61.463524 223.745636 100.724709 12.635020 189.447571 90.989395 79.756226 220.644089 140.970764               1014 
8.381958 209.255234 34.366268 61.004623 224.128220 100.728813 12.564732 189.608536 90.891098 79.009804 221.534363 141.140106               1037 
8.438096 208.994919 34.169212 60.649670 224.481659 100.716766 12.589944 189.830185 90.753586 78.382622 222.300522 141.272568               1059 
8.414761 209.261276 34.303459 60.998344 223.984680 100.731651 12.793692 189.724854 90.678604 78.878670 221.446472 141.201874               1082 
8.443859 209.287384 34.277199 60.954174 223.998627 100.767441 12.911744 189.721710 90.586670 78.783546 221.473419 141.260956               1104 
8.477738 209.497604 34.486267 61.307453 223.524200 100.872276 13.121881 189.538727 90.618637 79.279449 220.655533 141.279770               1126 
8.484983 209.524673 34.542061 61.301514 223.533920 100.943291 13.174151 189.566528 90.646370 79.259850 220.673813 141.357468               1148 
8.491518 209.541672 34.578415 61.270657 223.541901 101.011894 13.231299 189.571472 90.648003 79.201912 220.691788 141.438797               1171 
8.501147 209.545425 34.605141 61.225407 223.553482 101.080902 13.322926 189.540985 90.637604 79.120323 220.721252 141.525162               1193 
8.500698 209.639084 34.726738 61.375153 223.342773 101.146164 13.445817 189.423981 90.676750 79.350754 220.355698 141.543488               1215 
8.528088 209.697769 34.744991 61.342922 223.356552 101.221924 13.513128 189.405273 90.690018 79.287476 220.372116 141.633240               1238 
8.598808 209.719757 34.648590 61.102077 223.534149 101.339264 13.499442 189.463913 90.639626 78.864677 220.677048 141.840073               1260 
8.637670 209.681183 34.566784 60.841843 223.693390 101.450325 13.567003 189.388168 90.586304 78.434616 220.976730 142.034821               1283 
8.668199 209.378922 34.365089 60.430962 223.770767 101.513832 13.704108 188.988037 90.444374 77.809059 221.269714 142.204544               1305 
8.690283 209.108765 34.154839 60.064709 223.816086 101.538094 13.765203 188.657242 90.301208 77.256866 221.495239 142.318375               1329 
8.611897 209.088501 34.048809 60.045261 223.576553 101.441032 13.805320 188.386414 90.153175 77.288712 221.152588 142.193649               1352 
8.553800 209.063660 33.965137 60.014446 223.473389 101.360390 13.787606 188.263077 90.087151 77.294441 221.029984 142.096359               1375 
8.363959 209.089600 33.997547 60.245663 222.930267 101.201660 13.965912 187.762131 89.969505 77.809250 220.183945 141.796814               1398 
8.286873 209.124176 33.965603 60.287251 222.809128 101.129364 14.015693 187.589218 89.969948 77.967567 220.029800 141.671555               1422 
8.257284 209.166367 33.925537 60.306538 222.739395 101.092651 14.042685 187.480423 89.980881 78.055946 219.952103 141.604095               1445 
8.242040 209.213745 33.885612 60.316895 222.685089 101.071121 14.065493 187.389603 89.996048 78.120911 219.897949 141.558609               1468 
8.242283 209.275497 33.837662 60.323784 222.647202 101.055939 14.085792 187.324051 90.009270 78.168892 219.866043 141.525742               1492 
8.242545 209.336029 33.807121 60.341637 222.652466 101.035683 14.092621 187.324081 90.037125 78.224174 219.893936 141.490509               1515 
8.247495 209.384674 33.785160 60.358513 222.646866 101.024033 14.093020 187.316513 90.064491 78.275734 219.901566 141.464417               1538 
8.255116 209.429321 33.763409 60.365570 222.641403 101.018570 14.086224 187.318893 90.082695 78.308342 219.903839 141.448151               1562 
8.258777 209.474152 33.746086 60.371906 222.643570 101.014008 14.080340 187.336197 90.102516 78.337257 219.916397 141.434250               1585 
8.252843 209.518555 33.750057 60.387661 222.648483 101.016197 14.074320 187.362991 90.153847 78.391830 219.939758 141.420410               1609 
8.105170 209.627533 33.995556 60.602409 222.429535 101.057076 14.215206 187.203323 90.352768 78.864609 219.589203 141.336258               1633 
8.026982 209.708496 34.175785 60.741360 222.502167 101.080460 14.277435 187.316589 90.615021 79.167641 219.727158 141.289413               1657 
7.962475 209.787399 34.332809 60.844196 222.554001 101.122078 14.319604 187.403595 90.856773 79.409882 219.833786 141.270599               1681 
7.933811 209.853897 34.440701 60.922348 222.618958 101.148102 14.346271 187.503662 91.046921 79.593277 219.954071 141.251495               1705 
7.909378 209.964523 34.504280 60.972065 222.688614 101.164551 14.338149 187.628250 91.193832 79.724319 220.066406 141.232803               1730 
7.892931 210.030548 34.561760 61.003689 222.733978 101.188591 14.322367 187.723648 91.313744 79.819023 220.145859 141.229477               1753 
7.807756 210.142517 34.678337 61.086914 222.615784 101.213097 14.323346 187.705017 91.396782 80.042053 219.925858 141.181274               1778 
7.563998 210.095932 34.848820 61.012230 223.035278 101.156052 14.201957 188.123001 91.724632 80.081963 220.642502 141.088593               1802 
7.475894 210.112457 34.945580 61.059593 222.925674 101.166801 14.244073 188.023804 91.787117 80.242859 220.468048 141.040985               1826 
7.490239 210.148865 34.934551 61.062801 222.922928 101.169197 14.248033 188.015411 91.815018 80.271492 220.467453 141.031265               1849 
7.366350 210.119507 35.108551 61.184708 222.772659 101.163788 14.264379 187.905640 91.968605 80.589500 220.255661 140.926910               1873 
7.297287 210.036804 35.243534 61.237381 222.921341 101.150764 14.285840 187.985840 92.209396 80.762207 220.556427 140.864441               1897 
7.255788 210.019028 35.382801 61.319618 222.805710 101.202881 14.227101 187.916962 92.356323 80.967636 220.389801 140.852676               1920 
7.254337 209.967880 35.438080 61.312607 222.850677 101.239227 14.149178 187.944626 92.480446 80.998878 220.498291 140.873871               1943 
7.255140 209.911774 35.500729 61.304062 222.894821 101.285851 14.114949 187.939438 92.611031 81.031860 220.613876 140.904022               1967 
7.257188 209.869843 35.560394 61.301254 222.921722 101.332619 14.079095 187.942688 92.720543 81.066353 220.695526 140.935303               1991 
7.265411 209.828018 35.623779 61.299202 222.963577 101.384605 14.073284 187.936493 92.853271 81.106461 220.809357 140.970200               2014 
7.273797 209.795074 35.686466 61.297668 223.007965 101.439850 14.076640 187.930496 92.991791 81.143219 220.930939 141.010391               2038 
7.298560 209.841415 35.725067 61.318043 222.979767 101.497116 14.045891 187.935837 93.091438 81.202980 220.913513 141.048447               2062 
7.305892 209.863983 35.804043 61.352165 222.931732 101.565918 13.999879 187.951950 93.208771 81.291656 220.867935 141.089890               2086 
7.323496 209.838821 35.879223 61.368633 222.921234 101.637360 14.012006 187.924240 93.338623 81.347221 220.901184 141.143860               2110 
7.335354 209.815369 35.955585 61.374138 222.912582 101.714287 14.021654 187.892120 93.473969 81.387688 220.939301 141.205444               2134 
7.358457 209.806686 36.002506 61.381447 222.923706 101.768547 14.031622 187.888260 93.584999 81.417252 221.004684 141.251099               2159 
7.372252 209.804291 36.037895 61.384071 222.932388 101.808342 14.016379 187.921005 93.660011 81.433006 221.053162 141.286148               2183 
7.392353 209.823242 36.049431 61.391689 222.931274 101.831390 13.994766 187.971802 93.691490 81.445816 221.069290 141.307373               2208 
7.411459 209.838806 36.065350 61.403027 222.913086 101.857727 13.968947 188.015457 93.720428 81.461990 221.059082 141.331619               2232 
7.429133 209.857574 36.069954 61.403545 222.905853 101.878448 13.944313 188.060181 93.733498 81.460258 221.060394 141.353882               2257 
7.434539 209.939407 36.060699 61.383087 222.997421 101.884865 13.816436 188.334198 93.761353 81.399422 221.199493 141.382980               2282 
7.446462 209.970047 36.058941 61.389133 222.994446 101.887329 13.794485 188.449509 93.722397 81.401756 221.188065 141.386948               2307 
7.453304 210.006439 36.106403 61.395176 223.347214 101.865196 13.677707 189.017181 93.910057 81.370499 221.792908 141.394409               2331 
7.476037 210.059753 36.123985 61.365177 223.832886 101.826874 13.503705 189.764648 94.118492 81.261513 222.615341 141.407684               2356 
7.506828 210.116272 36.123367 61.326374 224.218536 101.803558 13.339524 190.400696 94.258339 81.142540 223.263611 141.431778               2380 
7.502078 210.335907 36.116570 61.345909 223.816513 101.892097 13.239286 190.437469 94.047646 81.145599 222.545868 141.519684               2450 
7.530675 210.247879 36.081783 61.224476 223.777267 101.967072 13.237002 190.356583 93.983665 80.947235 222.524139 141.633560               2472 
7.535147 210.260529 36.036400 61.154003 223.428009 102.051056 13.217340 190.118347 93.794327 80.835426 221.961578 141.730759               2495 
7.545222 210.259262 35.975456 61.071339 223.288162 102.087433 13.194631 190.072739 93.649796 80.700935 221.739975 141.789688               2518 
7.550014 210.227341 35.899387 60.921761 223.267380 102.126526 13.123403 190.132446 93.528069 80.465202 221.721436 141.871368               2541 
7.546357 210.258469 35.833012 60.877617 222.949905 102.154633 13.148098 189.949936 93.287018 80.405334 221.186859 141.898163               2563 
7.554355 210.204910 35.731606 60.716766 222.941818 102.173035 13.108458 190.008621 93.123260 80.157829 221.189529 141.959488               2586 
7.584336 210.151169 35.561058 60.471161 223.058258 102.182976 13.015171 190.203308 92.933792 79.757187 221.397095 142.048721               2609 
7.610999 210.081009 35.415745 60.234585 223.164825 102.203506 12.938142 190.387054 92.763229 79.373405 221.595184 142.143829               2632 
7.633730 210.014069 35.313583 60.047623 223.250427 102.224487 12.895288 190.584793 92.618591 79.069550 221.754456 142.223434               2655 
7.663181 209.900864 35.270565 59.926250 223.361404 102.247902 12.990356 190.680618 92.550102 78.872131 221.980911 142.287079               2679 
7.637362 209.965454 35.298820 60.065063 222.968719 102.236420 13.178551 190.387207 92.387482 79.114212 221.311035 142.216034               2703 
7.615413 209.979187 35.324558 60.102688 222.888245 102.232262 13.270546 190.333054 92.348183 79.190834 221.171951 142.190796               2727 
7.604333 209.988602 35.342888 60.129715 222.846024 102.228951 13.348880 190.306931 92.321198 79.242424 221.098877 142.174408               2750 
7.607637 210.021454 35.342579 60.147278 222.844437 102.216530 13.367552 190.362640 92.299072 79.265724 221.080612 142.158508               2774 
7.574101 210.158829 35.485600 60.415802 222.469376 102.214630 13.579338 190.094238 92.266533 79.709930 220.407654 142.057755               2798 
7.556282 210.182175 35.530682 60.446358 222.371735 102.241447 13.613009 190.003128 92.263809 79.773476 220.234314 142.064575               2822 
7.553794 210.175323 35.547195 60.454540 222.357910 102.249184 13.648128 189.961334 92.261887 79.793144 220.211639 142.066254               2846 
7.554320 210.139771 35.548222 60.428379 222.390442 102.256897 13.698117 189.888474 92.255646 79.760368 220.274048 142.078781               2870 
7.552272 210.056274 35.516735 60.332680 222.567459 102.248772 13.757308 189.818298 92.264648 79.624672 220.586578 142.097015               2893 
7.529275 210.094727 35.589088 60.460266 222.444626 102.230843 13.873904 189.615387 92.274284 79.846565 220.363876 142.028198               2917 
7.473425 210.047256 35.492950 60.357594 223.231766 102.006889 13.758081 190.262024 92.446289 79.703209 221.662277 141.847473               2942 
7.356666 210.257828 35.654362 60.619080 223.269440 101.894600 13.854980 190.431458 92.574699 80.162910 221.634491 141.635681               2966 
7.262677 210.473694 35.733753 60.818268 223.106277 101.801384 13.925496 190.407974 92.546692 80.521461 221.265671 141.454681               2989 
7.118726 210.817474 35.716621 60.798027 222.846375 101.795090 13.808418 190.294464 92.383095 80.566826 220.676270 141.399033               3013 
6.862071 210.862122 35.881947 60.586407 222.858505 101.927284 13.564805 190.282333 92.521507 80.400322 220.651031 141.506622               3036 
6.582220 211.056656 36.076912 60.503929 222.743103 102.013596 13.320045 190.315781 92.626892 80.438721 220.356033 141.521744               3060 
6.285319 211.273026 36.209309 60.364861 222.766327 102.046852 12.898516 190.664017 92.744499 80.390648 220.280548 141.502853               3083 
5.894069 211.465027 36.402927 60.157711 222.774231 102.106911 12.378388 191.100296 92.889793 80.297127 220.175705 141.497757               3106 
5.485208 211.534714 36.634613 60.019753 222.827820 102.096176 12.085170 191.372070 93.037666 80.353104 220.178650 141.383881               3130 
4.979256 211.621078 36.926338 59.799511 222.804459 102.159363 11.857749 191.367188 93.207039 80.338646 220.052826 141.332825               3151 
4.087583 211.809998 37.426846 59.197830 222.798019 102.441841 11.392695 191.181122 93.490135 79.979042 219.849716 141.473068               3173 
3.580114 211.973587 37.884911 59.047329 222.613327 102.649536 11.332006 190.861389 93.705025 80.092636 219.397720 141.517807               3195 
3.177003 212.049545 38.252380 58.894550 222.469345 102.831917 11.271795 190.553391 93.893738 80.142998 219.069427 141.573776               3216 
2.823189 212.108414 38.624771 58.779449 222.365753 103.014977 11.178923 190.340271 94.135223 80.212036 218.826126 141.642715               3237 
2.527273 212.192856 38.934551 58.676991 222.287354 103.175674 11.094585 190.122742 94.338348 80.260483 218.618774 141.707245               3258 
2.226033 212.336929 39.117897 58.410240 222.232635 103.343513 10.920310 189.835052 94.403229 80.043106 218.406815 141.832092               3280 
1.910895 212.396408 39.379223 58.213684 222.056412 103.513985 10.838123 189.384842 94.465485 79.939606 218.024292 141.929001               3300 
1.710359 212.416656 39.614944 58.189507 221.955795 103.587090 10.894903 189.043869 94.525116 80.026001 217.784927 141.924530               3321 
1.564603 212.488358 39.882420 58.299561 221.957672 103.586639 10.890756 189.116776 94.613571 80.244576 217.659164 141.847931               3341 
1.388983 212.869156 40.552868 58.763474 221.486954 103.793732 11.217902 188.776321 94.871246 81.075516 216.671387 141.780197               3362 
1.363705 213.198944 40.731655 58.953869 221.432693 103.824730 11.340040 188.784485 94.911858 81.371323 216.409164 141.722076               3383 
1.406890 213.577896 40.835732 59.239082 221.335266 103.755142 11.475870 188.901764 94.856544 81.755737 216.059586 141.559311               3403 
1.488210 214.044388 40.865341 59.568066 221.134109 103.616905 11.680351 188.934464 94.613182 82.183380 215.477631 141.306961               3424 
1.607223 214.531723 40.954319 60.021164 220.809204 103.460777 12.006310 188.868973 94.344360 82.786446 214.684235 140.986969               3445 
1.616817 214.903305 41.184605 60.313805 220.909958 103.422249 12.143593 189.226440 94.454971 83.186478 214.650925 140.860901               3466 
1.600877 215.152863 41.350895 60.481358 220.965118 103.412117 12.380023 189.346191 94.450325 83.427773 214.607956 140.789063               3487 
1.493367 215.501999 41.349983 60.537502 220.989548 103.255241 12.437947 189.540558 94.242691 83.533607 214.451614 140.570419               3509 
1.346512 215.868149 41.401943 60.604671 220.852722 103.123375 12.514353 189.522720 93.997307 83.705116 214.014343 140.320068               3531 
1.068059 216.257843 41.416805 60.389233 221.037064 103.060020 12.490348 189.674164 93.744469 83.514099 214.034500 140.210968               3553 
0.642762 216.700760 41.495300 60.081161 221.154831 103.034775 12.594022 189.635498 93.447029 83.265289 213.943558 140.108780               3575 
-0.168637 217.518250 41.496239 59.189869 221.623001 103.107552 11.813741 190.327454 93.304520 82.250908 214.240982 140.224686               3597 
-0.806752 218.099396 41.481544 58.435757 221.597717 103.222618 11.178700 190.497162 93.034233 81.384331 213.876343 140.340408               3618 
-1.482404 218.383286 41.414940 57.614876 220.861954 103.333534 10.582191 189.838562 92.425201 80.489311 212.498932 140.357956               3640 
-1.830590 218.646744 41.435368 57.273003 220.749588 103.350456 10.359925 189.777786 92.227913 80.140831 212.156952 140.326355               3662 
-2.066482 218.735901 41.474033 57.001781 220.728729 103.414368 10.512274 189.500031 92.059052 79.860229 212.043793 140.374496               3682 
-2.197118 218.515915 41.508816 56.838387 220.804138 103.428680 10.953375 189.127670 91.889381 79.724129 212.169922 140.383804               3703 
-2.126883 218.487015 41.543510 56.974716 220.743439 103.353867 11.466675 188.777771 91.708397 79.911377 212.007889 140.253571               3724 
-1.953090 218.596100 41.479214 57.143394 220.786453 103.257645 11.771263 188.752151 91.580307 80.059608 211.974091 140.151794               3745 
-1.638064 218.766541 41.243565 57.270580 220.450623 103.165543 12.129580 188.403854 91.027969 80.065788 211.263397 140.043198               3766 
-1.156254 218.811218 41.067936 57.711647 220.102875 102.992050 12.736973 188.023697 90.499825 80.499413 210.578430 139.788666               3786 
-0.718995 219.212158 40.933479 58.122768 220.153107 102.847412 13.023087 188.326157 90.257301 80.829720 210.410873 139.636963               3807 
-0.459486 219.286133 40.969528 58.411896 220.057999 102.798790 13.223109 188.403931 90.115288 81.096054 210.122925 139.550812               3828 
-0.208955 219.326721 41.030113 58.694580 219.985413 102.765244 13.376533 188.546783 90.062553 81.347404 209.898361 139.495193               3848 
0.130969 219.377533 41.167309 59.116501 219.817581 102.785309 13.652650 188.597321 90.109894 81.776894 209.573517 139.467102               3869 
0.448243 219.415741 41.402241 59.588821 219.739670 102.847626 13.944362 188.718094 90.354485 82.309669 209.430801 139.473816               3889 
0.691425 219.358643 41.598579 59.948711 219.674622 102.903732 14.158401 188.760086 90.580513 82.737137 209.334625 139.479126               3910 
0.861493 219.498688 41.750896 60.197159 219.891190 102.956406 14.301353 189.070877 90.824135 83.015007 209.604843 139.528595               3932 
0.916512 219.328201 41.944851 60.230591 219.926575 103.119858 14.360665 189.051941 91.041725 83.075340 209.687012 139.688370               3953 
1.005423 219.163681 42.232250 60.398590 219.831665 103.281502 14.455499 188.985916 91.337402 83.316154 209.584518 139.802307               3974 
1.101069 218.768463 42.860031 60.879810 219.241272 103.483009 14.846595 188.396942 91.731361 84.081963 208.806076 139.770126               3996 
1.073349 218.294525 43.491566 61.215225 218.743240 103.697159 15.107111 187.841507 92.186058 84.701805 208.201431 139.769852               4017 
1.062280 218.115189 43.833820 61.475380 218.475235 103.703590 15.229603 187.637863 92.424110 85.159256 207.826065 139.615387               4039 
1.040889 218.011780 44.170033 61.774197 218.036942 103.654030 15.301055 187.366714 92.593033 85.671028 207.159988 139.355865               4060 
1.115547 217.887558 44.178078 61.775074 218.049271 103.652374 15.242038 187.401459 92.650444 85.671646 207.178024 139.356125               4082 
1.157302 217.774246 44.222343 61.757668 218.088303 103.657860 15.072561 187.563889 92.793076 85.642105 207.235016 139.375198               4104 
1.166408 217.732498 44.268394 61.732422 218.102524 103.667839 14.924317 187.704300 92.904129 85.606941 207.243851 139.390167               4126 
0.924459 217.851944 44.529305 61.744148 217.526352 103.600525 14.476980 187.725998 93.054367 85.694565 206.314835 139.162674               4148 
0.743089 217.897919 44.704288 61.727379 217.208588 103.531738 14.126245 187.850723 93.190598 85.730469 205.797928 138.994904               4170 
0.569818 217.813110 44.794586 61.623035 216.742142 103.491364 13.783710 187.721146 93.202011 85.653687 205.113708 138.865005               4192 
0.527693 217.565384 44.907055 61.617020 216.655136 103.509941 13.693391 187.704132 93.365990 85.709641 205.070496 138.855804               4214 
0.509191 217.325882 45.015007 61.602737 216.519745 103.535995 13.552094 187.708801 93.489922 85.737930 204.922974 138.848816               4236 
0.440615 216.873459 45.408875 61.796219 216.119507 103.605637 13.700377 187.251572 93.731010 86.174454 204.460999 138.730682               4258 
0.362692 216.525299 45.907940 62.055660 215.794815 103.705528 13.816495 186.942245 94.116722 86.717590 204.074570 138.611298               4280 
0.295222 216.307327 46.379875 62.274269 215.450226 103.828972 13.887751 186.691483 94.447044 87.175789 203.602402 138.520905               4301 
0.100807 216.109634 46.959316 62.350895 215.011780 104.073952 13.895056 186.320984 94.789284 87.490410 202.967453 138.525757               4324 
-0.038433 216.068924 47.368366 62.360790 214.707245 104.274818 13.833991 186.132935 95.027229 87.639236 202.485291 138.562027               4346 
-0.140296 216.010941 47.649712 62.334064 214.502182 104.427559 13.767464 186.052444 95.175873 87.711555 202.158081 138.597626               4368 
-0.219707 215.929489 47.881790 62.292812 214.311691 104.564270 13.699066 186.005081 95.288231 87.751007 201.858704 138.634659               4390 
-0.224526 215.818146 48.040459 62.324108 214.289993 104.618332 13.684852 186.135376 95.430992 87.859863 201.839676 138.631607               4412 
-0.251616 215.742767 48.209503 62.313313 214.192261 104.710487 13.614445 186.229050 95.554062 87.909081 201.695282 138.661484               4433 
-0.273410 215.682190 48.556583 62.450333 213.912369 104.819572 13.605355 186.282303 95.780167 88.191635 201.270203 138.606384               4455 
-0.301991 215.588104 48.822777 62.497387 213.773407 104.949295 13.560040 186.396454 96.004478 88.338142 201.088181 138.643936               4477 
-0.288501 215.545395 48.996780 62.521633 213.669540 105.054176 13.521578 186.504593 96.166824 88.433609 200.946014 138.679596               4499 
-0.256127 215.520981 49.113098 62.521164 213.574509 105.147896 13.484085 186.608246 96.279121 88.483322 200.813446 138.720352               4522 
-0.214762 215.466812 49.202782 62.511852 213.490448 105.232025 13.462951 186.690964 96.361679 88.517036 200.702911 138.761063               4544 
-0.183293 215.380096 49.377815 62.576492 213.374969 105.310974 13.424136 186.864868 96.573746 88.681107 200.573151 138.757202               4567 
-0.103878 215.242798 49.589661 62.712971 213.258728 105.398964 13.416542 187.086380 96.865112 88.939529 200.461914 138.751572               4589 
0.037448 215.168121 49.687599 62.810448 213.132614 105.482910 13.368543 187.294006 97.100471 89.117981 200.323700 138.767044               4612 
0.152831 215.016190 49.799355 62.905571 213.007401 105.564613 13.300253 187.474075 97.381577 89.303368 200.216843 138.784271               4635 
0.345847 214.988922 49.766171 62.970078 212.851639 105.618904 13.326349 187.462769 97.438545 89.397530 200.018295 138.798462               4658 
0.586157 214.890182 49.777958 63.088444 212.636322 105.713562 13.444278 187.230438 97.533981 89.578712 199.773407 138.831512               4681 
0.757263 215.008453 49.752506 63.152336 212.620956 105.761459 13.396735 187.390717 97.668938 89.646751 199.744415 138.870804               4704 
0.848848 215.060135 49.766411 63.183956 212.612671 105.810242 13.314814 187.553818 97.802040 89.682236 199.733536 138.915482               4728 
0.914808 215.060974 49.796864 63.227360 212.577866 105.842255 13.273189 187.655167 97.901993 89.733765 199.693802 138.939072               4751 
0.953168 215.004501 49.823193 63.245422 212.546890 105.868538 13.222068 187.720627 97.985008 89.762535 199.673859 138.961075               4774 
0.997852 214.985718 49.800087 63.244987 212.547546 105.868958 13.141104 187.841629 98.024124 89.761566 199.677536 138.963089               4797 
0.997137 214.946594 49.843719 63.253593 212.502838 105.881134 13.055167 187.942291 98.118614 89.789955 199.630707 138.958588               4821 
1.002221 214.913666 49.880348 63.261684 212.460815 105.892578 12.975811 188.029114 98.207588 89.816612 199.586655 138.954330               4844 
0.996313 214.884247 49.930115 63.269268 212.409744 105.903732 12.901976 188.098022 98.303268 89.850327 199.530029 138.942307               4868 
0.975451 214.873016 49.960472 63.271355 212.388504 105.882835 12.772964 188.271927 98.400055 89.879265 199.505539 138.898529               4891 
0.882405 214.835388 50.036053 63.285828 212.224731 105.798668 12.563813 188.456299 98.530388 89.957962 199.279037 138.737915               4915 
0.656555 214.798264 50.207600 63.249538 211.788193 105.702805 12.277321 188.488800 98.634064 90.026436 198.624817 138.470337               4939 
0.540077 214.679153 50.350636 63.215645 211.696808 105.722855 12.144837 188.600723 98.797569 90.073494 198.535568 138.424927               4963 
0.485788 214.577271 50.419399 63.177021 211.682831 105.747169 12.062443 188.742462 98.893097 90.082024 198.556427 138.424469               4987 
0.338684 214.297974 50.597065 63.103786 211.589752 105.824875 12.026214 188.631805 99.050377 90.127419 198.541428 138.435501               5013 
0.158383 214.121170 50.795425 63.023449 211.441925 105.889839 11.971464 188.513962 99.166817 90.159653 198.392639 138.406448               5035 
-0.006009 214.015564 50.879246 62.890625 211.367859 105.919273 11.858105 188.522415 99.188538 90.087341 198.323578 138.387314               5059 
-0.142394 213.781128 50.990288 62.812706 211.232849 105.944107 11.867063 188.323990 99.201645 90.123871 198.218842 138.328110               5082 
-0.334262 213.484772 51.123066 62.632759 210.984467 106.039680 11.815485 187.888275 99.209038 90.066971 197.972992 138.320526               5106 
-0.364838 213.354828 51.286350 62.685585 210.936859 106.087883 11.927981 187.688553 99.381874 90.283409 198.003662 138.260544               5130 
-0.967036 213.098663 51.505997 62.258915 211.659683 106.117462 11.609646 188.006943 99.880188 90.105003 199.272125 138.290924               5152 
-1.583529 215.523163 50.715900 62.275658 213.571106 104.552124 10.933449 191.190979 99.445160 90.258369 201.127365 136.585052               5176 
-1.343464 220.930435 45.137737 62.149765 219.278519 99.396545 9.969028 198.773865 95.192497 89.515800 207.460175 132.190063               5198 
1.729015 227.991623 37.309376 63.105434 223.865326 93.805550 10.058447 206.230911 88.077888 88.642792 211.167618 127.726028               5217 
9.526704 238.789917 23.478558 75.779564 233.220932 73.206551 22.493681 214.710785 69.782799 104.656387 217.578552 102.962769               5264 
10.838267 241.706497 17.286926 75.772308 232.535706 67.660469 21.233538 216.312408 62.543541 103.349869 214.163910 97.087379               5276 
11.434361 243.397629 10.440005 76.231064 233.394104 59.756485 19.735369 219.403809 54.617729 102.926460 212.755844 88.486366               5288 
12.028473 244.234299 3.769079 76.461205 235.172729 52.923809 18.883593 221.655014 47.341816 102.646912 213.490799 81.352509               5298 
12.141624 245.125504 -3.825491 75.713593 236.048218 45.897388 17.836983 222.729156 38.610352 101.158234 213.269333 74.140633               5309 
11.852541 247.159225 -11.727591 74.766861 236.970276 38.200092 16.406467 224.098343 29.695669 99.602402 212.824646 65.843750               5318 
11.097403 249.180725 -21.216032 73.338226 238.755081 29.097073 14.654046 225.938126 19.403316 97.682251 213.718491 56.383064               5331 
10.271063 250.949585 -36.209076 70.493774 238.593781 15.963490 11.843327 225.403656 3.171324 93.958595 212.117859 42.654610               5346 
8.901454 252.861664 -52.346947 67.584816 239.174057 1.217465 8.755525 225.844971 -13.492966 90.352173 211.889725 27.697662               5362 
7.572523 252.601273 -59.252243 65.581558 238.388290 -5.085055 7.003862 224.237503 -21.136061 88.426376 210.717560 20.923265               5370 
5.979668 252.139801 -66.529350 62.592121 234.007889 -11.967431 4.087217 219.557068 -30.648054 85.682655 204.412888 11.589958               5379 
1.971270 250.578445 -83.406387 57.784321 233.889908 -27.364275 -0.162607 216.756256 -47.569744 81.598053 204.950027 -3.713108               5397 
0.236610 249.690964 -89.356026 56.062828 234.146866 -32.850975 -0.933051 215.042709 -54.091480 80.684486 205.797180 -9.312557               5405 
-2.411346 250.197281 -104.118881 52.515469 233.771515 -46.724911 -2.725414 213.131912 -71.041832 77.793495 205.326874 -24.011215               5422 
-7.669672 256.198700 -121.351295 43.806217 240.666733 -60.601082 -4.779223 214.417557 -93.434959 71.799622 213.795029 -39.193871               5439 
-10.198643 254.601822 -127.042046 42.122303 238.332321 -67.209625 -8.281399 212.702713 -98.363777 69.912994 210.973877 -46.157753               5448 
-11.722362 252.106857 -133.963196 41.004398 235.686295 -74.512733 -10.345720 210.446777 -104.658440 68.557823 208.114853 -53.426903               5458 
-16.006432 253.194489 -139.348206 36.386902 233.084793 -80.813766 -12.551228 207.598633 -115.544685 65.899384 205.193420 -63.063499               5474 
-16.822519 251.269608 -142.001968 35.996666 232.239822 -83.554329 -12.859502 205.869751 -117.988556 66.021049 204.797287 -65.963676               5483 
-21.288876 236.589172 -157.160751 32.955185 230.641068 -97.232925 -14.471707 195.861145 -126.062302 64.746811 208.324295 -75.896530               5500 
-23.107645 233.122421 -162.344208 31.342413 231.224152 -102.337395 -15.269678 193.967682 -129.447266 63.705822 210.684296 -80.095284               5509 
-24.008959 229.021835 -166.277435 30.012648 230.754623 -105.855583 -15.041766 191.055481 -132.236572 62.907646 212.019379 -82.814369               5518 
-23.115000 228.957977 -168.630844 30.742868 228.812607 -108.007507 -14.770638 190.175858 -135.294067 63.302448 209.204697 -85.217361               5535 
-23.751934 227.754440 -171.555283 30.087326 227.999512 -110.900993 -15.562308 189.249649 -137.853455 62.560429 208.494904 -87.899788               5544 
-24.828716 235.110138 -173.895416 30.498592 227.913818 -114.238220 -15.639666 190.478760 -142.223358 62.040771 207.464203 -90.767136               5552 
-26.880196 239.244263 -176.437592 29.666298 226.339554 -117.673218 -15.983289 189.324280 -147.036514 60.843334 205.532257 -94.029259               5570 
-27.284208 240.298416 -177.004440 29.595896 225.910660 -118.464104 -15.718092 188.889313 -148.347641 60.683689 205.101089 -94.704918               5578 
-27.618092 241.053741 -177.197083 29.558475 225.682693 -118.884483 -15.570137 188.819275 -149.083099 60.598431 204.871246 -95.064484               5587 
-27.800259 244.068451 -177.184143 29.235285 225.259048 -119.396172 -15.505254 189.925354 -151.629608 60.009464 203.512085 -96.072212               5604 
-28.217340 245.684723 -177.298096 28.851843 225.223724 -119.981979 -16.002611 190.852722 -152.898514 59.508690 202.929764 -97.022774               5613 
-28.841927 251.970688 -178.918930 26.970289 225.084518 -122.878746 -18.839014 195.111786 -158.325638 56.486439 200.123016 -101.206009               5630 
-29.170172 255.256027 -178.743591 25.285908 224.345474 -123.384819 -19.799070 197.099960 -161.717331 54.189316 197.880188 -102.692574               5639 
-27.714863 252.588211 -183.523712 23.557589 221.467560 -125.337715 -18.486835 194.691589 -166.952957 51.698315 195.095901 -103.506012               5648 
-25.627747 254.668930 -185.431732 22.515245 220.665710 -126.552048 -18.990795 197.274017 -170.274887 49.643681 192.749893 -105.368507               5665 
-23.353718 254.941711 -187.693619 21.882883 219.795654 -127.554100 -19.237514 198.384201 -172.355759 48.091652 191.011520 -106.374817               5682 
-23.147013 254.785461 -188.629440 21.573435 219.358261 -128.388931 -19.317083 198.552887 -173.512863 47.842384 190.436096 -107.473907               5691 
-22.440033 253.899704 -191.041428 21.151669 218.118515 -130.261108 -19.488747 197.992645 -175.649979 47.253326 189.071518 -109.309669               5708 
-22.229509 253.667252 -192.100952 21.278774 217.738220 -131.419006 -19.601515 197.907257 -176.620819 47.522736 188.646942 -110.708153               5717 
-18.415003 253.257233 -197.549423 20.964899 216.977966 -134.414368 -18.862051 197.980606 -180.691391 45.607170 187.477371 -112.358490               5735 
-18.928188 254.279022 -198.357986 19.169706 216.683945 -135.246552 -19.845411 198.850403 -182.549500 43.453220 186.713531 -113.427460               5743 
-19.258827 255.112595 -198.863617 19.089357 216.881271 -136.347488 -19.640491 199.635056 -183.958649 43.814430 186.830750 -115.143135               5760 
-19.342567 254.903412 -199.750458 18.968613 216.802963 -137.156738 -19.593641 199.504929 -184.824371 43.828217 186.855652 -115.963676               5769 
-19.415581 253.800613 -201.777435 18.628321 216.241989 -138.727631 -19.541613 198.615402 -186.471848 43.617256 186.576157 -117.292152               5780 
-20.464918 254.857742 -202.380753 16.217354 214.387634 -140.365295 -20.208715 199.055054 -190.063599 41.161240 183.992950 -119.921379               5797 
-20.745358 255.091980 -202.512314 15.607055 213.918228 -140.779846 -20.568903 199.158463 -190.774765 40.559380 183.357834 -120.594894               5804 
-20.965952 255.262726 -202.662048 15.045085 213.485992 -141.161560 -21.037724 199.259003 -191.294861 40.012150 182.780212 -121.216934               5821 
-21.039547 255.316162 -202.738205 14.811754 213.306534 -141.320053 -21.473938 199.239609 -191.323608 39.786884 182.542450 -121.475624               5838 
-21.059511 255.329926 -202.779282 14.713125 213.230667 -141.387054 -21.802570 199.200256 -191.217468 39.692001 182.442307 -121.585030               5847 
-20.423210 254.786499 -203.933868 13.599387 212.777115 -141.512360 -22.745777 198.832962 -191.364273 37.826187 181.827179 -121.039192               5865 
-20.171515 254.852173 -203.977188 13.603975 212.753555 -141.491058 -23.102665 198.886139 -191.044632 37.750195 181.742035 -121.015846               5873 
-19.946516 255.373001 -203.264023 13.988115 213.174988 -140.941650 -23.506811 199.280334 -189.748550 38.363434 182.218567 -120.655403               5890 
-19.425922 256.606537 -200.942062 14.102776 213.730255 -138.870071 -23.559290 200.490021 -187.517822 38.385239 182.552216 -118.813156               5908 
-17.724880 256.090363 -198.882980 17.068933 215.032684 -136.277908 -21.766214 200.495361 -183.498825 41.798161 184.438477 -115.870865               5916 
-16.688183 255.584442 -195.213577 19.361679 215.736847 -132.532837 -20.913946 200.531250 -178.219177 44.414051 185.414658 -112.113945               5925 
-17.417109 257.108307 -186.980850 20.522995 216.408325 -125.959824 -21.206873 201.981064 -170.454224 46.208622 185.796921 -106.797920               5942 
-17.757513 257.535217 -184.049225 21.424471 217.372681 -123.457619 -21.233963 202.621490 -166.896255 47.572456 186.938614 -104.641708               5951 
-19.438730 259.670105 -178.022614 20.700871 220.372208 -117.508110 -23.310104 205.385391 -159.250397 47.259769 190.093796 -99.019463               5969 
-20.452570 261.029022 -174.983337 20.239399 221.764511 -114.847786 -24.554018 207.009735 -155.626129 47.061951 191.439438 -96.821999               5977 
-18.934919 260.922455 -169.840591 21.361940 221.188370 -109.791977 -24.365383 207.618500 -149.617249 47.771965 190.302948 -92.111801               5986 
-19.267181 260.077637 -162.847366 21.534727 219.876801 -103.476997 -24.265068 207.089569 -142.974533 48.304592 188.871918 -86.563690               5996 
-20.117193 260.157043 -159.499344 25.039080 223.867554 -100.797676 -26.475706 211.412079 -132.021255 51.281799 192.621155 -83.506935               6012 
-19.445852 259.329529 -155.950562 27.291891 225.926590 -96.852379 -25.377110 212.841949 -125.471809 53.695564 195.237930 -78.823524               6021 
-15.098174 258.483826 -149.377579 26.771456 223.353714 -87.768417 -27.106920 217.855637 -114.956459 47.777794 190.221329 -67.153702               6038 
-14.094998 257.832275 -146.875351 24.506550 225.162155 -81.937813 -25.277880 215.276031 -114.190620 46.962521 193.739075 -60.205177               6047 
-12.799938 253.323273 -147.177185 28.919992 227.063385 -81.366425 -24.826653 219.371643 -105.337448 50.419441 196.871445 -57.072227               6064 
-12.775347 251.158157 -145.327255 30.283455 228.774124 -79.133331 -24.585007 221.755127 -99.970863 51.729347 199.556030 -53.631069               6075 
-15.764364 244.167267 -131.738510 33.086224 229.533249 -67.901390 -23.414446 222.257706 -81.756516 56.678402 202.612762 -41.773159               6090 
-17.481508 234.738800 -115.079315 35.908981 229.150360 -53.874912 -20.926317 222.020157 -61.100235 61.733276 205.499619 -26.713614               6107 
-20.147551 228.839127 -98.283745 37.835972 230.119812 -41.465118 -19.132658 222.235138 -43.089218 66.173134 209.193588 -14.574861               6125 
-21.734779 223.649384 -75.715576 42.673943 231.105225 -27.186750 -13.801928 223.083710 -20.574478 74.563705 212.786514 -2.459114               6142 
-20.603155 220.150116 -56.231056 46.350876 229.658249 -12.118676 -9.134789 221.880463 -1.582409 79.959206 211.892822 10.659765               6159 
-19.555880 218.956650 -46.781834 48.817402 228.696289 -5.233220 -5.957710 221.043594 7.413828 83.318062 210.776077 16.040195               6168 
-18.813805 218.197800 -28.451725 50.612656 226.002502 11.142318 -3.420858 220.966492 24.798344 84.910263 206.622757 31.442245               6185 
-10.714664 222.908066 -12.280995 55.098793 222.007172 32.834999 0.060333 225.320496 41.101978 83.757431 197.770782 56.399128               6212 
-8.287232 220.848328 -3.949528 58.177155 220.230972 39.717815 3.026692 223.031647 48.417004 86.876656 195.788086 63.017433               6220 
-4.390478 214.756805 14.736918 63.722027 217.467850 54.373901 8.347606 217.148071 64.295799 93.535179 193.681320 76.943001               6237 
-2.739766 210.829285 29.615025 66.487984 216.456207 65.992249 11.178114 214.382355 77.124542 97.200676 193.540710 88.254280               6255 
-1.611997 210.147614 37.363659 68.723007 216.731293 70.821312 13.712688 214.506866 83.423531 100.024132 194.104065 92.552292               6263 
-1.027347 206.572968 51.088272 70.135567 216.528107 80.341301 15.445804 214.285416 95.054199 102.322021 195.151291 102.045036               6281 
-0.026995 204.150665 55.565964 70.892761 215.950363 83.899452 16.215424 213.190475 98.960922 103.405151 195.144363 105.671967               6290 
0.213304 203.157547 65.271042 71.531860 216.236465 90.406464 17.048576 215.064804 107.249306 104.265991 195.839188 112.233414               6307 
0.719997 202.948532 70.434166 72.419121 215.157028 94.283653 17.965847 215.485336 112.011696 104.925941 194.269119 115.985962               6315 
3.030333 195.621262 74.689613 73.138710 212.361542 99.337265 18.365677 209.057663 116.491753 106.543259 192.907120 121.008652               6333 
4.688106 190.524872 77.233551 73.560005 209.744141 102.790726 18.730873 203.833145 119.253052 107.458359 190.923004 124.253586               6350 
6.688122 185.898956 82.389198 74.959534 206.709000 107.860092 20.172348 199.293472 124.139183 109.232765 188.432312 129.197769               6376 
7.231333 184.111237 83.146034 75.149796 205.286972 109.202103 20.341612 196.748764 124.744873 109.473541 187.074341 130.513336               6385 
7.517862 182.477539 83.654167 74.978951 204.203964 110.400291 20.176060 193.665482 124.413956 109.323929 186.189346 131.845200               6394 
7.695296 180.748810 83.788712 74.721107 202.820862 111.330681 20.036272 190.198730 123.662003 109.079575 184.885803 132.820602               6403 
7.828626 180.359009 85.463081 75.110992 202.830795 112.018295 20.620520 189.617401 124.281746 109.633316 185.219666 133.513535               6414 
8.023844 179.539841 86.213127 75.234711 202.396973 112.530151 20.930132 188.414444 124.318062 109.840324 184.977219 134.047379               6420 
9.177349 175.981354 88.436302 75.567162 200.369949 114.736191 21.637432 184.596283 125.099022 110.233154 183.507721 136.597626               6437 
9.973973 171.785873 90.704254 75.505165 197.554825 116.902908 22.090223 179.872925 125.621841 110.228317 181.035049 138.934433               6472 
10.089440 171.724350 92.204483 75.847527 197.628281 117.417023 22.526485 180.036118 126.336792 110.623787 181.195694 139.429962               6482 
10.508372 170.864395 94.612358 76.384842 197.089111 118.349503 23.272554 179.252029 127.099297 111.220154 180.693878 140.296844               6498 
11.249772 169.655823 96.673302 76.877258 196.595642 119.313354 23.967936 178.434052 127.897369 111.796234 180.380646 141.261627               6515 
11.889782 168.616669 98.048592 77.157684 196.239395 119.758598 24.390947 177.796143 128.169693 112.143921 180.106979 141.660568               6532 
12.325392 167.844025 98.698830 77.200600 196.082169 119.872482 24.521231 177.403900 128.133850 112.227448 180.043457 141.778351               6541 
12.703284 166.909546 99.405952 77.179504 195.713272 119.985847 24.709433 176.490097 127.608475 112.221329 179.708740 141.892761               6551 
12.987164 166.348511 99.873840 77.219467 195.481964 119.993599 24.965199 175.772858 126.985100 112.264351 179.484650 141.900894               6559 
13.315350 165.681900 100.756645 77.341423 195.217819 120.060112 25.213467 175.393753 126.878395 112.432510 179.292618 141.945984               6569 
13.393333 165.242096 101.451859 77.297981 194.929413 120.025238 25.131571 175.311157 126.835007 112.355087 178.945480 141.922745               6581 
13.121981 165.189590 101.776741 77.057121 194.698929 119.786125 24.852819 175.301208 126.200531 111.960304 178.563278 141.817841               6601 
13.089937 165.156418 101.994774 77.014572 194.621933 119.725700 24.883259 175.140564 125.783470 111.873207 178.421539 141.780411               6610 
13.295077 164.971100 102.410339 77.047577 194.560898 119.604126 24.901661 175.122375 125.471024 111.862640 178.309052 141.689789               6622 
13.255678 165.041367 102.601242 77.062065 194.372543 119.317284 24.805218 175.291641 125.071533 111.752396 177.936798 141.463058               6633 
12.351516 164.175476 99.368317 75.564384 193.700104 117.459839 23.257151 174.369141 121.963005 109.881760 177.158829 140.102554               6646 
12.081868 163.554001 97.560791 74.806366 193.534256 116.289619 22.569042 173.838730 120.127052 108.978470 177.164825 139.274323               6658 
11.237448 164.343445 96.492493 74.305603 193.368210 115.526329 21.791965 174.240402 118.979439 108.198586 176.400665 138.490555               6670 
11.398383 163.188889 94.450378 73.525528 193.435287 114.596771 21.237698 173.293396 117.173592 107.464935 177.013000 137.886520               6682 
11.278715 163.257919 94.194977 73.379250 193.601868 114.250267 21.047178 173.441513 116.830841 107.370499 177.237732 137.505325               6696 
11.134550 163.515030 94.371864 73.390770 193.708984 114.124352 20.995420 173.719910 116.858055 107.402428 177.293640 137.313385               6709 
11.009860 163.835434 94.631172 73.440926 193.812637 114.123734 20.987488 173.976257 116.861885 107.448059 177.301361 137.251221               6724 
10.763684 164.447311 95.301498 73.475266 194.266357 114.095505 20.959206 174.641846 117.152588 107.551826 177.775070 137.134903               6738 
10.333117 165.215836 95.925034 73.338928 194.783249 114.072273 20.744764 175.436844 117.365677 107.435135 178.275894 137.071045               6752 
9.950228 165.777573 96.186539 73.074951 195.263077 113.998268 20.446087 176.039154 117.408218 107.194237 178.770142 136.973145               6766 
9.404717 166.556717 96.616203 72.730980 195.840668 113.980713 20.023643 176.874207 117.617027 106.857269 179.322693 136.927185               6781 
9.646103 166.876266 97.213188 72.553749 197.230606 114.196190 20.128338 177.499863 117.984642 106.934975 181.445389 137.277481               6797 
7.936943 168.485214 97.681229 71.284203 198.356033 113.921570 18.659149 179.245499 118.203400 105.589798 182.603699 137.137482               6812 
7.210517 169.098572 97.650764 70.542557 199.143692 113.718460 17.966326 179.876495 118.042747 104.877258 183.692368 137.093079               6827 
