32.460697 212.126846 147.818863 71.533363 189.398804 119.963913 13.896414 189.519531 125.525833 107.568108 205.777481 148.776825                  0 
32.576820 211.860504 147.907532 71.633278 189.430420 119.791557 13.915232 189.424881 125.479057 107.674599 205.414780 148.816910                 22 
33.150055 211.511230 148.147049 71.784866 189.427780 119.610672 14.037257 189.394882 125.420204 107.875862 204.996002 148.800034                 45 
33.773598 211.146286 148.406433 71.979713 189.510056 119.583458 14.196259 189.270203 125.356735 107.989716 204.881027 148.976669                 69 
34.376095 210.781204 148.636490 72.223991 189.609711 119.482079 14.411712 189.128967 125.338669 108.199638 204.812592 149.004501                 91 
34.909512 210.462891 148.892792 72.422592 189.675552 119.443039 14.582604 189.034668 125.431702 108.399338 204.741852 149.034042                113 
35.323242 210.202408 149.101242 72.572891 189.735352 119.410255 14.701974 188.992783 125.524910 108.555588 204.685577 149.052856                135 
35.632023 210.003113 149.256348 72.684250 189.779663 119.385963 14.789290 188.959717 125.596611 108.671982 204.643646 149.065796                156 
35.836849 209.801208 149.368942 72.784027 189.786850 119.412033 14.855849 188.876999 125.654572 108.727592 204.670883 149.135315                177 
36.014351 209.625870 149.445023 72.873840 189.757233 119.420258 14.916457 188.783905 125.707932 108.793266 204.651550 149.167542                200 
36.174717 209.508560 149.481003 72.945557 189.717468 119.400696 14.962732 188.719986 125.753120 108.864975 204.612411 149.147705                220 
36.359406 209.439804 149.606644 72.992859 189.741592 119.398338 14.995379 188.751785 125.873383 108.959244 204.558060 149.127777                241 
36.471558 209.381424 149.634232 73.012787 189.751404 119.355728 15.007793 188.746445 125.882469 108.995010 204.530960 149.084351                263 
36.540962 209.316833 149.673569 73.029892 189.831497 119.315666 15.019736 188.745880 125.861588 109.000618 204.570465 149.078339                285 
36.548813 209.166718 149.654373 73.053085 189.842880 119.279068 15.033162 188.623230 125.760895 108.957985 204.589417 149.117401                306 
36.584362 208.966171 149.639404 73.096649 189.843506 119.230629 15.067554 188.462784 125.644592 108.926666 204.601685 149.153091                327 
36.791771 208.623383 149.790604 72.992828 189.689651 118.956818 14.990681 188.500931 125.708298 109.053978 204.021301 148.808868                350 
36.634792 208.458572 149.909744 72.172455 189.384933 118.450508 14.264506 188.760239 125.984718 108.777649 203.202209 147.879929                372 
36.331745 208.389969 149.891434 71.410416 189.119263 118.088127 13.567488 188.908371 126.118454 108.366455 202.640656 147.214935                394 
35.953396 207.311066 149.479431 71.250580 188.754333 117.579712 13.403855 187.753906 125.426445 107.958130 202.493698 146.917969                418 
35.648460 206.044876 149.188034 70.980820 188.327957 116.928741 13.137452 186.918488 124.603172 107.581940 201.541641 146.639069                440 
35.601295 205.856949 149.101059 70.902153 188.242462 116.818466 13.079951 186.672714 124.420082 107.461891 201.500732 146.559875                462 
35.640507 206.152817 149.156921 70.743759 188.288635 116.855782 12.954064 186.912048 124.553947 107.408493 201.581711 146.452057                483 
35.682617 206.439209 149.210190 70.606209 188.332123 116.902596 12.844458 187.135239 124.692612 107.366623 201.667892 146.360657                504 
35.799976 206.612671 149.224594 70.619408 188.354248 116.938377 12.872360 187.259323 124.727341 107.414192 201.717148 146.341187                525 
35.841133 206.841049 149.258514 70.639626 188.386261 117.007401 12.903636 187.417191 124.808731 107.477142 201.771149 146.346619                546 
35.883087 207.114685 149.347229 70.680954 188.437180 117.116783 12.958139 187.608749 124.963516 107.581413 201.830994 146.372711                567 
36.052109 207.526993 149.644867 70.837120 188.684830 117.305519 13.146061 187.991302 125.321297 107.875816 201.959961 146.440613                630 
36.092171 207.641159 149.729355 70.881805 188.756180 117.359642 13.200342 188.099289 125.423103 107.959152 201.996643 146.461334                651 
36.006836 207.908966 149.839233 70.786461 188.929611 117.417526 13.130011 188.334686 125.571632 107.940163 202.124741 146.442322                672 
35.921673 208.137436 149.940659 70.689835 189.070831 117.472916 13.053379 188.538544 125.711273 107.912354 202.222977 146.428955                693 
35.738083 208.621857 150.025558 70.489914 189.305649 117.613281 12.868496 188.881393 125.940620 107.777512 202.563248 146.437210                715 
35.623768 209.035095 150.066833 70.327827 189.439056 117.705940 12.720791 189.185715 126.127975 107.696632 202.756516 146.396805                738 
35.563419 209.286743 150.096893 70.239166 189.498947 117.767143 12.642835 189.363113 126.256638 107.666389 202.845901 146.368011                761 
35.511711 209.480713 150.119247 70.171410 189.544724 117.813919 12.583314 189.494568 126.356285 107.643379 202.913712 146.345825                785 
35.455940 209.331711 150.063583 70.265442 189.563461 117.772423 12.668697 189.247116 126.252930 107.653206 203.035706 146.366165                807 
35.388649 209.184448 150.017365 70.347687 189.580429 117.747475 12.744287 189.007339 126.149078 107.647110 203.149719 146.410614                831 
35.305801 209.078964 149.958679 70.417297 189.588104 117.749557 12.809312 188.764694 126.047966 107.620865 203.282822 146.477554                854 
35.143517 208.998505 149.848343 70.492218 189.565720 117.830811 12.864633 188.455597 125.880890 107.521324 203.450623 146.692596                877 
34.985901 208.926620 149.643936 70.829781 189.590057 118.091187 13.124683 188.085114 125.472588 107.446869 203.704926 147.364166                900 
34.876106 208.938156 149.429703 71.229561 189.644745 118.409294 13.449989 187.696793 125.117722 107.408752 204.071228 148.072250                923 
34.854630 208.959915 149.234283 71.533356 189.659607 118.576088 13.698842 187.370651 124.881248 107.430328 204.276581 148.487610                946 
35.052254 208.797485 149.195114 71.872955 189.574463 118.759499 14.002792 187.003876 124.760262 107.545235 204.348267 148.862167                968 
35.272141 208.689911 149.199265 72.177612 189.512238 119.013237 14.276264 186.739136 124.668716 107.614334 204.483521 149.296036                991 
35.445793 208.683838 149.154419 72.391281 189.464752 119.195320 14.466501 186.590683 124.574570 107.651337 204.609833 149.597672               1013 
35.527096 208.323120 148.993896 72.671333 189.333801 119.281609 14.728262 186.055283 124.245697 107.612770 204.711639 149.933945               1036 
35.785126 207.500443 148.878265 73.392151 189.558136 119.211708 15.500510 184.989288 123.773293 107.805351 205.404541 150.220917               1058 
36.158562 207.121506 148.944244 74.013458 189.727188 119.373230 16.151705 184.507416 123.584007 108.075203 205.828522 150.638107               1080 
36.402454 206.836945 148.868454 74.435631 189.795700 119.405426 16.600777 184.095840 123.355431 108.225105 206.154114 150.831879               1102 
36.476921 206.659531 148.862488 74.720680 189.815796 119.565315 16.895075 183.835739 123.226151 108.275574 206.324799 151.163895               1123 
36.470222 206.539261 148.843048 74.949799 189.889496 119.749588 17.133659 183.627670 123.076920 108.242676 206.554550 151.542801               1144 
36.549564 206.583755 148.866119 75.062103 189.934708 119.820770 17.255686 183.694366 123.063812 108.307373 206.678589 151.622391               1165 
36.587429 206.619278 148.904282 75.112366 189.952301 119.890350 17.314987 183.841949 123.043724 108.331963 206.743057 151.694077               1186 
36.409481 206.775421 149.000626 75.039299 189.967514 120.054718 17.226768 184.034943 123.214073 108.286713 206.813141 151.800308               1207 
36.208851 206.829453 148.978210 75.006500 189.979065 120.069893 17.174799 184.132446 123.267868 108.277428 206.840927 151.782211               1229 
36.006641 206.887833 148.936676 74.967812 189.976486 120.056618 17.109774 184.253601 123.310509 108.280861 206.818832 151.735062               1250 
36.212376 206.947372 149.103806 74.868294 189.888138 119.914299 16.976555 184.584518 123.544395 108.490631 206.436935 151.420227               1271 
36.348274 206.829178 149.153168 74.871864 189.673233 119.921608 16.958305 184.562744 123.606422 108.553391 206.195831 151.378036               1293 
36.367039 206.741470 149.180969 74.833054 189.661240 119.900299 16.908003 184.560806 123.571144 108.502663 206.143631 151.390549               1314 
36.376949 206.660797 149.198929 74.792107 189.644287 119.875946 16.858608 184.541870 123.533134 108.451942 206.085251 151.398285               1335 
36.385151 206.589493 149.214539 74.755875 189.629288 119.854393 16.813362 184.523270 123.502281 108.407089 206.033539 151.405045               1357 
36.392879 206.524841 149.228745 74.723091 189.615707 119.834892 16.772190 184.506226 123.474884 108.366524 205.986710 151.411102               1380 
36.468807 206.519302 149.178223 74.704315 189.513580 119.759315 16.732183 184.555847 123.429924 108.399422 205.806046 151.321045               1403 
36.517509 206.532913 149.221100 74.666107 189.491943 119.747643 16.679289 184.632980 123.461586 108.410545 205.696167 151.302094               1426 
36.571091 206.538269 149.249451 74.642181 189.474487 119.723343 16.642784 184.690079 123.480614 108.429985 205.602325 151.270523               1450 
36.652279 206.754471 149.308655 74.540154 189.452042 119.716568 16.520977 184.943222 123.637428 108.480148 205.496216 151.142822               1473 
36.765804 206.961578 149.426086 74.442841 189.462357 119.709389 16.409008 185.256531 123.814125 108.562759 205.334076 151.028198               1497 
36.783337 207.245438 149.545441 74.271095 189.585617 119.710564 16.227844 185.601868 124.013489 108.552094 205.347992 150.908463               1520 
36.837391 207.478302 149.620056 74.131767 189.667252 119.657074 16.081648 185.908646 124.160828 108.577782 205.302460 150.736969               1544 
36.878609 207.667130 149.666779 74.001305 189.711823 119.598976 15.942848 186.152481 124.279373 108.590981 205.236801 150.574417               1568 
36.890938 207.851242 149.737015 73.860977 189.725067 119.604370 15.796104 186.380142 124.417801 108.574409 205.159805 150.486313               1592 
36.785606 208.059387 149.762115 73.714691 189.709885 119.655609 15.643833 186.567093 124.538666 108.508797 205.135468 150.451202               1616 
36.664097 208.232956 149.777481 73.597878 189.697754 119.696526 15.522869 186.718094 124.633842 108.456444 205.115341 150.423172               1639 
36.544746 208.348129 149.798645 73.515205 189.687836 119.738022 15.438349 186.819382 124.703499 108.415108 205.092712 150.424072               1663 
36.434731 208.429413 149.816223 73.452042 189.679016 119.770943 15.373569 186.880676 124.761101 108.381203 205.077591 150.426865               1686 
36.358273 208.490448 149.811325 73.425179 189.674881 119.771461 15.346357 186.924774 124.791573 108.381836 205.066071 150.399734               1710 
36.306450 208.548813 149.804825 73.408852 189.679977 119.755585 15.330056 186.986496 124.809677 108.398262 205.042099 150.361038               1734 
36.265781 208.598175 149.799774 73.394882 189.684341 119.741997 15.316183 187.039978 124.824951 108.412277 205.021545 150.327942               1757 
36.227509 208.648392 149.790024 73.376762 189.685059 119.721725 15.299756 187.099182 124.834908 108.425812 204.999405 150.282852               1780 
36.140438 208.693207 149.771149 73.306412 189.739594 119.659340 15.235416 187.145126 124.837616 108.387718 205.052460 150.184189               1804 
36.020569 208.716125 149.734207 73.232368 189.784714 119.612694 15.164082 187.158463 124.809097 108.313545 205.120407 150.126221               1828 
35.918793 208.735474 149.703430 73.171432 189.821823 119.574310 15.105453 187.168732 124.785515 108.252487 205.176331 150.078522               1852 
35.847755 208.771133 149.650162 73.123650 189.825439 119.526939 15.057578 187.191483 124.755165 108.216072 205.192429 150.011780               1876 
35.784275 208.810013 149.587799 73.073006 189.819565 119.469215 15.006227 187.218903 124.720467 108.183311 205.192337 149.930542               1901 
35.728577 208.843384 149.534607 73.029984 189.814560 119.420181 14.960789 187.242264 124.693703 108.155479 205.192215 149.861511               1925 
35.678020 208.884460 149.476135 72.976006 189.800720 119.358437 14.902093 187.276169 124.672684 108.129814 205.172577 149.770004               1950 
35.632778 208.926453 149.417831 72.919914 189.783585 119.293640 14.840845 187.312317 124.652977 108.106194 205.143127 149.673859               1974 
35.579678 208.985092 149.350342 72.844200 189.763748 119.219009 14.759826 187.365387 124.631493 108.072113 205.105042 149.560181               1999 
35.269806 209.002289 149.276718 72.280838 189.551682 118.953812 14.215702 187.453705 124.710419 107.763359 204.747833 149.070511               2024 
34.841385 209.048752 149.189529 71.813904 189.543915 118.829407 13.766403 187.398544 124.745438 107.359322 204.868866 148.806351               2048 
34.563095 209.083282 149.125351 71.515228 189.539215 118.742363 13.479428 187.366806 124.762047 107.102135 204.947128 148.627411               2073 
34.370613 209.103729 149.070694 71.316742 189.553619 118.662338 13.289096 187.350357 124.752769 106.929565 205.008286 148.492325               2096 
34.224812 209.119522 149.029953 71.170403 189.564240 118.603340 13.148913 187.338486 124.745773 106.802261 205.053360 148.392685               2120 
34.109493 209.119476 149.041885 71.059502 189.571320 118.596268 13.038733 187.357712 124.747810 106.701881 205.029892 148.388901               2144 
33.991024 209.093506 149.042450 70.988655 189.574341 118.582069 12.976900 187.329697 124.761169 106.640846 205.049026 148.354584               2168 
33.888439 209.047958 149.064331 70.918602 189.574402 118.564194 12.926161 187.290863 124.784607 106.591576 205.065659 148.303192               2191 
33.797272 209.006073 149.110260 70.898384 189.610657 118.582794 12.921041 187.266464 124.811790 106.571106 205.103043 148.321503               2215 
33.685055 209.005554 149.108826 70.876984 189.624741 118.632103 12.915074 187.234192 124.804131 106.516518 205.194366 148.370255               2239 
33.570999 208.933487 149.131897 70.837906 189.677185 118.623039 12.885705 187.205475 124.762344 106.453468 205.212875 148.407623               2262 
33.448139 208.724594 149.276703 70.681786 189.837234 118.457375 12.760811 187.201630 124.766075 106.375954 205.137451 148.269745               2286 
33.342884 208.600449 149.337250 70.532692 189.974258 118.270050 12.638189 187.223816 124.749046 106.309395 205.102310 148.071350               2309 
33.199127 208.461349 149.394257 70.382805 190.091354 118.122673 12.512989 187.204422 124.725250 106.213554 205.079330 147.929825               2334 
33.078979 208.356720 149.431870 70.265167 190.180435 118.011726 12.416023 187.177338 124.703743 106.134460 205.070160 147.821762               2356 
32.975216 208.271393 149.460556 70.169388 190.252960 117.921394 12.340832 187.146317 124.681328 106.070404 205.062851 147.733002               2380 
32.890495 208.205734 149.481140 70.095665 190.308792 117.851860 12.284850 187.118698 124.661148 106.021309 205.057312 147.664215               2404 
32.794037 208.238785 149.463196 69.957817 190.267899 117.796150 12.156821 187.165100 124.674950 105.949074 204.962540 147.555939               2427 
32.793278 208.200333 149.447586 69.748268 190.060120 117.604164 11.964404 187.256348 124.723412 105.949890 204.509827 147.228424               2451 
32.761120 208.171173 149.475693 69.515099 189.912476 117.447906 11.756268 187.337921 124.813362 105.910057 204.166000 146.929977               2474 
32.647358 207.815964 149.469147 69.252419 189.706345 117.175278 11.528250 187.174255 124.736824 105.789368 203.697296 146.607452               2497 
32.558399 207.506836 149.492355 69.032738 189.523987 116.972694 11.348392 187.019882 124.693810 105.691154 203.303162 146.353683               2521 
32.479572 207.274384 149.545563 68.845039 189.376602 116.850113 11.207576 186.905228 124.684792 105.604675 203.000778 146.176865               2544 
32.417496 206.781723 149.654068 68.562363 189.129013 116.575706 10.994780 186.713455 124.654526 105.518272 202.360855 145.835342               2568 
32.353600 206.377762 149.783752 68.293678 188.959747 116.352882 10.797048 186.597229 124.645096 105.429291 201.818619 145.551224               2590 
32.277321 206.146439 149.891632 68.094063 188.866455 116.250664 10.658862 186.521423 124.659340 105.339493 201.520844 145.398422               2614 
32.207340 206.087433 149.978851 67.950638 188.832199 116.240700 10.576520 186.497086 124.698166 105.263451 201.427200 145.327942               2637 
32.144505 206.009171 150.018204 67.817848 188.766571 116.193367 10.508009 186.423660 124.703850 105.195366 201.335892 145.208557               2660 
32.080978 205.959976 150.062775 67.677551 188.700821 116.162796 10.429784 186.384964 124.717842 105.120956 201.244537 145.104034               2683 
32.021042 205.951157 150.097702 67.557716 188.649643 116.151558 10.362644 186.353119 124.740295 105.052765 201.198593 145.023560               2706 
31.971096 205.943909 150.127106 67.458389 188.607208 116.142235 10.316131 186.317581 124.746483 104.996178 201.160431 144.956802               2729 
31.923393 206.162506 150.171341 67.349739 188.563507 116.252975 10.255267 186.417969 124.859818 104.937012 201.225433 144.955246               2751 
31.818325 206.766907 150.127182 67.177383 188.381683 116.552742 10.124876 186.601898 125.148300 104.816071 201.505463 144.978851               2774 
31.660686 207.387115 150.065857 67.013313 188.206070 116.928123 9.987803 186.759445 125.437836 104.653755 201.867905 145.097244               2797 
31.481606 208.218613 149.818695 66.865189 187.886139 117.403893 9.842653 186.985855 125.673561 104.468002 202.236526 145.279373               2820 
31.206190 208.628510 149.461105 66.874886 187.696198 117.743645 9.855375 186.899612 125.463036 104.236191 202.670425 145.615738               2842 
31.078690 208.638550 149.357178 66.908524 187.665817 117.844330 9.924315 186.774429 125.258308 104.136154 202.819992 145.797897               2864 
31.012403 208.632690 149.320267 66.929596 187.650635 117.908890 9.994578 186.710861 125.104546 104.084435 202.882980 145.916763               2886 
31.112885 208.606415 149.539978 66.891708 187.737869 117.891739 10.012250 186.834763 125.227058 104.165199 202.758789 145.856110               2908 
31.213028 208.599014 149.766006 66.837402 187.848724 117.862709 10.006763 186.987259 125.370972 104.241539 202.634842 145.777740               2930 
31.235523 208.620056 149.879669 66.761536 187.890625 117.849449 9.968618 187.060379 125.464211 104.248985 202.582214 145.702576               2952 
31.245302 208.639282 149.966858 66.694122 187.917282 117.842628 9.931550 187.114792 125.538383 104.246735 202.540710 145.643799               2974 
31.250929 208.710892 150.056244 66.626450 187.990219 117.846741 9.889942 187.234863 125.603912 104.239250 202.524429 145.613297               2996 
31.257725 208.773849 150.131516 66.570503 188.058197 117.846405 9.860338 187.336502 125.648567 104.234543 202.508789 145.587143               3018 
31.283749 208.795105 150.217041 66.520737 188.118958 117.820473 9.833548 187.417892 125.703995 104.247253 202.462784 145.531693               3040 
31.275084 208.701645 150.207748 66.492867 188.127365 117.722137 9.822806 187.368423 125.635170 104.237740 202.402237 145.443985               3062 
31.276016 208.472717 150.254272 66.439041 188.159958 117.542198 9.791617 187.343582 125.489273 104.227715 202.132202 145.358383               3084 
31.213217 208.262146 150.226807 66.399971 188.197174 117.384384 9.764796 187.241760 125.293106 104.171165 201.993668 145.311813               3107 
31.139923 208.006134 150.141190 66.365921 188.212753 117.173073 9.747114 187.049866 125.052811 104.109756 201.884064 145.198868               3130 
31.080317 207.791428 150.057648 66.338509 188.225174 116.985435 9.737144 186.863586 124.851387 104.060822 201.809830 145.082260               3153 
31.037630 207.624985 149.985809 66.308121 188.226959 116.824768 9.722273 186.718491 124.694145 104.023849 201.734909 144.967377               3177 
31.001043 207.475510 149.916122 66.274689 188.220016 116.672569 9.705031 186.589188 124.551865 103.990662 201.653625 144.850418               3201 
30.990448 207.153275 149.868103 66.210083 188.149811 116.420052 9.661975 186.430481 124.373825 103.972504 201.367828 144.637619               3225 
30.961744 206.897247 149.814819 66.142250 188.091873 116.211235 9.612412 186.280258 124.224190 103.938568 201.144958 144.460190               3249 
30.907858 206.659622 149.737610 66.085007 188.049393 116.019409 9.575829 186.120010 124.041321 103.886810 200.984055 144.315445               3273 
30.893820 206.566666 149.701218 66.019447 188.040207 115.880714 9.538859 186.058945 123.958206 103.863861 200.870224 144.167450               3296 
30.928280 206.878891 149.790802 65.843002 188.127533 115.873451 9.408752 186.275757 124.186790 103.852356 200.864273 143.980606               3320 
30.935503 207.222702 149.878006 65.661674 188.226349 115.900986 9.268682 186.510910 124.412476 103.815628 200.891052 143.844299               3344 
30.990852 207.617935 150.045593 65.507927 188.449661 115.949837 9.156360 186.824112 124.697319 103.819870 200.949509 143.750854               3368 
31.026264 207.953232 150.201111 65.359978 188.642624 115.998344 9.025318 187.075668 124.979187 103.808060 200.978561 143.684387               3391 
30.999994 207.765625 150.157318 65.404594 188.697296 115.887596 9.061780 186.914597 124.791595 103.798203 200.883057 143.715393               3415 
30.964083 207.647339 150.102798 65.424881 188.706497 115.816574 9.076091 186.776688 124.658707 103.775238 200.823975 143.733688               3438 
30.941116 207.570801 150.053619 65.447754 188.722443 115.760315 9.102630 186.682510 124.534485 103.762505 200.786301 143.749435               3462 
31.105938 207.331589 150.059875 65.573685 188.751556 115.579361 9.254751 186.598221 124.395729 103.921288 200.607117 143.612473               3485 
31.319887 207.057373 150.084320 65.733246 188.806274 115.371391 9.457215 186.507813 124.233315 104.126060 200.398056 143.452881               3555 
31.361149 206.993240 150.084488 65.765732 188.816727 115.322716 9.503455 186.477570 124.182259 104.165756 200.344009 143.420898               3579 
31.353998 206.993347 150.084213 65.767616 188.822906 115.326195 9.524326 186.427780 124.154991 104.160530 200.336472 143.439728               3602 
31.350466 206.993027 150.082535 65.768456 188.824661 115.325760 9.543085 186.360962 124.142311 104.158134 200.330170 143.446991               3626 
31.341961 206.996002 150.077927 65.765579 188.825775 115.325722 9.549870 186.280792 124.143486 104.150749 200.321426 143.457138               3650 
31.328245 207.002487 150.070587 65.759132 188.827850 115.325974 9.547802 186.221848 124.139366 104.137985 200.306229 143.473053               3673 
31.306896 206.907974 150.011917 65.794693 188.885040 115.242805 9.582690 186.139725 123.978760 104.129021 200.261948 143.491577               3698 
31.311462 206.895599 149.976074 65.817352 188.945267 115.185493 9.602923 186.102539 123.903725 104.135735 200.226715 143.494125               3722 
31.337461 206.975723 149.972290 65.819115 188.975723 115.181511 9.593388 186.110275 123.956200 104.153503 200.213318 143.485916               3747 
31.365574 207.053497 149.975754 65.822334 189.009720 115.181206 9.569940 186.103561 124.047928 104.173485 200.205093 143.479630               3771 
31.467018 207.306534 150.133820 65.770454 189.124786 115.257919 9.470050 186.368759 124.374512 104.231522 200.154343 143.472153               3796 
31.584011 207.489761 150.238220 65.745911 189.222565 115.266441 9.402485 186.635880 124.597168 104.307762 200.076111 143.411285               3821 
31.663445 207.632034 150.297256 65.726341 189.286575 115.268242 9.341564 186.832794 124.771095 104.358444 200.037506 143.356064               3846 
31.717115 207.819626 150.364990 65.689819 189.343918 115.315201 9.233084 187.084808 125.012489 104.384956 200.040359 143.336975               3870 
31.742752 208.139160 150.420761 65.597534 189.363800 115.414490 9.078766 187.398834 125.316483 104.373817 200.086121 143.313950               3894 
31.757370 208.536392 150.493546 65.479790 189.377457 115.565811 8.917725 187.747650 125.653877 104.345779 200.161255 143.316360               3918 
31.779531 209.040146 150.549942 65.390137 189.331543 115.819283 8.789225 188.134796 126.003036 104.324806 200.256958 143.417725               3940 
31.810892 209.506607 150.581116 65.323784 189.286804 116.048866 8.690666 188.483887 126.301926 104.317047 200.355240 143.507263               3964 
31.847683 209.841721 150.538101 65.328506 189.250778 116.193008 8.661639 188.728699 126.446548 104.336151 200.465332 143.571579               3986 
31.889122 210.138260 150.501190 65.339882 189.221680 116.322456 8.640987 188.926804 126.590103 104.361832 200.569962 143.625412               4009 
31.932390 210.400421 150.459442 65.357841 189.200241 116.429466 8.630485 189.117538 126.702400 104.391441 200.665878 143.666672               4031 
31.974468 210.651230 150.424561 65.369400 189.183228 116.531288 8.615336 189.316864 126.819778 104.419144 200.759995 143.698257               4054 
32.127758 211.037384 150.552948 65.367592 189.255234 116.705643 8.619570 189.734604 127.127434 104.521477 200.855911 143.712036               4076 
32.259830 211.348022 150.662018 65.366058 189.309906 116.847725 8.629045 190.095566 127.374779 104.609543 200.929855 143.715424               4099 
32.391624 211.606628 150.796951 65.343758 189.352142 116.972038 8.627643 190.381989 127.649384 104.693047 200.967468 143.686569               4121 
32.493504 211.839935 150.929428 65.305687 189.379089 117.103065 8.610101 190.641327 127.913551 104.750923 200.998672 143.673859               4143 
32.583187 212.056015 151.050232 65.263023 189.401520 117.223511 8.587763 190.875900 128.160858 104.798447 201.024200 143.658554               4166 
32.640728 212.189148 151.104309 65.239685 189.414246 117.279068 8.580242 191.072205 128.269852 104.829620 201.042480 143.629944               4188 
32.687302 212.296677 151.143005 65.221962 189.425323 117.320854 8.591221 191.341385 128.298325 104.853523 201.058350 143.606979               4210 
32.726902 212.333649 151.172806 65.219757 189.432449 117.333588 8.619195 191.572983 128.262848 104.874985 201.053589 143.589264               4233 
32.787155 212.287872 151.235535 65.217896 189.440140 117.305122 8.645361 191.759064 128.244019 104.910347 200.982864 143.539124               4256 
32.795208 212.255707 151.272705 65.197731 189.451004 117.290634 8.639755 191.889069 128.217209 104.904144 200.951996 143.521835               4279 
32.763973 212.233841 151.264389 65.118507 189.450058 117.226540 8.600047 192.177231 128.092224 104.848869 200.866226 143.458527               4302 
32.825710 211.855286 151.257980 65.265472 189.411362 117.079437 8.741910 191.932434 127.942635 104.949944 200.845886 143.372818               4325 
32.792923 211.710403 151.178284 65.302856 189.283371 117.058899 8.773021 191.713409 127.886398 104.945702 200.910873 143.330444               4348 
32.725548 211.697052 151.063141 65.340126 189.162766 117.118027 8.798980 191.518204 127.852119 104.916809 201.107452 143.347000               4370 
32.671471 211.694977 150.962708 65.371094 189.047531 117.178268 8.820501 191.354584 127.829552 104.892197 201.266464 143.364670               4393 
32.679886 211.713058 150.961700 65.388512 189.051590 117.198410 8.837035 191.374832 127.824364 104.899651 201.306824 143.382889               4417 
32.660435 211.747849 150.961395 65.402313 189.051926 117.256432 8.844467 191.382797 127.820930 104.885918 201.372116 143.451965               4440 
31.954210 211.623962 149.612427 65.890335 188.480682 117.410202 9.067628 190.139648 126.575600 104.525360 202.307800 144.114029               4464 
31.586845 211.679977 148.607590 66.332939 188.314117 117.298264 9.364901 189.760178 125.556328 104.468613 202.708542 144.416885               4487 
31.894981 212.253937 148.323257 66.583862 188.476151 117.226135 9.625382 190.470779 125.285240 104.760902 202.714859 144.368744               4510 
31.114405 213.964752 146.035309 65.136528 188.906204 115.041794 8.305975 194.506836 121.843399 103.497658 199.900452 143.405472               4531 
30.290295 220.300552 143.501724 63.727173 192.239746 114.334633 7.290698 201.249283 119.753975 102.147156 202.764786 142.796463               4551 
30.348690 223.717651 140.206360 63.199059 193.764618 112.199066 7.335396 205.111847 116.752151 101.819519 204.296478 140.385727               4568 
33.575317 226.420380 136.272064 64.444740 194.550980 108.129662 9.715155 208.610901 113.793976 104.412964 204.885757 134.448502               4585 
34.822742 226.878708 131.265518 65.866570 195.153366 103.155685 11.783608 209.584534 108.492157 106.052818 206.783020 128.587265               4599 
35.844784 228.999481 125.058456 66.206139 196.330185 97.289635 12.971567 212.913956 101.709656 106.587364 207.214630 122.742195               4611 
35.773930 231.025330 117.217499 65.736427 196.884933 90.822609 13.352627 215.530029 93.397766 106.022575 207.599579 116.496933               4622 
33.924919 232.862686 110.011002 67.074615 198.591156 84.256798 14.912169 217.632050 85.394104 106.556686 208.512527 111.453857               4633 
32.644146 234.633896 102.906685 67.702019 200.256882 77.255707 15.877126 220.073669 77.610268 106.589684 208.689392 105.779213               4643 
31.260595 237.031265 94.869217 67.090874 202.048599 69.525642 16.025209 223.324478 68.866737 105.505394 208.977676 99.076622               4652 
31.305946 238.787125 87.604301 67.977859 203.948502 62.323345 17.368168 225.906128 60.847195 105.787140 209.812546 92.868706               4661 
29.477453 240.804352 79.016174 66.757950 206.155304 53.735252 17.018198 229.334732 51.170338 103.741119 210.443115 85.528458               4670 
29.317930 242.155350 71.576805 67.038216 207.487091 46.501102 18.512251 232.117111 42.740772 103.299873 210.602325 79.247635               4679 
30.180201 251.353943 48.995293 67.809166 212.923355 29.333887 22.173922 240.109344 19.732824 102.261948 217.243576 63.848946               4697 
31.256357 253.447311 40.154793 69.060822 213.812775 23.123907 24.172880 240.950256 11.095132 102.949631 219.626221 57.976456               4705 
32.601280 253.903732 31.241568 71.079277 213.929794 16.246698 26.727016 240.574310 2.162661 104.258041 221.024933 51.542252               4714 
35.511528 249.151718 11.501222 76.373001 210.294403 0.135806 32.988598 235.360840 -18.068403 106.873856 219.492493 37.311619               4731 
36.826687 249.057251 3.536468 77.855461 210.383133 -7.946339 35.445103 236.379440 -26.751200 107.336723 218.202225 30.350727               4740 
40.684402 250.413528 -5.096921 79.406418 209.691391 -17.478361 39.370090 239.040848 -36.221634 108.537338 214.207626 21.610527               4751 
43.732212 249.356491 -21.006172 83.248123 209.273895 -32.963722 44.436394 239.197296 -52.916996 110.247101 212.430695 7.755288               4766 
45.231503 248.418274 -28.587959 84.858696 208.502808 -40.258121 46.990749 238.906815 -61.114971 110.362404 210.797943 1.470063               4775 
48.460144 244.906097 -45.439808 87.637100 204.981293 -57.869347 52.520988 238.102615 -79.140472 109.769386 203.104721 -14.239215               4792 
50.658367 244.100296 -48.640968 90.384277 205.500610 -61.998566 55.732628 239.108688 -83.186859 110.830711 201.896942 -17.660040               4802 
53.336430 243.353516 -54.425770 91.188744 205.176620 -69.742722 57.573051 239.637482 -91.083321 110.859779 200.577499 -25.146240               4809 
80.538422 256.863068 -84.750946 87.334930 202.041672 -76.776291 50.899105 246.331024 -98.628593 110.703613 206.861221 -34.025562               4827 
86.819717 259.923706 -99.877777 86.869789 206.813370 -82.825706 53.022411 254.089005 -109.996353 111.277153 215.737869 -41.333759               4837 
90.510544 259.702026 -107.253242 87.888847 207.900543 -86.825714 57.753983 255.385834 -117.846214 112.130775 218.394135 -45.604824               4845 
93.769188 258.801239 -114.785545 90.244217 208.063156 -92.227577 64.010628 254.797607 -126.925873 113.581604 220.239655 -50.947475               4862 
93.000504 258.851807 -118.370514 90.985435 207.035583 -98.458481 66.492821 254.142334 -133.043320 111.257393 218.419891 -55.372601               4871 
92.768379 258.840942 -121.498314 92.419533 206.590332 -103.224678 69.620712 253.635284 -138.080032 110.365372 217.736801 -59.058502               4880 
93.351982 255.874191 -126.968918 97.045265 204.360016 -108.226242 73.480515 248.683243 -145.401031 111.923332 217.974197 -63.614079               4896 
94.688698 251.691483 -132.198654 101.099922 200.925873 -114.898643 76.731133 243.895370 -153.060410 113.099365 215.322800 -69.669342               4914 
94.581612 251.212402 -133.393829 102.007446 200.832458 -117.037903 77.098091 243.499832 -155.166794 113.604393 215.340363 -71.739128               4923 
93.694077 251.346603 -136.719116 104.020615 201.300797 -123.534363 79.051529 244.184845 -161.408096 110.751381 214.038971 -76.743515               4939 
93.142548 251.375885 -137.484879 104.230293 201.583954 -125.556656 79.236588 244.737686 -163.107925 110.162827 213.727310 -78.500397               4948 
93.289757 251.457809 -139.381302 103.861671 201.774979 -128.226059 79.879356 245.589569 -165.753342 109.522964 213.573288 -81.048767               4966 
93.310234 251.515396 -139.890778 103.780167 201.817215 -128.816345 80.169586 245.855972 -166.357910 109.380775 213.539856 -81.612938               4975 
94.073174 251.016830 -141.094864 104.707863 201.302689 -130.307465 81.117622 245.619125 -167.670868 110.225113 212.778671 -83.033691               4984 
95.601585 250.958618 -145.343002 106.819756 201.394012 -134.541367 82.724350 245.575317 -171.917480 112.509995 213.029861 -87.327217               5001 
96.228210 250.948059 -146.878098 107.764015 201.444672 -136.169830 83.847511 245.678925 -173.710114 112.655754 212.895599 -88.821182               5009 
97.651794 251.587891 -148.590698 108.964035 201.763397 -139.534149 85.739960 247.481522 -175.916031 113.251060 211.590302 -91.763847               5026 
98.561218 252.601044 -149.409744 108.854874 202.353333 -142.268982 86.466248 249.840820 -176.972656 113.617043 210.474670 -94.224075               5035 
98.805649 252.882660 -153.341049 109.477127 202.830444 -146.474518 86.468132 250.319763 -180.975754 114.893654 211.070007 -98.519142               5052 
99.238304 252.851471 -154.183762 110.040657 202.903870 -147.330383 86.879845 250.370865 -181.875656 115.632484 211.274033 -99.417755               5061 
99.330986 252.429596 -155.362976 110.254036 202.720673 -148.344238 87.507797 250.122665 -183.471024 115.156914 211.346024 -100.401436               5078 
99.582542 252.647919 -156.220718 110.663193 203.052139 -149.582901 88.335358 250.755798 -184.701523 114.708565 211.289612 -101.492081               5087 
99.561501 252.475586 -159.664246 111.128311 203.355087 -152.948486 88.692665 250.756104 -188.697174 114.655342 212.019699 -104.891930               5104 
99.572678 251.927734 -162.015594 110.983856 203.143799 -154.632950 88.706017 250.068771 -191.322311 114.641632 212.753418 -106.766220               5122 
99.693039 251.615631 -162.964233 111.055008 203.003052 -155.621857 88.842453 249.949875 -192.457352 114.794914 212.762711 -107.791855               5130 
99.850998 251.107147 -164.497528 111.270378 202.812561 -157.329208 88.985985 249.881180 -194.255325 115.255051 212.724808 -109.550377               5152 
99.878532 250.971405 -164.730545 111.309128 202.778290 -157.636444 89.030975 249.903656 -194.587540 115.337791 212.718018 -109.867004               5158 
99.910675 250.568405 -165.038788 111.374336 202.720612 -158.153397 89.136002 250.038101 -195.175781 115.476982 212.706619 -110.399902               5179 
99.819878 250.315079 -165.542236 111.301125 202.671173 -158.668625 89.167824 250.010895 -195.878250 115.254189 212.749390 -110.921883               5190 
99.795219 249.930908 -166.179321 111.428032 202.587677 -159.309143 89.147774 249.892075 -196.715790 115.392029 212.844864 -111.601448               5202 
100.519676 249.535339 -167.493256 112.833763 202.794174 -160.586258 89.463860 249.564438 -198.265472 117.389702 213.667267 -113.068184               5224 
100.655045 249.475922 -167.776886 113.326851 203.013672 -161.132492 89.441391 249.734589 -198.681534 118.081505 213.892380 -113.635178               5237 
100.868782 249.676834 -167.918732 113.374077 203.265732 -162.340561 88.907898 250.712372 -198.717545 119.473534 213.540024 -114.862320               5250 
101.013924 249.750992 -168.012390 113.403023 203.420242 -163.081055 88.623375 251.342941 -198.738647 120.324379 213.318176 -115.635574               5262 
101.098183 249.730362 -168.054092 113.419731 203.509399 -163.508408 88.496368 251.746582 -198.761520 120.814178 213.188293 -116.089119               5275 
100.986954 249.335068 -168.095917 113.646233 203.473343 -163.595200 88.439178 251.571289 -198.961151 121.046196 213.315292 -116.210342               5288 
100.968239 248.919647 -168.466675 113.907967 203.403885 -163.656830 88.482407 251.127655 -199.493790 121.365211 213.772079 -116.393341               5301 
100.983009 248.597809 -168.928772 114.137527 203.298447 -163.744965 88.663994 250.737473 -200.023209 121.686104 214.155594 -116.605919               5314 
100.861481 247.775131 -169.340942 114.759758 202.948975 -164.067764 88.372856 249.858734 -200.430832 123.212959 214.511261 -117.251045               5328 
100.403572 247.079575 -169.535446 114.965874 202.719284 -164.208511 88.069748 249.185196 -200.796097 123.681824 214.798676 -117.570877               5342 
100.320740 245.691849 -169.928589 116.013100 201.937073 -164.149475 88.085953 247.363388 -201.325104 124.779190 214.970734 -117.778923               5388 
100.211235 245.112747 -170.191711 116.213341 201.508621 -164.309692 88.065559 246.702072 -201.623047 124.816490 214.690277 -117.950470               5403 
100.373512 244.577423 -171.110016 115.972580 200.899887 -165.088684 88.826797 246.429214 -202.759918 123.858620 213.886444 -118.547234               5418 
100.766060 244.096451 -172.741989 115.667404 200.335464 -166.132935 90.457718 246.145844 -204.854980 121.911118 213.286591 -119.333008               5435 
100.991615 243.745819 -173.596985 115.497467 200.021179 -166.714401 91.296463 246.016342 -206.032654 120.822449 212.975296 -119.801895               5452 
101.331589 243.437378 -174.362564 115.387314 199.720840 -167.281860 92.004585 245.998550 -207.127136 119.851967 212.616486 -120.263603               5469 
101.588005 243.139725 -174.817932 115.360916 199.512390 -167.638641 92.325218 245.980194 -207.895370 119.212395 212.391205 -120.561577               5485 
101.924095 242.829620 -175.040161 115.412369 199.342957 -167.846970 92.576591 245.990814 -208.493286 118.713455 212.212921 -120.725693               5501 
102.140427 242.554825 -175.132401 115.435020 199.233627 -167.973236 92.580009 245.976196 -208.933914 118.366516 212.128418 -120.834305               5518 
102.603828 242.156906 -175.282471 115.646065 199.046448 -168.103348 92.834633 245.790009 -209.491791 118.248772 212.092331 -120.986687               5535 
102.969124 241.852798 -175.446320 115.815735 198.895981 -168.207932 92.888031 245.639481 -209.952240 118.155930 212.065887 -121.112030               5552 
103.125267 241.581070 -175.458420 115.967918 198.862961 -168.175095 92.649315 245.452087 -210.235214 118.221527 212.250427 -121.136337               5568 
103.118736 241.374954 -175.334610 115.981544 198.864914 -168.174606 92.220802 245.417282 -210.363129 118.201805 212.311203 -121.151047               5586 
103.268456 241.309204 -175.252197 116.097862 198.982498 -168.122025 92.155136 245.481674 -210.546173 118.133087 212.517807 -121.115623               5603 
103.046562 241.689117 -175.494125 115.541275 199.386902 -168.251419 92.152138 245.994858 -210.952301 117.327599 212.996521 -121.256371               5620 
102.943298 241.792221 -175.821594 115.302818 199.585342 -168.513763 92.059975 246.165955 -211.392029 117.083267 213.325851 -121.556595               5638 
102.730476 242.128006 -175.970154 115.050964 200.019424 -168.924194 91.784233 246.792770 -211.582611 117.021713 213.610306 -121.931091               5655 
102.415840 242.742096 -175.876007 114.842491 200.695587 -169.040497 91.185303 247.554214 -211.407318 117.247826 214.207214 -122.044762               5673 
102.250877 243.414886 -175.650711 114.446884 201.333481 -169.268082 90.962204 248.744583 -211.112640 117.245361 214.445374 -122.180984               5691 
102.116791 243.504196 -175.546951 114.445244 201.519669 -169.360611 90.839867 249.058609 -210.974365 117.436081 214.505920 -122.250534               5709 
101.771645 243.888535 -175.376099 114.292885 202.036377 -169.326736 90.481186 249.594559 -210.781464 117.463036 214.980911 -122.216888               5727 
99.904015 245.048004 -173.770325 112.892517 203.392380 -168.289124 88.939644 251.306900 -209.242645 115.600555 215.707184 -120.982056               5747 
99.294083 246.103790 -171.278381 115.228165 205.524689 -166.398514 87.945915 252.177216 -206.735596 117.057861 217.367065 -118.928970               5766 
97.463448 248.805237 -167.249619 115.688904 209.207352 -163.224411 85.922142 255.109039 -202.665680 116.692574 220.096375 -115.502609               5786 
93.974182 251.285645 -163.859634 113.565338 212.354492 -159.825424 82.558769 257.369324 -199.339462 113.795845 223.076294 -112.055786               5804 
91.746361 252.563217 -159.497513 110.245804 213.209335 -154.586273 81.056595 258.447540 -195.233429 110.019623 224.623611 -106.977341               5820 
89.882256 253.180817 -155.278137 107.385231 213.604065 -148.810104 80.063133 258.274323 -191.408066 106.374672 226.411896 -101.567261               5835 
87.150566 253.212036 -152.025986 99.292282 211.989639 -143.824860 76.635315 257.671570 -188.039520 102.126366 227.355453 -97.426498               5848 
85.997704 251.454391 -143.845520 91.822433 209.112015 -134.540329 75.801895 256.454620 -179.896393 97.604095 225.140686 -88.642601               5865 
85.404709 250.914948 -136.649139 88.256004 209.005096 -124.473312 77.092117 254.058044 -173.551147 92.571533 227.585052 -79.383293               5889 
84.598854 246.576721 -126.319435 78.687660 207.091385 -108.476463 77.356430 245.842865 -164.208435 84.005737 230.957321 -66.060860               5911 
84.885803 241.802536 -121.799248 79.015633 205.784637 -97.708458 75.046837 235.061234 -159.450729 84.313126 236.298889 -59.790592               5922 
68.647041 239.820786 -92.966629 85.733208 193.126114 -55.583046 57.815655 246.222626 -88.265060 105.864357 203.208069 -12.108466               5944 
63.240574 241.410126 -83.576935 85.780243 190.962845 -46.400730 55.951218 246.511734 -72.535843 108.722511 197.569138 -3.657812               5954 
49.392330 248.493210 -64.585487 86.754402 197.318192 -37.736156 45.733105 248.993011 -51.315655 111.480164 200.564102 4.395168               5973 
45.713291 249.819809 -60.996937 86.649734 200.695831 -34.664528 43.499275 250.156555 -47.906124 112.016876 205.426407 6.941689               5982 
39.031120 251.763504 -53.372189 82.573334 204.581680 -28.211281 37.851315 251.971832 -41.484993 107.765358 210.421936 13.360364               6000 
37.714859 252.399429 -49.136337 80.317909 204.891434 -24.526461 36.364159 252.348831 -38.875420 104.639709 210.745468 17.558319               6008 
37.310898 254.176575 -41.478336 77.799713 205.739731 -21.076029 35.003319 253.472427 -35.979458 101.625374 211.305450 21.330442               6016 
35.269238 255.626144 -32.961906 75.032478 207.138184 -18.031151 34.923340 255.036682 -32.329342 99.025024 212.171844 24.347710               6025 
35.732628 258.641724 -16.513121 71.903366 207.961304 -13.157768 34.944199 258.678650 -20.689732 97.187859 206.851273 28.751780               6036 
33.433922 257.830139 -5.606249 68.846458 209.066925 -9.938819 32.646496 259.615845 -13.357248 94.801674 205.172424 31.390438               6044 
31.767616 256.092346 10.296191 65.220253 210.159378 -1.104539 32.615025 261.214508 -1.090449 91.647346 203.789352 39.613754               6059 
27.936184 248.666168 21.216702 64.228729 209.433289 4.770670 26.495123 256.094391 7.755280 93.922180 206.182556 43.560867               6068 
27.169739 241.643967 31.333838 62.703835 208.811035 10.176607 24.408270 253.398636 15.000962 94.116531 207.462799 47.704895               6077 
27.211012 232.700607 38.753498 63.558685 206.639465 14.882158 22.711840 247.752487 20.980740 95.058037 207.244278 52.357121               6086 
26.774935 223.708023 49.856812 62.862770 203.951218 23.872107 19.298103 241.296509 31.147394 94.156059 206.345520 61.447964               6103 
25.157850 219.920700 54.605713 61.090431 203.351654 27.606071 16.523951 238.851395 35.841316 92.265068 206.218506 65.247421               6112 
24.974506 216.961945 57.684284 60.582516 202.699356 30.625717 15.418072 237.072235 38.274937 90.955101 206.232956 68.861404               6120 
24.812767 214.602844 62.172634 60.012218 201.733765 35.097836 14.840467 235.449051 42.076683 89.919518 205.606491 73.666000               6129 
24.779493 210.675339 68.113449 58.936684 200.442123 39.460781 12.515752 231.480148 48.296005 89.955505 205.374542 77.016762               6138 
24.763020 208.199493 72.121399 58.377003 199.675690 42.821739 11.108079 228.739105 52.271263 89.736336 205.718872 79.929962               6146 
24.304916 206.098404 75.965408 58.194359 199.136917 47.168579 9.495442 225.645721 55.121979 88.566612 207.560425 84.632141               6155 
26.814598 203.971039 81.983139 58.761967 197.579559 51.498322 10.399668 223.212662 61.208660 90.732681 207.275696 87.286674               6164 
29.988602 202.958221 89.941788 59.323643 196.032867 57.511658 11.495452 220.858582 68.893578 93.416687 208.804245 90.245491               6173 
35.592628 205.557739 104.786201 59.978237 194.359711 69.967224 14.525142 221.013947 83.061981 97.821686 211.846863 95.638618               6191 
36.375866 205.864944 108.185097 60.114414 193.666641 73.396324 15.499797 221.282410 85.462189 98.259277 212.106903 97.929451               6198 
38.248924 206.352722 111.845169 62.758526 190.678757 79.300285 18.599363 220.437180 86.851662 100.415695 210.174744 103.770500               6218 
38.819454 207.082855 112.253105 64.191292 190.089676 81.105690 19.772259 220.085480 86.241043 101.241325 210.019180 106.146820               6224 
40.147739 209.192184 113.190315 66.107117 189.882965 83.999794 20.668667 219.292709 86.681793 102.897064 209.918076 109.338333               6233 
40.041431 213.160400 114.848236 65.712418 191.676743 86.784409 19.697948 221.375748 88.688042 103.137856 210.718048 111.958069               6242 
40.923172 214.913162 117.961258 66.481888 191.093491 91.474472 19.276958 220.166946 92.750641 104.446190 211.183472 114.970261               6259 
40.661556 216.557938 118.885223 67.390923 191.317215 94.797104 19.419451 219.333511 93.464233 104.625092 213.632660 117.437462               6268 
40.501114 219.570251 121.164711 65.758698 191.760757 97.763924 19.105003 221.894867 96.729424 104.814308 212.992416 118.277908               6276 
38.236065 222.671982 122.218277 63.494434 193.478409 99.704880 17.221695 224.058380 98.363678 103.160629 214.747849 118.970161               6285 
38.030193 222.505859 122.685387 64.966103 193.231598 101.435402 17.737494 222.092712 99.233131 103.888443 215.746521 120.802315               6294 
