17.775126 180.805450 124.226845 66.449654 224.053925 124.007065 27.927593 186.293533 129.220871 107.948212 232.925049 148.223007                  0 
17.688765 180.974991 124.358612 66.437553 224.139999 124.025208 27.848326 186.437057 129.252518 107.977768 232.976196 148.182434                 19 
17.614687 181.117355 124.468330 66.427361 224.212479 124.040474 27.793812 186.532211 129.286011 108.002548 233.019043 148.148300                 39 
17.513391 181.174713 124.537590 66.344330 224.249954 124.070206 27.724522 186.513733 129.268997 107.922264 233.063232 148.170853                 59 
17.238491 180.184204 124.026382 66.353828 222.937408 124.259811 27.480265 185.354965 128.823990 108.049995 231.012161 148.414886                 78 
17.046906 179.424698 123.665665 66.337425 221.969940 124.390335 27.288761 184.486267 128.498093 108.132332 229.520920 148.544174                 98 
16.963610 179.581406 123.698555 66.273682 222.099991 124.348549 27.201441 184.631683 128.489136 108.083336 229.662949 148.473083                118 
16.736357 179.927887 123.800957 66.038849 222.446701 124.319138 26.949169 185.005249 128.515121 107.829536 230.109421 148.445068                138 
16.586414 180.153748 123.876450 65.866196 222.676666 124.324379 26.761024 185.256851 128.512650 107.639359 230.402878 148.460403                157 
16.481731 180.548584 123.995407 65.762901 223.043381 124.252190 26.622700 185.669266 128.564087 107.543182 230.847015 148.350952                177 
16.382029 180.727264 124.014519 65.759781 223.078323 124.232040 26.502264 185.821915 128.538330 107.575752 230.760513 148.307922                197 
16.315573 180.852081 124.043045 65.748093 223.105530 124.229813 26.447323 185.873764 128.491165 107.586357 230.701904 148.294189                218 
16.206203 180.505585 123.824623 65.826378 222.502716 124.330498 26.359293 185.389633 128.271194 107.752541 229.636185 148.383560                238 
16.182693 180.154465 123.626785 65.947090 221.951309 124.412056 26.346600 184.938202 128.084213 107.950874 228.698792 148.441055                258 
16.146854 180.259964 123.657654 65.903145 222.028839 124.385193 26.328741 184.988144 128.041855 107.900124 228.785645 148.423462                279 
16.155296 181.079178 123.968163 65.785660 222.945068 124.006851 26.208467 185.862808 128.339615 107.779694 230.139709 147.922897                300 
16.406713 181.375290 124.341393 65.745636 223.516876 123.903473 26.388384 186.203262 128.639755 107.746643 231.136322 147.675278                321 
16.462420 181.631561 124.626114 65.746529 223.767258 123.898964 26.459883 186.374588 128.833191 107.782494 231.486923 147.576447                341 
17.412376 180.661072 124.920197 66.394104 223.130249 124.296715 27.346468 185.462326 129.112717 108.461235 230.979721 147.875977                362 
17.473860 180.540054 125.297356 66.856735 222.529343 124.637527 27.462204 185.217758 129.454346 109.124779 229.844437 148.028580                383 
17.478106 180.390915 125.550224 67.090240 222.094254 124.926476 27.483307 184.994781 129.681015 109.468544 229.071289 148.221100                404 
17.375441 180.507614 125.628723 67.055771 222.107941 125.014793 27.377489 185.079193 129.763657 109.432922 229.022934 148.330017                425 
17.319527 180.550949 125.646278 67.016319 222.108917 125.073357 27.324333 185.056274 129.766937 109.384941 228.997742 148.411804                446 
17.428482 180.475967 125.629112 67.009460 222.145523 125.124771 27.420313 184.947784 129.767883 109.353584 229.137634 148.476959                467 
17.426477 180.515167 125.602112 66.966606 222.201202 125.187935 27.455570 184.853317 129.712799 109.284210 229.229034 148.577454                488 
17.399446 180.514160 125.514481 66.998390 222.102264 125.213608 27.425182 184.770599 129.655975 109.333214 229.014130 148.606522                509 
17.572891 180.540009 125.493843 67.004433 222.308334 125.192818 27.566225 184.766968 129.677856 109.325760 229.395813 148.557571                530 
17.672121 180.528397 125.449440 67.034355 222.374283 125.182907 27.628252 184.716766 129.714996 109.359238 229.534866 148.518936                552 
17.598888 180.928207 125.588776 66.780174 222.982925 125.137787 27.542360 185.157547 129.854233 109.047447 230.484085 148.471222                573 
17.636143 180.908859 125.571259 66.790565 222.988724 125.144737 27.585796 185.102966 129.859848 109.062553 230.517181 148.460846                594 
17.640200 180.911255 125.542160 66.794006 222.990646 125.147041 27.581175 185.083969 129.867691 109.067543 230.528137 148.457413                616 
17.645077 180.911301 125.516708 66.797195 222.992416 125.149170 27.576471 185.074020 129.870041 109.072166 230.538284 148.454239                638 
17.668339 180.898239 125.491302 66.812515 222.989334 125.153786 27.573439 185.052917 129.884995 109.092819 230.549744 148.444458                660 
17.688124 180.888977 125.460472 66.827614 222.986282 125.158340 27.576326 185.030289 129.899017 109.113167 230.561066 148.434814                684 
17.622456 181.082001 125.553398 66.710693 223.244400 125.166527 27.562117 185.168457 129.990143 108.988976 230.953522 148.412079                707 
17.487289 181.403549 125.735641 66.451271 223.715393 125.152260 27.533421 185.348557 130.148361 108.688766 231.706696 148.376663                731 
17.423323 181.733047 126.037849 66.166313 224.307404 125.099869 27.632933 185.483200 130.406189 108.331291 232.779388 148.285629                756 
17.406841 181.889450 126.202492 66.023628 224.611191 125.073868 27.747635 185.448792 130.548218 108.149475 233.344696 148.233719                779 
17.405085 181.917053 126.240250 66.016388 224.653580 125.070160 27.840355 185.313644 130.581360 108.146866 233.420837 148.208832                802 
17.405466 181.934464 126.262329 66.014503 224.677063 125.069092 27.914207 185.207916 130.587814 108.149048 233.460159 148.194321                825 
17.406239 181.910645 126.277390 66.032166 224.643860 125.087196 27.929806 185.151749 130.605408 108.178719 233.406174 148.198425                849 
18.060440 181.528183 126.905502 66.697670 224.263336 125.298515 28.477598 184.938766 131.165588 109.028763 233.063446 148.055405                872 
18.271484 180.589661 126.751465 67.261719 222.974762 125.505661 28.429728 184.222305 131.104492 109.811058 231.110779 148.102097                896 
18.117411 180.498672 126.798218 67.602036 222.350113 125.739365 28.290537 184.154251 131.098160 110.334099 229.843292 148.212952                918 
17.977577 180.476654 126.775871 67.687523 222.090820 125.870338 28.166368 184.152618 131.070251 110.477547 229.309219 148.323578                940 
17.910580 180.232040 126.715256 67.773499 221.698959 126.082870 28.063204 183.976868 131.084518 110.604996 228.679001 148.532394                962 
17.778078 180.175049 126.637665 67.846199 221.433792 126.246643 27.941713 183.965408 131.070145 110.717789 228.177963 148.691757                984 
17.843790 180.069412 126.506050 67.897003 221.402115 126.325478 27.872129 184.096619 131.161652 110.758484 228.226654 148.765579               1005 
17.860197 179.992325 126.378433 67.912773 221.374664 126.425804 27.675531 184.339661 131.330124 110.760635 228.267319 148.871094               1027 
17.787222 180.004410 126.246948 67.873947 221.384186 126.583260 27.530722 184.500900 131.398773 110.687347 228.297867 149.087769               1048 
17.781773 179.945938 126.113869 67.880180 221.344101 126.709663 27.556280 184.464813 131.407562 110.675064 228.284912 149.241028               1071 
18.093153 180.625717 126.707191 67.874527 222.442871 126.917274 27.886881 185.269119 132.058716 110.565140 230.106964 149.412003               1092 
18.159695 180.633911 126.701065 68.065872 222.357681 127.106880 27.989317 185.308701 132.195816 110.792648 229.934525 149.562469               1114 
18.184431 180.662888 126.680359 68.192375 222.316772 127.259575 28.065132 185.380463 132.274643 110.943771 229.848053 149.683609               1135 
18.216887 180.776367 126.769234 68.310791 222.383865 127.426292 28.154142 185.523682 132.466583 111.092621 229.919250 149.790817               1156 
18.272362 180.867950 126.815697 68.443962 222.426147 127.558395 28.278368 185.626999 132.613480 111.260468 229.970856 149.853317               1178 
18.345367 180.868835 126.824547 68.614227 222.355698 127.671951 28.412394 185.642441 132.744095 111.492348 229.855331 149.863434               1200 
18.410324 180.825363 126.798386 68.769585 222.246597 127.784668 28.561464 185.606934 132.834503 111.706848 229.708771 149.874191               1222 
18.436651 180.815155 126.733345 68.901451 222.139175 127.882286 28.689331 185.556686 132.896118 111.890373 229.556183 149.886383               1244 
18.340712 180.945862 126.675781 68.966637 222.107056 127.951256 28.718870 185.615433 132.962341 111.994446 229.472366 149.896622               1266 
18.049885 181.095245 126.465759 68.866409 222.036789 127.939423 28.507244 185.700165 132.845551 111.910530 229.244553 149.905106               1289 
17.636118 181.356094 126.328499 68.652534 222.062332 127.940071 28.204849 185.881409 132.708405 111.706284 229.109497 149.938980               1311 
17.466978 181.404099 126.215065 68.548927 222.042267 127.938431 28.103588 185.864944 132.652206 111.616585 229.044556 149.924438               1333 
17.400179 181.339325 126.035698 68.513695 221.946014 127.849434 28.101303 185.769806 132.507462 111.626343 228.912308 149.758575               1356 
17.297798 181.363754 125.913414 68.467514 221.910477 127.803452 28.111828 185.761948 132.349350 111.609825 228.853104 149.661636               1377 
17.216358 181.425507 125.867531 68.372780 222.003326 127.746834 28.155628 185.801117 132.247925 111.540611 229.042160 149.523697               1400 
16.559191 181.098373 125.552063 67.848198 221.500229 127.890762 27.598806 185.387650 131.965881 111.004364 228.307922 149.764038               1423 
16.386351 181.219193 125.514687 67.783791 221.502899 127.912422 27.521845 185.448090 131.985245 110.955757 228.296692 149.758835               1446 
16.286556 181.301544 125.437057 67.765388 221.506119 127.917099 27.513969 185.463058 131.984756 110.942879 228.311279 149.749039               1468 
15.564395 183.121368 126.152962 67.376602 222.979828 127.815056 26.966810 187.277603 132.574722 110.565079 230.039063 149.544342               1490 
15.550090 183.067825 125.957787 67.402924 222.916641 127.835518 27.166882 187.070038 132.405167 110.580002 230.033173 149.568771               1554 
15.614176 182.934250 125.880920 67.427101 222.848785 127.858109 27.274422 186.908173 132.383743 110.594460 230.031219 149.588989               1575 
15.716785 182.809433 125.778397 67.489830 222.783340 127.879578 27.449406 186.718842 132.375961 110.650574 230.062729 149.591339               1595 
15.800056 182.714706 125.674637 67.545341 222.725433 127.898575 27.663773 186.509201 132.309189 110.699898 230.090637 149.593674               1615 
15.874429 182.603592 125.596031 67.583038 222.663132 127.933601 27.785902 186.349213 132.336578 110.730743 230.116791 149.612122               1636 
15.865370 182.591125 125.440880 67.604088 222.634750 127.914017 27.814743 186.295135 132.352905 110.752708 230.138016 149.573578               1657 
15.906191 182.514969 125.272903 67.646385 222.594696 127.881927 27.865957 186.222397 132.399353 110.800179 230.187103 149.500092               1677 
15.917956 182.573563 125.138626 67.708862 222.651627 127.837036 27.948860 186.247925 132.453827 110.875099 230.330765 149.399658               1698 
15.796011 182.590622 124.982994 67.687950 222.586151 127.881599 27.931261 186.174789 132.454208 110.845222 230.261246 149.463577               1718 
15.771111 182.508163 124.859283 67.726563 222.479675 127.936081 28.010578 186.030930 132.487335 110.882820 230.195709 149.505493               1740 
15.712902 182.508652 124.738876 67.746201 222.431168 127.975548 28.050222 185.990479 132.499710 110.898697 230.179291 149.541000               1760 
15.722453 182.383606 124.555244 67.811424 222.287537 128.034027 28.183849 185.776581 132.459076 110.963051 230.048294 149.596680               1781 
15.750816 182.274033 124.416718 67.866600 222.166046 128.083496 28.301674 185.605988 132.409607 111.017479 229.937515 149.643768               1802 
15.739582 182.255859 124.339691 67.877701 222.129730 128.133514 28.375452 185.533096 132.385162 111.025398 229.925079 149.691544               1826 
15.707479 182.248489 124.244591 67.877464 222.100815 128.176727 28.456713 185.448227 132.337753 111.017754 229.924011 149.739471               1849 
15.701521 182.172760 124.152763 67.891525 222.001648 128.247040 28.536694 185.293411 132.303955 111.024559 229.830902 149.822098               1873 
15.724541 182.121216 124.076775 67.929977 221.919006 128.293457 28.610941 185.178009 132.291229 111.063225 229.748138 149.868164               1897 
15.781809 181.916122 124.013405 67.955338 221.743378 128.381378 28.708618 184.924698 132.286850 111.085068 229.592026 149.956024               1921 
15.825491 181.711349 123.967323 67.972015 221.570480 128.475571 28.800734 184.691315 132.287811 111.100128 229.444641 150.044128               1945 
15.854241 181.554352 123.920929 67.985481 221.430908 128.551590 28.856615 184.553070 132.286194 111.112244 229.325714 150.115311               1969 
15.806861 181.496170 123.874336 67.951981 221.357101 128.621643 28.824476 184.561249 132.259109 111.069824 229.251724 150.203247               1993 
15.703653 181.467499 123.837349 67.901947 221.263046 128.704895 28.688610 184.726334 132.213074 111.016464 229.104858 150.312378               2017 
15.685487 181.396652 123.844200 67.875381 221.216187 128.789383 28.624874 184.898331 132.225845 110.980942 229.097595 150.400345               2041 
15.657430 181.409698 123.861877 67.871765 221.218216 128.835800 28.584110 185.089600 132.235474 110.979607 229.122787 150.433746               2065 
15.656476 181.376251 123.884323 67.871078 221.205872 128.879288 28.587423 185.196609 132.245865 110.977562 229.155670 150.463333               2089 
15.608753 181.427429 123.853256 67.878929 221.207504 128.881500 28.556328 185.280731 132.246323 110.990913 229.140701 150.460663               2113 
15.564829 181.468338 123.817253 67.883690 221.204941 128.884354 28.530405 185.334106 132.249420 110.998978 229.124191 150.462036               2136 
15.527874 181.501709 123.785172 67.886688 221.202866 128.887527 28.502768 185.361618 132.268845 111.004326 229.111465 150.464432               2159 
15.479548 181.527710 123.718697 67.873352 221.201614 128.887390 28.470171 185.371231 132.264145 110.984756 229.104553 150.478806               2181 
15.435729 181.558746 123.636101 67.870743 221.206970 128.876862 28.436728 185.379715 132.275314 110.976563 229.105942 150.480911               2203 
15.395897 181.576874 123.546440 67.868401 221.204910 128.865555 28.407276 185.372269 132.283005 110.967308 229.100662 150.484543               2225 
15.354365 181.592468 123.452980 67.863693 221.199707 128.855240 28.384222 185.349609 132.280060 110.954185 229.092102 150.492218               2246 
15.321290 181.603683 123.382195 67.859756 221.196228 128.845886 28.373680 185.335052 132.257751 110.942802 229.082016 150.500107               2267 
15.554373 181.171661 123.181808 67.971077 220.929138 128.861832 28.585245 184.914429 132.159119 111.025719 228.877838 150.549515               2289 
15.582446 181.071625 122.971428 68.059227 220.739548 128.881119 28.600088 184.762314 132.045059 111.112991 228.544815 150.622574               2310 
15.672520 181.057007 122.988060 68.123711 220.769928 128.899689 28.667645 184.766800 132.119308 111.170807 228.623306 150.636993               2332 
15.756891 181.043030 123.006798 68.181984 220.797394 128.916458 28.729000 184.770767 132.185989 111.223015 228.694244 150.650040               2353 
15.748269 181.067291 123.003952 68.189743 220.802856 128.912231 28.720234 184.797836 132.190842 111.234276 228.689407 150.642624               2375 
15.745589 181.075684 123.004547 68.193451 220.803833 128.909286 28.713675 184.813126 132.194397 111.239975 228.685852 150.637375               2396 
15.731994 181.081085 122.997917 68.191086 220.794907 128.903885 28.698410 184.821091 132.193146 111.241241 228.666367 150.628616               2418 
15.697402 181.008820 122.959259 68.173996 220.695953 128.894348 28.664888 184.740387 132.160507 111.233849 228.529541 150.613556               2440 
15.560331 181.037827 122.954910 68.133026 220.599075 128.877106 28.540659 184.738464 132.154617 111.228394 228.321075 150.565796               2463 
15.405312 181.096786 122.952950 68.085022 220.519806 128.845673 28.377981 184.782776 132.178040 111.217422 228.127823 150.501007               2486 
15.322965 181.019150 122.751869 67.922806 220.549530 128.632523 28.201414 184.748993 132.129196 111.045753 228.249695 150.274109               2510 
15.324479 180.928314 122.621696 67.803276 220.625504 128.442810 28.118711 184.716705 132.127777 110.920685 228.474899 150.041794               2533 
15.338967 180.823334 122.510475 67.718216 220.655975 128.301727 28.066284 184.654449 132.126862 110.830025 228.621765 149.869217               2556 
15.382695 180.685287 122.365150 67.653404 220.659546 128.151596 28.087088 184.548859 132.020203 110.754303 228.745773 149.696075               2580 
15.394827 180.664856 122.335548 67.693916 220.604431 128.103302 28.082014 184.535812 132.027863 110.823036 228.655426 149.604462               2604 
15.380319 180.689072 122.268745 67.776817 220.496658 128.036072 28.098961 184.510712 131.944305 110.953957 228.420609 149.487976               2627 
15.356313 180.740005 122.256561 67.795341 220.485977 128.019379 28.124025 184.509216 131.886597 110.988533 228.363602 149.456039               2651 
15.321175 180.807999 122.260925 67.795662 220.499207 128.016830 28.097383 184.540085 131.903305 110.998146 228.344543 149.446609               2675 
15.297364 181.029465 122.390556 67.812302 220.670914 128.007935 28.295620 184.573883 131.805176 111.047188 228.524323 149.369293               2699 
15.298635 181.280884 122.522820 67.825150 220.911911 127.982773 28.501793 184.622925 131.749329 111.083282 228.817291 149.277802               2723 
15.291765 181.372284 122.591682 67.819267 220.985794 128.004517 28.628794 184.576950 131.679047 111.086281 228.904434 149.276566               2747 
15.271475 181.472137 122.653381 67.817970 221.047348 128.029007 28.750433 184.535873 131.597015 111.094391 228.961563 149.283554               2771 
15.213534 181.607727 122.727936 67.796913 221.128372 128.062973 28.892466 184.466522 131.488525 111.083107 229.025482 149.303986               2794 
15.165710 181.731903 122.794991 67.778168 221.200516 128.093216 28.894003 184.523392 131.503784 111.073044 229.082367 149.322205               2818 
15.158669 181.787766 122.836494 67.784996 221.218460 128.105545 28.931440 184.526932 131.485550 111.090530 229.089142 149.316925               2841 
14.906166 182.637115 123.285561 67.685577 221.906265 128.044312 28.731066 185.381912 131.847092 111.035118 229.866821 149.131912               2865 
14.708493 183.301468 123.628014 67.608658 222.438416 127.996941 28.580769 186.043716 132.120880 110.993225 230.466522 148.986664               2889 
14.586538 183.720520 123.836601 67.560921 222.768707 127.967537 28.959478 186.014694 131.932175 110.967644 230.837875 148.895615               2912 
14.640440 183.483002 123.820534 67.574295 222.554962 128.111771 29.256430 185.529694 131.711609 110.975708 230.581512 149.067215               2934 
14.593648 183.217499 123.747490 67.547829 222.214355 128.295105 29.232973 185.176804 131.624969 110.946716 230.089661 149.313095               2957 
14.524979 183.263687 123.742630 67.524414 222.170547 128.312012 29.194790 185.157959 131.578827 110.939674 229.969330 149.324707               2978 
14.490407 183.296600 123.740692 67.510124 222.143799 128.322327 29.189636 185.128250 131.531387 110.935326 229.895844 149.331772               3000 
14.468150 183.327301 123.741440 67.497650 222.120453 128.331329 29.211393 185.084854 131.457550 110.931496 229.831741 149.337906               3022 
14.483406 183.323105 123.749763 67.484261 222.111282 128.337753 29.252462 185.030273 131.406006 110.920425 229.825790 149.338364               3044 
14.508176 183.210129 123.700996 67.541687 221.896866 128.372009 29.268545 184.850601 131.331512 111.017372 229.465988 149.343719               3066 
14.535326 183.082321 123.665833 67.589485 221.692261 128.418564 29.293856 184.668259 131.268860 111.099335 229.144531 149.361237               3088 
14.554608 182.988129 123.638039 67.625801 221.536804 128.453918 29.309244 184.537003 131.218399 111.161636 228.900436 149.373947               3109 
14.566672 182.924515 123.611351 67.653770 221.417068 128.481155 29.313326 184.442886 131.183365 111.209633 228.712509 149.383377               3131 
14.582842 182.881638 123.590248 67.676270 221.320740 128.503067 29.236992 184.455505 131.211914 111.248260 228.561356 149.390732               3153 
14.559510 182.945740 123.610062 67.699615 221.272217 128.550842 29.048235 184.630539 131.354416 111.291222 228.422104 149.428833               3175 
14.517193 183.719131 123.753029 67.794334 221.865494 128.264877 28.881401 185.537918 131.576355 111.436966 229.060867 149.020294               3198 
14.632598 184.120499 123.818634 67.907890 222.265839 128.033142 29.026775 185.911377 131.603180 111.579597 229.585358 148.683701               3221 
14.737432 184.398056 123.876686 68.016014 222.538544 127.872536 29.170734 186.142487 131.622131 111.716904 229.935867 148.433441               3243 
14.811543 184.599762 123.913284 68.090942 222.727539 127.761230 29.239014 186.277695 131.707092 111.812088 230.178421 148.259644               3265 
14.631164 185.099457 123.969627 68.058769 223.019363 127.606285 29.055172 186.686478 131.821136 111.807068 230.420547 148.064728               3288 
14.578857 185.177856 123.959709 68.044594 223.031982 127.577400 28.993883 186.692719 131.863434 111.798676 230.401047 148.035080               3310 
14.557878 185.304764 123.936958 68.054207 223.112778 127.496964 28.968348 186.766739 131.886887 111.814377 230.481644 147.941681               3332 
14.534213 185.379349 123.890434 68.050850 223.154160 127.420341 28.937346 186.796295 131.885025 111.809868 230.524765 147.866913               3355 
14.528074 185.451218 123.854805 68.058022 223.206223 127.355751 28.924227 186.834045 131.885498 111.815376 230.582748 147.803741               3377 
14.523274 185.513046 123.823914 68.064201 223.251114 127.300072 28.948227 186.777710 131.896149 111.820145 230.632736 147.749252               3399 
14.533164 185.582092 123.786293 68.079445 223.310379 127.242966 29.037590 186.625671 131.907761 111.831413 230.702072 147.697006               3422 
14.546260 185.638275 123.756035 68.092178 223.359909 127.195259 29.160849 186.418106 131.913208 111.840843 230.760010 147.653336               3444 
14.569419 185.656387 123.749260 68.091927 223.389252 127.174385 29.210497 186.273163 131.965408 111.835632 230.797165 147.640244               3466 
14.604235 185.657501 123.757698 68.091713 223.414459 127.156456 29.243824 186.167969 132.012772 111.831154 230.829071 147.628983               3489 
14.639692 185.653549 123.770340 68.091515 223.437088 127.140358 29.273859 186.098740 132.032806 111.827133 230.857742 147.618866               3512 
14.678217 185.652344 123.784203 68.091339 223.457443 127.125870 29.283684 186.051361 132.064438 111.823517 230.883530 147.609756               3535 
14.716254 185.646423 123.800941 68.091187 223.475922 127.112740 29.293652 186.012207 132.088699 111.820236 230.906921 147.601501               3558 
14.756069 185.635223 123.821991 68.091042 223.492752 127.100761 29.286818 185.990784 132.126068 111.817245 230.928253 147.593964               3582 
14.795734 185.634094 123.847664 68.088341 223.521118 127.086281 29.283337 186.002075 132.140045 111.812088 230.963577 147.582214               3605 
14.836306 185.626953 123.835884 68.082573 223.551010 127.043030 29.280918 186.005341 132.126648 111.803909 231.000580 147.541534               3629 
14.891078 185.613922 123.842583 68.077309 223.578323 127.003510 29.278673 186.007431 132.115585 111.796425 231.034393 147.504364               3653 
14.960240 185.585663 123.869820 68.072708 223.602158 126.969017 29.276670 186.008240 132.107330 111.789902 231.063904 147.471909               3677 
15.036524 185.545776 123.920036 68.062088 223.623245 126.949356 29.271616 186.004471 132.109848 111.775833 231.094086 147.456314               3701 
15.096668 185.503311 123.961891 68.052559 223.642197 126.931709 29.267046 186.000351 132.113113 111.763191 231.121185 147.442291               3726 
15.175517 185.441483 124.030022 68.040634 223.654068 126.923782 29.261019 185.988861 132.120483 111.747360 231.140808 147.439865               3750 
15.248209 185.375610 124.097961 68.029778 223.664871 126.916573 29.255518 185.977982 132.127747 111.732948 231.158676 147.437653               3775 
15.318073 185.312073 124.164505 68.017464 223.674698 126.913376 29.279079 185.941696 132.112152 111.716675 231.176788 147.439865               3800 
15.380924 185.262024 124.223000 68.006104 223.683762 126.910431 29.302092 185.906570 132.097549 111.701653 231.193497 147.441910               3825 
15.164819 185.627274 124.461525 67.682144 224.160904 127.089638 29.008240 186.354752 132.339233 111.258217 231.861526 147.803528               3849 
15.274060 185.679642 124.717010 67.573395 224.469299 127.185509 29.051937 186.515976 132.538132 111.080818 232.429504 147.945541               3874 
15.413020 185.825424 124.955551 67.549454 224.815231 127.241333 29.146101 186.755402 132.724991 111.011452 232.990875 148.012787               3898 
15.462949 186.022034 125.184082 67.483574 225.151718 127.305458 29.154387 187.030197 132.915024 110.898582 233.503479 148.105087               3922 
15.403471 186.403214 125.421768 67.352219 225.628220 127.343071 29.064310 187.489014 133.144638 110.706955 234.181015 148.186676               3946 
15.164741 187.001587 125.649490 67.148727 226.182755 127.347008 28.828609 188.108780 133.381790 110.439781 234.886612 148.260330               3969 
14.769625 187.480789 125.689789 67.005287 226.302429 127.331360 28.424364 188.496017 133.406891 110.301620 234.772202 148.329697               3992 
14.532440 187.778412 125.727036 66.914024 226.378571 127.321404 28.178581 188.730850 133.418015 110.212296 234.699936 148.375000               4015 
14.417729 187.897049 125.764854 66.863815 226.369705 127.320663 28.030340 188.816956 133.396637 110.164841 234.568893 148.416489               4038 
14.255087 188.101456 125.767906 66.799965 226.392944 127.274162 27.815598 188.991806 133.335129 110.100334 234.432434 148.432709               4060 
14.088078 188.299622 125.702644 66.742363 226.393646 127.181442 27.598795 189.152344 133.215530 110.040230 234.262146 148.409271               4083 
14.107418 188.087067 125.732216 66.793747 226.102585 127.261421 27.595753 188.899033 133.188385 110.105110 233.826904 148.514648               4105 
14.071680 187.943359 125.762215 66.847969 225.809387 127.369171 27.783325 188.510742 132.988632 110.182640 233.332352 148.647110               4127 
14.083138 187.752136 125.757317 67.004539 225.396500 127.482384 28.015087 188.051468 132.765747 110.395462 232.617035 148.750458               4150 
13.993751 187.453781 125.492897 67.166008 224.700241 127.594986 28.070995 187.449661 132.322556 110.622322 231.341080 148.918396               4172 
14.322177 188.005234 125.972878 67.085548 225.833496 127.506966 28.621078 188.065964 132.566299 110.442245 233.250076 148.777374               4194 
14.597002 188.498108 126.390152 67.016602 226.804626 127.431534 29.086611 188.612900 132.800064 110.284225 234.884125 148.641754               4216 
14.460779 189.689682 126.770874 66.952232 227.899979 127.106277 29.093246 189.773743 133.042969 110.215065 236.290787 148.205124               4238 
14.366947 189.928207 126.862892 66.874992 228.109512 127.076065 29.017252 189.992783 133.122253 110.113449 236.563263 148.199738               4259 
14.439919 189.675201 126.729866 66.957031 227.841690 127.015144 29.118984 189.675552 132.975967 110.206459 236.223984 148.144821               4280 
14.508724 189.078156 126.613579 66.983406 227.296936 127.116119 29.194813 189.005875 132.898529 110.232712 235.580048 148.285126               4301 
15.007370 188.197586 126.542999 67.395119 226.529282 127.224518 29.726751 188.079239 132.745071 110.726311 234.664856 148.282990               4322 
15.090123 187.468811 126.204285 67.421776 225.865402 127.251915 29.806679 187.309418 132.400467 110.741577 233.850128 148.391403               4343 
15.250244 187.121201 126.132301 67.508163 225.611496 127.241310 29.972767 186.967972 132.282135 110.850021 233.578812 148.342133               4364 
15.604447 186.234467 126.077530 67.558868 225.122528 127.362869 30.343903 186.146683 132.162643 110.900726 233.236572 148.407684               4425 
15.665731 186.084991 126.056000 67.556976 225.055832 127.381378 30.408903 186.012619 132.133621 110.891663 233.209869 148.425537               4445 
15.734968 185.907349 126.034607 67.552094 224.976089 127.405922 30.484137 185.854019 132.100998 110.877838 233.177567 148.450043               4466 
15.782924 185.789139 126.041504 67.546516 224.928589 127.436058 30.537411 185.750732 132.097412 110.866875 233.167542 148.476624               4486 
15.976242 185.358948 126.003021 67.662277 224.598404 127.514473 30.680786 185.367172 132.076767 111.005882 232.810593 148.517593               4507 
16.074011 185.137512 125.985664 67.719147 224.433624 127.568474 30.730019 185.190201 132.088638 111.074211 232.629990 148.554108               4527 
16.035408 185.104187 125.974510 67.622574 224.483170 127.616875 30.638910 185.221725 132.132233 110.939125 232.747208 148.655441               4548 
15.864716 185.645615 126.340714 67.325668 225.212051 127.676819 30.501949 185.831650 132.535370 110.538712 233.876541 148.767059               4570 
15.771776 185.923584 126.602158 67.121635 225.652100 127.756584 30.464020 186.127640 132.811752 110.258072 234.601196 148.884781               4591 
15.710832 186.098129 126.770370 66.992332 225.930954 127.807129 30.465647 186.301575 132.960587 110.080132 235.060562 148.957352               4613 
15.703343 186.068359 126.789848 66.987259 225.916901 127.822243 30.524023 186.228058 132.946045 110.073784 235.053864 148.971863               4634 
15.703581 186.153671 126.897392 66.965027 226.043991 127.788544 30.542763 186.332565 133.043442 110.042297 235.284088 148.912201               4656 
15.908841 186.994385 127.266121 67.259872 226.788971 127.197914 30.961866 187.090851 133.266846 110.436501 236.337219 147.978882               4679 
15.842253 187.164322 127.259514 67.377815 226.735199 127.088402 30.877451 187.195190 133.317993 110.595207 236.140228 147.849960               4702 
15.630823 187.492035 127.217155 67.393829 226.785889 126.825043 30.640459 187.471420 133.342636 110.644844 236.079636 147.566666               4724 
14.185206 195.220596 126.662132 66.996826 232.992676 123.406647 29.369829 195.255493 132.951965 109.963409 243.448135 144.186340               4747 
13.318053 195.018127 121.456306 67.848511 230.470856 120.209366 28.444576 194.151093 128.004944 110.880775 238.344849 141.968597               4769 
11.154905 196.346451 111.853813 66.646294 230.149078 115.963264 25.435694 194.950089 119.952751 108.030678 236.108383 141.242874               4790 
9.935495 196.248077 100.598236 65.244278 229.302963 110.884811 22.836426 194.711868 110.715744 104.560631 233.708801 139.556274               4806 
10.875810 200.731003 87.662163 68.290047 228.548996 102.623581 20.985088 199.236389 101.009644 106.397377 228.526443 133.202499               4821 
12.525365 203.485260 77.544731 70.779831 227.557281 96.483826 19.957495 202.633438 93.899521 107.595276 224.394089 128.450317               4834 
14.425208 206.702957 62.289360 72.209335 227.498611 87.186317 19.148252 205.965775 81.570473 106.614311 221.725632 121.394646               4860 
14.915139 207.820267 51.981380 71.634331 226.776978 81.152214 18.070393 206.612671 72.586540 104.111595 219.491562 116.920769               4873 
23.068331 213.662827 28.390207 76.454018 226.652832 66.985214 23.043510 210.152878 50.668354 103.861908 214.978943 105.712036               4893 
30.320637 219.095978 -0.589008 78.699081 226.670685 46.440395 25.641294 212.850250 23.709316 100.875061 211.162659 87.121674               4911 
36.461864 223.919113 -23.643593 80.780075 226.487411 28.630983 27.568188 214.728561 1.930795 99.515518 207.515198 69.573357               4928 
41.178303 228.136185 -45.231667 82.035408 225.475174 10.594082 28.511644 216.326660 -19.131201 97.874710 203.221786 51.105103               4945 
43.284840 230.027313 -55.666023 82.136353 225.227676 1.924914 28.704258 216.907669 -29.463799 96.501831 201.745468 42.291462               4956 
51.026234 234.943985 -83.203987 87.092506 225.674255 -23.460772 32.865517 218.371033 -56.836987 100.114525 199.325684 15.570231               4980 
51.858440 235.997742 -91.360664 87.205826 224.758804 -31.175900 32.188988 218.291458 -64.765091 99.802185 197.313492 7.234071               4989 
55.737431 237.030106 -107.635582 88.309204 222.132751 -45.604408 32.754948 215.655960 -81.142159 99.988945 192.750397 -8.355240               5006 
57.943535 238.785965 -114.608368 89.939407 223.497040 -51.785667 33.357296 216.124893 -87.201401 101.733620 194.075989 -14.603176               5015 
62.620884 238.977844 -129.293243 93.513084 224.489716 -64.671074 36.272175 213.479630 -100.590401 105.941139 195.838440 -27.095995               5032 
68.276466 239.256271 -137.434753 98.473282 225.082413 -71.573059 42.106358 210.922623 -108.669662 111.647537 196.846405 -33.937897               5049 
70.020233 239.628052 -150.200821 99.699234 225.486053 -83.378395 43.670879 210.536682 -120.880959 112.667603 197.705566 -45.334915               5067 
71.440392 241.635422 -153.990463 100.467964 226.201843 -86.837975 45.080898 211.306839 -125.347130 113.284248 197.841858 -49.172428               5076 
72.822060 242.597168 -162.481949 101.665443 226.579208 -94.820564 47.371418 210.107132 -134.323288 115.155258 198.085083 -57.492977               5093 
74.301598 243.999847 -166.948593 102.449654 226.735382 -98.966965 48.131454 211.339203 -138.939163 115.255020 197.780823 -61.752777               5101 
76.243919 250.807541 -177.860367 102.788826 229.730499 -109.821663 49.219582 215.981445 -151.752045 114.917938 198.949982 -73.867752               5119 
76.828262 251.155106 -179.879303 102.940376 229.739868 -111.517525 49.863575 215.423401 -154.059311 115.155045 198.894745 -75.648041               5127 
76.515396 251.621231 -180.901779 102.703697 229.858795 -112.314232 49.989353 214.990646 -155.133484 115.226669 199.008820 -76.555405               5138 
78.334084 246.896378 -185.926834 103.915611 226.313309 -116.416878 50.769783 211.592361 -158.785461 115.555367 196.304337 -79.657974               5155 
78.861160 245.897659 -187.092087 104.466560 225.335983 -117.450806 51.222576 210.734055 -159.700363 116.033936 195.418106 -80.594925               5162 
79.286011 244.938202 -188.262573 104.946098 224.288635 -118.478600 51.645042 209.903137 -160.621780 116.461685 194.432922 -81.556152               5172 
80.224930 244.970322 -189.060272 105.421394 223.610535 -119.198929 52.265347 210.052856 -161.668472 116.513260 193.464508 -82.382797               5180 
80.187737 243.055573 -190.571396 105.727524 222.585373 -120.421425 52.334400 208.704269 -162.358109 116.921127 192.997253 -83.185883               5189 
80.251465 241.991959 -191.451523 105.955132 221.979797 -121.134499 52.566441 207.857162 -162.878983 117.247009 192.683670 -83.698296               5197 
80.137352 241.064865 -192.243134 106.026672 221.358170 -121.801826 52.661106 207.148163 -163.362885 117.424538 192.279633 -84.228340               5206 
80.120140 240.010162 -193.013214 106.137222 220.714981 -122.419548 52.821720 206.385834 -163.818909 117.595207 191.902145 -84.660126               5214 
80.864227 240.770508 -193.832748 106.112572 220.241028 -123.227638 53.079197 207.266922 -165.224808 116.914688 190.846115 -85.724403               5223 
78.695023 239.455566 -194.723770 105.184288 219.816559 -124.213951 52.373222 205.788391 -165.667465 117.015327 190.907181 -86.643837               5232 
77.049156 239.305542 -195.066376 104.141319 219.042023 -124.883026 52.248474 205.333267 -166.677963 116.546082 189.808929 -87.751007               5249 
76.249397 239.167892 -194.665421 103.589249 218.768265 -124.587677 52.497540 205.009064 -166.743210 116.353470 189.445114 -87.648979               5258 
70.687271 234.367706 -194.406967 101.643341 217.236603 -124.912582 51.601681 200.822647 -165.659195 117.209503 189.406921 -87.893097               5275 
69.106873 232.214584 -193.819946 101.289619 216.614594 -124.609192 52.126743 199.699173 -165.030533 117.716255 189.343018 -87.546196               5284 
66.470085 227.766708 -192.606949 100.746490 216.008331 -124.270844 53.562561 198.560425 -164.375076 118.683105 189.558929 -87.312141               5301 
65.695686 223.695587 -191.799591 100.637085 215.684540 -124.152649 54.445221 198.074326 -164.093750 119.169220 189.719894 -87.144051               5310 
64.269356 216.789551 -189.861481 100.912018 213.789459 -123.490952 54.961826 195.462097 -162.030090 120.351677 189.184906 -86.021568               5319 
63.159775 209.716705 -186.809555 101.933800 212.146942 -122.355057 56.577484 192.862198 -159.273865 122.554054 189.342316 -84.381477               5338 
62.851051 208.031799 -186.071518 102.084763 211.728378 -122.141243 57.107784 192.246796 -158.816177 123.048706 189.322617 -84.118423               5346 
62.441868 205.919662 -185.200485 102.369652 211.058151 -122.048805 57.854160 191.655396 -158.413269 123.726738 189.029297 -84.024559               5356 
62.481251 204.749176 -184.723282 102.640305 210.591858 -121.924812 58.608871 191.515579 -158.344009 124.002983 188.673050 -83.840149               5364 
62.619385 203.905823 -184.219986 102.985214 210.160431 -121.736717 59.426266 191.652283 -158.303726 124.227669 188.184311 -83.617859               5374 
62.301510 202.780670 -183.527359 103.093559 209.690918 -121.570038 60.068707 191.520615 -158.189392 124.571136 187.692459 -83.596085               5392 
62.294292 202.841599 -183.176163 103.162682 209.530853 -121.289207 60.471325 191.721436 -158.164063 124.670715 187.260117 -83.491615               5401 
62.143299 202.547272 -182.534393 103.296638 208.877075 -120.843765 60.954647 191.732269 -157.947021 124.816818 186.209122 -83.290001               5411 
62.116245 202.227081 -182.029892 103.476143 208.202957 -120.457512 61.350395 191.763794 -157.731171 124.787132 185.201126 -82.987564               5422 
61.875084 202.234146 -181.727859 103.368614 208.002197 -120.225685 61.564575 191.860306 -157.691025 124.784187 184.768326 -82.959084               5430 
61.729465 202.149048 -181.577515 103.368073 207.775681 -120.151978 61.786816 191.993423 -157.736694 124.762482 184.353821 -82.991035               5440 
61.526951 201.765930 -181.345337 103.293732 207.362625 -119.983757 61.865322 191.820297 -157.615280 124.619873 183.873245 -82.826195               5450 
61.416447 201.540848 -181.063705 103.252045 207.063416 -119.729713 61.989029 191.812439 -157.441116 124.440346 183.489380 -82.546921               5460 
61.332272 201.368073 -180.861435 103.221031 206.840805 -119.540703 62.005829 191.773239 -157.282318 124.306374 183.204956 -82.338623               5472 
61.296478 200.999146 -180.718689 103.209808 206.755402 -119.434845 62.022354 191.602066 -157.126205 124.269966 183.248672 -82.136818               5481 
61.419453 201.280472 -180.369507 103.347603 206.769470 -119.054871 62.065155 191.979630 -156.777847 124.171761 183.081833 -81.738792               5491 
61.045082 201.361374 -179.965515 103.225090 206.567429 -118.794540 61.651321 192.332764 -156.394730 123.776810 182.642593 -81.478745               5501 
60.597496 201.427994 -178.993256 102.956146 206.585815 -117.951447 61.160267 192.798523 -155.459610 123.231277 182.501572 -80.586929               5511 
60.024605 201.622192 -176.862183 102.641403 206.978653 -116.114250 60.610767 193.575363 -153.475266 122.780899 182.747238 -78.771523               5522 
58.745991 202.534836 -173.032181 102.065132 207.385788 -112.791367 59.559406 194.748978 -149.819580 122.227600 182.712097 -75.751884               5532 
54.715839 197.285263 -171.541046 100.158699 208.908539 -113.919853 56.726025 192.471985 -147.983017 121.654144 188.364899 -75.149445               5543 
51.609505 195.080032 -167.274078 99.241119 209.056473 -112.223953 55.144611 192.293350 -144.322983 121.357780 190.087769 -73.003029               5553 
43.526867 190.373215 -150.063385 96.242996 209.442261 -102.335861 50.222649 191.963669 -129.099777 120.284805 194.734283 -62.424629               5575 
41.839108 189.072556 -145.326416 94.395012 209.395081 -98.314919 48.700207 191.369385 -124.964867 118.664078 195.208908 -58.352383               5584 
42.644897 188.264481 -142.163239 93.004295 209.882065 -93.953087 48.665947 190.912628 -122.208054 117.086815 195.330078 -54.009232               5594 
44.069607 189.252457 -136.339920 93.108521 208.971710 -86.757278 49.203533 192.000946 -116.944527 115.804008 192.418365 -46.780525               5606 
44.092773 190.093170 -131.960876 93.350555 208.425720 -82.526543 49.077576 192.946289 -113.021568 115.609375 190.731323 -42.793774               5612 
44.021538 192.927704 -124.314789 93.819077 208.146454 -75.154373 48.774902 196.044907 -106.164917 114.699905 188.310165 -35.686012               5626 
40.918159 192.987579 -110.124687 91.328705 208.855789 -62.322037 45.536552 196.959259 -92.560974 112.356415 189.305191 -22.789150               5647 
44.760677 212.191467 -117.734802 91.930115 209.617340 -64.556030 38.168575 203.281845 -86.590393 111.362144 193.442001 -22.747013               5655 
52.002155 218.468750 -130.349075 93.551086 211.374481 -67.554512 32.846180 205.751190 -88.913078 108.143402 199.338821 -22.505135               5664 
52.321358 221.128586 -132.034744 92.500160 211.821579 -66.638008 26.056101 209.125580 -86.371239 105.357697 200.217026 -20.951492               5681 
51.656136 221.661636 -129.987823 88.857994 213.467392 -62.564342 22.429012 209.684433 -85.246063 99.573708 202.300491 -16.220917               5699 
47.425426 223.448547 -99.568420 91.033340 217.184784 -31.590380 24.172451 207.982056 -52.970692 104.296295 202.186417 12.978476               5716 
44.890228 222.376389 -91.861916 92.240822 219.467010 -23.690578 24.401936 207.937576 -43.843582 106.847565 203.916672 20.264732               5725 
37.325100 219.212097 -73.126938 93.910233 222.357590 -10.515885 23.154079 212.189651 -21.517508 113.177475 208.537659 32.204395               5742 
29.672058 215.251602 -58.980595 91.870399 223.697617 -1.878156 20.066048 213.553894 -6.092948 114.640251 211.947723 39.723690               5760 
26.791315 214.718216 -50.643364 91.762100 224.306213 3.200163 19.538382 215.552277 2.443928 116.123535 213.056976 44.031696               5769 
31.042627 204.154587 -53.893475 79.692574 225.168060 12.555693 10.242964 215.503159 -6.777903 91.505241 221.810394 59.846565               5803 
29.690584 203.089355 -52.597549 77.615875 224.898026 14.031394 8.834311 215.291107 -6.715627 88.581116 222.005264 61.556492               5812 
23.390665 200.164398 -40.531849 73.830757 223.936859 21.969625 6.306746 214.074860 1.318423 85.745705 221.002792 69.263016               5829 
17.602064 193.175568 22.446823 79.471176 227.582214 47.417610 14.903024 212.266525 42.992184 106.106224 216.826721 86.941437               5846 
13.516555 192.054001 34.240829 78.312599 227.719482 53.541142 13.009406 209.613571 53.908909 107.457100 215.469620 90.794037               5857 
10.840964 192.664642 47.652378 77.006569 230.264877 59.722580 11.742244 210.181595 67.295807 109.633827 219.100555 94.335579               5872 
8.179365 188.484116 61.993504 72.909912 230.015091 70.184296 9.380857 205.476974 82.386162 108.645187 219.795013 101.898331               5899 
7.758399 187.459366 65.015152 71.355637 230.945480 72.484726 8.612081 204.533340 85.454727 107.657410 221.835266 103.892128               5908 
7.713876 187.233383 69.299065 70.922874 231.647156 75.174835 8.626496 204.504623 89.838181 107.943787 223.164001 105.911255               5916 
8.577563 184.376495 77.307388 69.426903 232.392761 79.779701 9.054921 202.199005 98.191483 108.182526 226.245407 108.890717               5933 
8.384058 186.073181 82.462952 69.073730 234.412170 82.722267 8.556540 205.045624 103.587601 108.154884 229.333252 111.603188               5942 
9.423560 183.986053 89.753311 68.343590 234.516876 88.847946 8.849333 203.427963 112.150230 108.385086 230.394424 116.541328               5959 
10.311537 183.921463 96.783867 68.350357 235.454193 94.253021 7.917999 206.756668 122.018051 108.690582 232.563034 121.667374               5976 
10.597930 184.124939 99.365158 68.625328 235.664139 96.313751 7.189767 209.664124 127.218193 109.164322 232.787247 123.434830               5985 
10.658946 184.759033 104.653938 68.543777 236.483582 101.464462 5.418978 214.532791 135.821243 108.916397 233.987198 128.869919               6002 
12.019832 184.474167 107.656349 69.005730 237.110199 103.704758 6.044482 215.435059 139.560547 109.605949 235.353378 130.829941               6011 
13.305882 180.912781 109.377815 68.575821 235.399353 107.520630 6.469040 210.529465 142.521225 109.437820 233.419327 134.234222               6029 
