8.431612 164.426849 129.443771 60.576679 207.514679 127.821518 21.290405 181.806351 128.334366 97.013245 198.946671 151.427628                  0 
8.381530 164.835953 129.770798 60.494286 207.898087 127.889130 21.320297 182.003128 128.427887 96.918510 199.391815 151.536560                 23 
8.309920 165.162277 130.027954 60.368431 208.230133 127.924667 21.357357 182.061172 128.433945 96.768135 199.807114 151.639572                 47 
8.306502 165.219299 130.140305 60.282410 208.337662 127.945503 21.418179 181.922836 128.374283 96.667412 199.950302 151.695587                 72 
8.343383 165.348373 130.290558 60.282806 208.480072 127.928497 21.510414 181.910095 128.373672 96.681709 200.125870 151.668961                 93 
8.368794 165.373474 130.360535 60.271736 208.525620 127.919327 21.580114 181.818542 128.335526 96.676712 200.173538 151.651230                117 
8.402857 165.381363 130.423340 60.263378 208.560028 127.912407 21.635992 181.743729 128.304581 96.672935 200.209534 151.637833                140 
8.331086 165.517441 130.535019 60.170128 208.694916 127.917351 21.586287 181.801987 128.314865 96.569176 200.370117 151.667923                163 
8.249257 165.615997 130.592026 60.085205 208.777496 127.914612 21.530548 181.829849 128.295715 96.467194 200.452576 151.691269                187 
8.218751 165.687927 130.646454 60.050877 208.817505 127.896454 21.506435 181.851547 128.270874 96.421616 200.459000 151.678528                209 
8.199647 165.772034 130.723312 60.003345 208.871460 127.880966 21.493486 181.858551 128.229355 96.356331 200.474228 151.676544                232 
8.205918 165.745392 130.750351 59.957977 208.850082 127.875862 21.492161 181.775635 128.167786 96.297333 200.410782 151.677383                256 
8.208714 165.719849 130.773224 59.917217 208.830368 127.870552 21.488314 181.704178 128.113663 96.245644 200.352264 151.674957                279 
8.177382 165.803879 130.833847 59.859295 208.887222 127.858429 21.443741 181.742569 128.081543 96.172112 200.369431 151.672470                303 
8.168569 165.874390 130.907379 59.806957 208.941620 127.845505 21.398939 181.786469 128.054993 96.106255 200.385422 151.666397                327 
8.139422 165.695313 130.803146 59.761227 208.745285 127.819191 21.406176 181.508621 127.895302 96.054947 200.061020 151.602203                351 
8.095359 165.546432 130.699753 59.720718 208.571381 127.795876 21.429937 181.224625 127.735626 96.009445 199.773773 151.544830                376 
8.132461 165.471420 130.693939 59.714176 208.513947 127.782654 21.497536 181.046127 127.648781 96.007729 199.679581 151.510590                401 
8.180689 165.321640 130.649826 59.700405 208.393051 127.771927 21.563145 180.800034 127.534195 95.998375 199.500214 151.471237                425 
8.351098 165.036133 130.494095 59.844120 208.128555 127.700272 21.756124 180.448761 127.372673 96.187386 199.116211 151.284744                449 
8.382827 165.068481 130.554657 59.852509 208.168854 127.711182 21.779932 180.439972 127.388245 96.198814 199.160355 151.292435                473 
8.796146 164.935196 130.720673 60.139019 208.179810 127.858696 22.156322 180.303772 127.533180 96.528183 199.248077 151.403015                497 
9.090734 164.626221 130.584015 60.294060 208.040848 127.808540 22.370678 180.039261 127.458046 96.731781 199.148544 151.292618                521 
9.188472 164.449203 130.466568 60.341213 207.929062 127.778580 22.353960 179.958588 127.468948 96.791557 199.025711 151.238876                545 
9.285907 164.345108 130.401291 60.409210 207.860855 127.739807 22.206369 180.101837 127.638046 96.877609 198.950867 151.169495                568 
9.387732 164.179794 130.315720 60.485611 207.729767 127.710373 22.064131 180.202103 127.792328 96.973274 198.789307 151.098419                592 
9.465085 163.800568 130.116837 60.531017 207.399963 127.714981 21.843981 180.201752 127.935608 97.026093 198.372742 151.058105                615 
9.417640 163.712280 130.037842 60.563396 207.221634 127.717049 21.559532 180.444290 128.134552 97.047920 198.074127 151.029816                638 
9.385308 163.649094 129.983704 60.586060 207.096817 127.718498 21.496365 180.434814 128.149551 97.063072 197.865143 151.009842                660 
9.358698 163.595810 129.941177 60.604229 206.996765 127.719658 21.482597 180.379913 128.126602 97.075142 197.697662 150.993713                683 
9.338279 163.553558 129.906647 60.619064 206.915039 127.720604 21.476927 180.324097 128.097290 97.084953 197.560883 150.980484                706 
9.325143 163.504715 129.869659 60.632076 206.838089 127.721413 21.473080 180.272217 128.071411 97.092331 197.438568 150.971817                728 
9.310776 163.470428 129.846710 60.640133 206.778625 127.726944 21.467413 180.233963 128.055801 97.095139 197.342850 150.970886                751 
9.638690 163.495255 130.086090 60.821205 206.971436 127.834724 21.764204 180.238602 128.210510 97.326271 197.703079 151.067459                774 
9.958895 163.535522 130.325745 60.994724 207.181061 127.944221 22.087547 180.216843 128.347717 97.544495 198.086731 151.175446                797 
9.988092 163.501144 130.322067 61.003948 207.184341 127.952156 22.147699 180.113693 128.304153 97.557869 198.110123 151.184723                820 
9.983030 163.485184 130.313354 61.005661 207.182709 127.952873 22.170647 180.050644 128.273758 97.560806 198.113281 151.185379                843 
9.984022 163.462524 130.303177 61.011646 207.179016 127.952774 22.207333 179.983414 128.245377 97.570190 198.117569 151.183044                866 
10.007037 163.533997 130.379166 61.040909 207.266479 127.949509 22.247599 180.035843 128.290131 97.613785 198.246902 151.173508                889 
10.016458 163.586533 130.439377 61.040974 207.338364 127.951515 22.260839 180.070618 128.321716 97.621063 198.356979 151.178970                913 
10.013299 163.587830 130.445007 61.039238 207.355743 127.948318 22.256481 180.081573 128.332886 97.621674 198.388809 151.177643                937 
10.153212 163.656296 130.548828 61.163116 207.476898 127.977295 22.389700 180.176300 128.437073 97.775261 198.567856 151.182083                961 
10.194621 163.642456 130.515244 61.218971 207.479645 127.980339 22.389328 180.229874 128.476669 97.834778 198.559784 151.175186                985 
10.213731 163.638809 130.479340 61.252335 207.486511 127.978745 22.400372 180.254776 128.474014 97.866837 198.554092 151.170822               1009 
10.337676 163.530563 130.440048 61.342464 207.477722 128.045898 22.501860 180.210480 128.511322 97.958977 198.581207 151.248611               1033 
10.507461 163.490570 130.464127 61.481464 207.545105 128.124680 22.631357 180.265823 128.621124 98.107666 198.721039 151.339752               1057 
10.700328 163.343506 130.432175 61.656269 207.513458 128.213470 22.770027 180.258957 128.733963 98.295311 198.744843 151.429291               1081 
10.822659 163.225784 130.371017 61.819996 207.491104 128.289780 22.844381 180.332611 128.877762 98.473526 198.779663 151.504257               1106 
10.876368 163.169647 130.317642 61.969822 207.494949 128.360855 22.856552 180.505478 129.069183 98.641243 198.832001 151.565231               1131 
10.908165 163.115387 130.260101 62.103809 207.483994 128.426270 22.945644 180.543945 129.169434 98.792923 198.850632 151.613693               1155 
11.053941 162.835022 130.110107 62.288120 207.367828 128.498718 23.203421 180.324844 129.205246 99.016411 198.831223 151.659927               1179 
11.030457 162.674438 129.942154 62.396358 207.287140 128.542496 23.352428 180.188324 129.227676 99.149902 198.820206 151.689209               1204 
11.023829 162.487274 129.737808 62.523796 207.176025 128.561020 23.552389 179.969910 129.209122 99.313179 198.774429 151.674591               1228 
10.864299 162.445099 129.572479 62.551449 207.140350 128.574310 23.617096 179.877838 129.199387 99.351578 198.783737 151.687073               1252 
10.667835 162.485214 129.460480 62.539520 207.140900 128.573700 23.606281 179.873947 129.194916 99.339279 198.796555 151.691483               1276 
10.555279 162.521545 129.400345 62.515770 207.147110 128.550674 23.569145 179.895828 129.173386 99.313721 198.794189 151.668243               1300 
10.306854 162.695114 129.396713 62.422501 207.153793 128.557495 23.383675 180.029816 129.170334 99.185295 198.690979 151.691025               1323 
10.265124 162.751724 129.430466 62.408871 207.182648 128.558472 23.351517 180.080383 129.186996 99.170357 198.714737 151.692215               1347 
10.258804 162.720016 129.420349 62.392830 207.167328 128.554123 23.340582 180.053848 129.175217 99.156311 198.709259 151.688293               1371 
9.904632 162.826859 129.320236 62.125717 207.181427 128.567703 23.017183 180.143890 129.100647 98.826759 198.647308 151.772980               1394 
9.672761 163.035614 129.402176 61.913883 207.372849 128.586929 22.814604 180.324249 129.112335 98.582283 198.885193 151.860748               1418 
9.524011 163.176743 129.455933 61.773521 207.506790 128.604599 22.684309 180.442886 129.114868 98.420311 199.042755 151.921005               1442 
9.386850 163.225464 129.436615 61.644051 207.551422 128.613419 22.565079 180.471375 129.074585 98.269615 199.083099 151.961609               1466 
9.270573 163.125870 129.322586 61.504116 207.483643 128.604797 22.460651 180.364868 128.969696 98.109741 198.996597 151.977448               1489 
9.207423 163.003357 129.224869 61.406593 207.406815 128.585739 22.392925 180.256271 128.890625 98.008240 198.915222 151.962982               1513 
9.103752 162.845810 129.087265 61.273762 207.289261 128.568420 22.277966 180.117844 128.791397 97.861435 198.777374 151.960129               1537 
8.956644 162.919006 129.064865 61.199558 207.273453 128.544708 22.158026 180.177200 128.757172 97.774757 198.678543 151.925583               1561 
8.839420 162.976456 129.053574 61.136383 207.257538 128.525040 22.068686 180.223251 128.719803 97.700211 198.585526 151.895218               1585 
8.753542 163.016968 129.050888 61.077496 207.242310 128.506958 22.014725 180.236786 128.662445 97.630646 198.498383 151.867035               1609 
8.665441 163.028320 129.015137 61.015274 207.208801 128.480988 21.948168 180.234314 128.596985 97.556404 198.398621 151.834991               1633 
8.592678 163.032303 128.980209 60.959255 207.174744 128.455917 21.894611 180.227722 128.534454 97.489189 198.304535 151.804688               1657 
8.521814 162.995819 128.907516 60.891346 207.109589 128.419418 21.828190 180.183670 128.435455 97.407669 198.166718 151.761765               1681 
8.443717 162.939316 128.805206 60.822731 207.021835 128.375504 21.749346 180.133301 128.328766 97.324081 197.997345 151.709854               1706 
8.372186 162.875610 128.703888 60.757645 206.934601 128.333740 21.667280 180.086670 128.230835 97.244293 197.832733 151.661026               1730 
8.332360 162.808884 128.627869 60.700932 206.858582 128.297333 21.595238 180.054001 128.148697 97.174721 197.689316 151.618347               1758 
8.289660 162.867279 128.664017 60.640175 206.917328 128.297531 21.509848 180.205368 128.191101 97.100304 197.745911 151.639053               1779 
8.201359 162.971725 128.706024 60.546730 207.005341 128.295990 21.135071 180.874786 128.521667 96.984047 197.830460 151.671753               1805 
8.140118 163.036667 128.737747 60.470364 207.066940 128.295975 20.786621 181.457031 128.818466 96.890022 197.890350 151.698563               1828 
8.094604 163.082672 128.769867 60.393421 207.118057 128.296555 20.433884 182.055054 129.119263 96.796036 197.940765 151.725372               1851 
8.064811 163.115479 128.800354 60.330509 207.159851 128.297012 20.134665 182.563843 129.367050 96.719177 197.982040 151.747284               1874 
8.013697 163.095016 128.785980 60.251556 207.156433 128.299408 19.889931 182.896164 129.530991 96.625496 197.974976 151.771088               1896 
7.984749 163.068787 128.781815 60.182419 207.153442 128.301514 19.683878 183.171387 129.665939 96.543442 197.968781 151.791931               1917 
7.958709 163.037308 128.784286 60.104141 207.146347 128.309097 19.442879 183.508362 129.837158 96.449608 197.955368 151.821136               1939 
7.943222 162.935150 128.746231 60.020123 207.097305 128.313736 19.297232 183.590652 129.888062 96.358833 197.903122 151.834961               1960 
7.889390 163.068680 128.853256 59.961903 207.211624 128.318787 19.239557 183.719635 129.929276 96.302788 198.020859 151.837982               1981 
7.560403 163.871933 129.480087 59.811665 207.744522 128.496780 19.155037 184.196136 130.171768 96.124596 198.534592 152.051620               2004 
7.676431 164.425064 130.155991 59.892403 208.281677 128.800415 19.551371 184.222336 130.394241 96.217110 199.199554 152.386703               2024 
7.795341 165.789230 131.495850 60.053421 209.503571 129.232391 19.938095 185.083862 131.092911 96.405464 200.719116 152.889206               2045 
7.905222 166.187027 131.956100 60.089169 209.940475 129.388962 20.176443 185.180115 131.257782 96.449120 201.324966 153.095688               2066 
8.048651 166.511246 132.357971 60.160774 210.293137 129.440247 20.397442 185.248276 131.393829 96.555664 201.829071 153.147919               2086 
8.172621 166.909698 132.799240 60.231663 210.684540 129.451126 20.628595 185.355942 131.536484 96.666924 202.378479 153.152679               2106 
8.202135 166.879425 132.818680 60.228130 210.669769 129.452911 20.773809 185.072662 131.436035 96.665138 202.359070 153.150146               2126 
8.174507 167.066162 132.990799 60.224735 210.794724 129.444382 20.973307 184.884262 131.382187 96.673073 202.500580 153.129990               2146 
8.016366 167.552322 133.348236 60.117317 211.177536 129.469238 21.268715 184.667343 131.298737 96.553139 202.990128 153.211182               2166 
7.909236 167.862091 133.585907 60.037106 211.421112 129.484833 21.614038 184.240417 131.143890 96.465157 203.302277 153.262222               2187 
7.906851 168.009216 133.762329 60.007233 211.575958 129.500854 21.951010 183.795334 131.027771 96.447540 203.531616 153.284775               2206 
7.713070 168.542160 134.222610 59.772152 212.124237 129.664291 22.258078 183.545776 131.048325 96.169273 204.333954 153.598434               2227 
7.578377 168.912308 134.593018 59.597576 212.515396 129.814987 22.830648 182.912094 130.870575 95.961693 204.923920 153.862915               2247 
7.554352 168.938080 134.625916 59.576969 212.531570 129.818268 23.182020 182.316345 130.636002 95.937225 204.949036 153.874863               2267 
7.438071 168.884338 134.652618 59.438683 212.510773 129.914520 23.503260 181.656540 130.407837 95.763298 204.957047 154.033936               2287 
7.349334 168.783981 134.652435 59.326183 212.448074 130.002823 23.646029 181.244797 130.297058 95.622635 204.906815 154.168503               2306 
7.323206 168.815781 134.744263 59.271458 212.510315 130.059677 23.669737 181.189011 130.351089 95.555939 205.033600 154.263351               2326 
7.337336 168.785004 134.749054 59.273647 212.493835 130.058365 23.718729 181.099350 130.334167 95.561874 205.026505 154.259308               2347 
7.303377 168.779099 134.787735 59.175598 212.563782 130.075439 23.689875 181.072906 130.356781 95.451279 205.193329 154.324844               2368 
7.245890 168.779587 134.803589 59.071232 212.622284 130.082336 23.654886 181.015533 130.353149 95.326904 205.334335 154.386536               2389 
6.923962 169.042526 134.791977 58.906063 212.700745 130.083328 23.539204 180.960281 130.244339 95.095306 205.327820 154.460800               2410 
6.698786 169.228271 134.788681 58.780296 212.768036 130.092361 23.455843 180.903885 130.172699 94.917267 205.344849 154.532043               2430 
6.455266 169.499878 134.809845 58.628838 212.918503 130.106171 23.322065 180.969635 130.126938 94.700272 205.458893 154.631424               2451 
6.221953 169.766266 134.806305 58.491154 213.040268 130.107468 23.156950 181.067017 130.054184 94.481468 205.502930 154.727951               2472 
5.980586 170.077347 134.774368 58.340603 213.196060 130.105576 23.041246 181.052231 129.896957 94.224609 205.562027 154.851120               2494 
5.836147 170.290344 134.741562 58.206017 213.324875 130.105698 23.080826 180.825760 129.675140 93.992584 205.614548 154.968430               2515 
5.894258 170.297272 134.727509 58.207615 213.316803 130.067001 23.062704 180.743942 129.576630 93.963036 205.513596 154.945541               2537 
5.890968 170.411880 134.714554 58.139404 213.387192 130.048187 23.016685 180.697662 129.427780 93.820839 205.465530 154.995422               2559 
5.818134 170.598877 134.660706 58.019211 213.491638 130.039047 22.798294 180.849960 129.287735 93.582077 205.419449 155.107056               2581 
5.708339 170.900635 134.621567 57.895519 213.658600 130.023376 22.684120 180.921936 129.094254 93.315048 205.418884 155.239380               2604 
5.700991 171.185013 134.669312 57.801289 213.855759 130.018280 22.492668 181.160843 129.011673 93.094910 205.491211 155.369354               2626 
5.776291 171.360886 134.763840 57.721172 214.001923 130.016953 22.405701 181.244278 128.928162 92.912888 205.536484 155.475983               2648 
5.833130 171.449219 134.834915 57.630390 214.065674 130.024719 22.227497 181.345322 128.878098 92.727455 205.486038 155.576004               2670 
6.300895 171.111938 134.646301 57.922981 213.767639 129.881439 22.325558 181.081741 128.717224 93.013809 204.903625 155.344070               2737 
6.355413 171.099533 134.680557 57.908592 213.791168 129.883514 22.279383 181.085526 128.758911 92.985825 204.924835 155.364059               2759 
6.518601 170.960373 134.587524 57.911491 213.741043 129.793945 22.230988 181.009430 128.658295 92.966225 204.813599 155.284119               2781 
8.743686 177.938583 128.547058 59.826870 212.642166 129.379333 16.224174 181.852570 131.888931 93.722206 200.788483 155.242020               2804 
9.317703 181.871170 126.056580 59.493767 212.449234 128.982697 14.883436 180.879105 129.908813 92.558853 199.491287 155.384857               2826 
8.982697 183.523972 124.823219 59.106613 212.589981 128.853973 14.205781 180.850967 128.611984 91.569290 199.044388 155.704941               2839 
8.521431 184.860886 123.656807 58.653183 212.779587 128.762115 13.656287 180.668747 127.065338 90.445847 198.637390 156.102707               2851 
8.451667 185.728668 123.145363 58.381855 212.961914 128.745377 13.424223 180.444199 126.052925 89.749451 198.484909 156.399918               2864 
8.550458 186.473267 122.981117 58.192078 213.205856 128.781219 13.261100 180.389633 125.396133 89.250504 198.521835 156.674530               2876 
8.672901 186.971252 122.900291 58.068970 213.343933 128.800446 13.135693 180.320511 124.937225 88.921814 198.517303 156.846039               2888 
8.992997 187.324234 123.091034 57.957851 213.482040 128.844315 13.016563 180.332809 124.634415 88.653023 198.552078 157.007874               2900 
9.759651 187.315277 123.645836 57.975666 213.477249 128.829269 12.991153 180.263489 124.535461 88.650497 198.497009 156.988266               2912 
10.388056 187.438217 124.216240 57.970139 213.636292 128.886490 12.928351 180.382813 124.511292 88.589111 198.627930 157.091278               2924 
11.169928 187.406235 124.986282 57.924446 213.800720 128.965988 12.837748 180.487473 124.510620 88.490959 198.790131 157.226425               2937 
11.891965 187.276611 125.704697 57.895729 213.913223 129.021118 12.778185 180.533493 124.521080 88.439697 198.913116 157.311493               2948 
12.543601 187.086655 126.350136 57.866966 214.013153 129.069687 12.748284 180.502747 124.553947 88.426437 199.074585 157.375885               2960 
13.081530 186.916061 126.894905 57.860561 214.099945 129.102509 12.728868 180.473358 124.594582 88.447556 199.216141 157.407822               2973 
13.543349 186.785309 127.406471 57.848488 214.213516 129.130356 12.708060 180.460953 124.643738 88.467911 199.396622 157.435699               2985 
14.035542 186.552246 127.838783 57.899952 214.218140 129.089767 12.708123 180.361771 124.637932 88.578499 199.424088 157.343002               2997 
14.537112 186.332169 128.340332 57.901154 214.268250 129.087143 12.650311 180.286758 124.645927 88.619766 199.519791 157.320663               3010 
14.915676 186.149109 128.705093 57.899429 214.289948 129.084229 12.592659 180.203522 124.625450 88.643311 199.572357 157.306351               3022 
15.229144 185.987213 128.987976 57.912556 214.309387 129.077286 12.557094 180.099350 124.614769 88.696243 199.641525 157.281906               3035 
15.473047 185.840012 129.194595 57.923820 214.308182 129.071457 12.439133 179.985245 124.605965 88.741585 199.680191 157.259567               3048 
15.696791 185.696487 129.370850 57.941696 214.306274 129.057831 12.330769 179.860336 124.603668 88.806496 199.727173 157.219803               3061 
15.889929 185.574829 129.526581 57.957092 214.311279 129.044571 12.226456 179.751587 124.609077 88.870102 199.783234 157.180023               3074 
16.208899 185.443253 129.841400 57.977856 214.389648 129.044037 12.206284 179.661041 124.709969 88.986832 199.981995 157.135757               3087 
16.669003 185.348114 130.363815 58.005154 214.555893 129.051682 12.248296 179.644852 124.897598 89.138794 200.302292 157.084045               3102 
17.117159 185.188461 130.802902 58.024956 214.598007 129.035400 12.244061 179.592575 124.944382 89.221855 200.400467 157.025864               3117 
17.445904 185.053207 131.110504 58.027744 214.607376 129.029007 12.213712 179.530380 124.921326 89.250511 200.429062 157.000366               3133 
17.688864 184.950851 131.334335 58.028660 214.608017 129.024323 12.171446 179.478607 124.887886 89.264877 200.436035 156.983871               3150 
17.870832 184.871521 131.505157 58.030704 214.603668 129.013351 12.136759 179.424072 124.853378 89.284119 200.435608 156.955673               3167 
18.114367 184.783401 131.727768 58.029419 214.610550 129.001984 12.097345 179.381989 124.824898 89.297836 200.447388 156.929977               3184 
18.377291 184.715820 131.996063 58.031261 214.654694 128.992752 12.058475 179.378998 124.824844 89.321449 200.503281 156.902328               3202 
18.686197 184.581223 132.288147 58.036423 214.674072 128.986908 12.024579 179.358337 124.808876 89.340134 200.524612 156.882294               3220 
19.453934 184.596268 132.740875 58.569218 214.814575 128.843536 12.441998 179.509109 125.087105 90.114563 200.653915 156.459641               3239 
19.765308 184.436569 133.041718 58.542015 214.861313 128.838684 12.393421 179.514618 125.072899 90.098305 200.714096 156.449173               3258 
20.149529 184.208939 133.312531 58.568886 214.827148 128.779800 12.350633 179.479263 125.011559 90.149536 200.642014 156.342957               3278 
20.566824 184.152847 133.670975 58.631584 214.973892 128.768127 12.405772 179.562332 125.088791 90.264473 200.847000 156.301254               3299 
21.231638 183.881836 134.053329 58.868439 214.979843 128.745819 12.635981 179.409698 125.233894 90.641991 200.959579 156.171280               3320 
21.624962 183.765488 134.393829 58.952599 215.064774 128.798584 12.720779 179.359879 125.397003 90.803085 201.161972 156.194580               3340 
21.953356 183.652649 134.758865 58.977467 215.132111 128.886520 12.777083 179.321960 125.554985 90.875580 201.329117 156.277588               3361 
22.193523 183.509003 135.234314 58.886066 215.187469 129.047455 12.721147 179.267609 125.726120 90.793579 201.490112 156.480560               3382 
22.480717 183.361862 135.787506 58.792515 215.235748 129.212631 12.652463 179.207230 125.899673 90.709312 201.640594 156.685760               3403 
22.681913 183.353241 136.384888 58.689693 215.302353 129.380615 12.550383 179.203140 125.978386 90.577316 201.737259 156.902435               3424 
22.820982 183.364807 136.904663 58.597038 215.355255 129.529175 12.443194 179.213730 126.040352 90.456581 201.799255 157.087952               3445 
22.978996 183.385025 137.381943 58.530243 215.398727 129.654205 12.378049 179.205902 126.087257 90.374504 201.852417 157.235413               3466 
23.139246 183.386459 137.801697 58.484379 215.426895 129.752991 12.349267 179.174866 126.093513 90.318794 201.881470 157.345993               3488 
21.520884 177.450821 132.212982 59.347286 213.225388 128.663559 5.175870 211.018982 139.124344 91.189148 197.467804 155.046829               3508 
19.482664 176.816116 131.663132 59.684303 213.541641 128.801834 3.910113 225.728439 146.429443 91.111473 196.944901 155.167801               3530 
19.102179 176.866714 131.574554 59.853832 213.599899 128.871353 4.025785 227.795334 147.343002 91.106102 196.631439 155.208572               3539 
18.750105 177.192535 131.581345 59.987072 213.729721 129.021362 4.714230 230.934647 148.970520 91.019554 196.352921 155.352219               3548 
18.523487 177.329178 131.580048 60.102570 213.727081 129.126114 6.295920 235.325943 151.735550 90.987450 196.012619 155.405457               3557 
18.217823 177.504135 131.734573 60.163109 213.769882 129.318527 8.719115 240.956314 155.602859 90.846100 195.667740 155.570175               3576 
18.123209 177.541977 131.784576 60.178619 213.786148 129.373596 9.230633 242.094391 156.364609 90.797028 195.568970 155.621078               3583 
17.998629 177.555939 131.842209 60.218407 213.783340 129.426102 9.682626 242.969406 156.906540 90.746292 195.404129 155.666077               3592 
18.737780 177.751663 132.322311 61.032135 214.048523 129.626083 11.556261 244.822006 158.944168 91.708664 195.555328 155.611359               3609 
19.144012 177.804947 132.664536 61.468876 214.170715 129.799286 13.285794 246.781235 161.090820 92.240685 195.605606 155.620117               3628 
19.125328 177.760696 132.732422 61.505478 214.151779 129.842712 15.042812 249.003937 162.904922 92.260132 195.520279 155.636139               3645 
19.120749 177.880386 132.899033 61.598602 214.230957 129.826416 16.446550 250.804642 164.091705 92.356804 195.586334 155.606125               3672 
18.959055 177.670044 132.822678 61.491058 214.012558 129.831573 17.276354 251.605255 164.854904 92.217087 195.279434 155.585495               3687 
18.658588 177.605240 132.793762 61.344784 213.835373 129.790451 19.198259 253.566879 165.930298 91.985916 194.989029 155.562881               3705 
18.589535 177.580292 132.849808 61.306126 213.821167 129.772903 19.966362 254.409042 166.318344 91.932686 194.977768 155.564804               3713 
18.295082 177.232208 132.752136 60.969269 213.621231 129.652039 20.380457 255.097778 166.550705 91.548729 194.825958 155.534790               3731 
18.218109 176.911606 132.683960 60.804699 213.437943 129.601624 20.483427 255.181946 166.691040 91.382599 194.657501 155.496979               3739 
18.123602 176.336716 132.590042 60.545853 213.120880 129.540009 21.206944 255.738358 167.162231 91.146080 194.389923 155.444824               3757 
18.068249 176.054199 132.533218 60.405289 212.955780 129.517090 21.599146 256.032562 167.433044 90.998489 194.225494 155.430695               3765 
17.996639 175.519852 132.426483 60.152058 212.641800 129.498947 21.744865 256.064911 167.701660 90.741928 193.942657 155.438950               3774 
18.337690 174.677994 132.290070 59.998535 212.394424 129.501328 21.574665 255.722565 168.071472 90.785240 193.985703 155.416199               3791 
18.424372 174.588150 132.326996 60.013142 212.393234 129.508072 21.656908 255.777481 168.150299 90.838562 194.033600 155.411728               3800 
18.511024 173.470139 132.245636 59.642761 211.810089 129.772675 20.798439 254.634766 168.619904 90.579903 193.623032 155.664886               3810 
18.583506 173.036697 132.360626 59.519272 211.587936 129.877411 20.631208 254.348267 168.816360 90.516418 193.484695 155.756592               3822 
18.676403 172.937134 132.481491 59.510384 211.581680 129.885681 21.411308 255.037521 169.048233 90.533646 193.532227 155.771133               3842 
18.759514 172.918137 132.613815 59.520283 211.603760 129.885056 21.865898 255.469788 169.143127 90.562531 193.592957 155.774658               3855 
18.755362 172.863449 132.740311 59.444233 211.584579 129.892883 22.143742 255.821533 169.182846 90.487495 193.621811 155.814636               3868 
19.047396 172.821289 133.032852 59.554543 211.658951 129.824127 22.546686 256.263702 169.071121 90.707024 193.903870 155.757935               3882 
19.643505 173.401825 133.968903 59.923340 212.334839 129.788513 23.239391 257.664795 168.579025 91.302673 195.121445 155.813873               3897 
20.541855 173.737396 134.971359 60.424278 212.923370 129.909378 23.873936 258.659393 168.410004 92.127136 196.295898 155.923553               3912 
20.719339 173.726273 135.314026 60.419956 212.986267 130.005875 23.953899 258.936310 168.383041 92.163208 196.513367 156.069092               3928 
21.107130 173.884003 135.844818 60.679478 213.163162 130.078583 24.468981 259.421539 168.373215 92.553322 196.874115 156.097961               3945 
21.590872 174.010437 136.426987 60.989017 213.359589 130.216324 24.956554 259.843109 168.445511 93.023376 197.291458 156.175858               3961 
21.591679 173.347626 136.295990 60.691349 212.946198 130.303207 24.363842 259.174713 168.597519 92.721100 196.956635 156.316879               3978 
21.534916 173.281235 136.411957 60.552109 212.870468 130.341843 24.986551 259.753479 168.705917 92.560066 196.891479 156.388824               3995 
21.580006 173.259155 136.439484 60.552666 212.871155 130.343552 26.067163 260.573883 168.927750 92.570610 196.906830 156.387238               4012 
21.667942 173.097763 136.462646 60.489189 212.857269 130.390503 26.584404 261.000488 169.142349 92.557518 196.995697 156.434982               4029 
21.866991 172.844070 136.411255 60.516972 212.783554 130.386200 26.863527 261.034637 169.344009 92.673477 197.007751 156.374008               4047 
22.026674 172.548828 136.335403 60.517876 212.697067 130.399185 26.907270 260.895020 169.534485 92.763367 197.015869 156.333923               4064 
22.089025 172.425232 136.316605 60.519466 212.680130 130.410599 26.978128 260.912811 169.616180 92.812080 197.065353 156.326797               4082 
22.133652 172.327454 136.307022 60.515671 212.671844 130.419159 27.023710 260.940460 169.667435 92.847969 197.122925 156.325455               4099 
22.166082 172.261932 136.306824 60.516960 212.680801 130.425064 27.074640 260.996368 169.698792 92.887558 197.199554 156.324051               4117 
22.184904 172.221603 136.348068 60.492062 212.700516 130.428284 27.096621 261.081970 169.696518 92.902473 197.298859 156.324936               4136 
22.152409 172.155930 136.403763 60.373489 212.720306 130.430191 26.961079 261.156555 169.649124 92.823746 197.436905 156.347000               4154 
22.053043 172.253677 136.590057 60.180702 212.885284 130.432770 26.743956 261.487183 169.455231 92.671005 197.797318 156.413849               4173 
21.892927 172.436981 136.808350 60.020851 213.026611 130.410767 26.709276 261.900330 169.227234 92.525803 198.059280 156.443253               4191 
21.592836 172.586380 136.974274 59.735687 213.118698 130.417389 26.514265 262.249542 169.011978 92.204636 198.231247 156.540436               4210 
22.126066 173.071243 137.637512 60.118980 213.614365 130.347076 27.173613 263.128510 168.711258 92.829147 199.063858 156.358810               4229 
22.288950 172.990875 137.722473 60.177444 213.615372 130.341187 27.240290 263.135162 168.727295 92.960365 199.159958 156.314331               4249 
22.423750 172.768768 137.744415 60.171055 213.515656 130.362396 27.151747 262.965027 168.789490 93.004005 199.147385 156.320679               4268 
22.568022 172.138367 137.624893 60.034729 213.174515 130.430222 26.669567 262.304260 168.987305 92.932076 198.948700 156.385437               4288 
22.692076 171.822891 137.589523 60.018692 213.015671 130.449265 26.527191 262.006714 169.091232 92.978897 198.881668 156.374878               4307 
22.759829 171.256195 137.384460 59.961952 212.696899 130.465958 26.214489 261.401978 169.263931 92.995171 198.672546 156.358170               4329 
22.662561 170.874893 137.160690 59.904625 212.491791 130.458572 25.980312 261.019806 169.339981 92.989532 198.562866 156.336288               4350 
22.570158 170.659592 137.006470 59.891403 212.395599 130.445831 25.868704 260.833038 169.369370 93.025169 198.554077 156.307938               4372 
22.382290 170.616470 136.882599 59.893875 212.390335 130.439789 25.875921 260.842133 169.363235 93.043304 198.582169 156.299637               4393 
22.171608 170.578613 136.747177 59.897461 212.385712 130.434158 25.888973 260.855316 169.357407 93.061096 198.607574 156.291824               4414 
22.026558 170.545212 136.660004 59.931679 212.413040 130.412720 25.904161 260.908234 169.300369 93.141579 198.731506 156.262283               4437 
22.029375 170.543945 136.681396 59.996269 212.476776 130.374496 25.946491 261.024658 169.188507 93.270042 198.933334 156.214645               4457 
22.028936 170.524277 136.694595 60.045258 212.515991 130.343536 25.974379 261.101807 169.103378 93.377174 199.093353 156.171783               4478 
22.806574 171.128464 137.666885 60.733963 213.120193 130.308624 26.954536 262.243835 168.654587 94.380547 200.210754 155.990067               4499 
22.966595 171.147736 137.942368 60.902809 213.158279 130.368912 27.207811 262.394562 168.655533 94.650429 200.385574 155.986069               4521 
22.179741 170.471848 137.686630 60.390282 212.337997 130.467789 26.799339 261.585663 168.841293 93.985085 199.306488 156.155350               4542 
22.103415 170.589554 137.779694 60.423412 212.347992 130.425751 27.025429 261.780090 168.740295 94.026657 199.298981 156.093384               4564 
21.314362 171.275848 137.898621 60.077839 212.586014 130.329041 27.183228 262.620117 168.305618 93.517715 199.346680 156.112320               4584 
16.419119 181.959625 130.405457 61.066849 213.617218 128.871262 11.240470 197.832199 141.873398 93.840263 199.044281 154.790665               4606 
13.541917 196.035858 115.920532 63.701527 217.024414 119.747147 1.571648 206.455658 138.745102 93.529556 199.468491 147.321777               4656 
13.312207 197.722778 114.464401 63.923798 217.635391 118.754715 1.464317 208.064896 137.557404 93.339546 199.630630 146.482407               4665 
14.154005 196.519775 104.250160 64.419716 216.437317 112.297256 1.394984 204.645386 127.835594 93.011688 196.925919 139.866928               4682 
14.322971 196.616165 98.853073 64.160309 217.326538 108.328812 0.877061 204.130295 123.120483 92.678024 198.147766 136.207062               4691 
14.188829 198.147125 94.340950 63.875732 219.404022 104.712540 0.223148 205.698395 119.406624 92.236961 201.091644 133.323364               4700 
14.266129 202.316345 85.281967 64.961815 222.219223 96.102127 0.661981 210.820969 111.165176 92.653580 204.276443 125.589508               4717 
13.393098 205.572861 81.458412 64.859818 224.064560 92.416161 -0.051195 215.626984 107.745750 91.740982 206.270615 122.732170               4725 
12.538149 208.549210 41.473431 63.266323 225.271118 60.456215 -2.693496 215.955353 68.160095 87.158546 204.797791 91.573517               4769 
12.540936 212.835709 -1.038686 61.607128 228.375397 27.384104 -4.021504 215.106064 26.594000 83.426018 205.734818 58.522854               4812 
10.785377 214.407715 -8.099118 59.816051 228.185562 22.617418 -5.826987 215.679077 19.750463 80.636520 204.582184 53.724831               4821 
6.658912 220.918671 -39.065948 53.760326 228.399734 -0.102723 -10.909253 217.835907 -11.631042 70.966095 201.296997 30.355207               4847 
5.131926 222.213440 -46.528595 51.942364 227.422989 -5.767269 -12.412951 217.762009 -19.049759 68.345703 199.272995 24.179180               4856 
3.029801 226.753738 -65.159737 48.499187 228.881439 -20.901035 -14.778771 219.206558 -38.023151 63.942017 199.232758 8.094777               4873 
-0.505716 230.931976 -83.849503 43.830662 228.061859 -37.493622 -18.856218 220.468536 -57.520748 58.116425 195.884491 -10.682877               4890 
-3.139066 235.075180 -101.328461 39.683819 230.688354 -52.861813 -22.048481 222.657455 -75.648094 53.538761 197.845108 -26.638836               4907 
-3.632993 234.791855 -108.111259 38.833485 231.711151 -58.504864 -22.423534 221.486694 -82.009499 53.297417 199.651657 -31.648457               4917 
-4.829457 236.160919 -122.987167 36.575153 233.110291 -71.123764 -23.625156 220.575577 -96.681313 51.419250 201.444519 -44.008938               4933 
-7.162292 238.894623 -136.684082 33.303593 233.527161 -83.117912 -26.399788 220.514420 -110.537170 48.216526 201.116333 -56.937294               4951 
-7.905209 239.150650 -142.630157 31.866879 232.830933 -87.891510 -27.208889 218.807404 -116.687401 47.070370 200.261887 -62.076912               4961 
-9.645163 241.295074 -150.944946 29.356964 230.520691 -95.166451 -29.478439 218.506989 -125.742538 43.636833 196.608017 -70.583969               4977 
-2.737226 243.860886 -153.276489 32.104279 228.423676 -95.152260 -24.754313 219.549133 -130.383957 43.705391 192.983109 -71.326576               4994 
-7.522236 245.933563 -157.506195 30.015371 231.759277 -100.396095 -27.246540 219.801865 -134.046539 44.333569 196.915695 -77.175491               5004 
-12.076341 248.713150 -161.962311 26.731186 234.739609 -105.157890 -30.178770 220.729813 -138.645340 42.742207 200.222473 -82.563698               5012 
-19.792389 249.597397 -165.773605 21.914446 236.113586 -110.314812 -33.617374 217.570984 -143.969345 42.267941 202.382401 -90.159767               5029 
-21.348841 249.872314 -165.987823 20.714334 236.470612 -110.536110 -34.251106 216.971817 -144.602798 41.810192 202.994171 -90.722610               5038 
-22.117210 247.463364 -167.839645 20.031960 235.949829 -112.000252 -33.968166 214.838715 -146.201828 41.715946 203.285736 -91.478470               5046 
-22.690516 245.508240 -169.023483 19.531998 235.524445 -112.905144 -33.171356 213.063278 -147.624878 41.823807 203.569153 -91.923798               5064 
-24.585907 244.976089 -167.820816 18.771790 234.849136 -112.574791 -32.992870 211.793823 -147.854385 42.742397 203.068878 -93.243279               5072 
-26.040272 241.309402 -167.727325 17.662422 233.609268 -112.441833 -32.303196 209.223022 -148.366623 43.274117 202.841492 -93.582680               5090 
-25.947121 239.590256 -167.883484 17.347626 233.257431 -112.404106 -31.976973 208.641663 -148.614746 43.414524 202.795670 -93.672325               5098 
-25.911171 236.865616 -168.324173 16.405302 233.033020 -112.535713 -31.636589 207.693085 -149.365387 43.602253 203.286896 -94.266167               5110 
-21.999102 237.404434 -165.698288 18.355776 225.619736 -109.831444 -30.802910 208.612350 -149.438141 42.331715 191.982666 -93.957420               5124 
-22.281836 231.114319 -168.420258 18.999138 227.223694 -112.359482 -30.463116 205.724472 -148.784424 43.396996 195.904221 -92.811661               5142 
-23.126778 228.660248 -170.868362 18.322807 229.884872 -114.943535 -30.038012 204.572372 -150.111694 44.175224 200.746613 -93.945976               5150 
-22.218519 228.186890 -170.798355 18.425285 229.206451 -114.636208 -29.509092 204.964371 -150.798477 44.004826 199.664307 -93.870110               5168 
-20.749620 227.524185 -171.171722 18.970369 228.125504 -114.659164 -28.481836 204.936310 -151.901978 44.238098 198.144485 -94.141769               5185 
-20.257664 225.291779 -172.884186 18.781851 228.579468 -116.380768 -27.846956 203.692123 -153.508347 44.831779 199.618729 -95.381737               5203 
-19.243202 224.366699 -173.720123 18.799429 228.878189 -116.893082 -27.173723 203.341736 -154.390244 44.944038 200.312241 -95.475121               5211 
-20.848040 218.194077 -179.256058 16.926270 230.056213 -123.587929 -27.984980 199.205002 -158.272278 44.657558 204.803391 -100.102753               5231 
-20.126554 215.583374 -181.170349 16.647179 229.942337 -125.614044 -27.575867 197.579971 -159.803574 44.407612 205.758392 -101.062515               5247 
-19.124176 214.010941 -182.435196 16.876747 229.668991 -126.946487 -26.989094 196.766266 -161.071518 44.596493 205.949997 -101.900368               5281 
-19.733387 215.279739 -183.750992 15.783236 229.483810 -127.736092 -27.827839 197.636795 -163.149231 43.599758 205.066727 -103.480583               5306 
-20.015274 215.459579 -184.995377 14.902439 229.125320 -128.668686 -28.459000 197.757629 -164.865875 42.858025 204.440628 -104.847824               5324 
-19.925461 215.322540 -185.651199 14.539242 228.926544 -129.203842 -28.638832 197.791031 -165.794617 42.542332 204.149246 -105.535408               5332 
-19.558996 214.914352 -186.296783 14.131587 228.703445 -129.804504 -28.844978 197.925446 -166.859116 42.190399 203.825684 -106.308067               5350 
-19.016920 214.457718 -186.760040 13.979026 228.580933 -130.247421 -28.687832 198.055923 -167.693604 42.064774 203.717514 -106.767998               5367 
-18.534243 214.049301 -186.973801 13.884382 228.504944 -130.522202 -28.442541 198.373566 -168.351547 41.986931 203.650711 -107.053139               5384 
-18.102709 213.664169 -187.163879 13.805698 228.415176 -130.744324 -28.230251 198.555130 -168.885757 41.926739 203.585632 -107.271301               5402 
-17.319731 212.611191 -188.331360 13.543693 228.220444 -131.755722 -27.484566 198.259567 -170.454788 41.673592 203.798386 -107.869446               5421 
-16.977476 212.185287 -188.717224 13.450809 228.151413 -132.114288 -27.271162 198.150635 -170.965851 41.580730 203.873795 -108.081238               5429 
-16.262495 210.936798 -189.577438 13.304866 227.835083 -133.086594 -26.926559 197.646317 -172.046921 41.551556 203.907486 -108.840424               5440 
-14.859697 209.862152 -190.857574 13.373665 227.359131 -134.245544 -26.133341 197.311646 -173.773865 41.560688 203.596313 -109.768982               5463 
-14.814035 208.748520 -191.321045 13.312684 227.596115 -135.296341 -26.086487 196.737579 -174.151901 42.017162 204.509567 -110.773964               5475 
-14.555977 207.599747 -191.659485 13.258486 227.806747 -136.230240 -26.067934 196.270874 -174.459518 42.416855 205.327057 -111.679558               5487 
-13.266726 206.739761 -191.250702 13.852635 227.441772 -135.901276 -25.291061 196.002884 -174.244003 42.888466 205.028336 -111.145653               5498 
-11.520570 206.192474 -190.721603 14.315121 227.217468 -135.226639 -24.221609 195.895737 -174.086243 43.369320 204.949066 -110.361916               5522 
-10.783876 205.720200 -190.481186 14.496024 226.925232 -134.959015 -23.887630 195.695068 -173.945633 43.519157 204.714935 -110.006195               5537 
-10.212178 205.065674 -190.033325 14.682575 226.445404 -134.571823 -23.833189 195.394196 -173.484802 43.647617 204.230652 -109.555557               5551 
-9.181813 204.854874 -189.497513 14.723804 226.094391 -133.722076 -23.609541 195.348022 -172.984360 43.550167 203.831711 -108.588509               5567 
-9.157035 204.816483 -189.132019 14.717616 225.789047 -133.357925 -24.183161 195.561768 -172.377686 43.535130 203.312698 -108.405037               5582 
-9.683705 206.110733 -187.445221 14.150005 226.028992 -131.361526 -25.389481 196.973099 -170.599335 42.679375 202.853699 -106.718819               5597 
-10.993581 204.063141 -185.130295 13.197376 223.127014 -128.931900 -27.370153 195.711380 -168.107208 40.872128 199.001740 -104.226402               5613 
-12.843246 204.950562 -179.538330 12.091941 224.918381 -124.012878 -29.281467 196.981644 -161.763748 40.400654 201.328857 -99.509140               5628 
-17.200733 209.132599 -171.979462 9.122614 229.384033 -117.257347 -32.898022 200.644287 -153.453140 39.240620 206.566788 -94.223427               5643 
-19.363785 209.804794 -167.476410 8.834872 231.356918 -114.256462 -35.451073 203.506012 -148.168991 37.959675 208.066986 -90.431953               5658 
-23.171879 207.476730 -164.126007 8.182761 230.615723 -113.444809 -39.228519 203.914902 -143.652420 36.576546 207.060364 -89.006706               5671 
-25.536114 200.774033 -150.620361 10.988570 229.831802 -106.978645 -40.470417 202.918640 -128.851974 39.099457 208.635498 -80.168625               5682 
-28.449183 199.683350 -141.229843 10.267903 230.718353 -101.023567 -42.684143 204.477036 -119.040291 38.703590 210.663589 -73.683113               5693 
-24.819605 200.771301 -131.857071 12.776976 233.238266 -91.768806 -39.839947 206.768494 -108.975197 41.606007 214.209457 -64.108833               5704 
-22.804823 200.223587 -113.421158 16.371111 233.459564 -75.595360 -38.327835 209.807846 -88.165390 45.723690 214.919586 -48.154922               5723 
-18.813364 197.402771 -92.615501 21.850090 234.397537 -60.291588 -34.100437 212.173264 -66.194565 52.468090 218.800598 -32.406898               5740 
-28.219191 230.120499 -95.723083 24.496407 235.590897 -51.626102 -35.713989 215.399780 -61.702522 47.643909 219.505798 -17.512394               5758 
-29.425613 233.949997 -84.637604 28.889112 235.209076 -39.714577 -35.170277 215.315323 -42.023369 52.716732 221.871002 -4.891842               5775 
-29.882282 230.208405 -66.511848 31.950504 234.080063 -25.529091 -33.421513 215.565048 -20.070889 57.927109 223.624329 8.737162               5792 
-30.075993 228.999969 -45.413467 35.461491 234.427139 -10.971860 -29.902529 219.289108 2.809585 64.300369 226.151810 21.556902               5810 
-30.333891 226.099442 -24.328772 37.944931 233.237183 3.411525 -26.304022 221.108856 24.503036 69.502281 226.792923 33.757656               5827 
-20.855616 219.387589 -28.735043 37.920319 231.663589 14.257113 -29.633783 220.713593 19.344999 60.546669 229.680634 52.236038               5855 
-21.233580 219.823807 -5.639843 44.684372 231.798981 25.275639 -20.697132 222.983734 42.780674 74.079399 229.938660 58.302200               5862 
-21.051249 215.877548 28.649477 49.565384 228.968994 45.019218 -10.371397 221.416718 74.743935 85.386024 227.062469 70.933105               5879 
-15.035091 219.687378 55.181160 56.805847 233.538254 60.138428 1.126899 235.211700 97.763092 95.695801 233.992294 81.248802               5896 
-11.838433 215.324463 63.186291 58.881683 233.243744 65.667488 4.778401 236.512909 106.204231 98.496117 234.859344 85.323753               5906 
-5.012318 204.337051 82.379814 61.654278 231.070282 77.565239 19.407684 260.792175 133.446899 102.827141 235.844864 93.066238               5931 
-3.112467 201.890686 85.829613 62.290020 230.445786 79.719093 22.815935 262.035461 140.384659 103.823669 235.337219 94.186714               5940 
-2.246801 195.096451 91.854256 60.496914 227.715881 85.719475 26.580311 258.833435 156.243500 102.099403 233.399994 99.691109               5957 
-1.359626 186.411865 87.876770 58.636948 223.018463 89.423996 19.295422 243.050186 161.284393 99.096527 228.355591 106.535973               5966 
1.102314 181.180527 92.869911 58.952522 218.893433 97.776901 18.367701 233.317001 170.335846 99.124565 222.490921 115.985352               5983 
2.137832 177.993622 93.381310 58.347687 217.047806 100.471092 16.030775 227.807999 172.329697 98.155098 220.491486 119.491959               5992 
4.846623 172.521713 94.696342 57.109695 214.604523 103.594406 12.795271 218.602646 173.333557 96.692207 218.199631 123.051605               6009 
7.343926 169.685471 97.038551 57.507896 213.366425 106.590782 11.692793 209.678055 172.452774 97.154190 217.157196 125.880249               6026 
8.197067 169.456345 99.088249 58.060406 213.430649 107.741852 11.705750 206.051315 170.708435 97.906998 217.309982 126.596085               6035 
10.109181 167.649307 100.463249 58.726879 212.371460 110.738663 10.828521 194.187469 166.197220 98.439911 216.175369 129.887756               6055 
11.031760 166.824844 101.025925 58.926682 212.145187 111.732483 10.682679 189.895660 162.394226 98.508247 216.303864 131.078995               6061 
15.917730 172.180588 115.397980 65.646484 216.085175 119.576714 16.386421 198.583679 168.088394 105.736450 220.274658 137.839386               6078 
17.380148 173.446579 119.433098 67.936348 216.051422 122.830116 17.834839 198.279236 168.332962 108.104012 219.104050 141.147385               6096 
17.804840 173.161041 119.977325 68.076508 215.830994 123.573395 17.611059 197.396362 167.872955 108.149017 218.706558 142.126221               6105 
18.532856 172.899094 120.429985 68.243332 215.745529 123.913040 17.411833 197.078018 166.651352 108.241539 218.382156 142.660675               6122 
18.659906 172.944336 120.628128 68.277725 215.702026 124.058632 17.292688 196.780823 165.729401 108.252403 218.091049 142.889465               6130 
18.863325 172.934219 120.852699 68.334656 215.621735 124.237045 17.389963 196.042618 163.401306 108.258789 217.677109 143.213913               6143 
18.835524 173.114471 121.080528 68.424309 215.499512 124.483673 17.406315 195.564407 161.427307 108.283119 217.093628 143.641357               6157 
18.829199 173.254501 121.261124 68.497978 215.440369 124.616341 17.418163 195.586273 160.471909 108.319412 216.743317 143.873505               6165 
18.299845 173.909790 121.682121 68.328674 215.449432 125.067154 17.448397 194.708878 157.073944 107.978233 216.005035 144.711151               6183 
18.044439 174.160507 121.832825 68.215691 215.416275 125.277946 17.302994 194.627335 155.811691 107.764519 215.614761 145.130737               6191 
17.996561 174.254440 122.091156 68.150024 215.339874 125.464989 17.202469 194.738892 154.693558 107.604530 215.140121 145.504562               6200 
17.718714 174.703079 122.579216 68.061928 215.380371 125.786583 17.056953 195.410477 153.602173 107.390305 214.653137 146.060501               6209 
17.161619 175.018753 123.128609 67.667679 215.226364 125.896034 17.260588 195.113754 150.852020 106.867798 213.867310 146.384720               6226 
16.745634 175.332718 123.514725 67.408699 215.162994 125.962708 17.047977 195.393387 150.008469 106.538162 213.399231 146.555359               6235 
16.010071 175.719208 124.595024 67.013382 214.822922 126.348831 16.753170 195.925644 149.061996 106.032486 212.316986 147.073502               6255 
15.672767 176.018036 125.023582 66.822487 214.858627 126.435509 16.675940 196.223953 148.686646 105.798241 212.187836 147.221085               6261 
13.712536 176.787125 125.845444 65.715164 214.349640 126.645798 15.563552 196.877441 147.705124 104.494682 210.814697 147.668060               6278 
13.085893 177.002945 126.109352 65.333733 214.165619 126.685913 15.488087 196.615448 146.873489 104.047562 210.343079 147.778824               6287 
12.157884 177.514496 126.671677 64.696892 214.181992 126.829933 16.636713 194.629028 144.199631 103.330757 210.025421 148.006088               6306 
11.647772 177.808823 126.903618 64.336388 214.182831 126.849373 17.388130 193.165985 142.528885 102.925705 209.775833 148.056091               6316 
10.833330 178.207474 127.342606 63.538559 214.414185 126.912575 17.583128 192.136200 141.045258 102.016510 209.909134 148.300293               6326 
9.335031 179.617767 128.041321 62.209515 215.297836 126.894432 17.136219 192.230850 139.715439 100.505241 210.566284 148.558502               6335 
9.064643 179.286163 127.852562 61.452103 215.244370 126.611664 17.656879 190.344589 137.573868 99.677452 210.138107 148.314926               6357 
9.126637 179.291489 128.002548 61.164993 215.435013 126.491264 17.538836 190.325485 137.140167 99.356079 210.206711 148.225769               6368 
9.342073 180.046921 128.589554 60.827625 216.508255 125.897255 17.174187 191.682617 137.057541 99.066521 211.514893 147.602921               6382 
9.669769 180.396835 129.075241 60.622238 217.161652 125.535637 16.766102 192.884460 137.220398 98.891747 212.310760 147.219635               6395 
9.978401 179.643372 128.929901 60.443218 216.788315 125.475121 16.319302 192.902176 137.151550 98.679871 211.722137 147.167847               6408 
9.618175 179.645233 129.140015 59.995518 216.603409 125.617073 15.245768 194.074600 137.498795 98.088173 211.060760 147.446213               6422 
9.656709 179.717026 129.654419 59.932030 216.554382 125.752281 14.838747 195.077805 138.014404 98.010315 210.690979 147.522598               6435 
9.628669 179.659378 130.000748 59.847961 216.379974 125.919609 14.437676 195.880051 138.438446 97.889091 210.132675 147.648071               6449 
9.678050 179.552429 130.317444 59.933819 216.085495 126.053207 14.297572 196.328735 138.810883 97.981377 209.434723 147.650269               6463 
9.694587 179.439545 130.596329 59.894787 215.945496 126.288712 14.351976 196.155090 138.826538 97.878372 209.089493 147.934158               6476 
9.737913 179.633163 130.968903 59.950912 216.004333 126.401245 14.461625 196.434967 138.917816 97.905922 208.973709 148.040787               6490 
9.735356 179.635864 131.091080 59.971069 215.883133 126.428032 14.494775 196.502808 138.857468 97.894173 208.579407 148.033035               6505 
9.345656 179.446045 130.633621 59.851002 215.340485 126.387566 14.170732 196.390808 138.504959 97.652016 207.341934 147.960434               6519 
8.775514 179.070129 129.853516 59.661488 214.469543 126.310265 13.702967 196.050171 137.918411 97.254288 205.540283 147.881821               6532 
8.610857 178.597260 129.420395 59.635582 213.824661 126.364388 13.558836 195.927048 137.697113 97.121155 204.318573 147.875977               6547 
8.534875 178.601028 129.296036 59.716545 213.610413 126.433968 13.536963 196.135574 137.663559 97.131363 203.658386 147.866898               6561 
8.514876 178.543503 129.260803 59.727711 213.511444 126.462723 13.509427 196.285492 137.610062 97.084686 203.374481 147.909882               6575 
8.491296 178.799927 129.445175 59.743343 213.720261 126.645523 13.589553 196.491196 137.555359 96.989349 203.532318 148.260880               6590 
8.824424 178.299271 129.375412 59.876640 213.559082 126.755882 14.036886 195.662003 137.296417 97.110237 203.498306 148.452026               6605 
8.977383 178.182724 129.353653 59.980263 213.561798 126.826553 14.417140 195.029099 137.092010 97.194580 203.490173 148.550720               6620 
9.011095 178.095947 129.326523 60.001904 213.538651 126.874367 14.781463 194.227829 136.800705 97.184364 203.437836 148.639496               6640 
8.876292 178.482376 129.478027 59.892578 213.907425 126.922707 15.007508 193.924805 136.578522 97.014038 203.868561 148.820221               6655 
8.091099 179.844009 129.903320 59.288738 214.948624 127.005882 14.766801 194.239090 136.158478 96.128342 204.952316 149.393372               6672 
8.023156 180.001389 130.078873 59.183624 215.062210 126.916367 14.718844 194.202606 136.042526 95.970795 204.933914 149.330734               6685 
8.431434 179.554916 130.043381 59.358398 214.859207 126.802406 14.902565 193.946487 135.906113 96.176506 204.573990 149.094193               6702 
8.608591 179.300995 130.093018 59.356556 214.709106 126.719681 14.823024 193.992615 135.904373 96.160362 204.205429 148.933060               6718 
9.027416 178.896210 130.258499 59.519917 214.519287 126.712517 15.014295 193.786072 135.921188 96.344833 203.951614 148.860489               6735 
9.333378 178.774628 130.531281 59.594078 214.607147 126.747688 15.134881 193.909134 136.056839 96.417168 204.131683 148.942444               6753 
9.867708 178.874283 130.983353 59.922749 214.906967 126.749626 15.602056 194.142639 136.302567 96.831482 204.642090 148.900467               6772 
10.451114 178.387054 130.976807 60.255550 214.750076 126.794044 16.293619 193.489227 136.157776 97.220505 204.564072 148.887466               6790 
