10.986514 147.940811 63.596634 53.096409 177.489410 80.547150 47.609413 101.258202 50.289852 64.477501 169.800766 122.388893                  0 
10.818926 148.702698 63.603542 53.225880 177.790009 80.599930 47.485153 101.285156 50.309093 64.526855 169.909149 122.427628                 17 
10.700723 149.346771 63.514935 53.322289 178.024155 80.659233 47.417534 101.290527 50.299564 64.457367 169.958221 122.496140                 34 
10.619246 149.808655 63.453804 53.391350 178.191879 80.701714 47.425346 101.250099 50.305145 64.406036 169.995255 122.545090                 51 
10.558511 150.164536 63.408726 53.444542 178.321060 80.734436 47.405445 101.228539 50.306995 64.365623 170.024872 122.582726                 68 
10.512299 150.443176 63.375057 53.486202 178.422226 80.760063 47.416836 101.190529 50.314857 64.333466 170.048737 122.612152                 85 
10.475406 150.671402 63.348873 53.520344 178.505157 80.781067 47.416222 101.159973 50.322445 64.306770 170.068741 122.636246                102 
10.418940 151.122910 63.283180 53.581524 178.695236 80.829666 47.346783 101.222763 50.339787 64.227501 170.157074 122.700172                120 
10.352906 151.558578 63.202728 53.628891 178.872208 80.864876 47.315777 101.230553 50.359280 64.135620 170.231339 122.749481                136 
10.297049 151.976913 63.094814 53.665825 179.033676 80.914505 47.301853 101.237633 50.377392 63.992844 170.291077 122.822693                154 
10.248915 152.337524 63.005932 53.694214 179.177261 80.957832 47.320545 101.235573 50.401569 63.866322 170.352982 122.886780                171 
10.212248 152.622498 62.937023 53.716663 179.290833 80.992096 47.341114 101.215118 50.432262 63.765827 170.402878 122.937233                189 
10.157736 152.906219 62.828224 53.715351 179.377121 81.036209 47.332584 101.191940 50.427486 63.601597 170.402695 123.001648                207 
10.114848 153.135742 62.741322 53.714291 179.446960 81.071915 47.329540 101.172997 50.422146 63.468246 170.403366 123.053459                225 
10.038319 153.552338 62.596760 53.715271 179.642838 81.049698 47.215874 101.280640 50.383396 63.314457 170.529922 123.051918                243 
9.798198 154.017303 62.444813 53.645889 179.741562 80.998489 46.773201 101.343437 50.261215 63.099098 170.503601 123.006493                263 
9.790780 154.561218 62.377380 53.709286 180.058304 81.068932 46.695419 101.580307 50.341812 62.976906 170.770813 123.107361                283 
9.686486 154.948563 62.339466 53.724049 180.228256 81.038322 46.693104 101.583237 50.266060 62.983574 170.825333 123.052872                304 
9.548003 155.238785 62.319160 53.738220 180.317245 80.921165 46.910542 101.307632 50.168472 63.114559 170.771118 122.877472                326 
9.381962 155.534058 62.288605 53.737103 180.359222 80.830460 46.934669 101.118279 49.933853 63.226753 170.597794 122.711685                348 
9.249956 155.771469 62.265499 53.736206 180.392914 80.757629 46.928406 100.942001 49.764835 63.315376 170.458206 122.577682                371 
9.141171 155.968964 62.247383 53.735462 180.420929 80.697090 47.190151 100.563477 49.737251 63.388039 170.341904 122.465714                393 
9.048427 156.138718 62.232742 53.734821 180.444992 80.645081 47.461857 100.159554 49.756851 63.449738 170.241806 122.369080                415 
8.969655 156.283951 62.221004 53.734272 180.465576 80.600594 47.500931 100.008667 49.668316 63.501984 170.156052 122.286102                437 
8.900888 156.411560 62.211376 53.733791 180.483658 80.561485 47.498829 99.911751 49.574028 63.547485 170.080597 122.212944                459 
8.840867 156.523590 62.203533 53.733368 180.499557 80.527145 47.489281 99.827126 49.492092 63.587135 170.014252 122.148506                482 
8.787858 156.623062 62.197113 53.732994 180.513672 80.496628 47.469574 99.764168 49.412483 63.622116 169.955246 122.091110                504 
8.740622 156.712158 62.191856 53.732658 180.526321 80.469276 47.460503 99.714325 49.334160 63.653267 169.902313 122.039558                526 
8.698296 156.792358 62.187569 53.732353 180.537735 80.444633 47.500202 99.628448 49.282547 63.681171 169.854599 121.993011                549 
8.660138 156.864975 62.184097 53.732079 180.548065 80.422295 47.531921 99.548355 49.238022 63.706333 169.811310 121.950752                572 
8.625568 156.931030 62.181316 53.731831 180.557480 80.401947 47.521877 99.510567 49.180885 63.729137 169.771866 121.912193                595 
8.593782 156.992004 62.179104 53.731598 180.566177 80.383141 47.500748 99.481384 49.126133 63.750122 169.735397 121.876511                619 
8.565784 157.045929 62.177460 53.731392 180.573883 80.366493 47.497871 99.442253 49.083755 63.768623 169.703094 121.844872                642 
8.539222 157.097260 62.176201 53.731197 180.581223 80.350616 47.489704 99.407951 49.042507 63.786201 169.672272 121.814674                666 
8.515144 157.143951 62.175335 53.731018 180.587921 80.336159 47.470333 99.389618 48.998104 63.802155 169.644196 121.787132                689 
8.481643 157.209183 62.174553 53.730770 180.597275 80.315926 47.448204 99.360954 48.936947 63.824390 169.604889 121.748550                764 
8.471450 157.229095 62.174438 53.730694 180.600143 80.309738 47.444817 99.350906 48.918285 63.831169 169.592865 121.736740                789 
8.452621 157.265991 62.174492 53.730553 180.605453 80.298248 47.409477 99.357101 48.873169 63.843727 169.570541 121.714798                814 
8.434949 157.300705 62.174709 53.730419 180.610458 80.287422 47.436516 99.305412 48.857452 63.855526 169.549500 121.694107                839 
8.418392 157.333328 62.175121 53.730293 180.615173 80.277237 47.472832 99.241631 48.850758 63.866608 169.529694 121.674614                865 
8.402947 157.363861 62.175697 53.730175 180.619598 80.267685 47.511276 99.182465 48.842743 63.876972 169.511108 121.656334                890 
8.388470 157.392548 62.176422 53.730064 180.623764 80.258690 47.547619 99.122963 48.837406 63.886711 169.493622 121.639099                915 
8.614701 158.176300 62.418015 54.195145 180.806656 80.655914 47.210037 99.492607 48.814674 64.192368 169.343948 121.984329                941 
8.797296 158.795563 62.610207 54.560745 180.950439 80.968178 46.972332 99.775276 48.802753 64.428368 169.228928 122.255127                966 
8.913013 159.180878 62.731438 54.787636 181.039673 81.161964 46.858135 99.939430 48.797848 64.572968 169.158768 122.422935                989 
8.994443 159.448074 62.816933 54.944839 181.101486 81.296234 46.785160 100.047302 48.797523 64.672325 169.110703 122.539085               1013 
8.942895 159.651596 62.904778 54.944244 181.207306 81.366776 46.918953 99.983498 48.912876 64.666359 169.182877 122.601105               1036 
8.901273 159.817123 62.976944 54.943764 181.293427 81.424194 47.053555 99.918640 49.009331 64.661407 169.241653 122.651596               1059 
8.398040 160.623611 63.682323 54.773766 181.688080 81.761375 46.835155 100.146400 48.932976 64.910988 169.227264 122.765533               1082 
7.213755 161.837875 64.292809 54.416065 181.604202 81.680679 44.851982 99.863213 48.769634 64.925674 168.653702 122.438606               1105 
4.827415 163.773819 65.351799 52.883369 182.385300 81.636055 42.467304 100.214806 48.367863 64.270149 168.708466 121.918327               1127 
1.672106 166.320526 66.678261 50.714348 184.013504 80.911896 38.849491 101.679993 47.184330 63.809177 169.559402 120.395821               1148 
23.396864 186.947784 45.341965 74.945381 166.750488 91.261719 62.759518 133.647766 29.920851 104.286224 143.920807 114.868835               1167 
18.633652 193.832809 43.337208 81.131226 164.261765 84.300278 62.286980 145.869629 23.003532 115.713844 142.858795 101.192047               1184 
16.923138 194.125275 40.852768 83.091408 163.746460 78.349304 61.781017 147.626892 17.940851 119.213364 143.440781 93.257706               1201 
15.272083 194.387039 39.424198 82.120750 163.917328 76.320480 59.652908 146.936371 16.713314 118.436119 143.832596 91.057289               1209 
16.554514 198.658508 27.955025 81.864075 166.920151 67.172813 59.415359 149.318481 8.850515 117.517479 146.677963 83.249664               1227 
16.194139 198.634079 23.873734 81.897995 167.912277 63.431530 59.511070 149.474609 5.658159 117.865280 148.459137 79.781021               1236 
12.680642 200.877716 18.713078 78.339569 170.089340 58.605110 55.796696 150.578094 1.412450 114.357773 151.045578 75.320374               1244 
9.913756 207.728470 11.670215 73.283882 172.564606 52.203632 52.221115 154.397354 -5.874587 108.636185 152.924545 69.635178               1253 
8.605793 213.376282 4.756359 69.691887 174.033112 45.576180 45.339321 153.820236 -6.944030 104.580811 154.266693 63.781330               1262 
11.999480 171.886139 -13.510506 58.556908 179.746140 28.733589 33.947842 159.453842 -21.793653 92.175827 159.286362 48.495724               1278 
30.856108 162.902847 -15.395160 54.788872 184.228287 23.338110 36.019775 166.501297 -30.264563 87.212799 163.832428 45.065376               1287 
36.320473 160.922867 -21.004347 52.100628 187.081131 15.770470 34.567474 169.613159 -37.839993 84.211945 166.910110 38.161758               1296 
38.216995 163.001114 -27.804123 49.097992 190.753067 8.545607 33.580757 173.067581 -45.316978 81.158966 171.518112 31.815485               1304 
37.076153 166.526703 -35.579807 44.210865 194.961670 0.818146 26.844656 174.844971 -47.979435 75.715919 176.597015 25.507149               1313 
37.341976 177.218475 -54.564579 37.031448 202.297226 -15.475163 22.492573 184.997986 -63.708668 67.760933 184.369080 10.479742               1331 
33.491650 175.285278 -61.748569 34.895641 200.930054 -23.149187 17.684788 183.380386 -69.934410 65.483543 182.134323 2.355268               1339 
27.831776 171.452530 -77.070572 31.652317 199.361511 -40.359009 11.314598 179.798584 -84.699486 62.197666 180.644806 -14.745675               1357 
24.562105 170.684830 -83.395569 29.316143 198.663147 -46.871227 8.054418 179.486481 -90.848625 59.361168 179.152863 -21.258310               1365 
24.570278 166.373550 -97.908997 29.322392 194.581085 -61.264385 8.295302 175.131683 -104.999283 58.584927 175.003067 -34.811012               1383 
23.747072 167.536606 -103.877098 28.043533 195.361099 -66.542076 7.850814 175.919571 -110.574921 56.990261 175.936539 -39.632042               1391 
25.469713 171.962173 -114.965576 27.823814 196.204193 -74.173462 10.129529 178.597748 -119.883568 57.947556 177.396439 -48.131100               1408 
25.653019 174.998764 -120.496490 27.416613 196.241165 -77.252495 11.260292 180.655121 -124.191086 57.707535 177.094635 -51.654716               1418 
23.410505 178.775940 -127.678375 24.956427 197.183990 -82.037048 10.312754 182.923401 -129.663849 56.049908 178.917282 -56.760597               1426 
23.762844 189.853363 -135.833786 20.258839 202.972046 -87.633133 11.157672 191.919998 -136.863571 51.388851 186.654083 -61.099705               1436 
23.411751 194.921326 -142.052521 15.909079 204.038666 -92.817665 10.549208 195.408157 -142.264526 45.961773 188.263855 -64.757607               1444 
21.604527 205.561737 -154.298080 8.069742 206.559448 -104.768356 8.704370 203.741608 -154.305664 35.862263 190.097031 -74.836090               1460 
-32.637180 229.327454 -174.517410 -3.893456 212.275055 -117.279991 -10.846110 199.023224 -162.948914 27.460999 194.993362 -91.635933               1469 
-57.500359 245.377853 -182.630295 -10.618091 215.910202 -126.135498 -21.556074 196.835266 -168.367371 21.690943 196.801544 -103.105911               1478 
-64.319237 248.616119 -192.127701 -13.823422 217.323807 -133.871017 -26.514875 194.522018 -173.796890 18.100735 197.786667 -110.664886               1487 
-69.367149 253.942200 -199.499893 -15.027712 220.474014 -143.346909 -25.327808 201.973984 -186.632156 18.051216 200.979980 -121.779724               1504 
-69.353203 255.418274 -201.451355 -15.295712 220.232330 -145.585281 -25.631287 203.505264 -189.910629 17.336189 199.749130 -124.255165               1512 
-66.640892 258.755402 -206.828629 -16.847391 220.478714 -148.825256 -26.257545 206.072372 -194.148911 13.526864 197.966202 -126.242783               1521 
-65.114006 259.518341 -209.361801 -16.998617 219.653214 -150.882385 -26.091948 207.182343 -196.864395 12.386410 196.119934 -128.033295               1530 
-64.165489 261.553497 -210.851273 -17.357899 218.292755 -153.628891 -26.030460 210.452850 -200.869873 11.100458 192.959839 -131.544022               1547 
-63.823662 261.334167 -213.775482 -19.480627 216.965118 -155.412918 -25.626856 210.893585 -203.399292 8.052644 191.256699 -132.601257               1556 
-67.584587 259.696869 -216.496109 -21.658175 216.366653 -158.537201 -26.677090 211.957626 -206.887894 6.892939 191.595688 -135.940521               1564 
-69.400894 258.848480 -217.890167 -22.732262 216.071442 -160.078262 -27.223431 212.539673 -208.563736 6.293486 191.789825 -137.555283               1573 
-70.380150 258.549713 -218.927490 -23.469929 215.675018 -161.354065 -28.664583 212.209351 -209.792145 5.511834 191.176880 -139.009613               1582 
-71.585243 255.217346 -221.084534 -23.140373 214.604935 -163.109253 -29.460794 209.838959 -211.214722 6.436199 190.999512 -140.584000               1599 
-70.498466 254.630402 -222.308945 -22.598885 214.266281 -163.696152 -28.899008 209.091782 -211.730515 6.664032 190.626999 -140.799820               1608 
-69.057549 253.577454 -223.934814 -21.924549 213.527527 -164.472015 -28.392548 207.624496 -212.364410 6.856421 189.782455 -141.079636               1617 
-68.127510 252.734375 -225.053253 -21.503443 213.039368 -164.939377 -28.013605 206.630997 -212.734818 6.967848 189.303635 -141.161728               1625 
-67.014847 250.386520 -227.455444 -21.303379 211.221527 -166.282181 -28.284067 203.648453 -213.808731 6.531820 187.375290 -141.870407               1642 
-66.682732 249.647186 -228.193481 -21.242477 210.668167 -166.690933 -28.357859 202.771500 -214.131149 6.400233 186.803223 -142.079529               1652 
-66.078606 241.959991 -233.698593 -21.481625 207.409637 -169.003632 -28.725821 195.756607 -215.628845 5.642274 185.149429 -142.392487               1660 
-65.849602 235.632706 -237.674408 -21.667767 204.873337 -170.803741 -29.099886 190.348587 -216.566010 5.162563 184.064651 -142.758987               1677 
-68.122055 231.647980 -239.531372 -23.657997 203.221909 -171.814392 -32.332176 186.529266 -216.599716 3.048348 183.153107 -143.119598               1686 
-69.665688 228.560440 -241.021271 -24.951494 201.917877 -172.737961 -34.536522 183.698685 -216.724396 1.681497 182.439804 -143.571808               1695 
-70.390228 227.061508 -241.802002 -25.563356 201.286591 -173.252365 -35.561657 182.383987 -216.846359 1.030180 182.102737 -143.856094               1703 
-70.750099 225.901703 -242.365112 -25.848543 200.740219 -173.629562 -36.292839 181.292953 -216.868683 0.676192 181.732834 -144.057037               1712 
-70.342072 224.465256 -243.329605 -25.612850 200.036102 -174.212036 -36.596184 179.859131 -216.972229 0.678794 181.210831 -144.316635               1721 
-69.713196 223.134506 -244.352905 -25.173763 199.310745 -174.896057 -36.739029 178.483322 -217.180481 0.863471 180.609421 -144.701706               1729 
-69.220428 222.039398 -245.173325 -24.820297 198.726807 -175.446701 -36.845558 177.405273 -217.345322 1.017308 180.142441 -145.009628               1747 
-69.122917 221.687439 -245.416367 -24.794104 198.584305 -175.570892 -37.105473 177.026947 -217.260513 0.928832 180.029709 -145.018753               1756 
-67.510612 221.132919 -247.301956 -24.701395 198.504578 -176.357376 -36.233047 176.244400 -217.949112 0.105301 179.981369 -145.038132               1764 
-66.041771 220.509430 -249.012726 -24.616844 198.431839 -177.074661 -35.330475 175.449707 -218.565781 -0.648829 180.004639 -145.053604               1773 
-65.210930 220.105621 -249.979706 -24.568741 198.390472 -177.482727 -34.776085 174.960709 -218.908020 -1.077158 180.046585 -145.063232               1781 
-64.465088 219.710953 -250.848984 -24.525261 198.353073 -177.851593 -34.248428 174.494492 -219.211243 -1.462919 180.102310 -145.073334               1799 
-58.042213 218.364502 -255.103958 -22.103172 197.969849 -179.785934 -30.913921 173.052826 -220.749161 -1.217123 179.953354 -145.455841               1809 
-51.491268 216.212799 -258.725250 -19.461151 197.462112 -181.243698 -27.355013 171.253616 -221.612381 -0.707306 180.039047 -145.409271               1819 
-48.708649 215.186417 -260.204132 -18.334116 197.245514 -181.865555 -25.768112 170.443497 -221.955750 -0.489428 180.137573 -145.420242               1828 
-47.501904 214.721130 -260.835693 -17.843399 197.151215 -182.136322 -25.002831 170.067993 -222.109772 -0.393402 180.191620 -145.431473               1837 
-44.927273 216.085449 -262.505615 -18.242573 197.585831 -182.956390 -24.196756 170.848663 -223.377335 -2.287786 180.149979 -145.797119               1847 
-42.997513 217.487518 -263.572418 -18.848564 198.254593 -183.386627 -23.874758 171.762939 -224.111176 -4.195436 180.431763 -145.876511               1856 
-41.779053 218.359268 -264.196808 -19.226196 198.671356 -183.654724 -23.631447 172.325912 -224.560974 -5.391624 180.609665 -145.948547               1865 
-40.552444 218.211044 -264.622070 -18.898279 198.626251 -183.806061 -23.141172 172.130508 -224.646225 -5.578866 180.579575 -145.907684               1874 
-39.438404 218.062851 -265.002045 -18.600868 198.585342 -183.943298 -22.697775 171.949753 -224.719894 -5.749632 180.560059 -145.873489               1883 
-37.822620 216.999619 -265.821136 -18.665785 198.494507 -184.120163 -22.108931 171.307968 -224.603867 -6.668837 180.906357 -145.570099               1892 
-36.716492 216.218338 -266.325806 -18.707310 198.431213 -184.203064 -21.755997 170.830933 -224.448700 -7.311468 181.163864 -145.326981               1902 
-35.914009 215.639999 -266.679565 -18.737471 198.385254 -184.263275 -21.495031 170.479446 -224.328415 -7.778967 181.357224 -145.156586               1911 
-34.507362 212.360153 -267.622528 -19.118382 197.495285 -184.389297 -21.936216 168.294250 -223.525757 -9.249046 181.535721 -144.548798               1920 
-33.542534 209.840012 -268.248840 -19.399824 196.837708 -184.482407 -22.299831 166.674927 -222.885422 -10.303375 181.726013 -144.130615               1929 
-33.169575 209.347137 -268.297943 -19.466845 196.775696 -184.390823 -22.363396 166.375107 -222.614563 -10.642656 181.857025 -143.906967               1938 
-33.629772 207.789520 -268.317474 -19.687937 196.618484 -184.249847 -23.976620 165.471954 -221.743347 -11.074880 182.302734 -143.503677               1948 
-37.018257 210.250244 -266.586060 -20.842484 198.116806 -183.051895 -27.897240 167.329758 -220.431259 -11.595060 183.253662 -142.642136               1958 
-39.022038 216.892654 -263.650055 -22.112778 201.083160 -180.877655 -30.128366 171.563766 -219.219162 -12.780288 184.411026 -141.199936               1969 
-39.818665 224.307510 -260.795135 -23.084654 203.429749 -179.115875 -31.634113 175.971771 -218.971161 -14.079896 184.313660 -140.478256               1979 
-43.143246 231.480240 -257.275726 -26.045931 206.089142 -176.959793 -35.925983 180.637695 -217.918961 -17.218229 184.815430 -139.424774               1989 
-41.821018 238.127594 -251.096725 -26.944876 208.851593 -171.643555 -38.124653 185.286682 -213.461960 -19.752005 185.781937 -134.827408               1999 
-42.364212 242.675995 -247.590408 -28.319902 211.430038 -168.717453 -40.195801 188.798309 -210.916199 -21.778158 187.488831 -132.338882               2009 
-41.329510 246.747528 -244.893524 -28.560297 213.286392 -166.699020 -39.850071 191.694534 -209.641663 -22.620073 188.360779 -130.882782               2018 
-39.131981 249.180267 -243.956024 -28.249836 214.501419 -165.991882 -38.008152 193.378922 -209.578827 -23.047001 189.051865 -130.430283               2027 
-34.192078 255.952438 -239.567078 -26.522800 218.837952 -162.332596 -34.691212 198.985748 -206.867249 -22.827591 192.306076 -127.378616               2036 
-29.956505 259.450165 -236.641617 -25.328220 221.564606 -159.528198 -31.469204 202.021011 -204.551300 -22.939251 194.707748 -124.708969               2044 
-28.836756 267.568146 -229.082626 -26.025600 225.616547 -154.002731 -30.048595 208.333679 -200.200577 -24.206076 196.967697 -120.606476               2053 
-28.397707 271.776123 -225.032471 -26.388075 227.722626 -151.130753 -29.328985 211.632523 -197.860031 -24.785328 198.167740 -118.522232               2062 
-26.460625 275.337860 -220.488464 -24.848166 230.149200 -147.256989 -27.197676 214.687714 -194.251022 -23.339437 200.115112 -115.084747               2070 
-22.840303 278.511536 -215.904663 -21.450651 232.662521 -143.072159 -23.445593 217.543167 -190.212189 -19.988686 202.356308 -111.153938               2079 
-20.472927 281.398315 -210.970200 -19.207388 235.182648 -138.360321 -20.994926 220.229279 -185.577988 -17.768480 204.730453 -106.580292               2088 
-18.976721 283.225494 -207.859467 -17.795586 236.768692 -135.394913 -19.436497 221.901047 -182.661545 -16.370396 206.225021 -103.702179               2098 
-15.590056 293.072815 -191.992905 -18.128357 240.905731 -123.556015 -11.796638 230.105103 -171.593292 -17.206753 208.054550 -94.241753               2105 
12.293639 287.249115 -162.855118 -7.328231 240.693985 -93.138878 16.367006 227.307053 -134.806381 -12.785291 210.658157 -61.398586               2131 
13.927310 298.904266 -132.398911 -5.508803 245.441406 -67.765427 21.748791 237.458694 -108.710800 -10.179708 212.593109 -38.807724               2158 
16.358273 298.069672 -131.020065 -3.711367 245.734848 -65.658562 23.438564 236.849442 -106.513161 -8.798165 213.338013 -36.265606               2166 
37.255718 298.074829 -112.251862 6.874647 245.612747 -51.100719 35.285252 235.327545 -90.808266 -4.013545 212.743607 -23.889635               2183 
18.713911 295.127136 -85.912392 20.106056 231.549744 -27.908831 19.004704 225.164536 -72.194702 25.699749 194.893066 -4.152255               2192 
9.270823 288.955536 -43.723614 35.803001 218.247452 -2.534368 10.828616 210.197586 -40.950577 53.453289 180.198700 10.887104               2209 
8.654031 284.411407 -35.484825 39.080807 214.211853 3.809745 10.822556 204.915985 -32.802967 58.503201 176.623642 16.027470               2218 
3.630723 273.884674 -37.206451 40.572289 211.300888 8.773018 4.540178 194.916504 -17.737410 62.073929 176.124451 24.254400               2236 
0.679561 271.355713 -37.499817 40.273987 211.172241 9.458319 2.085386 193.308167 -13.021113 62.648479 176.776947 25.449621               2244 
6.118085 219.056976 -39.652683 42.174858 210.286697 12.818598 0.805397 192.836349 -3.583729 62.490112 176.274033 32.048927               2261 
15.996465 199.049072 -24.943867 43.475292 209.758148 16.776691 1.101336 192.300735 3.118540 63.665379 176.319138 37.113083               2270 
24.536676 183.479507 -9.487382 48.327618 206.742569 24.412697 4.864205 187.623352 14.881326 68.026276 176.052734 49.100220               2287 
26.237490 182.741592 -5.011514 50.297142 206.314957 28.040262 6.287121 187.374008 19.484922 70.134346 175.147903 52.008492               2296 
27.981628 182.139099 -1.448729 51.940987 205.549255 31.618744 7.581897 186.867508 23.080992 71.341080 173.949203 55.376884               2304 
29.635143 181.330841 1.984211 52.948292 204.718933 35.441566 8.577016 185.912903 26.313189 71.906944 172.951218 59.332104               2313 
31.090067 180.514542 6.108204 53.992180 204.416840 39.441502 9.854010 184.616364 30.618744 73.606415 172.988678 63.251747               2322 
31.865341 180.078995 8.271347 54.538189 204.258835 41.533680 10.504487 183.887161 32.923798 74.491768 173.013809 65.302971               2331 
34.880302 179.711075 9.852738 56.047657 203.818924 44.124962 12.111444 184.112015 33.281616 73.963310 172.426056 69.282333               2339 
36.402470 179.528870 10.659449 56.795460 203.600983 45.408707 12.926883 184.196213 33.479073 73.656738 172.133255 71.193504               2348 
38.069332 180.610382 13.558239 58.963112 203.073685 49.067459 14.543664 185.257416 36.462254 74.742104 170.379791 73.997536               2357 
39.386314 186.230881 17.183380 60.943085 204.582840 54.598736 15.900960 189.454178 40.571308 75.476974 169.181763 76.391090               2365 
40.630398 188.492935 19.845282 62.361408 204.928345 58.035267 16.993395 191.334824 43.394222 75.750816 168.388672 78.649643               2374 
40.087036 188.507980 22.197056 62.770252 204.471237 60.025528 16.991890 190.523849 47.103050 76.733620 167.671844 79.779144               2383 
39.629574 188.920212 24.150307 62.345657 204.230377 62.222645 16.559679 190.045349 49.675224 76.406555 167.091537 81.258766               2391 
40.590633 188.107697 27.096289 62.179237 203.373306 65.831726 16.784079 188.989929 52.462166 75.546913 166.195648 85.286903               2400 
40.683624 189.209442 30.369703 62.413048 202.560867 69.724304 16.952858 188.815582 56.058556 75.692871 164.456055 87.360771               2409 
40.721054 189.797089 32.176189 62.538383 202.125351 71.811005 17.048817 188.666351 58.078926 75.780174 163.563278 88.454254               2418 
40.734917 190.012070 32.871052 62.585789 201.960632 72.600189 17.107662 188.508041 58.960110 75.814865 163.233109 88.865074               2426 
39.658813 188.170578 34.667171 62.105553 200.948166 73.798416 16.384493 187.387360 61.222393 75.286308 162.539078 90.839104               2435 
38.190987 187.101959 36.828480 60.964462 200.427170 75.583572 15.069639 186.994904 63.665356 73.830482 162.227097 93.320435               2443 
38.176914 186.270630 37.696892 60.524395 199.934982 76.578804 14.630867 186.964081 64.325111 72.396858 161.856964 95.246567               2453 
38.560520 184.696808 38.882183 58.785320 199.197250 78.610840 13.676765 185.595551 64.451279 69.871223 161.529770 98.551765               2470 
39.284676 184.324341 38.540752 58.523670 199.028610 78.680496 13.791141 185.259750 63.582779 69.159309 161.462143 99.052551               2478 
39.696537 184.113922 38.361149 58.376575 198.933807 78.719658 13.866697 185.034195 63.165432 68.750229 161.422501 99.327065               2487 
40.688316 183.269852 38.247845 58.288582 198.718582 78.853127 14.226782 184.425140 62.465054 68.208260 161.531418 100.256172               2495 
39.226868 176.849426 39.450645 58.186710 195.219513 78.182251 13.145621 182.142548 63.868439 65.764702 159.877396 103.339439               2504 
38.241554 173.122101 40.380814 58.127136 193.173370 77.789948 12.711789 180.547791 65.374168 64.525124 159.228622 105.106537               2513 
37.794521 171.549362 40.828636 58.101730 192.300705 77.622627 12.681008 179.664215 66.559540 64.046890 159.015167 105.837944               2521 
37.580372 170.815918 41.050011 58.089836 191.892090 77.544289 12.748116 179.209503 67.295586 63.834003 158.927048 106.174446               2530 
37.447479 170.365479 41.190495 58.082527 191.641068 77.496155 12.828302 178.882278 67.899117 63.706779 158.876465 106.379105               2539 
37.354080 170.050461 41.291004 58.077419 191.465637 77.462517 12.917880 178.663116 68.318115 63.619507 158.842667 106.521141               2547 
37.282120 169.808304 41.369656 58.073498 191.330963 77.436699 12.996933 178.504654 68.612892 63.553425 158.817581 106.629608               2556 
37.225407 169.617569 41.432541 58.070415 191.225098 77.416397 13.065474 178.394958 68.812752 63.502033 158.798370 106.714539               2565 
37.092453 169.473633 41.529484 58.086082 191.091446 77.419304 13.106419 178.405579 69.062981 63.414024 158.722580 106.800362               2573 
36.981163 169.352615 41.611603 58.099239 190.979202 77.421738 13.157596 178.417847 69.294983 63.340702 158.659714 106.872604               2582 
36.891041 169.254013 41.678955 58.109924 190.888062 77.423721 13.202213 178.434158 69.471802 63.281548 158.609161 106.931404               2591 
36.815781 169.171143 41.735886 58.118870 190.811722 77.425377 13.254199 178.450455 69.627571 63.232292 158.567169 106.980713               2599 
36.752480 169.100998 41.784317 58.126411 190.747391 77.426773 13.312304 178.460632 69.766190 63.190968 158.532028 107.022339               2608 
36.696632 169.038712 41.827518 58.133080 190.690491 77.428009 13.369664 178.470718 69.901482 63.154579 158.501144 107.059174               2617 
36.635849 168.970490 41.875050 58.140354 190.628448 77.429359 13.451038 178.470917 70.100548 63.115063 158.467651 107.099396               2635 
36.606766 168.937637 41.898029 58.143841 190.598709 77.430000 13.496573 178.468842 70.222092 63.096180 158.451675 107.118690               2644 
36.571129 168.897079 41.926487 58.148117 190.562210 77.430794 13.555511 178.475128 70.365593 63.073059 158.432129 107.142387               2654 
36.538223 168.859421 41.952988 58.152077 190.528458 77.431526 13.616892 178.476822 70.496269 63.051731 158.414108 107.164314               2664 
36.508160 168.824799 41.977425 58.155693 190.497574 77.432198 13.696030 178.467514 70.642517 63.032269 158.397690 107.184380               2675 
36.481590 168.794006 41.999218 58.158897 190.470245 77.432793 13.810973 178.447052 70.892143 63.015076 158.383179 107.202148               2687 
36.458031 168.766541 42.018715 58.161743 190.445969 77.433319 13.908160 178.441635 71.059166 62.999836 158.370346 107.217934               2699 
36.436462 168.741226 42.036724 58.164352 190.423721 77.433800 13.999980 178.447571 71.246490 62.985893 158.358612 107.232407               2711 
36.417198 168.718491 42.052944 58.166683 190.403839 77.434235 14.087358 178.451523 71.378433 62.973442 158.348129 107.245354               2723 
35.977570 168.649368 43.102371 59.090179 190.307098 77.625206 14.768280 178.943436 73.109085 64.337624 158.428848 107.552063               2736 
34.495533 169.406509 44.628738 60.087208 190.130173 77.954720 15.265717 180.543610 75.693573 65.491554 158.071732 107.660362               2748 
33.088989 169.966599 46.424076 61.140888 189.762619 78.301697 16.059402 181.730988 78.545723 67.012596 157.513245 107.710487               2761 
32.481083 170.280991 47.076752 61.327164 189.461243 78.619545 16.261108 182.214600 79.573654 67.009216 157.017365 107.851128               2773 
32.282532 170.437988 47.198956 61.431065 189.419922 78.582527 16.464306 182.399689 79.925514 67.100647 156.914352 107.747910               2786 
32.139343 170.570480 47.271446 61.519230 189.388474 78.537010 16.620970 182.560379 80.166435 67.166245 156.830933 107.648750               2801 
32.024326 170.678284 47.331322 61.590794 189.362946 78.500061 16.753750 182.682556 80.374992 67.218819 156.763550 107.568619               2817 
32.131542 170.883102 47.148151 61.595478 189.417404 78.502510 16.809427 182.713074 80.259628 67.129349 156.676575 107.429832               2834 
32.234158 171.079697 46.974503 61.599960 189.469498 78.504852 16.859964 182.747131 80.154266 67.044922 156.594009 107.296021               2850 
32.323090 171.250351 46.825459 61.603844 189.514603 78.506874 16.897783 182.780472 80.044647 66.972710 156.523026 107.179291               2867 
32.402218 171.402344 46.694008 61.607296 189.554703 78.508682 16.933014 182.812469 79.941177 66.909210 156.460297 107.074852               2883 
32.326656 172.730301 46.194523 61.638649 189.923203 78.440315 16.894955 183.914215 79.541832 66.201736 156.335098 106.554253               2899 
32.434849 174.424194 45.111164 61.445217 190.345306 78.269257 16.679817 185.077316 78.508392 64.896042 156.046387 105.674583               2916 
32.338322 175.018326 44.915619 61.370934 190.418701 78.298874 16.660048 185.495728 78.414505 64.425270 155.871857 105.438560               2932 
32.298412 175.248840 44.845921 61.335499 190.406174 78.335823 16.698124 185.643860 78.404686 64.170769 155.758759 105.370880               2948 
32.066833 175.563553 44.724186 61.185818 190.388565 78.291130 16.610657 185.888885 78.375099 63.743694 155.624527 105.203865               2964 
31.868124 175.918823 44.681728 61.051037 190.350189 78.363998 16.531197 186.195267 78.417847 63.223869 155.466721 105.155777               2980 
31.710918 176.193939 44.568363 60.860504 190.355316 78.393295 16.411955 186.424194 78.352371 62.680176 155.405930 105.125389               2996 
31.586222 176.415573 44.477203 60.706627 190.359467 78.416954 16.332415 186.594681 78.299065 62.241077 155.358734 105.099731               3011 
31.489719 176.589111 44.405972 60.585800 190.362732 78.435532 16.288078 186.709335 78.273918 61.896317 155.322891 105.078896               3027 
31.412590 176.729034 44.348652 60.488102 190.365356 78.450554 16.278776 186.768845 78.272888 61.617573 155.294678 105.061607               3043 
31.345066 176.852386 44.298229 60.401726 190.367691 78.463829 16.309923 186.777969 78.288834 61.371170 155.270325 105.045990               3062 
31.377918 176.891632 43.810829 60.369236 190.472656 78.005440 16.399734 186.685333 77.843819 61.371269 155.385895 104.600388               3081 
31.792934 176.115204 43.165283 60.257107 190.180023 77.605881 16.451365 185.694870 77.068291 61.467312 155.181946 104.308807               3101 
32.096394 175.560608 42.707069 60.176716 189.970215 77.319405 16.508732 184.973312 76.519470 61.533321 155.039352 104.103165               3121 
32.315361 175.155350 42.432503 60.132187 189.798599 77.158958 16.579039 184.465714 76.188774 61.549458 154.931549 104.022606               3140 
32.431873 174.804062 42.353035 60.148289 189.694214 77.054398 16.683064 184.088196 76.089073 61.712807 154.920197 104.030243               3159 
32.568092 174.363495 42.373844 60.248158 189.527573 76.985100 16.847731 183.669037 76.107071 62.017212 154.866379 104.093193               3178 
32.681305 174.000809 42.391975 60.330425 189.390289 76.928009 16.974094 183.334869 76.119537 62.267456 154.823288 104.144669               3198 
29.298891 173.088409 43.196381 59.863636 186.671036 75.988602 16.272596 183.306870 77.801247 61.261578 152.007996 103.115997               3219 
27.544451 172.637314 43.718594 59.608429 185.184357 75.475014 16.033491 183.294678 78.728783 60.704918 150.507645 102.598778               3240 
26.875444 172.466568 43.938232 59.508076 184.599762 75.273048 15.977184 183.279724 79.096733 60.486469 149.925278 102.404190               3258 
26.543476 172.381439 44.051865 59.457577 184.305588 75.171425 15.958120 183.268890 79.281471 60.376823 149.633850 102.308136               3276 
26.631351 172.142029 44.238018 59.469784 183.991653 75.465424 15.956286 183.274551 79.363510 60.004204 149.452194 102.780556               3295 
26.617838 172.103302 44.306084 59.446278 183.904648 75.561905 15.934000 183.368683 79.384254 59.788853 149.437592 102.971405               3313 
26.604973 172.104523 44.346954 59.424480 183.868011 75.626053 15.913884 183.456345 79.393562 59.632832 149.447372 103.095177               3331 
26.594671 172.105194 44.380421 59.406620 183.837982 75.678619 15.903590 183.525269 79.403496 59.505032 149.455750 103.196404               3350 
26.604900 172.111435 44.419437 59.403664 183.804886 75.745819 15.907874 183.607071 79.413940 59.370144 149.464859 103.316414               3368 
26.601252 172.122925 44.445789 59.400242 183.799713 75.777809 15.923174 183.654739 79.435234 59.301922 149.486359 103.381424               3386 
26.598209 172.132507 44.468216 59.397339 183.795319 75.804962 15.947910 183.685593 79.462608 59.244026 149.504700 103.436569               3405 
26.595636 172.138397 44.697811 59.510319 183.876602 75.884560 16.093443 183.771469 79.707092 59.451130 149.657272 103.604759               3423 
26.593678 172.143860 44.901443 59.610172 183.948441 75.954910 16.216173 183.850800 79.920578 59.634766 149.792145 103.752792               3442 
26.592335 172.148300 45.064140 59.689682 184.005646 76.010925 16.313951 183.914520 80.089798 59.781384 149.899551 103.870255               3461 
26.591387 172.151901 45.196312 59.754082 184.051987 76.056305 16.391973 183.965851 80.225929 59.900387 149.986572 103.965126               3480 
26.590700 172.154831 45.305534 59.807163 184.090164 76.093697 16.460665 184.003784 80.335335 59.998638 150.058289 104.043129               3498 
26.590187 172.157288 45.398449 59.852203 184.122574 76.125435 16.518576 184.034668 80.430649 60.082134 150.119156 104.109192               3517 
26.589767 172.159515 45.484962 59.894051 184.152679 76.154915 16.570587 184.063156 80.518005 60.159801 150.175705 104.170464               3540 
26.602797 172.173630 45.555168 59.926918 184.171783 76.201309 16.607477 184.110245 80.582993 60.179363 150.219772 104.247208               3564 
26.614000 172.185699 45.615608 59.955173 184.188217 76.241188 16.639856 184.150543 80.638390 60.196228 150.257675 104.313179               3588 
26.623760 172.196106 45.668339 59.979786 184.202530 76.275925 16.670446 184.180283 80.691467 60.210953 150.290726 104.370628               3612 
26.632263 172.205109 45.714352 60.001228 184.214996 76.306190 16.699959 184.202286 80.737999 60.223808 150.319534 104.420677               3636 
26.639843 172.213058 45.755424 60.020336 184.226105 76.333160 16.726841 184.220993 80.778984 60.235287 150.345215 104.465279               3661 
26.646650 172.220139 45.792377 60.037502 184.236084 76.357391 16.757265 184.230347 80.817924 60.245613 150.368301 104.505333               3685 
26.652590 172.226257 45.824669 60.052475 184.244781 76.378525 16.786375 184.230194 80.847366 60.254631 150.388458 104.540276               3709 
26.658154 172.231934 45.854980 60.066509 184.252945 76.398331 16.815943 184.224640 80.880821 60.263096 150.407333 104.573013               3734 
26.234388 172.425354 46.399189 59.748363 184.365219 76.858276 16.534857 184.465179 81.439400 59.867794 150.563797 105.086365               3758 
25.099293 172.855072 47.403637 58.947025 184.791061 77.492676 15.827476 184.916290 82.535500 59.302258 151.037918 105.776520               3783 
24.399197 173.121521 48.026642 58.451435 185.054413 77.885025 15.424217 185.163406 83.224678 58.953197 151.330460 106.201439               3807 
24.010218 173.269821 48.374104 58.175632 185.200974 78.103371 15.257940 185.242218 83.636307 58.759155 151.493042 106.437279               3829 
23.645884 173.118668 48.644184 57.992706 185.328918 78.049080 15.223494 185.133209 83.951874 58.919823 151.768234 106.548164               3851 
23.474205 172.989288 48.780602 57.924759 185.393341 77.982086 15.292010 185.027420 84.108986 59.051044 151.950912 106.612686               3873 
23.281126 172.843735 48.937096 57.847919 185.466202 77.906319 15.358710 184.918335 84.289673 59.200554 152.158279 106.683548               3937 
23.228388 172.803970 48.980423 57.826851 185.486191 77.885544 15.371612 184.896851 84.336227 59.241753 152.215286 106.702583               3959 
23.143513 172.739883 49.050724 57.792870 185.518402 77.852036 15.380459 184.873489 84.407158 59.308376 152.307358 106.732925               3980 
23.065235 172.680756 49.116150 57.761448 185.548203 77.821053 15.385859 184.855804 84.467743 59.370178 152.392624 106.760582               4002 
23.000465 172.631790 49.170738 57.735390 185.572906 77.795357 15.396773 184.834015 84.520523 59.421574 152.463440 106.783226               4023 
22.941412 172.587097 49.220875 57.711578 185.595490 77.771881 15.417307 184.806259 84.563919 59.468643 152.528229 106.803688               4044 
23.252983 172.419525 48.949509 58.066017 185.738022 77.304398 15.811984 184.863953 84.213898 60.002968 152.888931 106.571487               4065 
23.504911 172.285461 48.732956 58.352280 185.853134 76.926826 16.137564 184.906906 83.925461 60.434917 153.181793 106.382256               4088 
23.754938 171.987869 48.771339 58.573833 185.814896 76.874016 16.385233 184.749008 83.886505 60.783241 153.300369 106.493279               4111 
23.932171 171.777634 48.799702 58.730659 185.787811 76.836624 16.557817 184.637146 83.859352 61.029461 153.385117 106.571396               4135 
24.063095 171.622696 48.821297 58.846390 185.767838 76.809036 16.680653 184.557465 83.810173 61.210976 153.448074 106.628799               4158 
24.170029 171.496338 48.839355 58.940842 185.751526 76.786522 16.773151 184.493805 83.767311 61.358994 153.499741 106.675484               4182 
24.257154 171.393509 48.854374 59.017746 185.738251 76.768188 16.845991 184.434189 83.750122 61.479435 153.541962 106.713387               4205 
24.329906 171.307709 48.867130 59.081928 185.727173 76.752884 16.880636 184.397842 83.716835 61.579895 153.577332 106.744942               4229 
24.392103 171.234390 48.878212 59.136772 185.717712 76.739815 16.913446 184.358917 83.666870 61.665699 153.607635 106.771858               4252 
24.445524 171.171448 48.887863 59.183857 185.709579 76.728584 16.939997 184.328522 83.643005 61.739338 153.633713 106.794922               4276 
24.492165 171.116486 48.896400 59.224949 185.702484 76.718788 16.940655 184.309845 83.604019 61.803577 153.656525 106.815025               4299 
24.533392 171.067902 48.904041 59.261261 185.696213 76.710136 16.921856 184.294159 83.544655 61.860329 153.676727 106.832764               4323 
24.570023 171.024719 48.910908 59.293518 185.690659 76.702446 16.887533 184.284180 83.463142 61.910725 153.694687 106.848495               4346 
24.603004 170.985825 48.917160 59.322548 185.685638 76.695526 16.854971 184.280197 83.399223 61.956074 153.710876 106.862648               4370 
24.632753 170.950729 48.922863 59.348728 185.681122 76.689285 16.810759 184.291534 83.347862 61.996960 153.725494 106.875397               4395 
24.659769 170.918839 48.928097 59.372498 185.677017 76.683617 16.777702 184.297058 83.309082 62.034073 153.738785 106.886955               4419 
24.683809 170.890442 48.932800 59.393642 185.673370 76.678574 16.734468 184.304840 83.287491 62.067081 153.750626 106.897232               4444 
24.706371 170.863785 48.937256 59.413483 185.669937 76.673843 16.691822 184.313568 83.270210 62.098053 153.761749 106.906876               4469 
24.726547 170.839920 48.941284 59.431221 185.666885 76.669617 16.655838 184.320084 83.238861 62.125732 153.771683 106.915482               4493 
24.745483 170.817505 48.945099 59.447868 185.664001 76.665649 16.624420 184.320251 83.210236 62.151707 153.781036 106.923561               4518 
25.345690 169.050507 49.798653 59.741940 185.370575 77.068520 16.968039 182.982498 83.813660 63.445583 154.159637 107.915497               4543 
25.634523 168.195129 50.450481 59.850739 185.374252 77.417328 17.087938 182.568405 84.221382 63.967316 154.710266 108.756584               4568 
25.858006 167.643463 50.900391 59.915234 185.412674 77.685333 17.150621 182.358658 84.465439 64.236694 155.165283 109.399643               4590 
26.040928 167.253998 51.186771 59.976536 185.484085 77.815727 17.220131 182.194534 84.607430 64.502480 155.541016 109.789223               4611 
26.230827 166.855331 51.455288 60.015778 185.580872 77.931381 17.279074 181.992447 84.741699 64.786911 155.938873 110.148842               4632 
26.022263 165.846695 52.307217 59.606121 185.662735 78.239670 16.999521 181.298904 85.420547 65.219078 156.621384 110.865898               4653 
25.871485 165.054749 52.999481 59.280430 185.727829 78.484764 16.792406 180.749634 85.969131 65.554947 157.183319 111.427399               4674 
25.778887 164.535782 53.464882 59.064793 185.770920 78.647034 16.664738 180.380630 86.334633 65.773048 157.564407 111.794716               4694 
25.717010 164.172531 53.796406 58.912727 185.801315 78.761475 16.584444 180.112732 86.594849 65.924629 157.837372 112.051529               4714 
25.672659 163.902924 54.045635 58.799229 185.823990 78.846886 16.532660 179.904587 86.790359 66.036507 158.043335 112.241989               4734 
25.639029 163.692795 54.241795 58.710381 185.841751 78.913742 16.491314 179.742798 86.938835 66.123299 158.205856 112.390343               4754 
25.716366 163.489441 54.285069 58.702381 185.814972 78.911873 16.507692 179.595245 86.917801 66.161690 158.313538 112.488739               4774 
25.957129 159.242386 54.390736 58.363697 183.598740 77.833405 16.413157 176.619461 86.293457 66.544273 157.987061 112.711700               4794 
26.106186 156.690567 54.521381 58.155941 182.239288 77.171860 16.430548 174.787979 86.033836 66.751778 157.828873 112.803581               4814 
26.166677 155.664536 54.587959 58.071365 181.685852 76.902550 16.536173 173.992233 86.050476 66.829895 157.772430 112.830421               4831 
26.198635 155.124146 54.626358 58.026573 181.392746 76.759911 16.696924 173.513794 86.177467 66.869736 157.744232 112.842079               4848 
26.219179 154.777466 54.652260 57.997746 181.204102 76.668114 16.815603 173.192535 86.251961 66.894806 157.726685 112.848625               4865 
26.234116 154.525787 54.671715 57.976772 181.066879 76.601334 16.916809 172.951859 86.312286 66.912758 157.714218 112.852921               4882 
26.245588 154.332794 54.687027 57.960667 180.961487 76.550049 17.001879 172.763245 86.373230 66.926384 157.704788 112.855942               4899 
26.254932 154.175842 54.699753 57.947556 180.875687 76.508293 17.104342 172.604691 86.443336 66.937370 157.697220 112.858231               4917 
26.262516 154.048676 54.710258 57.936924 180.806107 76.474434 17.192783 172.478363 86.507072 66.946213 157.691132 112.859970               4934 
26.268833 153.942886 54.719139 57.928074 180.748199 76.446259 17.249561 172.388077 86.537590 66.953529 157.686127 112.861336               4951 
26.274439 153.849197 54.727119 57.920231 180.696884 76.421288 17.308546 172.314957 86.574059 66.959969 157.681717 112.862488               4969 
26.279089 153.771606 54.733826 57.913734 180.654373 76.400597 17.377602 172.243820 86.626320 66.965279 157.678085 112.863403               4986 
26.283278 153.701889 54.739929 57.907894 180.616165 76.382011 17.426291 172.183578 86.655945 66.970032 157.674850 112.864189               5003 
26.286945 153.640915 54.745331 57.902790 180.582764 76.365753 17.484095 172.122009 86.692467 66.974174 157.672028 112.864853               5021 
26.290211 153.586777 54.750183 57.898254 180.553085 76.351311 17.533165 172.066818 86.724487 66.977844 157.669525 112.865417               5038 
26.293152 153.538116 54.754601 57.894180 180.526413 76.338333 17.568550 172.020996 86.742348 66.981125 157.667297 112.865913               5056 
26.295820 153.494049 54.758644 57.890491 180.502274 76.326584 17.592176 171.981354 86.755234 66.984093 157.665268 112.866348               5074 
26.298325 153.452820 54.762470 57.887039 180.479675 76.315590 17.653397 171.936371 86.803207 66.986862 157.663391 112.866737               5094 
25.154112 154.448929 55.006039 57.424507 180.956192 76.191269 17.187923 173.122757 87.109619 66.502083 158.038559 112.684494               5116 
24.302074 155.205688 55.193878 57.076702 181.314499 76.097778 16.845955 174.023636 87.324783 66.134689 158.322479 112.549065               5139 
23.785101 155.671234 55.310650 56.864155 181.533478 76.040649 16.648369 174.581375 87.440491 65.909004 158.496811 112.467003               5162 
23.437347 155.987137 55.390453 56.720501 181.681473 76.002037 16.515541 174.971832 87.493469 65.755981 158.615005 112.411858               5183 
23.183880 156.218765 55.449287 56.615433 181.789703 75.973793 16.411339 175.278717 87.512238 65.643822 158.701645 112.371681               5205 
22.987232 156.399277 55.495346 56.533707 181.873901 75.951828 16.338923 175.519730 87.525169 65.556435 158.769150 112.340523               5227 
22.830784 156.543396 55.532265 56.468544 181.941040 75.934311 16.294855 175.706116 87.535553 65.486671 158.823044 112.315742               5248 
22.701706 156.662613 55.562923 56.414692 181.996521 75.919838 16.251038 175.876892 87.529213 65.428963 158.867645 112.295296               5270 
22.593960 156.762360 55.588665 56.369671 182.042892 75.907738 16.224447 176.013031 87.528442 65.380676 158.904953 112.278236               5291 
22.501781 156.847855 55.610806 56.331104 182.082626 75.897369 16.197641 176.135986 87.532555 65.339279 158.936935 112.263641               5312 
22.422066 156.921906 55.630047 56.297714 182.117035 75.888397 16.176386 176.239670 87.541183 65.303421 158.964645 112.251022               5334 
22.353846 156.985352 55.646591 56.269112 182.146500 75.880707 16.161188 176.326126 87.539803 65.272690 158.988403 112.240227               5355 
22.292395 157.042572 55.661560 56.243324 182.173065 75.873779 16.145231 176.398712 87.553299 65.244972 159.009827 112.230499               5376 
22.238029 157.093231 55.674862 56.220490 182.196594 75.867638 16.132175 176.460358 87.568733 65.220413 159.028809 112.221893               5398 
22.188478 157.139450 55.687038 56.199661 182.218048 75.862038 16.123854 176.515549 87.584389 65.198013 159.046127 112.214043               5420 
22.143831 157.181122 55.698051 56.180882 182.237396 75.856995 16.118868 176.565323 87.597305 65.177803 159.061752 112.206978               5443 
22.103642 157.218643 55.708012 56.163967 182.254822 75.852448 16.115396 176.608490 87.606705 65.159592 159.075836 112.200615               5467 
22.068020 157.251923 55.716869 56.148964 182.270279 75.848412 16.126133 176.638306 87.613129 65.143440 159.088318 112.194977               5491 
22.034842 157.282928 55.725159 56.134983 182.284683 75.844658 16.147238 176.660110 87.621559 65.128380 159.099960 112.189720               5516 
22.048653 157.305527 55.719269 56.165794 182.292725 75.827858 16.213734 176.668427 87.614807 65.156693 159.107025 112.172920               5540 
22.061832 157.327072 55.713665 56.195179 182.300385 75.811844 16.271980 176.674500 87.611679 65.183685 159.113770 112.156914               5565 
22.073692 157.346420 55.708660 56.221581 182.307281 75.797455 16.316931 176.686783 87.603256 65.207939 159.119827 112.142525               5590 
22.084383 157.363831 55.704185 56.245350 182.313477 75.784500 16.360083 176.688965 87.601608 65.229774 159.125290 112.129570               5615 
22.094034 157.379517 55.700172 56.266785 182.319077 75.772820 16.396141 176.695938 87.603622 65.249466 159.130203 112.117897               5640 
22.102766 157.393677 55.696575 56.286160 182.324127 75.762260 16.429911 176.695724 87.604431 65.267258 159.134659 112.107338               5665 
22.110811 157.406693 55.693283 56.303986 182.328781 75.752541 16.460526 176.695999 87.604973 65.283638 159.138763 112.097633               5690 
22.118174 157.418579 55.690300 56.320282 182.333023 75.743660 16.493696 176.695099 87.614998 65.298607 159.142517 112.088753               5715 
22.124960 157.429520 55.687572 56.335289 182.336945 75.735481 16.521933 176.691666 87.621689 65.312393 159.145966 112.080582               5741 
