41.504387 199.095901 101.308212 59.060833 163.544022 84.985916 10.098693 192.086060 96.519463 101.182236 161.648605 108.588097                  0 
41.431320 199.099030 101.445396 59.143105 163.603806 85.019241 10.151067 192.068512 96.722237 101.352425 161.806458 108.471565                 21 
41.315128 199.099869 101.649582 59.194359 163.606979 85.161072 10.225838 192.143814 96.900093 101.432663 161.815079 108.561577                 44 
41.122364 199.126907 101.775757 59.227245 163.610031 85.266197 10.226069 192.105850 97.081177 101.490974 161.849686 108.623138                 67 
40.834747 199.203827 101.829948 59.254036 163.609146 85.359413 10.217603 192.050461 97.241119 101.537636 161.876450 108.682442                 90 
40.534271 199.333755 101.796524 59.272758 163.622253 85.412338 10.214111 192.034836 97.326286 101.559250 161.891373 108.730255                113 
40.245876 199.490280 101.790909 59.292370 163.652054 85.492325 10.222483 192.075012 97.436501 101.580772 161.906906 108.805702                136 
39.998524 199.633392 101.874161 59.349144 163.685822 85.622093 10.267745 192.129608 97.611862 101.633865 161.898911 108.938995                159 
39.784908 199.786713 101.923759 59.411304 163.738190 85.720940 10.314418 192.215805 97.759300 101.701172 161.931335 109.026970                183 
39.559055 199.935059 101.947784 59.468567 163.781067 85.810677 10.380837 192.354340 97.849503 101.766708 161.970490 109.101402                206 
39.337944 200.068268 101.954514 59.508717 163.802460 85.884399 10.460594 192.533936 97.894707 101.818031 161.987167 109.154449                230 
39.097130 200.163025 101.937035 59.532898 163.798233 85.926430 10.514172 192.655823 97.897003 101.847977 161.987717 109.186363                253 
38.864769 200.254105 101.917305 59.549557 163.793732 85.964836 10.524068 192.700546 97.938499 101.865486 161.983963 109.223289                276 
38.651711 200.341705 101.898918 59.564598 163.789673 85.999512 10.530328 192.734451 97.977165 101.881287 161.980560 109.256622                299 
38.445992 200.428360 101.879257 59.577583 163.787018 86.031181 10.542946 192.781418 97.999283 101.894211 161.978043 109.288429                322 
38.265282 200.501053 101.888000 59.614124 163.792664 86.054321 10.564877 192.786392 98.052628 101.926468 161.960846 109.317558                345 
38.056030 200.606537 101.865639 59.638435 163.789978 86.074989 10.597803 192.830612 98.113693 101.964027 161.938553 109.312569                368 
37.814381 200.694580 101.857719 59.645641 163.767319 86.112999 10.602350 192.836548 98.196022 101.985130 161.909256 109.324715                391 
37.623295 200.787964 101.823967 59.654041 163.761841 86.122841 10.631933 192.922546 98.211143 102.000557 161.885178 109.320229                414 
37.456371 200.855347 101.854263 59.654221 163.747665 86.165756 10.679585 193.048035 98.253479 102.002350 161.819305 109.355972                438 
37.302746 201.022980 101.984375 59.602013 163.853378 86.215851 10.697087 193.284607 98.368439 101.941772 161.764801 109.407463                461 
37.167976 201.097733 102.083572 59.624218 163.868011 86.266258 10.775769 193.421844 98.442215 101.953995 161.669250 109.465919                485 
36.846588 201.233841 102.088783 59.640537 163.874771 86.305725 10.835827 193.537445 98.502151 101.958694 161.580353 109.517311                507 
36.614761 201.341232 102.100037 59.653698 163.877930 86.331795 10.897244 193.661835 98.525696 101.962494 161.509109 109.552979                530 
36.467232 201.403046 102.130020 59.661541 163.870773 86.349236 10.947312 193.754425 98.542740 101.964935 161.438248 109.573669                553 
36.311665 201.415558 102.167839 59.670544 163.836670 86.355576 11.000648 193.818832 98.546852 101.971214 161.351776 109.579422                575 
36.113548 201.468109 102.206841 59.676785 163.816757 86.380005 11.077439 193.950989 98.545578 101.971054 161.265823 109.608353                598 
35.879833 201.746552 102.487701 59.440731 164.025421 86.337410 11.043817 194.399521 98.771271 101.717461 160.992386 109.539719                621 
35.624962 201.837997 102.614021 59.360378 164.028091 86.353790 11.082901 194.568253 98.871803 101.626678 160.779419 109.545906                643 
35.207993 202.015396 102.508888 59.360661 164.025284 86.356461 11.157389 194.719238 98.812370 101.624397 160.751877 109.549774                665 
34.946392 202.138657 102.464470 59.362915 164.020462 86.358185 11.210866 194.828323 98.778923 101.623291 160.720306 109.553841                688 
34.859016 202.106445 102.548904 59.398537 163.940262 86.374695 11.289766 194.818512 98.836166 101.651680 160.552216 109.570854                709 
34.711159 202.093628 102.640106 59.444878 163.873901 86.394691 11.373339 194.811813 98.902077 101.677338 160.372818 109.611732                731 
34.535301 202.094040 102.715981 59.491707 163.807678 86.414955 11.459900 194.809097 98.963142 101.705093 160.199890 109.650330                753 
34.373260 202.101532 102.785263 59.528584 163.744888 86.445152 11.518966 194.788635 99.030930 101.721397 160.044159 109.703262                776 
34.236774 202.118271 102.843964 59.560368 163.693756 86.471603 11.575334 194.790298 99.083473 101.734894 159.912979 109.750008                798 
34.116745 202.167984 102.840981 59.572720 163.675079 86.465279 11.601468 194.811386 99.087723 101.728302 159.832428 109.767853                821 
34.115231 202.119965 102.825699 59.655117 163.624863 86.395569 11.667687 194.772583 98.997505 101.737015 159.657761 109.810196                843 
34.095493 202.064911 102.780594 59.743282 163.552124 86.301895 11.739906 194.731064 98.886917 101.741989 159.439529 109.840454                866 
34.081284 202.029221 102.717453 59.821533 163.490280 86.216400 11.797314 194.719864 98.793671 101.749199 159.256775 109.859947                888 
34.087463 202.003525 102.645882 59.891106 163.433975 86.141586 11.845004 194.723511 98.707344 101.755714 159.100098 109.878494                910 
34.121189 201.979309 102.561630 59.958466 163.367477 86.071381 11.885909 194.733353 98.621979 101.757225 158.930588 109.905106                933 
34.149181 201.964310 102.489815 60.015507 163.312302 86.014870 11.915369 194.756226 98.566536 101.757652 158.786362 109.930931                957 
34.182926 201.952347 102.443428 60.064217 163.267960 85.977852 11.946355 194.797409 98.532692 101.755478 158.659882 109.966873                980 
34.213589 201.942062 102.405327 60.105209 163.230652 85.946693 11.963599 194.833405 98.516144 101.753471 158.553421 109.996941               1004 
34.233067 201.936905 102.371986 60.139034 163.199860 85.920990 11.968866 194.866714 98.513756 101.751701 158.465561 110.021629               1027 
34.408791 201.962952 102.530380 60.540096 163.453720 85.819168 12.185213 194.902328 98.522926 102.022926 158.563156 110.111671               1051 
34.472446 201.910156 102.660225 60.695049 163.480103 85.797165 12.278921 194.877457 98.620766 102.132797 158.475464 110.143318               1075 
34.514099 201.889236 102.736320 60.761028 163.467331 85.797218 12.340033 194.909714 98.683670 102.161522 158.354294 110.184196               1098 
34.540573 201.878754 102.800461 60.787506 163.437653 85.830376 12.377398 194.968063 98.749428 102.157639 158.242584 110.251518               1122 
34.551758 201.875366 102.866714 60.809696 163.420364 85.871315 12.405647 195.039215 98.810516 102.147377 158.157196 110.332787               1146 
34.556499 201.876038 102.927620 60.828213 163.406036 85.908859 12.434397 195.126251 98.868286 102.136177 158.082840 110.407516               1170 
34.554237 201.882309 102.969368 60.846508 163.406326 85.927917 12.445508 195.197739 98.917603 102.131050 158.042480 110.457169               1194 
34.553982 201.886749 102.998566 60.858826 163.396530 85.932167 12.452538 195.254929 98.951508 102.121246 157.990707 110.489410               1218 
34.531834 201.879303 103.021942 60.860886 163.379929 85.928970 12.436782 195.278442 98.972862 102.100044 157.940781 110.517906               1242 
34.504570 201.865265 103.027603 60.838303 163.349762 85.891792 12.430523 195.397079 98.984314 102.042221 157.839996 110.524048               1266 
33.435799 201.506622 103.657898 58.866844 162.806702 85.524940 11.274847 195.466919 100.334595 100.821693 156.879425 108.752655               1291 
33.627121 202.635361 103.259903 57.673698 163.338669 84.451607 11.276328 197.187500 100.687195 100.176529 156.558884 106.415504               1315 
33.435013 203.510101 99.644958 57.274372 163.983246 80.692284 11.200233 198.090973 97.552017 100.125984 157.279831 101.991867               1336 
34.059940 206.473053 90.442627 59.270088 167.513351 71.744576 12.149436 200.640472 87.908859 101.780602 161.532639 93.924652               1357 
36.771275 212.866516 79.458122 60.073204 172.512589 60.955765 14.697453 208.392868 76.447243 101.591927 163.699509 84.051086               1374 
36.938328 213.850952 68.356133 61.013527 172.598557 52.807758 15.248431 209.397583 65.330376 102.151459 165.608780 77.173355               1388 
39.846405 216.267868 56.941605 63.749294 174.217422 43.057877 18.424423 212.713547 52.893738 103.124130 166.238419 69.906090               1401 
40.507881 218.689285 45.763390 63.732990 175.710754 33.386410 19.268559 215.947357 41.228531 101.843597 167.017456 61.791988               1412 
42.042328 220.874954 35.716591 64.614594 177.293549 23.972195 20.981886 218.842133 30.627462 101.447556 167.481781 53.669518               1422 
41.857929 224.429779 23.815638 63.954300 180.283875 12.731964 21.165707 222.985977 18.320190 99.700935 169.653381 43.457188               1431 
41.386326 227.700134 11.992853 62.865082 183.001053 1.539312 21.412601 227.101105 5.866292 97.346405 171.436020 33.353729               1440 
41.148796 230.594589 1.524410 62.607674 185.869095 -8.899688 22.304209 230.835388 -5.620447 95.654144 173.340897 24.052458               1448 
41.665077 234.042252 -23.924059 66.786133 191.009506 -33.195179 25.872705 234.804047 -33.974651 95.250473 178.116364 3.661526               1466 
40.693615 235.262512 -34.054817 67.819695 193.418198 -43.096699 26.656439 236.338181 -45.369713 94.098221 179.980270 -4.837975               1474 
40.712543 236.136658 -45.238010 69.516296 195.391403 -54.085251 28.205879 237.544479 -57.390156 94.135330 181.450287 -14.913617               1483 
42.578377 239.020782 -70.478661 73.484016 199.611649 -78.182571 32.012093 240.797745 -83.637581 95.255615 185.087906 -37.563278               1500 
42.787556 239.829514 -79.922150 74.412056 200.847687 -86.825714 33.378311 241.773987 -93.426437 95.124626 186.417435 -45.623463               1509 
43.440384 240.011063 -89.376968 75.252998 201.051559 -95.471733 35.641182 242.311752 -103.165855 95.077133 186.740952 -53.793457               1518 
44.648903 242.770676 -115.068352 75.710915 202.980255 -119.370415 40.389511 245.875229 -129.203552 93.939949 189.099976 -76.827400               1535 
50.321098 243.499481 -141.765121 82.808304 204.686264 -143.866653 47.448956 246.543304 -156.318008 97.882957 190.802780 -100.107399               1561 
52.092842 243.500885 -146.387344 83.664764 203.925674 -148.266205 49.431244 246.517075 -160.986267 98.346230 189.870819 -104.428047               1570 
55.847157 242.315079 -146.918213 86.177437 201.871368 -150.176208 52.956516 245.451248 -161.476364 101.930817 187.013794 -106.979546               1579 
58.350056 239.831909 -148.775848 89.294785 199.930588 -152.633011 55.354744 242.818970 -163.354248 106.573280 185.690384 -109.813171               1588 
62.201084 233.311188 -158.797913 94.610191 194.605301 -158.930267 61.081207 236.111694 -173.839081 108.358131 181.985184 -114.359032               1605 
63.780991 231.989883 -162.695892 96.637657 193.727142 -161.364197 63.496246 234.695984 -177.777985 109.430168 182.038666 -116.257660               1614 
63.323246 230.153351 -167.534515 96.663940 192.401505 -164.868622 64.525787 232.992508 -182.492538 109.040146 181.964462 -119.340981               1622 
63.170128 231.195557 -173.768890 95.678406 192.874832 -169.737137 66.958755 234.632965 -188.318680 106.974327 183.083847 -123.787086               1631 
63.062134 231.123550 -178.557724 95.084740 192.597198 -173.681198 69.347908 235.303024 -192.734344 105.280418 182.941086 -127.446198               1640 
63.005501 230.188049 -182.754715 94.572647 191.449326 -177.475983 70.737587 234.838196 -196.686432 103.999535 181.700424 -131.097534               1657 
62.942028 229.936539 -184.266693 94.085396 190.959457 -178.620361 71.249237 234.626022 -198.155304 103.219833 181.434586 -132.136948               1665 
63.037121 229.598038 -185.880630 93.679863 190.331467 -179.942032 72.161285 234.436142 -199.633179 102.365196 180.827301 -133.368378               1674 
63.976563 228.967621 -186.978363 94.311073 189.557053 -180.792343 73.446732 233.907639 -200.588364 102.263237 179.813141 -134.137360               1683 
64.505028 228.605560 -187.577560 94.661987 189.126541 -181.265060 74.043274 233.582565 -201.200485 102.205276 179.251587 -134.569748               1691 
67.178421 229.029343 -193.206955 93.633698 187.368271 -184.918015 78.085922 233.249084 -206.143082 97.031120 177.040512 -137.836563               1700 
70.686867 230.811340 -196.612335 94.666054 187.910141 -187.228302 82.213219 234.417740 -209.196075 95.666565 177.569031 -140.037949               1709 
73.242065 231.623306 -199.077179 95.631035 188.015503 -189.088425 85.069267 234.898956 -211.410828 94.888687 177.558029 -141.918945               1726 
73.232185 231.415558 -199.495010 95.787750 187.911682 -189.448700 84.891060 234.718552 -211.889755 94.780258 177.343414 -142.308853               1735 
73.589226 231.425354 -199.555054 96.254601 187.930252 -189.750534 84.382729 234.578064 -212.384964 95.163048 177.032623 -142.687607               1743 
72.098923 230.284836 -200.157440 95.915260 187.328827 -190.742264 83.234573 233.928818 -212.837936 95.011459 175.915207 -143.797821               1752 
70.847069 228.836533 -204.201218 93.729225 185.541611 -194.076828 82.391991 231.959656 -217.028809 93.262192 175.299820 -146.856537               1761 
70.529869 227.989227 -208.115585 91.909363 184.271362 -196.641144 89.366478 229.991089 -218.790924 92.115486 176.033722 -149.028473               1770 
70.307129 227.435928 -210.362106 90.864502 183.542053 -198.113434 89.887093 228.896027 -221.395309 91.533913 176.438354 -150.322662               1788 
70.266518 227.336578 -210.739044 90.689255 183.419724 -198.360367 89.809006 228.682571 -221.858810 91.441620 176.504425 -150.543198               1796 
70.024178 226.868332 -211.326996 90.731812 183.196381 -198.581024 89.604630 228.227158 -222.527252 91.618294 176.729324 -150.703476               1804 
69.856621 226.539108 -211.734528 90.761314 183.041519 -198.734024 89.518745 227.904373 -222.994247 91.737663 176.886551 -150.817108               1813 
69.724449 226.275528 -212.056808 90.784645 182.919083 -198.854996 89.525795 227.643036 -223.361404 91.830208 177.011551 -150.908386               1821 
69.828400 225.600311 -212.415634 91.581070 182.673813 -198.950577 89.560768 227.336090 -223.635452 92.304344 176.858994 -150.986710               1830 
70.079597 224.766022 -212.708710 92.710564 182.399536 -198.936630 89.669075 227.089142 -223.699921 92.802864 176.531952 -150.973816               1839 
70.998947 224.211899 -213.033493 94.235535 182.320953 -198.836502 89.561417 227.261597 -223.884338 93.486191 176.402603 -150.885696               1847 
71.544632 223.880371 -213.221863 95.130562 182.274826 -198.777740 89.419891 227.383560 -224.011093 93.890572 176.309692 -150.842911               1856 
72.036201 223.402359 -213.601089 96.148987 182.267639 -198.698685 89.234077 227.394516 -224.285889 94.326912 176.408142 -150.769409               1865 
71.895500 223.184052 -213.841934 96.247269 182.272095 -198.732956 88.366280 227.445816 -224.628006 94.326027 176.556702 -150.790161               1883 
71.870827 223.163040 -213.868240 96.241997 182.273499 -198.737732 88.091667 227.493393 -224.700409 94.316437 176.576843 -150.792877               1891 
71.830681 223.129272 -213.910889 96.233421 182.275787 -198.745514 87.790588 227.534470 -224.790436 94.300789 176.609589 -150.797348               1901 
71.475899 222.656357 -214.324066 96.466843 182.285934 -198.837616 87.637642 227.645523 -224.771072 94.320404 176.775284 -150.880402               1910 
71.168121 222.299683 -214.645889 96.603676 182.306427 -198.917542 87.753395 228.001648 -224.339340 94.312393 176.919861 -150.952942               1920 
70.286362 221.352737 -215.500824 96.888603 182.460861 -198.970810 87.401169 227.935577 -224.561996 95.104645 178.246796 -150.867508               1929 
69.554749 220.494232 -216.225601 97.131203 182.592346 -199.016174 87.584236 228.518616 -223.957794 95.733047 179.406052 -150.821136               1939 
69.003334 219.994980 -216.590027 97.143517 182.659805 -199.066055 88.257530 229.320343 -222.982086 95.876793 179.922897 -150.839783               1949 
68.456337 219.472198 -216.908966 97.185432 182.726227 -199.105927 88.333832 229.715149 -222.555679 95.995415 180.360916 -150.858047               1959 
68.011452 219.029984 -217.171387 97.220085 182.781128 -199.138885 88.250496 230.226166 -222.047638 96.086037 180.725021 -150.875488               1968 
66.261604 217.233047 -217.603577 97.664047 183.253357 -198.861084 86.496727 230.207397 -222.093445 97.354843 182.786240 -150.543854               1978 
65.055023 215.693008 -218.182159 98.283760 184.003235 -198.603333 85.294388 230.389618 -222.342377 98.677452 185.482727 -150.307114               1989 
64.372025 215.397385 -218.152252 98.118279 184.408218 -198.344833 84.875130 230.953613 -221.959137 98.863480 186.644608 -150.081894               1999 
63.966427 215.664322 -217.411926 98.566818 185.952515 -197.133286 84.206100 232.498428 -220.346298 98.461082 188.086990 -148.860092               2009 
63.395355 215.882187 -216.312653 99.102028 187.797058 -195.643906 82.606033 233.936111 -218.634933 98.117455 189.605621 -147.367325               2021 
63.134312 215.763504 -215.753952 99.471420 188.677353 -194.857330 82.004372 234.718155 -217.648834 98.200554 190.544006 -146.589645               2030 
63.005665 217.413864 -213.124466 100.385750 192.476730 -191.414383 80.201317 238.037109 -213.439941 96.920471 192.672409 -143.218719               2041 
63.584827 217.473831 -210.957535 101.883102 195.683899 -188.355209 78.454086 239.955307 -210.263763 96.067146 194.316010 -140.405533               2052 
61.911572 209.907684 -208.276367 101.386627 200.131851 -186.352005 71.009529 235.663925 -214.975159 91.662376 202.627228 -139.085938               2063 
61.841087 206.300156 -205.153229 100.682381 202.301971 -186.166977 67.817139 233.088577 -217.617401 88.341103 205.428772 -139.553833               2074 
61.944466 204.218307 -204.514297 99.697029 204.973328 -185.944244 65.383003 231.713989 -219.528229 84.402573 206.908951 -140.149033               2084 
62.261631 203.472626 -204.329880 98.979309 207.387054 -185.445251 63.916477 232.080673 -219.857391 81.643509 207.794815 -140.343460               2094 
62.999275 203.532928 -204.123871 98.717232 209.389038 -184.478668 63.462173 233.027374 -219.485565 79.725990 208.284821 -140.060410               2104 
64.418030 205.027954 -203.179932 98.306152 212.814560 -181.454422 63.591469 235.540619 -217.658386 76.626648 208.913910 -138.446838               2113 
65.889259 209.551285 -200.067078 98.802940 217.688004 -177.257111 64.498138 240.966080 -213.518097 75.844337 211.644196 -135.170975               2123 
65.977669 212.766785 -196.326355 98.811852 221.225693 -173.711655 63.553860 244.880600 -208.768677 76.317032 213.238327 -131.699097               2132 
65.463684 217.012329 -190.919998 97.949364 223.167923 -167.241608 63.006954 250.461380 -199.850830 74.982162 210.336197 -126.711090               2142 
67.150970 220.905823 -187.308502 95.115578 229.605545 -159.193848 58.127388 254.313812 -191.647095 71.983696 205.577362 -124.230576               2152 
70.678780 224.196823 -186.409027 93.250885 233.024078 -153.917480 58.802315 256.964996 -189.686829 68.310898 203.538620 -124.874863               2161 
73.456436 227.988174 -183.435944 90.779015 237.698288 -148.162674 56.868465 258.727661 -186.440186 68.553940 202.102081 -124.208031               2172 
86.676216 261.592926 -209.041702 83.825752 248.553436 -143.401550 56.483913 254.597351 -191.253616 72.316750 206.485107 -122.600891               2188 
89.449982 268.369354 -212.118927 81.423500 252.308167 -141.609833 58.318081 253.657532 -192.035522 73.121162 209.786942 -120.211594               2196 
99.706947 295.278320 -207.989761 79.589050 255.214813 -137.422485 68.008301 255.498825 -191.899002 72.172333 212.612610 -115.860641               2205 
102.851837 296.013397 -208.016174 79.281258 253.446274 -134.225388 73.969826 249.486069 -190.131607 72.386719 212.587891 -109.367279               2214 
103.167122 294.745728 -204.785049 78.335434 252.285324 -129.404022 77.666718 246.412201 -185.919769 71.874908 212.372009 -102.945427               2223 
102.912704 293.229004 -201.351654 77.377899 251.838699 -124.841202 91.579872 246.426392 -181.024002 71.412796 212.735901 -97.087692               2231 
105.457153 286.305298 -196.816116 76.194572 251.582047 -117.884399 101.039619 242.512833 -172.484955 68.584198 215.176147 -87.037033               2249 
114.390953 281.705933 -188.091858 75.866318 250.751099 -111.498077 109.876572 239.897308 -161.494278 64.228783 215.846237 -80.175766               2257 
122.295654 277.510284 -181.182922 77.306793 249.623901 -106.898849 119.342735 238.610367 -151.114319 62.386562 215.914780 -75.658638               2268 
127.032845 278.288513 -171.407257 76.636429 250.623550 -100.556175 122.812180 239.767395 -141.005203 58.863644 216.926361 -70.832504               2275 
139.085922 269.467468 -157.233276 78.559921 249.182632 -91.988342 130.754700 233.905594 -123.583603 54.233852 218.387009 -63.797192               2290 
139.335373 263.990204 -138.175827 76.118652 249.606247 -73.887680 130.335617 230.477478 -101.124596 48.470924 221.300735 -46.151981               2310 
134.097610 272.755829 -125.075920 74.262138 252.122528 -59.249130 129.386658 237.416595 -88.202080 49.094330 221.165543 -31.989006               2327 
137.220993 250.855743 -112.311409 73.841728 239.028534 -47.623325 128.649170 218.144089 -73.495827 45.199600 211.876648 -19.743727               2339 
64.386436 218.762955 -87.800171 87.525703 213.028152 -8.568073 66.851341 199.648865 -64.069389 92.082451 177.403427 23.758127               2353 
28.609064 260.708984 -24.934353 75.760597 204.291336 18.645267 48.342674 200.417343 -27.637350 106.136345 167.127548 24.216269               2370 
11.670033 265.874451 -3.328017 70.668304 204.753159 25.008583 41.690777 198.873123 -19.597267 105.211578 171.006699 26.683966               2379 
2.925051 268.530151 11.692470 66.737938 205.603943 31.193184 37.271450 200.245346 -12.995818 102.711029 173.356125 30.253374               2389 
-2.092059 273.266876 23.202694 63.821617 210.014847 40.011333 30.760429 201.004395 -0.844461 99.571648 177.540695 38.516819               2405 
-1.628352 275.401642 26.376200 63.293308 210.891876 44.111862 28.020754 198.767151 6.241824 98.018570 177.300140 43.324856               2415 
1.517450 278.557068 33.700333 63.407295 211.377640 53.382572 25.975845 197.425858 18.411297 96.212006 175.901382 53.776207               2431 
1.164145 278.415466 35.392254 62.964188 211.509384 56.631760 23.929449 195.381805 24.470406 95.345802 175.667908 57.931076               2440 
2.734807 280.645325 42.360397 63.345123 212.011780 61.814075 23.698233 195.868729 30.495867 95.097252 175.590607 62.225300               2448 
0.966557 279.792511 51.022373 62.029491 211.377136 70.295311 21.592165 193.702637 40.769600 93.849709 175.015289 70.693604               2465 
5.102162 282.251373 54.277210 63.355350 211.535278 74.131508 22.058435 195.089142 45.038509 93.652672 173.900269 74.871429               2474 
8.995655 285.522736 65.786034 63.929733 211.404526 82.805618 21.300123 197.695465 54.167191 92.291985 172.289795 82.105934               2491 
10.034626 285.567047 66.499512 64.305031 211.127106 84.386932 21.578194 197.447449 55.856808 92.332619 171.766266 84.167404               2500 
10.367281 285.604797 67.340080 64.444145 211.124298 85.834625 21.476170 197.218048 57.732635 92.326797 171.660278 85.968323               2509 
11.684776 286.334656 69.123436 64.909622 211.169678 87.498947 21.501791 197.313538 59.980797 92.350319 171.396973 87.595299               2518 
13.972778 287.556732 70.947624 65.309029 211.322113 90.466698 21.038387 197.642426 64.120033 91.703484 170.854126 91.203682               2535 
14.824552 287.827240 72.392532 65.540161 211.104370 91.710152 20.864332 197.643692 65.885612 91.559235 170.392502 92.358185               2543 
12.540606 285.650177 74.881248 65.154945 210.136688 94.049980 20.630985 195.351364 68.633812 92.191696 170.092575 94.642929               2561 
11.803164 283.999878 74.202553 64.994110 209.314102 95.030113 20.594803 193.632996 69.893143 92.364212 169.520340 96.513962               2570 
10.011282 281.099121 73.196136 64.860603 208.031631 95.502510 20.189384 190.728897 71.914963 92.933838 168.770767 97.814621               2578 
9.125947 279.964844 73.532562 64.853310 207.519333 95.781281 19.842127 189.619522 73.308693 93.247475 168.490372 98.100807               2588 
7.684441 278.159912 73.967079 64.480980 206.694839 96.774864 19.318609 188.182495 75.340767 93.364662 168.048187 99.427681               2604 
6.378865 277.126190 74.822571 64.044441 206.274841 97.410606 18.769510 187.501831 76.624672 93.313271 167.912613 99.968819               2613 
4.294642 275.674957 73.467026 63.046844 206.095642 97.266197 17.444086 187.077850 77.903320 92.755562 168.127151 100.530289               2630 
3.184191 275.026093 74.031631 62.549828 205.828949 97.459343 16.775097 187.109344 78.473282 92.500282 168.036285 100.550217               2639 
1.901427 274.143066 74.235886 61.975948 205.532074 97.637695 16.017742 187.120407 79.131172 92.211563 167.968979 100.750572               2648 
0.897867 273.444702 74.456619 61.545227 205.266205 97.695190 15.430622 187.031021 79.616768 92.003082 167.878494 100.752403               2656 
5.706437 216.642395 50.899136 59.524700 203.892288 97.016068 14.551908 182.962463 79.092422 92.479507 168.733810 100.584106               2674 
7.480780 208.157181 47.982281 59.511189 203.578720 97.636322 14.169461 183.627457 79.521797 92.157303 168.120316 101.071533               2699 
7.478454 207.775650 48.085693 59.513645 203.486740 97.823006 14.038543 183.835938 79.707924 92.063705 167.927933 101.129555               2708 
7.502179 207.835907 48.701809 59.642704 203.248245 98.330238 13.898762 184.184845 80.263573 91.904243 167.411743 101.461838               2717 
7.393302 207.759811 49.102051 59.769699 203.019363 98.483490 13.788929 184.319534 80.646301 91.847939 167.004181 101.443497               2726 
7.264898 207.523804 49.364738 59.902092 202.855652 98.489136 13.712109 184.513611 80.864883 91.869873 166.736145 101.371994               2743 
7.056982 207.497665 49.618942 59.947220 202.749756 98.468353 13.624541 184.638016 80.992798 91.877914 166.581802 101.147552               2752 
6.898375 207.225098 49.878895 60.067940 202.440613 98.426483 13.556038 184.688370 81.099731 91.892365 166.170258 100.983040               2760 
6.675521 206.749619 50.135445 60.103878 202.144501 98.422203 13.480553 184.644089 81.245201 91.962074 165.897186 100.882973               2778 
6.541037 206.378174 50.093159 60.008690 201.991547 98.359810 13.400959 184.487122 81.220314 91.946075 165.816757 100.861069               2787 
5.882787 205.512970 50.045166 59.745518 201.679428 97.922653 13.134550 183.954254 81.148613 91.981728 165.759399 100.256447               2804 
5.508480 204.819000 49.897385 59.688339 201.164948 97.432060 12.993108 183.429199 80.976921 91.997261 165.300629 99.612000               2812 
5.216753 204.213211 49.813175 59.660969 200.637817 97.053780 12.854776 183.001083 80.939079 91.950974 164.750290 99.129654               2821 
5.050617 203.837708 49.757847 59.656322 200.317337 96.818405 12.771913 183.041229 81.029755 91.923294 164.406204 98.843788               2830 
4.941433 203.584518 49.719616 59.653240 200.104584 96.662148 12.715907 183.283035 81.156815 91.904732 164.177689 98.654221               2838 
4.836524 203.335190 49.681061 59.650249 199.898285 96.510628 12.671458 183.652054 81.301086 91.886589 163.956024 98.470551               2856 
4.559335 203.474075 49.671124 59.563217 199.743271 96.255943 12.562480 183.749542 81.189827 91.882645 163.853958 97.766342               2865 
4.275632 203.463501 49.722443 59.538296 199.535477 95.986000 12.535709 183.950974 81.054657 92.002823 163.759750 96.996315               2882 
4.354392 202.309799 49.003845 59.154507 199.568542 95.900528 12.532875 183.402008 80.739151 92.050850 164.217499 97.633560               2899 
4.537911 201.572327 48.401878 58.909393 199.569107 95.833305 12.593903 183.050369 80.536354 92.076820 164.501862 98.086853               2917 
4.564367 200.758118 47.619675 58.613480 199.518021 95.445305 12.610874 182.531219 80.257019 92.110939 164.793625 98.092033               2934 
4.527792 200.328384 47.224026 58.405888 199.455841 95.251221 12.576437 182.227997 80.056763 92.088821 164.924316 98.062271               2943 
4.573385 199.875061 46.849247 58.284733 199.346024 95.069008 12.612993 181.923050 79.966286 92.112877 164.972336 98.064827               2951 
4.604174 199.249542 46.356064 58.066158 199.189087 94.856613 12.598915 181.523071 79.759911 92.065254 165.011261 98.143936               2972 
4.635252 199.050903 46.196514 58.002567 199.122467 94.801979 12.612989 181.387161 79.796143 92.050087 165.002106 98.183655               2984 
4.713463 199.294891 46.242081 58.033978 199.111435 94.899712 12.674879 181.502274 79.986282 92.050041 164.947891 98.159790               3001 
4.778953 199.493118 46.289913 58.069553 199.091080 94.979980 12.739613 181.566788 80.140556 92.061218 164.892593 98.126343               3019 
4.915590 199.244919 46.354679 58.164616 198.851852 95.091171 12.882581 181.317169 80.245781 92.202492 164.697281 98.214760               3038 
5.081540 199.139786 46.431641 58.268806 198.695847 95.235909 13.017012 181.215668 80.354530 92.307327 164.541718 98.357414               3056 
5.617635 199.091675 46.260117 58.558479 198.565430 95.331566 13.338610 181.251740 80.309738 92.475449 164.311569 98.675400               3074 
6.266350 199.230591 45.975311 58.881310 198.500504 95.394180 13.688008 181.438217 80.163254 92.604034 164.081528 98.997070               3093 
6.562027 198.576599 45.912109 59.012138 198.227890 95.510757 13.944024 181.077759 80.207901 92.849503 163.947617 99.353188               3112 
6.588578 198.145370 45.972839 58.992752 198.116165 95.621918 14.001998 180.926849 80.358437 92.935585 163.955536 99.597351               3132 
6.596137 197.888535 45.991974 58.983829 198.070602 95.658760 14.030986 180.922043 80.461975 92.993118 163.985703 99.715439               3151 
6.579158 197.794006 46.044682 58.947899 198.073013 95.731621 14.014990 181.054565 80.556564 93.003448 164.037369 99.813690               3170 
6.612344 197.880615 46.112335 58.970013 198.070862 95.811951 14.029582 181.220764 80.639046 93.024216 164.027191 99.837990               3189 
6.531167 197.977737 46.336475 58.946693 198.072479 95.975914 13.978953 181.394653 80.837044 93.008247 164.023209 99.890724               3209 
6.410967 197.783569 46.510216 58.905449 197.949997 96.066513 13.932731 181.334915 80.996696 93.034065 163.959641 99.908607               3230 
6.310270 197.619888 46.656101 58.870785 197.847046 96.142654 13.893477 181.265472 81.144112 93.055557 163.906296 99.923515               3251 
6.232069 197.491760 46.769596 58.843773 197.766830 96.201988 13.855774 181.272308 81.241890 93.072166 163.864761 99.935066               3272 
6.319246 197.075134 46.728947 58.869591 197.550354 96.225517 13.897244 181.142700 81.235710 93.133820 163.699493 100.092155               3292 
6.091987 196.498856 46.745876 58.691483 197.403931 96.184685 13.703665 181.012848 81.318680 93.017502 163.638611 100.246216               3312 
5.764114 195.815781 46.693405 58.487480 197.294113 95.986687 13.470357 180.881424 81.297943 92.912529 163.655273 100.254410               3332 
5.662454 195.468094 46.677105 58.413013 197.195190 95.933632 13.366090 180.904205 81.251877 92.867828 163.602066 100.319527               3352 
5.619326 195.039444 46.578045 58.398438 197.043091 95.793922 13.330006 180.830048 81.122093 92.890404 163.505096 100.307816               3372 
5.665968 194.745926 46.517769 58.402973 196.974411 95.769524 13.299932 180.942139 81.050186 92.866974 163.436157 100.490402               3392 
5.711016 194.430725 46.440453 58.395386 196.892532 95.737801 13.285082 180.977036 80.965202 92.843864 163.367798 100.663582               3412 
5.773486 194.247299 46.334629 58.402794 196.824722 95.685242 13.299314 180.917328 80.910942 92.832703 163.300171 100.740356               3432 
5.796618 194.233582 46.312027 58.404102 196.819916 95.685814 13.303461 180.942062 80.947578 92.837082 163.300537 100.754242               3453 
5.857213 194.458237 46.274014 58.425945 196.891251 95.697197 13.335929 181.077896 80.912552 92.869736 163.368683 100.670303               3472 
5.925284 194.588394 46.267677 58.452923 196.906723 95.740402 13.380521 181.137100 80.890724 92.922081 163.397934 100.629898               3492 
6.007815 194.654160 46.274166 58.503651 196.908508 95.783920 13.449884 181.146942 80.953392 92.982880 163.404617 100.635849               3512 
6.081380 194.749283 46.300632 58.548168 196.918365 95.845314 13.518948 181.159790 81.021873 93.044823 163.423584 100.635704               3532 
6.144715 194.856888 46.334652 58.592426 196.908615 95.904861 13.594113 181.149170 81.081596 93.115799 163.427307 100.596107               3555 
6.197909 194.955551 46.350716 58.633301 196.913498 95.938057 13.660185 181.152649 81.117470 93.170219 163.436081 100.556747               3577 
6.243692 195.041443 46.355389 58.664040 196.919571 95.962029 13.705070 181.175964 81.106186 93.208328 163.442261 100.526093               3600 
6.300694 195.147537 46.349834 58.705437 196.929199 95.976807 13.753485 181.220444 81.076492 93.245354 163.440247 100.488205               3622 
6.333524 195.241119 46.340775 58.742874 196.939957 95.966080 13.791606 181.259308 81.042953 93.283417 163.443512 100.416542               3646 
6.383198 195.371490 46.322468 58.805527 196.952240 95.938248 13.857300 181.294556 81.020889 93.339233 163.437988 100.307053               3669 
6.464904 195.512268 46.317242 58.843273 196.942413 95.984261 13.911863 181.327667 81.019371 93.345016 163.389786 100.310852               3692 
6.502816 195.579346 46.307774 58.868996 196.915619 95.990524 13.947477 181.327469 81.006577 93.352608 163.339478 100.279099               3716 
6.578872 195.698792 46.300701 58.898640 196.879059 96.036530 13.988397 181.346649 81.015076 93.331802 163.248032 100.300354               3740 
6.657232 195.672623 46.230213 58.922276 196.828156 96.024384 14.032413 181.295486 81.021873 93.316002 163.164063 100.345146               3763 
6.715246 195.634109 46.152138 58.946323 196.805862 95.981804 14.077488 181.235443 81.073357 93.325684 163.132935 100.347801               3788 
6.736209 195.593094 46.111832 58.947758 196.786407 95.961685 14.101455 181.158798 81.166039 93.327171 163.116776 100.352531               3811 
6.806789 195.268677 45.924538 58.943962 196.697403 95.846230 14.131968 180.963791 81.157204 93.322945 163.054291 100.439148               3834 
6.860383 194.804352 45.719849 58.936142 196.526978 95.696564 14.145072 180.696411 81.133430 93.305122 162.907761 100.532875               3857 
6.974142 194.577042 45.589493 58.988007 196.435379 95.625992 14.209656 180.578949 81.106293 93.335678 162.816132 100.611160               3881 
7.061263 194.402298 45.489994 59.027710 196.365250 95.571968 14.258045 180.484161 81.119957 93.359055 162.746414 100.671097               3904 
7.069098 194.477539 45.659351 59.061749 196.339294 95.718201 14.263535 180.544006 81.282829 93.347893 162.668945 100.781456               3928 
6.981053 194.413452 45.779747 59.032005 196.276077 95.778145 14.226247 180.488525 81.387733 93.338089 162.617737 100.785789               3951 
6.907831 194.359848 45.879986 59.007240 196.223450 95.828056 14.198541 180.457642 81.455582 93.329857 162.575104 100.789391               3974 
6.846519 194.314713 45.964001 58.986473 196.179321 95.869911 14.180650 180.490860 81.436256 93.322906 162.539368 100.792389               3997 
6.795658 194.443008 46.148937 59.004391 196.197998 95.987068 14.166555 180.655136 81.531548 93.317184 162.520920 100.819862               4021 
6.783274 194.509323 46.236599 59.015652 196.136780 96.054474 14.160989 180.772751 81.466698 93.298050 162.419037 100.818893               4044 
6.778560 194.571518 46.272686 59.030499 196.094299 96.073540 14.171237 180.888641 81.337990 93.287781 162.343140 100.781609               4067 
6.776727 194.623398 46.304527 59.048382 196.065063 96.087288 14.187813 180.989380 81.210464 93.283615 162.285446 100.751465               4090 
6.789209 194.651642 46.343266 59.068424 195.989502 96.121170 14.197059 181.014069 81.195534 93.272079 162.172150 100.743347               4113 
6.800410 194.676666 46.377850 59.086273 195.922195 96.151344 14.203582 181.019897 81.205666 93.261795 162.071304 100.736053               4136 
6.809849 194.697403 46.406773 59.101189 195.865967 96.176559 14.209459 181.044434 81.208061 93.253189 161.987122 100.729919               4159 
6.797854 194.707870 46.437061 59.109222 195.844406 96.186714 14.207147 181.072952 81.221367 93.251152 161.952225 100.716301               4183 
6.787786 194.716537 46.462563 59.115993 195.826218 96.195274 14.204265 181.096588 81.234825 93.249428 161.922806 100.704819               4206 
6.778576 194.724426 46.485947 59.122208 195.809525 96.203133 14.200380 181.124176 81.246300 93.247833 161.895813 100.694290               4229 
6.770672 194.740311 46.514977 59.131924 195.797974 96.214355 14.199000 181.148071 81.269279 93.247879 161.871933 100.685867               4253 
6.763457 194.754791 46.541553 59.140823 195.787384 96.224640 14.196017 181.180084 81.285477 93.247902 161.850067 100.678162               4276 
6.756754 194.768250 46.566326 59.149124 195.777527 96.234230 14.192339 181.215622 81.300148 93.247925 161.829681 100.670975               4299 
6.750467 194.780853 46.589630 59.156937 195.768234 96.243256 14.189640 181.254898 81.310738 93.247932 161.810486 100.664207               4323 
6.746255 194.796051 46.611542 59.163597 195.761902 96.254265 14.187597 181.291183 81.321220 93.246536 161.794357 100.661865               4347 
6.742299 194.810364 46.632210 59.169884 195.755936 96.264656 14.185230 181.318253 81.338516 93.245216 161.779129 100.659660               4371 
6.737046 194.836609 46.653912 59.175808 195.756836 96.275169 14.182960 181.348602 81.353340 93.243690 161.770386 100.653412               4394 
6.777546 194.844696 46.639599 59.177746 195.744492 96.302094 14.194643 181.351715 81.340019 93.238205 161.752670 100.696312               4418 
6.847075 194.892273 46.619602 59.158138 195.745712 96.376938 14.203971 181.366440 81.318634 93.214439 161.752914 100.795753               4442 
6.951956 195.006561 46.585892 59.149204 195.771500 96.464180 14.234436 181.416946 81.280205 93.202324 161.776718 100.892281               4465 
6.931670 194.957870 46.557869 59.103867 195.781982 96.461563 14.222561 181.359375 81.246239 93.215370 161.844788 100.882080               4489 
6.907285 194.950836 46.567638 59.092590 195.786331 96.457565 14.223611 181.332031 81.246323 93.243095 161.882919 100.835991               4513 
6.863348 194.874054 46.617039 59.060307 195.767944 96.493896 14.213995 181.266754 81.263824 93.278290 161.927536 100.832718               4537 
6.399043 195.134918 46.730881 58.645920 195.979187 96.556435 13.841690 181.387436 81.289520 93.007561 162.257446 100.678413               4561 
6.391199 194.881577 46.585678 58.549171 195.933594 96.500481 13.820121 181.188232 81.160797 93.019287 162.332352 100.700035               4585 
6.232012 194.641418 46.464226 58.432831 195.949570 96.328278 13.756327 180.994553 81.040146 93.064217 162.511246 100.501328               4609 
6.023154 194.373901 46.397373 58.340111 195.939697 96.132248 13.690167 180.783890 80.965965 93.127419 162.655365 100.238945               4632 
5.974693 194.269516 46.409992 58.323608 195.929733 96.108284 13.678521 180.717209 80.984055 93.150650 162.686966 100.214951               4656 
5.941784 194.198151 46.418560 58.312359 195.922928 96.091942 13.669746 180.674988 80.994667 93.166466 162.708527 100.198532               4679 
5.713892 193.788467 46.439602 58.231895 195.824463 95.945396 13.568872 180.442123 81.031830 93.159180 162.691666 100.089249               4703 
5.668548 193.690399 46.477451 58.210079 195.774048 95.956398 13.535517 180.399170 81.054024 93.132187 162.638626 100.122795               4726 
5.603682 193.578934 46.487598 58.175781 195.742752 95.930740 13.492899 180.351593 81.051628 93.101631 162.615082 100.127335               4749 
5.524100 193.486481 46.513775 58.154617 195.723709 95.891571 13.454845 180.317978 81.063004 93.083305 162.600266 100.097809               4772 
5.614746 193.423920 46.558731 58.215042 195.619934 95.970688 13.495741 180.289886 81.110176 93.071442 162.429382 100.247086               4796 
5.705668 193.367081 46.596741 58.276936 195.526199 96.041313 13.536777 180.268082 81.164131 93.061295 162.269455 100.389473               4819 
5.695293 193.364624 46.594669 58.251690 195.510406 96.055740 13.506859 180.281982 81.148804 93.011513 162.231491 100.430382               4842 
5.685990 193.362335 46.592770 58.228958 195.496201 96.068733 13.483562 180.292999 81.127991 92.966667 162.197342 100.467224               4866 
5.674139 193.365860 46.602631 58.232826 195.495834 96.062164 13.483808 180.299347 81.115417 92.964890 162.190231 100.454170               4890 
5.662726 193.372223 46.613625 58.238312 195.496658 96.055534 13.486370 180.303101 81.113190 92.963806 162.183258 100.440262               4914 
5.660645 193.378494 46.616474 58.240711 195.497116 96.053978 13.489935 180.302963 81.107162 92.961510 162.178558 100.436684               4938 
5.664593 193.383896 46.618118 58.247120 195.493011 96.053513 13.496803 180.302048 81.099747 92.960693 162.166855 100.435730               4963 
5.672849 193.399704 46.621811 58.260002 195.488388 96.053253 13.508559 180.302139 81.100128 92.963707 162.151138 100.429207               4988 
5.730567 193.501160 46.636417 58.308510 195.486923 96.082001 13.550196 180.347626 81.110077 92.976646 162.109375 100.432678               5012 
5.785708 193.597900 46.650459 58.354778 195.485519 96.109413 13.588391 180.394394 81.114746 92.988976 162.069611 100.435905               5037 
5.827857 193.774887 46.666851 58.434830 195.485260 96.092087 13.638763 180.472336 81.111839 93.015900 162.003448 100.333176               5112 
5.824348 193.816956 46.674625 58.444317 195.490097 96.087349 13.641516 180.488571 81.119392 93.015602 161.995331 100.305794               5137 
5.760320 193.912216 46.704815 58.453094 195.506912 96.042587 13.626289 180.528992 81.123390 93.018951 161.995087 100.169006               5162 
5.712537 193.981094 46.743973 58.455982 195.519821 96.029449 13.614336 180.555283 81.141785 93.022011 161.999664 100.086212               5188 
5.705231 193.987915 46.752613 58.456470 195.520111 96.030037 13.613754 180.554672 81.142105 93.023048 161.999283 100.076500               5212 
5.612340 194.185486 46.941441 58.464039 195.565445 96.115707 13.596005 180.635712 81.266670 93.050308 162.042801 99.974648               5237 
5.630630 194.291672 47.045162 58.530426 195.575790 96.170372 13.644414 180.683990 81.335236 93.111481 162.037552 99.939453               5262 
5.346320 194.021103 47.131237 58.428780 195.592545 96.050713 13.559110 180.478394 81.382813 93.188385 162.226486 99.703735               5287 
5.205258 194.009705 47.246487 58.388371 195.602142 96.055931 13.511092 180.439987 81.454826 93.208145 162.286285 99.592201               5312 
5.085488 193.999756 47.344650 58.354008 195.610321 96.060356 13.468212 180.412827 81.508987 93.224663 162.337296 99.497253               5336 
5.020074 194.054596 47.449390 58.364220 195.622711 96.083748 13.451783 180.453674 81.554291 93.242867 162.349228 99.433914               5360 
4.939098 194.145020 47.645229 58.390152 195.631866 96.164711 13.429715 180.542572 81.622971 93.265625 162.343079 99.393730               5385 
4.981812 194.216293 47.681187 58.419533 195.638168 96.217392 13.426303 180.658249 81.580994 93.239731 162.294098 99.472336               5409 
5.021541 194.282425 47.738064 58.425888 195.675934 96.311890 13.439023 180.717026 81.592323 93.247536 162.333359 99.566666               5433 
5.056140 194.339920 47.787544 58.431419 195.708786 96.394089 13.447289 180.787033 81.556442 93.254318 162.367508 99.648735               5457 
5.084995 194.387741 47.828743 58.436024 195.736160 96.462563 13.453222 180.853897 81.510445 93.259972 162.395950 99.717102               5481 
5.109492 194.428223 47.863659 58.439930 195.759354 96.520615 13.462293 180.899918 81.493958 93.264763 162.420059 99.775070               5506 
5.098487 194.560074 47.952835 58.465763 195.806000 96.571724 13.474265 180.978409 81.551949 93.286919 162.455322 99.747810               5530 
5.133978 194.618652 48.021561 58.511948 195.791992 96.630592 13.508768 181.006470 81.597275 93.314377 162.418350 99.770561               5554 
5.166307 194.644745 48.083107 58.559788 195.771591 96.676277 13.542939 181.022324 81.634354 93.343018 162.375992 99.795418               5578 
5.211908 194.767899 48.211372 58.627411 195.749054 96.783577 13.582479 181.087616 81.732574 93.364037 162.299179 99.840034               5603 
5.303236 195.037109 48.352337 58.719448 195.749908 96.928513 13.637144 181.247925 81.828682 93.371124 162.203873 99.893845               5627 
5.328369 195.296951 48.451916 58.766655 195.759644 97.006912 13.649694 181.391525 81.882111 93.354431 162.137650 99.855629               5652 
5.348247 195.499878 48.530445 58.803577 195.767258 97.068222 13.659737 181.503769 81.924217 93.341370 162.086304 99.825478               5676 
5.355054 195.549637 48.539207 58.816280 195.755615 97.070862 13.662882 181.528381 81.920456 93.336075 162.054016 99.801170               5700 
5.350938 195.563232 48.542580 58.815922 195.754074 97.070229 13.659307 181.537674 81.918633 93.330673 162.046677 99.792770               5725 
5.350172 195.671722 48.551712 58.799137 195.775406 97.097343 13.633067 181.616821 81.920685 93.276604 162.029114 99.810478               5749 
5.242419 195.645584 48.498947 58.719345 195.768723 97.013802 13.535095 181.632599 81.865349 93.170372 161.997406 99.751137               5773 
5.190677 195.845139 48.546780 58.686077 195.833847 97.041489 13.481189 181.770844 81.893738 93.093513 162.013474 99.720924               5798 
5.088917 195.972061 48.571556 58.625427 195.895020 97.020889 13.402987 181.862473 81.902489 93.009254 162.046967 99.653389               5822 
4.894488 196.117615 48.561905 58.494747 195.949493 96.940544 13.256536 181.929443 81.874886 92.862167 162.078094 99.485596               5846 
4.688436 196.169662 48.527557 58.398830 195.981247 96.783890 13.141294 181.914474 81.842331 92.770561 162.107483 99.237518               5871 
4.524018 196.211166 48.500317 58.322212 196.006622 96.658745 13.054514 181.870895 81.843216 92.697189 162.130936 99.039352               5895 
4.393861 196.243973 48.478840 58.261501 196.026733 96.559586 12.988104 181.813904 81.863396 92.638924 162.149506 98.882339               5919 
4.295484 196.256119 48.475433 58.221920 196.022354 96.490219 12.947376 181.730667 81.911255 92.602791 162.144913 98.758156               5943 
4.197017 196.255386 48.465572 58.185860 196.015488 96.410210 12.907177 181.652954 81.949059 92.573120 162.141006 98.624855               5968 
4.101616 196.257965 48.481281 58.141556 196.004318 96.368324 12.863265 181.576904 82.002136 92.541855 162.139282 98.524178               5992 
