30.391394 210.245148 112.569786 56.622467 160.520935 91.566078 34.365891 213.129761 121.830658 100.905205 146.852264 105.243614                  0 
30.409222 210.234604 112.827713 56.550438 160.497406 91.693176 34.542366 213.141251 122.063210 100.927544 146.836151 105.068954                 23 
30.384365 210.099777 113.440880 56.493935 160.464508 91.981148 34.731556 213.037125 122.636147 101.091644 146.959167 104.768578                 46 
30.473463 210.137894 113.950073 56.506882 160.552551 92.230705 35.025398 213.095261 123.121483 101.261803 147.113525 104.529388                 69 
30.676706 210.249222 114.688499 56.494961 160.639893 92.706535 35.448677 213.211487 123.835281 101.376396 147.157211 104.485458                 92 
30.862461 210.328125 115.128891 56.502228 160.696884 92.912102 35.846729 213.278610 124.274017 101.463173 147.124512 104.277496                115 
30.975904 210.388901 115.457550 56.498554 160.736923 93.084801 36.131004 213.328476 124.608742 101.506340 147.086945 104.168396                137 
31.050413 210.441711 115.711655 56.495602 160.769150 93.223831 36.365292 213.371353 124.873138 101.539688 147.056595 104.080376                159 
31.125690 210.491974 115.929390 56.473541 160.778427 93.353432 36.584347 213.408386 125.100525 101.537323 146.981461 104.019623                181 
31.179903 210.535583 116.099113 56.455887 160.785858 93.457176 36.763195 213.439789 125.279259 101.534706 146.921204 103.970970                203 
31.222858 210.579788 116.222351 56.447090 160.786407 93.536293 36.936203 213.468918 125.415771 101.540871 146.864258 103.909019                225 
31.248198 210.615509 116.300186 56.448929 160.782654 93.591461 37.089439 213.491196 125.513390 101.555588 146.815582 103.847130                247 
31.251759 210.648636 116.362854 56.457485 160.785355 93.638390 37.222878 213.510345 125.602257 101.579437 146.788651 103.785812                269 
31.251137 210.683029 116.489670 56.486996 160.822357 93.708649 37.352779 213.527679 125.759087 101.633987 146.814133 103.727997                292 
31.231314 210.713593 116.623184 56.516014 160.872620 93.767014 37.461708 213.536316 125.927597 101.687469 146.856308 103.664040                314 
31.212601 210.752884 116.751770 56.546791 160.927139 93.819801 37.564171 213.547165 126.088776 101.741219 146.904327 103.602066                336 
31.200306 210.783005 116.865112 56.574848 160.975739 93.856308 37.657574 213.553345 126.227547 101.790947 146.948334 103.531281                359 
31.172739 210.812927 116.951698 56.598862 161.017334 93.887558 37.739162 213.559570 126.344856 101.833366 146.986206 103.470657                383 
31.133350 210.845108 117.016083 56.618965 161.052155 93.913712 37.808777 213.565536 126.441872 101.868767 147.018051 103.419891                406 
31.089413 210.874817 117.068787 56.636909 161.083237 93.937057 37.872089 213.571564 126.527458 101.900299 147.046585 103.374550                429 
31.059736 210.898560 117.120033 56.652729 161.110641 93.957649 37.928898 213.577469 126.602043 101.928040 147.071823 103.334564                453 
31.026333 210.925552 117.159508 56.656132 161.128220 93.979942 37.983696 213.584061 126.667458 101.937141 147.074234 103.306465                477 
30.993423 210.972946 117.198112 56.674149 161.164703 93.988380 38.074890 213.600815 126.745461 101.964012 147.087784 103.237022                501 
30.984327 211.018066 117.262009 56.686962 161.202042 94.006607 38.165146 213.616974 126.837791 101.980873 147.091476 103.183876                526 
30.999170 211.079605 117.368057 56.705383 161.259262 94.049728 38.263638 213.644760 126.969437 101.993256 147.093933 103.172272                550 
31.045624 211.159149 117.496452 56.748539 161.355042 94.056305 38.399788 213.675293 127.128082 102.027245 147.113617 103.105568                575 
31.053389 211.221909 117.582985 56.767830 161.415466 94.082306 38.492573 213.704254 127.241264 102.040321 147.122131 103.080673                600 
31.051241 211.289154 117.666740 56.802891 161.488754 94.107323 38.581772 213.735641 127.359024 102.069122 147.149918 103.064720                624 
31.041090 211.351028 117.738640 56.833961 161.553696 94.129486 38.661789 213.763916 127.462547 102.094627 147.174652 103.050468                648 
31.000765 211.359268 117.720085 56.832600 161.552628 94.128441 38.668308 213.766464 127.457375 102.094978 147.176407 103.045265                673 
30.912695 211.298660 117.671532 56.875786 161.527420 94.101578 38.632374 213.715729 127.424591 102.167870 147.237000 103.005470                697 
30.743834 211.158615 117.502327 57.048923 161.451660 94.106758 38.512844 213.605896 127.318810 102.362206 147.332535 103.174599                722 
30.542158 211.045959 117.323769 57.196884 161.386902 94.111183 38.412239 213.512085 127.226563 102.527252 147.414154 103.319244                746 
30.321943 210.966217 117.035210 57.190029 161.232178 94.128883 38.333168 213.481125 127.004913 102.535263 147.358658 103.413483                770 
30.107525 210.814880 116.776031 57.179821 161.014603 94.164917 38.265232 213.391479 126.800972 102.555008 147.261688 103.482552                793 
29.841564 210.647354 116.516754 57.165932 160.786026 94.250679 38.157433 213.298447 126.610863 102.570030 147.173187 103.632957                817 
29.577915 210.504623 116.347885 57.222530 160.651535 94.336868 38.064308 213.185211 126.571732 102.613243 147.100784 103.872520                841 
29.373085 210.448730 116.191101 57.238136 160.605545 94.354172 37.997456 213.154526 126.512779 102.616470 147.082733 103.987923                863 
29.012682 210.387390 115.902939 57.238834 160.540344 94.366646 37.931225 213.131577 126.413712 102.594696 147.028488 104.120827                886 
28.683805 210.384033 115.487183 57.214252 160.479904 94.334785 37.893955 213.186539 126.181900 102.536736 146.954727 104.224709                909 
28.586536 210.470734 115.119019 57.256123 160.477921 94.262672 37.944176 213.287872 125.941200 102.509552 146.865189 104.346779                932 
28.558537 210.561005 114.813622 57.290768 160.479630 94.192924 37.995613 213.382431 125.724449 102.477295 146.777512 104.454422                954 
28.561918 210.657822 114.527489 57.328335 160.492249 94.106422 38.049515 213.473450 125.514099 102.442780 146.689911 104.549171                976 
28.492840 210.700424 114.321793 57.298027 160.457687 94.076828 38.070625 213.520203 125.376678 102.365456 146.579697 104.621841                999 
28.429302 210.757767 114.064674 57.259026 160.416229 94.018272 38.113670 213.584625 125.186623 102.280754 146.457321 104.651314               1021 
28.369865 210.812302 113.825195 57.207760 160.370163 93.969849 38.156700 213.645508 125.011253 102.183487 146.324600 104.683144               1044 
28.324152 210.857346 113.624039 57.164333 160.331146 93.928825 38.193886 213.697067 124.862061 102.100868 146.212524 104.710327               1066 
28.284050 210.898911 113.445404 57.115856 160.292419 93.892921 38.225346 213.743835 124.725555 102.018295 146.108078 104.730057               1089 
28.235174 210.928406 113.325127 57.120327 160.308838 93.853203 38.212257 213.774261 124.649055 101.997185 146.100906 104.765190               1112 
28.162163 210.946762 113.211708 57.135414 160.330368 93.825012 38.175697 213.790283 124.596191 101.977257 146.097244 104.847519               1181 
28.143637 210.949173 113.186409 57.136887 160.332916 93.821091 38.169369 213.793381 124.585709 101.970955 146.093109 104.866585               1204 
28.111568 210.954788 113.139740 57.139172 160.335419 93.814369 38.162865 213.799255 124.566101 101.959106 146.081528 104.898964               1228 
28.088018 210.969925 113.077225 57.147926 160.342621 93.798866 38.163387 213.809723 124.538284 101.944321 146.059860 104.941330               1252 
28.064787 210.983109 113.012932 57.128590 160.322418 93.782890 38.196312 213.812592 124.512901 101.898582 145.980087 104.954872               1276 
28.061039 211.007355 112.952560 57.083164 160.288589 93.755928 38.275883 213.821106 124.487465 101.829651 145.857986 104.908417               1301 
28.051546 211.070328 112.875130 57.071457 160.307373 93.744896 38.326469 213.879639 124.443779 101.797119 145.826614 104.915901               1326 
28.064684 211.126648 112.814003 57.060753 160.323959 93.734375 38.373245 213.933563 124.401695 101.766640 145.796570 104.923988               1350 
28.067896 211.208038 112.741722 57.058891 160.374588 93.716873 38.397190 214.011124 124.351387 101.740730 145.807968 104.951439               1375 
28.066406 211.281662 112.666679 57.063873 160.433594 93.673309 38.415485 214.081863 124.294044 101.729980 145.841660 104.937538               1400 
28.057241 211.365860 112.538490 57.117886 160.519516 93.621582 38.403534 214.170349 124.196220 101.760162 145.930725 104.983932               1426 
28.027546 211.423309 112.431656 57.162586 160.589050 93.582085 38.372856 214.232941 124.121376 101.784050 146.009933 105.038208               1451 
27.990248 211.460953 112.358627 57.180893 160.633881 93.561600 38.337002 214.274033 124.072792 101.785233 146.059509 105.090240               1476 
28.063089 211.628311 112.433685 57.283211 160.836731 93.561676 38.401497 214.387711 124.204620 101.829803 146.165573 105.190376               1501 
28.096598 211.710098 112.517067 57.341835 160.958252 93.532051 38.484112 214.417419 124.348358 101.846046 146.177582 105.184303               1526 
28.112286 211.766113 112.573059 57.386158 161.050125 93.509651 38.547287 214.439743 124.456612 101.858261 146.186554 105.179054               1550 
28.128376 211.797943 112.567673 57.383846 161.069977 93.501801 38.599289 214.460754 124.478600 101.829338 146.138748 105.186203               1575 
28.142054 211.819473 112.558838 57.381657 161.080261 93.497940 38.643063 214.477737 124.489929 101.807014 146.097733 105.193245               1600 
28.152853 211.840042 112.543526 57.378548 161.087296 93.492020 38.689304 214.494400 124.496086 101.784683 146.054169 105.195366               1624 
28.185890 211.886063 112.521210 57.364662 161.094177 93.500565 38.748241 214.530472 124.497055 101.734100 145.979538 105.238091               1649 
28.230909 211.946060 112.490311 57.356571 161.112442 93.499039 38.816879 214.580475 124.485764 101.691048 145.917984 105.265556               1673 
28.283110 212.005249 112.481590 57.333786 161.130600 93.479446 38.913601 214.626312 124.488602 101.643387 145.846313 105.223305               1698 
28.307644 212.047897 112.494247 57.303379 161.144760 93.477379 38.982601 214.654175 124.520729 101.585976 145.773621 105.209732               1722 
28.321001 212.147202 112.598045 57.299030 161.278152 93.439941 39.051067 214.704147 124.668289 101.547768 145.788528 105.144180               1747 
28.296101 212.202072 112.845261 57.251362 161.395508 93.474472 39.084118 214.705719 124.945831 101.486656 145.801178 105.090149               1772 
28.325113 212.279282 113.061951 57.254436 161.536346 93.477585 39.162395 214.730942 125.186058 101.480103 145.846848 105.001419               1796 
28.499472 212.407318 113.237434 57.307739 161.649582 93.513542 39.336868 214.780426 125.396385 101.458214 145.765579 105.059227               1821 
28.593281 212.505447 113.426735 57.349426 161.769791 93.547462 39.489517 214.820984 125.623787 101.463806 145.748322 105.041069               1845 
28.659349 212.597031 113.591133 57.385265 161.876038 93.582718 39.647003 214.858841 125.838219 101.464020 145.717239 105.020599               1869 
28.742250 212.673431 113.716484 57.402012 161.943649 93.613884 39.784843 214.895416 125.985619 101.450851 145.670074 105.004189               1894 
28.804081 212.721481 113.786095 57.407139 161.982025 93.625732 39.875881 214.922363 126.061897 101.437111 145.634750 104.983437               1918 
28.707779 212.627289 113.811737 57.407639 161.978897 93.568817 39.771389 214.817337 126.113205 101.438454 145.650955 104.951012               1942 
28.641272 212.555664 113.839394 57.412338 161.982666 93.521919 39.699394 214.735291 126.162903 101.440437 145.660355 104.922668               1966 
28.570972 212.488083 113.855141 57.416378 161.985916 93.481575 39.637764 214.664658 126.205276 101.442116 145.668365 104.898254               1990 
28.518007 212.424835 113.865211 57.431507 161.992508 93.429779 39.614365 214.596527 126.251793 101.450867 145.659943 104.849594               2013 
28.457672 212.375061 113.852638 57.440170 161.995743 93.408646 39.601448 214.557465 126.285866 101.448906 145.644760 104.843018               2037 
28.389189 212.328751 113.824364 57.447010 161.998352 93.398605 39.594349 214.535385 126.306969 101.449257 145.637177 104.843384               2061 
28.342495 212.299988 113.779869 57.462044 162.003525 93.396149 39.602364 214.534698 126.309303 101.453201 145.628571 104.863815               2085 
28.297819 212.279648 113.763298 57.506165 162.040558 93.400993 39.632889 214.540421 126.355957 101.485664 145.645432 104.884560               2110 
28.265203 212.357452 113.686272 57.515820 162.128494 93.389450 39.740589 214.652679 126.357979 101.474884 145.663696 104.851555               2133 
28.247141 212.467194 113.570946 57.453636 162.179459 93.404900 39.877129 214.806625 126.314964 101.374077 145.596191 104.844261               2157 
28.126787 212.502090 113.470024 57.458786 162.242950 93.437126 40.029549 214.900635 126.375992 101.349640 145.555466 104.838409               2180 
27.926144 212.482880 113.325722 57.470863 162.286179 93.446175 40.136242 214.950012 126.424423 101.337456 145.520157 104.825607               2203 
27.687712 212.460693 113.156944 57.481224 162.323242 93.453941 40.228043 214.992371 126.465752 101.326904 145.489929 104.814598               2227 
27.440681 212.419861 112.980812 57.488510 162.343063 93.455948 40.296803 215.017807 126.490204 101.321915 145.464813 104.797295               2250 
27.213711 212.372711 112.825668 57.490906 162.355972 93.461403 40.348778 215.035568 126.513008 101.314468 145.441895 104.787376               2273 
27.031881 212.326553 112.693810 57.493652 162.367050 93.465790 40.396935 215.050964 126.533371 101.308434 145.420532 104.777252               2295 
26.889217 212.286697 112.592583 57.494625 162.375717 93.471352 40.440941 215.063751 126.553955 101.302567 145.400650 104.766518               2318 
26.770433 212.252808 112.502419 57.498825 162.383209 93.477585 40.493473 215.077393 126.574638 101.299202 145.376770 104.754845               2341 
26.664881 212.221466 112.421394 57.502781 162.390274 93.483452 40.543053 215.090271 126.594040 101.296005 145.354263 104.743858               2364 
26.574066 212.190109 112.350708 57.506287 162.395920 93.491013 40.592434 215.101868 126.614990 101.292404 145.330399 104.734352               2387 
26.482477 212.159927 112.285309 57.506821 162.400986 93.503952 40.641850 215.114105 126.640816 101.286095 145.305344 104.728157               2411 
26.487133 212.214569 112.261932 57.483727 162.442795 93.516464 40.735943 215.183334 126.668549 101.236191 145.263077 104.716789               2434 
26.526358 212.298645 112.252831 57.453304 162.497299 93.525520 40.842472 215.269623 126.695320 101.171684 145.215744 104.702271               2458 
26.580502 212.396561 112.250519 57.417290 162.562698 93.528404 40.954597 215.366776 126.720955 101.098846 145.170776 104.677872               2482 
26.577143 212.433319 112.237228 57.378288 162.598312 93.539383 41.029255 215.427444 126.747658 101.037445 145.130676 104.658203               2505 
26.566832 212.463379 112.228310 57.338383 162.631302 93.553032 41.094906 215.483475 126.775894 100.977661 145.094910 104.641617               2529 
26.544706 212.485657 112.244232 57.322079 162.687180 93.563858 41.146496 215.534363 126.827164 100.954948 145.109192 104.611771               2554 
26.536133 212.510925 112.231468 57.289085 162.721695 93.562630 41.180012 215.586212 126.830139 100.911362 145.104492 104.589828               2578 
26.515171 212.526932 112.256676 57.242126 162.749176 93.590500 41.198666 215.622955 126.874443 100.850830 145.086411 104.598511               2603 
26.490524 212.522217 112.279976 57.206989 162.769135 93.616562 41.214550 215.645279 126.920769 100.805534 145.070099 104.606529               2628 
26.464472 212.509369 112.309082 57.176414 162.783875 93.642616 41.224545 215.657791 126.969292 100.768326 145.056793 104.613701               2652 
26.428738 212.488068 112.330544 57.140099 162.797058 93.663483 41.229107 215.670959 127.009193 100.727882 145.046066 104.612282               2677 
26.344471 212.442368 112.330162 57.051838 162.779327 93.683846 41.210884 215.681732 127.017166 100.646553 145.015915 104.584770               2702 
26.350473 212.409866 112.279922 57.051422 162.774536 93.683105 41.216587 215.700043 127.018646 100.635849 144.994553 104.598145               2727 
26.390661 212.393082 112.152458 57.044170 162.749527 93.663216 41.241310 215.746765 126.934433 100.605072 144.939163 104.622574               2752 
26.443144 212.365372 111.946815 57.023285 162.690552 93.635338 41.259583 215.807098 126.765778 100.548584 144.846664 104.681267               2777 
26.484928 212.326889 111.736015 56.992889 162.621155 93.606125 41.265923 215.859528 126.586227 100.483658 144.748520 104.741264               2803 
26.534620 212.266571 111.532227 56.958221 162.553116 93.578674 41.257412 215.911392 126.402580 100.418320 144.662491 104.804291               2828 
26.583977 212.188400 111.324440 56.915318 162.480377 93.549881 41.236588 215.962143 126.206268 100.347778 144.580139 104.866776               2852 
26.599323 212.045609 111.278114 56.804684 162.268188 93.719849 41.252705 215.935303 126.153564 100.212883 144.336792 105.080399               2877 
26.644344 211.916245 111.147568 56.805260 162.164429 93.707458 41.262203 215.916107 126.025162 100.210037 144.250031 105.107811               2901 
26.657635 211.794891 111.151962 56.756149 162.040894 93.785339 41.297630 215.879364 126.017578 100.172218 144.128799 105.146271               2925 
26.687124 211.666962 111.047905 56.753304 161.952164 93.774567 41.295998 215.858719 125.910767 100.174438 144.066772 105.158188               2950 
26.730515 211.544815 110.963608 56.749912 161.876312 93.766403 41.296070 215.843903 125.817917 100.175148 144.013123 105.169197               2974 
26.759321 211.442444 110.887894 56.747047 161.812241 93.759506 41.295410 215.831192 125.740723 100.175781 143.967850 105.178421               2998 
26.771681 211.343643 110.856094 56.733887 161.724609 93.825966 41.289227 215.808807 125.714287 100.157539 143.890732 105.280594               3022 
26.799114 211.320633 110.777725 56.777340 161.753769 93.811218 41.264839 215.846359 125.665871 100.185776 143.932327 105.342575               3046 
26.825073 211.295700 110.675484 56.805855 161.784256 93.780731 41.226177 215.898148 125.579124 100.204735 143.987396 105.385796               3070 
26.860355 211.276398 110.567688 56.835011 161.820343 93.745529 41.188774 215.957581 125.483482 100.224106 144.048630 105.425468               3094 
26.892962 211.239365 110.565674 56.843937 161.837463 93.754745 41.177311 215.982452 125.480827 100.236603 144.080673 105.444145               3118 
26.930429 211.234543 110.540710 56.870049 161.873978 93.764030 41.181328 216.040802 125.452782 100.269691 144.142731 105.466240               3142 
26.961002 211.231705 110.520493 56.893921 161.907486 93.776817 41.183010 216.094589 125.430191 100.300049 144.200729 105.492088               3167 
26.985750 211.229889 110.501457 56.915039 161.937119 93.788132 41.184174 216.142090 125.410797 100.326897 144.252045 105.514915               3191 
27.004807 211.225067 110.485962 56.926304 161.966782 93.795853 41.177452 216.188965 125.389488 100.346413 144.305588 105.528076               3216 
27.017847 211.200897 110.489822 56.932030 161.982376 93.795723 41.167286 216.205231 125.389099 100.360260 144.337891 105.523010               3240 
27.034231 211.171463 110.498810 56.933598 161.989563 93.800209 41.156223 216.211960 125.396782 100.363556 144.351456 105.530708               3266 
27.040356 211.150787 110.503784 56.935001 161.995987 93.804230 41.146214 216.217957 125.403847 100.366508 144.363617 105.537605               3290 
27.036802 211.138519 110.505722 56.936386 162.002335 93.808189 41.136303 216.223877 125.410881 100.369415 144.375595 105.544411               3316 
27.022150 211.117355 110.571777 56.952591 162.035995 93.818153 41.124569 216.212021 125.492226 100.394455 144.415939 105.531693               3340 
27.001413 211.083618 110.646385 56.971611 162.072174 93.824265 41.112492 216.191254 125.587318 100.423454 144.457733 105.509186               3366 
27.001318 211.057053 110.674850 56.972649 162.088821 93.804146 41.108044 216.175476 125.626472 100.425491 144.465012 105.471222               3391 
27.007532 211.051788 110.694595 56.960022 162.113297 93.799690 41.103386 216.185669 125.656868 100.403023 144.466095 105.468040               3416 
26.980330 211.026367 110.714394 56.930065 162.119431 93.803635 41.085087 216.188278 125.678993 100.379349 144.472275 105.448647               3441 
26.942617 210.993652 110.720337 56.899475 162.114807 93.820053 41.057117 216.191147 125.690147 100.354279 144.475128 105.455795               3467 
26.912704 210.959808 110.712837 56.887482 162.114334 93.820709 41.035915 216.192474 125.689102 100.350548 144.489395 105.447937               3492 
26.860006 210.914261 110.698990 56.873344 162.113342 93.823036 41.001499 216.190323 125.688995 100.348862 144.513000 105.440948               3518 
26.768097 210.831406 110.684669 56.859673 162.107086 93.810760 40.929340 216.164154 125.686882 100.367493 144.569244 105.402237               3543 
26.636555 210.666748 110.612152 56.829781 162.022491 93.797783 40.822487 216.103806 125.599449 100.402473 144.615768 105.343140               3568 
26.532549 210.516876 110.527855 56.855312 161.954575 93.814011 40.728920 216.064255 125.512253 100.486504 144.693130 105.356552               3593 
26.497026 210.412857 110.469704 56.895714 161.917694 93.830048 40.690784 216.051407 125.452133 100.566788 144.755859 105.370300               3618 
26.361881 210.218430 110.459007 56.890957 161.840485 93.861908 40.564011 215.975052 125.424614 100.641731 144.845413 105.346916               3643 
26.344238 210.116119 110.397018 56.921040 161.801437 93.865112 40.542866 215.967651 125.351624 100.711510 144.896011 105.331161               3668 
26.333609 210.014420 110.340981 56.941811 161.761307 93.874840 40.520927 215.962143 125.284058 100.765480 144.933853 105.328728               3693 
26.333656 209.916351 110.301575 56.957100 161.728424 93.910614 40.485920 215.965271 125.235718 100.803658 144.969391 105.377197               3717 
26.355761 209.837906 110.247879 56.974598 161.711853 93.928825 40.466740 215.986710 125.173065 100.837013 145.005768 105.412033               3742 
26.418583 209.768890 110.252487 57.023014 161.708405 93.967339 40.495010 216.006317 125.165092 100.902733 145.043594 105.444397               3766 
26.505896 209.709686 110.307083 57.108139 161.734558 94.007790 40.548481 216.022003 125.211143 101.008904 145.109650 105.462219               3791 
26.590090 209.674240 110.418663 57.193840 161.773636 94.050575 40.626842 216.023895 125.318726 101.116699 145.168228 105.448463               3816 
26.666777 209.650375 110.502899 57.273079 161.809753 94.076889 40.707767 216.030273 125.401291 101.214325 145.217209 105.422508               3840 
26.772909 209.615997 110.612320 57.388729 161.865768 94.073486 40.814045 216.005981 125.535439 101.336105 145.256592 105.370926               3865 
26.851946 209.578247 110.699867 57.490112 161.918961 94.070290 40.898697 215.986221 125.652298 101.443100 145.299011 105.329987               3889 
26.905678 209.531937 110.764084 57.574326 161.963135 94.067627 40.968746 215.969559 125.749741 101.532005 145.334366 105.295929               3913 
26.970257 209.489075 110.864487 57.688755 162.033554 94.082474 41.047821 215.943497 125.913521 101.635361 145.371933 105.305450               3938 
27.035900 209.448624 110.973404 57.817177 162.115341 94.096764 41.128826 215.911697 126.098106 101.748329 145.414810 105.322365               3962 
27.079332 209.394638 111.071129 57.934959 162.188065 94.111961 41.204269 215.873810 126.279808 101.849586 145.445755 105.340004               3987 
27.136246 209.311676 111.177933 58.067032 162.238663 94.106567 41.318630 215.801956 126.471916 101.973892 145.450897 105.297050               4012 
27.071499 209.208054 111.193802 58.107620 162.256882 94.089211 41.356731 215.752945 126.567360 102.025200 145.461670 105.226318               4036 
26.939930 209.105026 111.157349 58.117828 162.267334 94.089485 41.346928 215.724396 126.624489 102.045738 145.482468 105.201447               4061 
26.857716 209.006332 111.148766 58.133495 162.277817 94.080917 41.347252 215.690872 126.683159 102.076401 145.506058 105.153320               4085 
26.794233 208.917358 111.149368 58.144054 162.281448 94.067223 41.356670 215.653061 126.739571 102.101906 145.516937 105.091133               4109 
26.731441 208.841431 111.116882 58.145916 162.282196 94.066132 41.353958 215.638794 126.763451 102.109161 145.521973 105.075035               4134 
26.685928 208.769791 111.100945 58.150177 162.283600 94.064873 41.351891 215.621826 126.791618 102.121185 145.530777 105.054047               4158 
26.665831 208.714874 111.092186 58.153046 162.284805 94.063545 41.350571 215.610092 126.811943 102.128761 145.535843 105.039780               4183 
26.677731 208.669540 111.109787 58.188145 162.312607 94.050674 41.367283 215.592499 126.866020 102.163681 145.556519 105.016716               4206 
26.697752 208.602280 111.126221 58.240852 162.351700 94.036728 41.394653 215.578445 126.929108 102.218590 145.592422 104.989052               4280 
26.698521 208.579193 111.127174 58.252510 162.359650 94.034081 41.397686 215.574783 126.942078 102.231407 145.602036 104.984322               4304 
26.709585 208.531006 111.167694 58.269939 162.368500 94.034714 41.433167 215.550369 127.008118 102.250069 145.592514 104.951797               4329 
26.739027 208.467789 111.136299 58.255997 162.293808 94.070038 41.441280 215.494217 127.027184 102.178528 145.430283 105.083717               4354 
26.791655 208.394699 111.074257 58.253677 162.207397 94.084755 41.470688 215.445816 126.999023 102.124527 145.267349 105.186638               4379 
26.839230 208.325668 111.035469 58.286133 162.162231 94.104301 41.479771 215.404373 127.002930 102.112427 145.171127 105.303719               4404 
26.804459 208.214951 111.054260 58.282219 162.128418 94.111069 41.426880 215.335342 127.043839 102.109947 145.150421 105.324768               4429 
26.772089 208.123764 111.066826 58.280704 162.105560 94.108597 41.384102 215.281097 127.073135 102.115158 145.145798 105.323570               4454 
26.760845 208.050598 111.087242 58.283421 162.089539 94.094093 41.374386 215.231628 127.108322 102.123085 145.131332 105.291031               4479 
26.743835 207.977249 111.099899 58.284233 162.079788 94.073334 41.360519 215.190308 127.132942 102.134903 145.133118 105.244637               4504 
26.720800 207.907547 111.105064 58.279049 162.074417 94.059731 41.345634 215.161407 127.154221 102.139992 145.138657 105.207214               4529 
26.642935 207.822586 111.125710 58.212208 162.056671 94.064583 41.278004 215.135452 127.173889 102.096481 145.151382 105.166389               4553 
26.595243 207.754593 111.135620 58.166672 162.045593 94.062317 41.243580 215.121292 127.184280 102.068817 145.159103 105.122009               4578 
26.549145 207.685486 111.151756 58.114449 162.023636 94.066429 41.215790 215.103653 127.195869 102.034264 145.151855 105.078300               4603 
26.502165 207.605972 111.159157 58.056499 161.990707 94.068085 41.186207 215.079956 127.199135 101.991447 145.129807 105.036201               4628 
26.452286 207.517746 111.216637 57.977112 161.950089 94.101349 41.152355 215.042755 127.252007 101.922203 145.082901 105.019028               4653 
26.426342 207.435059 111.216728 57.920181 161.910736 94.103104 41.133350 215.019806 127.248566 101.870369 145.037949 104.991570               4677 
26.401257 207.363800 111.217766 57.877636 161.899063 94.098579 41.110844 215.010849 127.251686 101.833984 145.026199 104.962044               4702 
26.382877 207.274475 111.241531 57.809765 161.887009 94.115433 41.067036 215.007538 127.268486 101.768150 145.008224 104.961433               4727 
26.423843 207.238800 111.311508 57.789421 161.943985 94.119530 41.092609 215.032806 127.348213 101.741829 145.024261 104.925880               4752 
26.620977 207.321899 111.374779 57.900677 162.066559 94.135025 41.254807 215.100510 127.501663 101.790611 145.008423 104.977638               4777 
26.752392 207.351974 111.409164 57.966167 162.148254 94.126183 41.338303 215.132339 127.604904 101.811317 144.994827 104.999611               4802 
26.769464 207.300659 111.365921 57.966877 162.147537 94.098618 41.320621 215.124832 127.600990 101.800720 144.978378 104.992798               4827 
26.780844 207.251297 111.332855 57.965843 162.147110 94.076118 41.304405 215.115326 127.605492 101.790497 144.963531 104.984505               4851 
26.790564 207.201477 111.345314 57.967529 162.149567 94.073738 41.301346 215.101776 127.644951 101.793320 144.959564 104.967430               4876 
26.872734 207.172546 111.362495 57.986275 162.150192 94.056938 41.367104 215.097015 127.677238 101.801910 144.917496 104.924004               4901 
27.046972 207.238556 111.890747 57.959312 162.270645 94.151695 41.660622 215.059860 128.190414 101.801170 144.875885 104.648460               4925 
27.865433 208.690933 114.330215 56.862240 163.093826 95.071861 43.363750 216.110001 129.987228 100.708145 144.627884 103.522552               4950 
27.744680 209.314209 114.981476 55.773273 163.498886 94.992287 43.602501 216.606567 130.268280 99.606964 144.574905 102.432686               4974 
28.326023 210.220169 114.762177 55.436089 164.172897 94.161903 44.488522 217.365997 129.720566 99.196220 144.773438 100.763435               4994 
29.194063 213.779785 113.005692 53.954559 166.296860 92.781631 45.740623 220.369446 127.757523 96.799171 144.944061 99.359344               5015 
31.953297 218.595169 108.285080 53.409286 168.779190 90.032776 49.513329 225.313385 121.720627 95.519501 145.816238 95.889511               5034 
33.924599 222.207993 99.942719 53.722630 170.878677 84.436340 51.982189 229.644028 112.000565 95.714134 147.681137 90.220444               5054 
34.300968 225.666611 88.145210 53.513916 173.697021 74.529739 52.163200 233.529175 99.731865 95.351273 150.470795 81.241470               5071 
35.884037 227.667755 77.045998 53.984467 174.366669 68.014488 53.485153 236.005569 88.473724 94.968666 150.718063 77.807701               5085 
35.460464 227.340042 69.181854 54.854164 174.286774 61.756855 52.388184 236.294449 80.952438 95.966362 151.708160 73.369850               5096 
35.583893 227.021317 61.466480 55.976433 174.201401 55.631226 52.199497 236.742905 72.807304 97.585899 152.899841 67.869057               5107 
36.507622 226.927414 52.932308 57.518990 174.304291 48.845680 52.657070 237.322571 63.911781 99.343048 154.054123 62.095104               5117 
35.684570 227.296539 44.092865 57.681995 175.000015 41.865997 51.266617 238.286880 55.154362 99.497749 155.885590 56.730396               5127 
35.936951 228.512802 35.309719 57.553898 176.118134 34.770180 51.323349 239.855835 45.844875 99.296989 157.398224 50.324860               5136 
34.965324 229.795258 26.093414 56.242332 177.425476 27.326288 49.880352 241.465530 36.451462 97.617378 159.109177 44.281734               5145 
34.966850 231.430923 18.333303 55.837685 179.131943 19.805098 49.120586 243.109253 29.160336 96.379028 160.620575 38.475864               5153 
34.942680 235.127533 -3.916854 54.378845 182.724350 1.976441 48.758003 247.340164 6.451173 93.674362 164.793625 23.637934               5170 
36.409874 236.874680 -12.255494 53.872242 183.965500 -5.228788 50.305878 248.793060 -1.764868 91.990303 165.050842 17.664839               5179 
35.690205 240.464615 -32.022942 53.077534 187.584030 -25.182314 48.514126 252.260574 -20.243700 89.509354 168.382034 0.093649               5197 
34.475811 243.037766 -38.988419 52.698421 190.313324 -33.348316 46.538715 254.662918 -26.286461 88.484657 170.933228 -7.297872               5205 
32.634300 245.887955 -48.318516 52.366196 193.637878 -43.905838 43.493481 257.353485 -34.367134 87.175606 174.242264 -16.574837               5216 
30.741045 249.295593 -65.927803 51.657097 197.509842 -62.108208 39.949699 260.432678 -50.542877 84.523575 177.803635 -32.674751               5233 
32.294781 250.995651 -82.207741 52.551289 198.990952 -78.328751 41.122528 261.903107 -66.407669 84.294548 178.615158 -48.128407               5250 
33.489861 251.949005 -97.388237 51.179317 199.026276 -93.810593 42.288208 262.199646 -81.112236 80.959290 176.685898 -63.005898               5266 
34.847076 257.715240 -118.642662 49.418697 204.017273 -113.398209 43.519215 267.822845 -102.185173 76.641174 180.697266 -80.994766               5283 
36.201130 258.427032 -123.905914 50.295265 204.606445 -118.796593 44.697128 268.382172 -107.250015 76.864326 180.873627 -86.151428               5292 
36.915543 260.125702 -142.281509 50.999046 206.499161 -135.638474 52.016747 268.874420 -128.007660 75.003914 182.734100 -101.086243               5309 
36.130119 262.180908 -151.297699 51.158962 209.024445 -143.086746 53.016132 271.132416 -137.319946 74.363693 186.231064 -107.353424               5318 
35.264366 259.466156 -159.290085 53.796455 207.422806 -151.037979 52.214848 269.188782 -144.146408 76.305077 185.325378 -114.432861               5335 
35.923840 258.957886 -160.118011 54.263412 206.673248 -153.007172 55.748730 267.646057 -145.777740 77.211342 183.727112 -117.205841               5344 
36.828400 258.192169 -161.450043 53.936890 205.496719 -154.256561 59.815456 265.759125 -148.654419 77.485947 182.237930 -119.052299               5353 
38.399269 256.631714 -162.755844 53.783627 203.435654 -155.314560 62.956963 263.045593 -150.329178 76.551727 179.472702 -120.068863               5361 
44.699589 255.729385 -167.725555 55.175522 201.385040 -160.007767 70.388672 259.529388 -154.844727 74.844963 175.401627 -124.330833               5379 
47.139477 254.646271 -172.384445 55.547180 200.359009 -162.130493 73.295692 257.904846 -159.759201 74.308006 175.290955 -125.327057               5387 
48.548134 253.893585 -175.214447 55.767437 199.750946 -163.388504 75.128654 256.758362 -162.744583 74.040794 175.284912 -125.940315               5397 
53.897217 254.170044 -180.999847 56.241596 199.930939 -167.713165 81.477478 254.495255 -169.773178 73.654213 174.753616 -130.326385               5413 
59.879845 255.857803 -189.223557 55.637905 202.071747 -174.621078 87.482391 252.957687 -178.085602 70.036789 175.814819 -136.698608               5422 
62.993908 256.509827 -194.047852 55.563175 203.332245 -178.524384 90.519356 252.022888 -182.907501 68.402145 176.907654 -140.160721               5431 
66.145508 256.421234 -196.921158 56.715164 203.921432 -180.222717 93.821915 250.764328 -186.094437 68.929527 177.756561 -141.478973               5439 
67.626236 256.342957 -198.308121 57.267193 204.203766 -181.036560 95.354828 250.147263 -187.613785 69.196747 178.179626 -142.109726               5448 
67.863983 255.666000 -199.644241 56.299362 203.976288 -181.793442 95.650711 248.675232 -189.381836 68.125526 177.902847 -142.868042               5457 
69.003937 255.386581 -200.232468 56.393410 204.000732 -182.210373 96.835258 247.587921 -190.465210 68.188858 177.588974 -143.504379               5466 
69.605087 255.174133 -200.679138 56.507816 203.980103 -182.456833 97.298836 247.294907 -191.190338 68.417274 177.430023 -143.880585               5474 
69.943695 255.191574 -200.972610 56.500584 204.099731 -182.698807 96.684044 248.417191 -191.378754 68.548851 177.327408 -144.319778               5483 
70.208443 255.196884 -201.220703 56.495850 204.186371 -182.903412 96.249100 249.290009 -191.540344 68.626938 177.230545 -144.679214               5491 
71.801430 254.227829 -202.336655 56.920158 203.875244 -183.111160 97.447067 248.290329 -193.373138 69.530785 176.659332 -145.227997               5509 
77.015495 255.914734 -206.080093 57.790104 206.739365 -187.668213 101.984421 247.737732 -197.456894 68.241676 177.688095 -150.497559               5517 
76.801025 258.749146 -206.673172 57.255825 208.636414 -191.374741 101.389618 250.515900 -197.437149 66.524826 177.851425 -155.302048               5526 
83.741974 258.455750 -213.382416 58.976395 211.201538 -196.603317 107.236191 248.172119 -203.650879 64.824364 180.787384 -159.513580               5535 
81.120354 260.319458 -216.286652 58.728588 212.230072 -198.557846 105.248604 251.106934 -207.264633 66.950569 182.177170 -161.624252               5543 
80.206429 260.928894 -219.144440 59.107521 212.734421 -200.148300 104.657906 252.414856 -210.486496 68.708763 183.411072 -162.961929               5552 
79.834152 261.205658 -219.142181 59.156181 212.808090 -200.189285 104.340096 252.958160 -210.515839 69.066238 183.468430 -163.096924               5561 
80.197006 260.582855 -219.478409 59.159382 212.413116 -200.328339 104.660889 252.156677 -211.063629 69.110817 182.910767 -163.376358               5578 
80.277733 260.361298 -219.482880 59.108147 212.255493 -200.311203 104.724220 251.865677 -211.152039 69.073158 182.649948 -163.445511               5587 
79.510742 260.543884 -218.308014 58.676701 211.982193 -199.925735 103.954124 252.238571 -209.899048 68.678368 181.972610 -163.398224               5595 
77.919296 260.854858 -217.301437 58.220222 211.449997 -199.934235 102.447266 253.168243 -208.662811 68.581184 181.165939 -163.734879               5604 
76.744408 261.051270 -216.586212 57.892380 211.067780 -199.940353 101.315079 253.825089 -207.771347 68.526489 180.598801 -163.976120               5613 
75.846214 261.137238 -216.148743 57.587704 210.773560 -199.986145 100.436638 254.234085 -207.206024 68.414406 180.188614 -164.178146               5621 
75.033890 261.204926 -215.763000 57.315659 210.510849 -200.027023 99.631477 254.602997 -206.697968 68.318703 179.826813 -164.357819               5633 
74.389771 261.182892 -215.782516 57.060001 210.268860 -200.320374 98.985260 254.803665 -206.596985 68.158005 179.556442 -164.705048               5639 
73.509155 261.146332 -215.813553 56.713299 209.940689 -200.718185 98.092476 255.077942 -206.458252 67.941635 179.191833 -165.175232               5649 
73.127609 261.128448 -215.829163 56.564217 209.799561 -200.889236 97.700439 255.200516 -206.396591 67.849121 179.035782 -165.377151               5656 
72.748314 261.110046 -215.847183 56.417034 209.660248 -201.058121 97.304359 255.331345 -206.332016 67.758087 178.882156 -165.576324               5666 
72.535629 261.099518 -215.858536 56.334984 209.582581 -201.152267 97.079254 255.408981 -206.294235 67.707466 178.796707 -165.687286               5673 
72.329376 261.089447 -215.870880 56.255890 209.507721 -201.243027 96.857857 255.489471 -206.255707 67.658752 178.714462 -165.794205               5683 
71.613396 261.147583 -215.782227 56.074451 209.304474 -201.496918 96.138023 255.816605 -206.038025 67.639099 178.472412 -166.134338               5691 
70.222458 260.675629 -216.341049 55.561821 208.482727 -202.396652 94.748589 255.796646 -206.397690 67.417725 177.725388 -167.065475               5700 
70.504417 260.495453 -216.723267 55.569618 208.318863 -203.001923 94.937859 255.523651 -206.628021 67.094498 177.425674 -167.679749               5710 
70.641441 260.601471 -216.617661 55.623215 208.396851 -203.086823 95.024940 255.604492 -206.440582 67.004921 177.396774 -167.811890               5720 
70.756294 260.653625 -216.566711 55.660156 208.439285 -203.152512 95.102303 255.634949 -206.334167 66.936073 177.367432 -167.906769               5730 
70.849777 260.696533 -216.525482 55.690449 208.474060 -203.206390 95.163651 255.662506 -206.245834 66.879654 177.343445 -167.984863               5740 
70.920135 260.528229 -216.626907 55.736553 208.251938 -203.540558 95.170929 255.503922 -206.214630 66.756828 177.028503 -168.347961               5750 
70.961273 260.361511 -216.703629 55.793594 208.016556 -203.865173 95.140785 255.373596 -206.133835 66.642548 176.709106 -168.693985               5770 
70.924835 260.347107 -216.685959 55.779701 207.974091 -203.930145 95.080757 255.381149 -206.063446 66.583374 176.640366 -168.768417               5780 
71.302452 260.358063 -216.675232 55.907948 208.037048 -203.997070 95.418999 255.281265 -206.031219 66.539902 176.606430 -168.869492               5791 
73.330650 260.427979 -216.887207 56.521801 208.541519 -204.211792 97.334831 254.668442 -206.352081 66.420036 176.765930 -169.180298               5801 
74.853294 260.451447 -217.060242 56.984097 208.921432 -204.373505 98.757095 254.184158 -206.601181 66.317436 176.906021 -169.405365               5812 
75.757072 260.507019 -217.111847 57.280594 209.177628 -204.474243 99.588860 253.948822 -206.680328 66.264877 177.000549 -169.563110               5823 
75.608597 260.721130 -216.993240 57.225487 209.323090 -204.491562 99.448906 254.187317 -206.579193 66.276321 177.061676 -169.675583               5836 
75.016762 261.066925 -216.519562 57.014118 209.431549 -204.441467 98.866058 254.669083 -206.054520 66.203995 177.001358 -169.819260               5851 
74.386604 261.365356 -216.109131 56.826622 209.485291 -204.427155 98.241409 255.144028 -205.561508 66.165176 176.933090 -169.959564               5867 
73.895065 261.591949 -215.794220 56.681786 209.526794 -204.416092 97.751884 255.509491 -205.180679 66.137970 176.882523 -170.067871               5883 
74.079132 262.310303 -215.003906 56.727669 210.181854 -204.129318 97.848335 256.131104 -204.259781 65.903290 177.273300 -169.957642               5898 
72.536819 265.580170 -209.925644 56.060570 212.628159 -202.083755 96.037750 259.451202 -198.588257 64.781387 178.383820 -169.127106               5914 
74.021072 266.323639 -208.781036 57.054935 213.449295 -201.467026 97.431122 259.910736 -197.334549 65.204102 178.901031 -168.681717               5931 
74.643860 267.415161 -207.776230 57.384430 214.601379 -200.668472 98.281822 260.598907 -196.412323 65.178185 179.925293 -167.931717               5948 
72.041466 278.741486 -182.421844 51.241356 226.828415 -179.101746 96.232346 268.774017 -174.203995 58.816525 188.399429 -150.805145               5992 
72.324318 276.358765 -176.885986 51.797523 224.284775 -174.460236 96.419830 266.429230 -168.083374 58.801247 185.742065 -146.171082               6007 
66.192230 276.144897 -161.585510 48.518524 222.987183 -162.761154 91.070435 266.715973 -153.704010 57.665913 183.017059 -137.195877               6022 
46.100727 272.528259 -157.384552 45.243759 216.510223 -158.196777 72.087723 270.947296 -147.298492 63.533653 181.322540 -130.589264               6034 
35.988495 270.665863 -161.100739 44.390759 215.609818 -154.961441 61.179527 274.672150 -149.396240 65.840485 187.435730 -122.082893               6046 
33.482212 270.355591 -158.865555 45.224411 216.027390 -151.740005 57.074886 276.097168 -144.577087 64.981476 189.318558 -116.652023               6056 
31.988564 270.426819 -157.098358 45.549671 216.589661 -149.399292 54.789696 277.051147 -141.763000 64.626610 190.645294 -113.373909               6064 
26.906084 272.706573 -150.804321 40.833858 218.828003 -143.975296 49.030746 279.130890 -134.230591 58.503468 192.080475 -107.819756               6073 
24.486319 274.233398 -145.540955 38.843285 220.324677 -139.762650 45.741219 280.341827 -127.583366 54.890217 192.574448 -103.606194               6083 
22.591459 274.987549 -140.931885 37.831604 221.229523 -135.922729 42.594280 280.935974 -121.430099 52.104870 192.642670 -99.674484               6090 
19.911789 279.373199 -127.766167 34.614090 225.222473 -128.635742 38.708118 282.534729 -106.371422 46.285194 192.088837 -95.457184               6099 
25.419090 281.504120 -122.141670 35.816303 226.351440 -123.109177 44.190834 283.035370 -100.446007 44.302383 192.233337 -89.960861               6107 
30.083109 282.851837 -117.616875 38.015697 227.276978 -118.575058 48.806835 283.479126 -95.741013 44.637756 192.765411 -85.409279               6117 
30.928444 284.042236 -109.808907 37.428757 228.278580 -111.166946 48.853374 283.874939 -87.191635 41.785934 193.204514 -78.217094               6125 
27.613640 285.474213 -102.930565 36.158840 229.958664 -102.854515 45.210682 285.249664 -79.744843 38.759392 195.457031 -69.124062               6133 
24.341162 286.074463 -94.346176 35.405605 231.011398 -92.996216 41.515141 286.178314 -70.477654 37.001656 196.923645 -58.785904               6142 
22.639763 284.865143 -87.402054 34.791149 230.025040 -85.916252 40.200138 284.900696 -64.566139 36.404533 195.906830 -51.737122               6151 
24.527695 281.387299 -77.783493 35.722088 226.316788 -77.284554 43.592262 280.647980 -56.659187 38.188091 191.860306 -43.497898               6160 
26.533684 278.488892 -60.516705 35.436314 222.989563 -60.095600 46.391644 276.841614 -40.701584 37.383217 188.554504 -26.253258               6177 
27.686115 277.865936 -53.828537 36.148952 222.292374 -53.410450 47.795120 275.963257 -34.451405 37.997131 187.865128 -19.554609               6185 
25.525251 276.932648 -46.614136 35.049686 221.523682 -46.173775 46.049294 274.495941 -30.139370 37.796051 187.189423 -12.284465               6194 
24.958822 270.064728 -30.290598 35.496513 221.538345 -39.385777 43.344669 274.386566 -24.567646 38.669624 186.438065 -6.328706               6203 
24.904148 263.363708 -16.291361 35.287876 219.323456 -32.236874 41.225166 271.724915 -16.679216 38.578369 182.686981 -0.903026               6212 
26.300573 258.997986 -5.551710 37.153778 217.284790 -24.500479 41.338207 269.538513 -8.544348 40.830540 179.914520 5.910258               6220 
30.853210 253.426743 2.018463 39.001122 211.655701 -17.218363 43.477154 264.587738 -3.130569 41.318069 174.742645 13.877074               6229 
33.179913 248.939072 8.752149 39.945324 207.173721 -10.563219 40.715027 261.244537 2.006033 41.970139 170.639923 20.997040               6238 
33.661827 245.435150 13.462234 41.133419 203.408737 -4.742972 28.707531 258.475525 4.177857 44.430660 168.089813 28.068163               6246 
37.115284 239.373932 22.895220 44.837803 196.498047 7.177871 23.016550 251.677994 10.942964 48.640041 163.454697 42.228531               6264 
33.640366 231.439133 27.429218 49.708843 180.289398 15.183291 19.713055 231.920349 26.348507 70.178719 152.473343 48.978554               6272 
21.036371 219.644928 37.857677 52.594891 165.866440 26.607628 16.237309 214.893753 45.582722 87.523903 149.291458 55.592155               6293 
18.338699 216.744202 48.358822 53.834908 163.977753 36.492336 15.873009 212.295105 56.879028 91.633980 151.116592 63.707943               6308 
17.441959 213.353424 56.584923 56.034306 162.323837 45.540867 15.606597 208.991196 65.111572 95.278038 152.965225 72.134369               6324 
18.180712 213.557968 62.352440 56.680187 162.581467 50.236305 16.215443 208.934174 70.611061 95.562721 152.294525 77.016823               6342 
18.547539 212.895966 64.949104 57.266201 161.991501 52.920166 16.600796 208.268127 73.082687 96.170616 151.945648 79.760361               6351 
19.156931 212.488907 69.200912 57.267475 161.129028 56.680126 17.042263 207.733200 77.057045 96.055023 150.537567 83.479675               6368 
19.634224 211.985428 71.608543 57.570210 160.542435 58.705585 17.473667 207.167618 79.310799 96.457863 149.862625 85.324387               6376 
19.716930 210.133835 75.162766 57.824608 158.734756 62.361805 17.450132 205.274338 82.539505 96.860390 148.589706 88.972969               6394 
19.840471 210.122452 76.842010 58.042419 158.907257 63.495014 17.440243 205.108231 83.948814 96.856583 148.415680 90.295319               6402 
19.780966 209.788864 78.816124 58.374092 159.015656 64.822975 17.335135 204.631302 85.680397 97.228477 148.544769 91.573036               6411 
19.674280 209.176300 80.442482 58.507145 158.740646 65.963432 17.082670 203.908768 87.053886 97.407356 148.359879 92.682007               6420 
19.821909 208.808090 81.804329 58.544445 158.580765 66.700066 16.817133 203.360962 87.952164 97.409660 148.097626 93.429581               6428 
20.023754 208.572891 83.300751 58.500446 158.529343 67.368469 16.605494 202.958862 88.977280 97.333611 147.762360 94.031662               6437 
20.116814 207.977097 84.616531 58.451973 158.223114 67.995346 16.142704 202.125107 89.783463 97.223679 147.305252 94.686607               6446 
21.499941 208.365356 88.334694 58.343697 158.377640 69.702576 16.466263 202.103104 92.799454 96.571342 145.457138 96.284081               6463 
21.416176 207.820709 89.182693 58.452312 158.020020 70.662506 16.147558 201.475006 93.513718 96.829498 145.583496 97.259377               6472 
20.990562 207.286560 90.451584 58.189850 157.746490 71.789459 15.583726 200.877335 94.686241 96.986595 145.963104 98.073166               6481 
20.773994 206.884613 91.285103 58.011333 157.513840 72.467857 15.177323 200.395172 95.413094 97.065163 146.123322 98.543190               6490 
21.027439 209.497314 96.355476 55.975906 159.806519 74.255043 15.299590 202.942902 100.390869 95.707100 146.410858 98.272888               6498 
21.844925 209.453125 98.275299 56.051414 159.729080 75.111832 15.755086 202.754440 101.990013 95.559341 145.331848 98.917549               6515 
22.207546 209.441727 99.151932 56.228695 159.824249 75.446281 15.939477 202.617218 102.711586 95.659462 145.046173 99.146317               6524 
20.947409 205.572922 99.436340 57.673492 158.085419 75.393860 14.272841 198.010712 102.175446 96.712280 144.160583 100.232147               6541 
20.960020 205.003815 100.392265 57.771057 158.011734 75.535736 13.979383 197.134781 102.601013 96.681084 143.664215 100.335472               6550 
21.099474 204.005600 102.627754 57.624146 157.761795 76.044182 13.571436 195.532761 103.909081 96.793152 142.940933 100.148117               6568 
20.182964 205.063202 105.350716 55.494053 158.951920 76.914597 12.413629 196.289780 106.409126 95.410751 143.680695 99.460442               6577 
19.263046 205.160156 106.972328 53.731037 159.158356 77.342148 11.004524 195.707581 107.118996 94.256050 143.912720 98.793549               6587 
19.033533 205.114090 107.776321 53.100231 159.105087 77.743065 10.266819 194.992264 107.013496 94.003479 144.209732 98.717361               6597 
19.328821 205.102829 108.206215 52.932297 159.088272 77.847450 9.858768 194.406616 106.444130 93.962166 144.339600 98.677597               6608 
19.621920 205.077301 108.739746 52.864208 159.117096 77.995598 9.686993 193.883072 105.802368 93.937279 144.335709 98.717133               6618 
20.132740 205.050751 109.630943 52.933300 159.308624 78.197105 9.682036 193.395462 105.472137 93.931374 144.114868 98.768364               6630 
20.644342 204.934158 110.249840 53.012215 159.418076 78.218086 9.600842 192.852509 105.052071 93.949043 143.913467 98.679070               6641 
21.152884 204.752548 111.025040 53.149818 159.562943 78.308037 9.675097 192.429123 104.861649 93.990799 143.651138 98.647591               6652 
21.499453 204.518433 111.515289 53.292667 159.641449 78.302078 9.701502 192.021500 104.563736 94.066582 143.507690 98.601288               6664 
21.853874 203.868256 112.170616 53.711231 159.624222 78.268623 9.857000 191.217865 104.472038 94.460625 143.305161 98.468712               6676 
22.172188 203.290878 112.760864 54.097153 159.621918 78.252129 10.035144 190.509796 104.416588 94.825539 143.111389 98.338684               6688 
22.049026 203.079269 112.801758 54.187469 159.731674 78.146439 9.796917 190.026794 103.989876 94.916809 143.306839 98.301186               6700 
22.001152 202.937515 112.940216 54.208324 159.819138 78.128494 9.671702 189.740875 103.772438 94.949867 143.421417 98.280678               6712 
21.975433 202.729782 113.216911 54.237793 159.920715 78.152855 9.592796 189.457336 103.685394 94.996254 143.507401 98.258072               6724 
22.149624 202.489517 113.357025 54.294937 159.903610 78.173050 9.536630 189.162125 103.483482 95.079201 143.576920 98.296455               6736 
22.305353 202.306961 113.453880 54.330528 159.900482 78.176575 9.502694 188.943405 103.280014 95.124130 143.621323 98.319550               6748 
22.398533 202.179260 113.521523 54.320278 159.890854 78.179840 9.505782 188.813797 103.100891 95.130470 143.646927 98.317650               6760 
22.455927 202.077682 113.465805 54.323231 159.835159 78.163460 9.536118 188.677429 102.809746 95.144104 143.668732 98.341957               6772 
22.437599 201.987549 113.453560 54.316463 159.797485 78.181572 9.547091 188.513626 102.570747 95.153137 143.709976 98.391129               6787 
22.784163 201.853119 113.660011 54.352100 159.808807 78.233192 9.694688 188.477936 102.503494 95.183899 143.654755 98.399490               6801 
23.188709 201.725815 114.007095 54.432327 159.799957 78.426010 9.884457 188.414658 102.617615 95.276253 143.593033 98.525215               6816 
23.255678 201.679337 114.052116 54.396439 159.812073 78.426422 9.951638 188.344757 102.440575 95.255966 143.622101 98.507568               6831 
22.937935 201.985870 113.752991 53.975273 159.856171 78.491913 9.683300 188.458710 102.118820 95.024055 144.149368 98.570816               6846 
22.819141 202.220459 114.148476 53.445534 159.895981 78.931404 9.656690 188.674759 102.461464 94.786034 144.545364 98.684639               6861 
22.938463 202.259964 114.485847 53.178047 159.875427 79.199677 9.888154 188.773514 102.633324 94.733597 144.733322 98.660446               6879 
23.029053 202.280685 114.813545 52.941914 159.863190 79.466110 10.068474 188.886322 102.792671 94.647774 144.856644 98.709106               6897 
23.223278 202.200531 115.190033 52.736889 159.846054 79.714493 10.313729 189.006378 102.950752 94.587090 144.952042 98.730209               6916 
23.458811 201.956528 115.620766 52.542732 159.847977 79.880341 10.540150 189.071503 103.072159 94.517693 145.021667 98.672676               6936 
23.895481 201.589874 116.075180 52.511784 159.888535 80.018166 10.899917 189.158844 103.112137 94.554886 145.079865 98.671577               6956 
24.467794 201.157089 116.496521 52.496613 159.932449 80.131027 11.257207 189.268829 103.124237 94.587654 145.121674 98.674324               6976 
