29.290422 176.673859 61.247185 56.934753 192.792923 95.957581 18.736675 169.666351 89.933853 90.528732 158.944199 103.740738                  0 
29.670734 176.477402 61.200218 57.011818 192.715302 96.093948 18.992908 169.363083 89.877342 90.752342 159.051575 104.043716                 23 
30.005329 176.368332 61.283028 56.987755 192.623825 96.445763 19.166531 169.046692 89.889580 90.902176 159.153961 104.473778                 46 
30.114498 176.301559 61.285191 56.968899 192.551804 96.547272 19.229622 168.832596 89.959465 90.989838 159.182785 104.544365                 69 
30.519650 176.634720 61.740829 57.101597 192.764420 97.262802 19.496523 168.898483 90.369713 91.249115 159.511276 105.202873                 92 
30.959888 177.004730 61.815975 57.427830 192.799576 97.571854 19.815756 168.981049 90.444321 91.542107 159.466751 105.318359                116 
31.113682 177.418930 61.966930 57.629639 192.961746 97.796700 19.989454 169.119919 90.727066 91.768379 159.586777 105.248314                138 
31.051226 177.480972 61.976875 57.701817 192.957016 97.734688 20.031836 169.054184 90.865929 91.907509 159.599548 104.954056                161 
30.992079 177.654922 61.929619 57.763374 192.939636 97.678658 20.040157 169.029816 90.924637 91.984245 159.537628 104.614532                184 
30.944792 177.625061 61.982536 57.700531 192.948257 97.725868 19.923279 169.037796 91.094337 91.863602 159.510468 104.773384                206 
30.433887 177.447021 62.324722 57.248741 193.056915 97.898407 19.546572 168.938950 91.524361 91.596306 159.813553 104.968941                229 
30.283789 177.403351 62.377888 57.188362 193.185104 97.806831 19.485991 168.990891 91.642357 91.609970 160.021118 104.890007                251 
30.452913 177.551529 62.343204 57.228889 193.202850 97.925781 19.466614 169.068573 91.670143 91.515541 159.926163 105.133904                319 
30.499222 177.645599 62.360970 57.273369 193.233551 97.972305 19.497204 169.045898 91.832962 91.535599 159.925140 105.149918                341 
30.542297 177.829193 62.297512 57.304153 193.257462 97.986679 19.495262 169.023712 91.913979 91.517059 159.880203 105.079201                364 
30.583241 177.983002 62.261238 57.329567 193.278824 98.018135 19.485661 169.074463 91.886772 91.493332 159.839081 105.052971                386 
30.616594 178.099594 62.212219 57.335342 193.290802 98.033417 19.469843 169.084717 91.853188 91.466049 159.808853 105.027855                410 
30.710987 178.281769 62.190678 57.385376 193.335114 98.102203 19.463482 169.113098 91.956329 91.414627 159.753036 105.110985                432 
30.750050 178.324249 62.178276 57.394375 193.375580 98.112122 19.456034 168.962662 92.282417 91.360771 159.748535 105.209587                456 
30.710054 178.466751 62.116657 57.436504 193.347504 98.059746 19.397594 168.995575 92.310974 91.293243 159.588760 105.055244                479 
30.720915 178.485626 62.147144 57.441830 193.352295 98.099358 19.355036 168.969681 92.471886 91.232384 159.540268 105.157272                502 
30.719654 178.504379 62.173592 57.448887 193.362579 98.122307 19.302288 168.964188 92.629906 91.182777 159.503922 105.227516                525 
30.717592 178.522293 62.200249 57.473930 193.386078 98.125679 19.251400 168.981674 92.827263 91.139069 159.471619 105.290581                548 
30.719053 178.531555 62.194729 57.481205 193.400833 98.112762 19.188074 168.984772 92.990944 91.092506 159.445541 105.336845                571 
30.567921 178.703384 62.168850 57.526890 193.449631 97.989502 19.111908 169.170853 93.020927 91.042793 159.367310 105.056961                595 
30.535088 178.766022 62.175175 57.533195 193.457596 97.988022 19.074871 169.220367 93.033134 91.019585 159.336395 105.007523                618 
30.542585 178.863693 62.151184 57.552849 193.468002 97.989769 19.066357 169.268173 92.994896 91.011528 159.307053 104.947807                641 
30.536448 178.963074 62.137779 57.555710 193.485687 98.001976 19.053555 169.308441 92.959877 91.001198 159.297760 104.890656                665 
30.543043 179.055801 62.122925 57.561695 193.502838 98.017342 19.053965 169.334900 92.915558 91.004723 159.298874 104.838028                688 
30.595526 179.160172 62.099930 57.575340 193.489075 98.070061 19.069550 169.333313 92.795654 91.024239 159.273163 104.801445                711 
30.693800 179.105103 62.062916 57.508644 193.476151 98.138680 19.034336 169.305954 92.720383 90.933701 159.274109 105.056389                735 
30.784199 179.139099 62.042469 57.479115 193.515030 98.204376 19.032742 169.322800 92.703430 90.887466 159.319061 105.231903                758 
30.844172 179.193130 62.044285 57.488152 193.559921 98.246620 19.057781 169.332550 92.789017 90.877449 159.355408 105.322990                782 
30.860235 179.234039 62.084347 57.511631 193.601074 98.280388 19.076189 169.365921 92.901085 90.886230 159.384521 105.367874                806 
30.872082 179.297699 62.077084 57.493507 193.627975 98.308998 19.067097 169.386002 92.905884 90.860146 159.402832 105.392494                830 
30.890991 179.376511 62.065536 57.451595 193.658890 98.360222 19.023626 169.437531 92.869446 90.788292 159.410873 105.474007                854 
30.914539 179.444885 62.016937 57.437286 193.686844 98.354446 19.032148 169.381989 92.965355 90.762054 159.427658 105.470421                878 
30.938894 179.547470 61.911213 57.392391 193.696671 98.334618 19.006742 169.368011 92.861877 90.706718 159.421921 105.424438                902 
30.956366 179.769363 61.756466 57.306316 193.717880 98.331314 18.975172 169.330933 92.658272 90.657356 159.448013 105.270554                926 
30.972057 179.962723 61.623131 57.231499 193.736298 98.328445 18.942924 169.291656 92.486671 90.615242 159.472107 105.137245                950 
31.015181 180.177689 61.581425 57.171921 193.773651 98.425323 18.908037 169.305252 92.394676 90.550957 159.487976 105.148506                974 
30.998457 180.359070 61.532253 57.100109 193.821640 98.463425 18.844435 169.327362 92.327644 90.463081 159.507202 105.119324                997 
31.030054 180.437805 61.467289 57.105541 193.802292 98.451843 18.871401 169.234482 92.267509 90.500572 159.499237 105.004845               1021 
31.065315 180.495132 61.331699 57.116653 193.731384 98.378662 18.929474 169.083298 92.090904 90.588982 159.470428 104.755074               1045 
31.071501 180.513687 61.282368 57.112171 193.696716 98.355125 18.965147 168.969559 92.014145 90.656067 159.485306 104.620476               1069 
31.094906 180.512527 61.270809 57.114872 193.650284 98.373505 18.994436 168.857803 91.962402 90.714638 159.479034 104.558167               1092 
31.100256 180.507858 61.256107 57.120655 193.645020 98.358055 18.996601 168.801804 91.903381 90.760841 159.506363 104.502808               1116 
31.100941 180.512863 61.255653 57.121555 193.646637 98.357994 18.967613 168.783005 91.845795 90.773338 159.516907 104.488869               1139 
31.356684 180.583817 61.185688 57.254799 193.577118 98.422302 19.225204 168.528931 91.617287 91.103653 159.602005 104.322777               1163 
31.998194 180.716629 61.162712 57.566902 193.376862 98.739510 19.754112 168.150909 91.343407 91.616402 159.560593 104.392883               1186 
32.443863 181.233810 61.360897 57.787121 193.549393 99.203384 20.120937 168.235382 91.330910 91.971947 159.826523 104.591690               1209 
33.276028 181.944061 61.308281 57.982056 193.718033 99.739349 20.682064 168.184921 90.823296 92.459641 160.253998 104.869926               1232 
34.540215 182.922073 61.541679 58.514408 193.719025 100.715378 21.427389 168.352158 90.415688 93.034164 160.252060 105.533882               1255 
34.645340 183.051895 61.489883 58.600769 193.792236 100.690025 21.552536 168.352203 90.347397 93.229263 160.419754 105.381859               1277 
34.637096 183.064911 61.435120 58.597740 193.820786 100.627228 21.523228 168.329681 90.363968 93.283142 160.501953 105.279839               1299 
34.625038 183.065079 61.384525 58.601467 193.820480 100.566528 21.464153 168.303818 90.418350 93.313484 160.524506 105.184105               1320 
34.384380 182.959976 61.298248 58.455269 193.830399 100.389908 21.257975 168.237854 90.493347 93.226463 160.592468 104.980377               1341 
34.068825 182.952927 61.474693 58.339256 193.988602 100.395706 20.978104 168.412888 90.791252 93.066772 160.708221 105.009148               1362 
33.793560 182.928345 61.639385 58.236378 194.075058 100.420044 20.641615 168.601715 90.920212 92.885635 160.717346 105.063370               1383 
33.537113 182.817749 61.772587 58.194485 194.146866 100.363533 20.306644 168.858566 90.882576 92.713127 160.669052 105.114105               1404 
33.459515 182.739365 61.835293 58.183804 194.152771 100.357941 20.200459 168.889450 90.953201 92.628212 160.611298 105.197449               1425 
33.374859 182.681381 61.899040 58.175049 194.160522 100.352730 20.123920 168.919098 91.048965 92.563393 160.568787 105.242119               1446 
33.245785 182.596207 61.985981 58.148479 194.156464 100.348434 20.005989 168.983292 91.161964 92.456917 160.492645 105.302895               1467 
33.133636 182.545975 62.073547 58.130531 194.167664 100.355530 19.914291 169.053329 91.289871 92.368767 160.439240 105.356133               1487 
30.858603 187.644623 66.300919 58.873554 195.303757 103.474495 18.633123 173.173599 95.451965 91.086899 159.295776 104.245544               1508 
29.420673 190.124680 68.954994 59.029045 195.736496 105.226074 17.898043 175.034409 98.008972 90.148468 158.808670 103.557098               1530 
28.984964 190.901749 69.832726 59.078503 195.874130 105.783211 17.712523 175.600113 98.800606 89.827126 158.679489 103.344048               1546 
28.853043 191.145966 70.184349 59.093163 195.934113 105.968384 17.684093 175.783035 99.063553 89.686378 158.631378 103.242470               1562 
28.910339 191.168594 70.345192 59.074169 195.920288 106.042580 17.706018 175.790192 99.090919 89.598465 158.572464 103.165794               1577 
29.074379 191.112564 70.457741 59.059017 195.903885 106.080940 17.764509 175.751770 99.071938 89.540215 158.529358 103.096062               1593 
29.289757 191.015457 70.587433 59.054882 195.886688 106.142967 17.841637 175.703247 99.073296 89.505005 158.493073 103.080864               1608 
29.595686 190.840485 70.627892 59.051697 195.876038 106.134918 17.934139 175.641510 98.966583 89.493912 158.476822 103.062843               1623 
29.781084 190.464722 70.590324 59.056232 195.710815 105.966927 17.983297 175.479691 98.794739 89.459282 158.279999 102.891685               1639 
30.036274 190.171021 70.587852 59.094898 195.579849 105.885315 18.081535 175.360352 98.615189 89.482872 158.138428 102.790184               1654 
30.308903 189.829468 70.530418 59.137367 195.391617 105.751144 18.174088 175.207230 98.369011 89.509270 157.939362 102.629593               1670 
30.584103 189.504852 70.531303 59.215153 195.165863 105.706276 18.323093 174.989563 98.158272 89.617523 157.744202 102.515106               1685 
30.814684 189.263763 70.539413 59.291809 194.992874 105.673210 18.462025 174.818298 97.971413 89.734138 157.611679 102.389824               1701 
31.002211 189.075470 70.530434 59.325424 194.774323 105.672333 18.555025 174.611679 97.759834 89.810120 157.440323 102.248367               1718 
31.145121 188.936783 70.525848 59.339149 194.600906 105.683350 18.619572 174.435822 97.607048 89.867271 157.313797 102.137352               1732 
31.277298 188.814636 70.522369 59.350803 194.453629 105.692711 18.671865 174.289230 97.474716 89.915939 157.206848 102.043335               1747 
31.357973 188.815948 70.517136 59.355827 194.330902 105.693382 18.695986 174.193405 97.346046 89.941734 157.122559 101.831932               1763 
31.430288 188.813919 70.513397 59.359909 194.231201 105.693924 18.712105 174.112396 97.253403 89.962921 157.055191 101.660461               1778 
31.505053 188.835785 70.511513 59.384304 194.150070 105.690788 18.736059 174.062866 97.181396 89.987823 156.992722 101.492538               1794 
31.582048 188.855728 70.511406 59.415890 194.088959 105.683441 18.764931 174.031067 97.123871 90.016800 156.945679 101.344147               1813 
31.644733 188.869370 70.511528 59.440128 194.042068 105.677803 18.786575 174.006699 97.081947 90.039085 156.909973 101.230316               1831 
31.722263 188.849319 70.561295 59.440773 193.984116 105.750320 18.809694 173.945435 97.061287 90.071777 156.887512 101.227936               1851 
31.790266 188.831619 70.604240 59.441326 193.934204 105.812798 18.828201 173.908859 97.011200 90.100021 156.868378 101.226051               1872 
32.006088 188.587067 70.681419 59.618217 193.815994 105.867126 19.009159 173.785355 97.065727 90.285751 156.745499 101.378342               1894 
32.191273 188.379639 70.746872 59.767239 193.716415 105.912903 19.153652 173.710052 97.067345 90.442360 156.642288 101.506653               1916 
32.289650 188.309052 70.727158 59.801201 193.675812 105.909355 19.202379 173.677856 96.959236 90.508247 156.626953 101.512932               1938 
32.390938 188.234833 70.690651 59.825348 193.604843 105.905136 19.242002 173.617508 96.840096 90.558113 156.576828 101.512909               1961 
32.478596 188.117874 70.621918 59.868164 193.565414 105.833694 19.283539 173.590759 96.736732 90.598053 156.525604 101.521446               1984 
32.543209 188.016983 70.559380 59.916077 193.525696 105.771179 19.322994 173.579681 96.626953 90.635521 156.467682 101.541702               2008 
32.577202 187.957245 70.510437 59.941341 193.527588 105.715927 19.353590 173.566788 96.560417 90.672989 156.473511 101.541039               2032 
32.620853 187.908844 70.517479 59.945663 193.538727 105.740761 19.376232 173.555618 96.519188 90.708778 156.503525 101.630684               2056 
32.733547 187.801987 70.522377 59.825577 193.703552 105.877495 19.370888 173.555450 96.489136 90.725266 156.742004 102.146217               2080 
32.735321 187.734421 70.515846 59.744736 193.905350 105.885040 19.387032 173.555679 96.498924 90.801285 157.054886 102.363228               2104 
32.576004 188.393951 70.769417 59.812206 193.970123 106.060287 19.193478 174.134857 96.673172 90.448296 156.816055 102.076065               2129 
32.562801 188.390976 70.761711 59.795200 193.993774 106.048264 19.178873 174.143585 96.650063 90.430107 156.835953 102.090126               2153 
32.562202 188.371460 70.751358 59.788265 193.993286 106.036850 19.174116 174.130112 96.612251 90.423912 156.834045 102.097694               2176 
32.546570 188.318924 70.727104 59.805981 194.019516 105.971230 19.189873 174.115387 96.592163 90.452599 156.865753 102.066017               2200 
32.519184 188.290268 70.706909 59.815125 194.043243 105.902000 19.190361 174.107086 96.577950 90.472191 156.898880 101.989243               2223 
32.516949 188.249878 70.717110 59.829250 194.033798 105.867142 19.183321 174.098328 96.586693 90.471519 156.877365 101.953110               2246 
32.505360 188.215561 70.718277 59.840801 194.030823 105.819099 19.173450 174.093796 96.592270 90.470505 156.864883 101.897018               2269 
32.538521 188.204346 70.734894 59.852505 194.044128 105.823883 19.178440 174.101135 96.587639 90.482704 156.876709 101.919739               2293 
32.248589 187.360733 70.536453 59.811573 193.815063 105.298325 19.048359 173.746368 96.733482 90.375725 156.549103 101.841515               2317 
32.433285 187.444977 70.718742 59.699970 193.789215 105.712288 19.080851 173.606842 96.715248 90.444984 156.674774 102.229416               2340 
29.896887 179.035370 68.342453 58.159760 191.550537 100.768105 17.393637 170.082886 96.782417 88.987129 154.410721 103.043304               2362 
27.927250 171.223923 66.074417 56.859959 189.779831 94.780807 15.486535 169.136108 95.838402 86.702499 153.192001 105.058029               2385 
28.668776 171.417145 65.621124 56.864777 190.582779 94.640488 15.602109 169.690018 95.135300 86.706566 154.342789 106.085968               2400 
29.067762 171.667007 65.398911 56.837543 191.031662 94.674515 15.666035 169.944855 94.758118 86.718826 154.956955 106.531715               2415 
29.599495 174.266617 65.473740 57.167973 192.608017 95.568657 15.765840 171.992432 94.589958 86.484680 155.921341 106.947876               2428 
29.963377 175.884552 65.529419 57.009941 193.647644 96.415352 15.750943 172.814102 94.384514 86.405449 156.867310 107.277161               2442 
30.042324 176.597061 65.508812 56.755096 194.075562 96.827187 15.677992 172.941071 94.215805 86.390015 157.362747 107.258362               2455 
30.112175 177.209442 65.467842 56.617847 194.406128 97.100441 15.628098 173.152390 94.056435 86.345222 157.677856 107.209190               2468 
30.186384 177.767014 65.464989 56.502502 194.657684 97.403557 15.587024 173.318771 93.932388 86.300148 157.897217 107.182938               2482 
30.257206 178.228043 65.448517 56.411213 194.846939 97.647240 15.571177 173.430222 93.787376 86.271805 158.060959 107.134377               2495 
30.226595 179.211258 65.601555 56.424965 195.195572 98.070221 15.553950 173.932312 93.795059 86.189697 158.169022 106.899887               2508 
30.228291 179.891968 65.636627 56.438618 195.458939 98.284630 15.604965 174.228729 93.703659 86.170952 158.300308 106.656769               2522 
30.235495 180.285049 65.649902 56.420918 195.574005 98.436127 15.655780 174.336990 93.553772 86.119530 158.327911 106.534836               2535 
30.244209 180.569122 65.661652 56.408123 195.657196 98.545654 15.738472 174.364990 93.393829 86.083221 158.349854 106.446182               2549 
30.227316 180.823776 65.753616 56.345581 195.772369 98.725861 15.805037 174.348267 93.351997 86.066154 158.462509 106.441475               2562 
30.217894 181.044739 65.810402 56.305557 195.840881 98.864182 15.890810 174.263763 93.325783 86.082298 158.531006 106.360046               2576 
30.179186 181.140289 65.907616 56.307133 195.884949 98.941757 16.015591 174.128952 93.358482 86.200462 158.625565 106.221558               2590 
30.114794 181.238724 66.027412 56.293423 195.907593 99.044464 16.116259 174.009903 93.382042 86.282013 158.680756 106.095421               2604 
30.040545 181.310074 66.141205 56.267273 195.913834 99.139038 16.199492 173.891815 93.333702 86.336182 158.714554 105.990524               2617 
29.972416 181.370163 66.240685 56.240360 195.924622 99.217476 16.280272 173.769608 93.233421 86.384651 158.755005 105.896507               2632 
29.874794 181.439560 66.283623 56.170742 195.891296 99.273949 16.312872 173.633942 92.995956 86.372215 158.732010 105.749054               2645 
29.786112 181.503174 66.323669 56.106747 195.860672 99.325867 16.361244 173.500992 92.736443 86.360619 158.711823 105.613541               2660 
29.709482 181.563446 66.451141 55.941616 195.912704 99.518250 16.383024 173.307495 92.489861 86.369957 158.883087 105.665703               2676 
29.694073 181.594650 66.522095 55.758801 196.003433 99.686424 16.423651 173.070984 92.288368 86.416740 159.152756 105.768150               2694 
29.802128 181.610809 66.493858 55.773476 196.056396 99.707085 16.521099 172.974457 92.149612 86.465050 159.244705 105.854927               2711 
29.940996 181.658142 66.492325 55.809258 196.190933 99.739838 16.655556 172.922714 92.053505 86.564697 159.448914 105.984444               2729 
30.018871 181.665970 66.466118 55.797340 196.241425 99.756287 16.731127 172.807205 91.924324 86.599373 159.548004 106.056770               2750 
30.084145 181.677048 66.452370 55.779701 196.279861 99.787117 16.792555 172.696976 91.825790 86.621696 159.627228 106.129379               2771 
30.099592 181.696884 66.367287 55.725933 196.281464 99.755814 16.827238 172.515839 91.682167 86.613792 159.663254 106.073723               2792 
30.096226 181.722015 66.244766 55.642258 196.278412 99.699844 16.839996 172.285706 91.511871 86.589836 159.703552 105.976463               2813 
30.090921 181.719376 65.996101 55.510990 196.292114 99.529472 16.869177 171.892029 91.258606 86.571266 159.809952 105.788834               2880 
30.112240 181.715088 65.943741 55.484085 196.291794 99.508530 16.889061 171.756470 91.218727 86.565399 159.830093 105.782654               2903 
30.156769 182.194641 65.823418 55.343033 196.536911 99.621620 16.862703 171.674301 91.144417 86.457863 160.076935 105.737671               2925 
30.202181 182.607590 65.793518 55.146400 196.775543 99.837471 16.824965 171.526825 91.127754 86.378189 160.393356 105.819145               2948 
30.321596 182.835953 65.697800 55.089752 196.917816 99.899612 16.833515 171.464264 90.982178 86.356895 160.565582 105.878632               2971 
30.369484 182.891953 65.672440 55.058525 197.032120 99.901360 16.855110 171.412125 90.925438 86.403236 160.752853 105.917381               2994 
30.395567 182.896896 65.716690 55.039715 197.115585 99.939667 16.874403 171.351837 90.927338 86.454834 160.904022 105.996185               3017 
30.415028 182.896866 65.753288 55.034538 197.175034 99.963516 16.886816 171.284180 90.914879 86.500702 161.011978 106.044876               3041 
30.432108 182.896927 65.783791 55.030243 197.224319 99.983292 16.895441 171.215622 90.896027 86.538696 161.101578 106.085190               3064 
30.443420 182.898285 65.830048 55.015034 197.273163 100.023270 16.905783 171.139954 90.895294 86.570496 161.194473 106.142876               3087 
30.452339 182.886337 65.842438 55.012047 197.291550 100.026154 16.909035 171.064270 90.860382 86.591286 161.235779 106.158142               3111 
30.384329 182.989975 65.810104 54.944340 197.326492 100.017319 16.841433 171.033707 90.783493 86.532204 161.263824 106.063690               3135 
30.089077 183.157593 65.762558 54.777790 197.320572 99.944344 16.653597 170.961304 90.717171 86.399933 161.235947 105.672188               3158 
29.644939 183.295670 65.842453 54.524406 197.293915 99.948738 16.404148 170.827164 90.784157 86.247803 161.232880 105.249306               3183 
29.236843 183.360611 65.965240 54.301476 197.276154 99.964874 16.201571 170.675980 90.906075 86.134727 161.262314 104.916275               3206 
28.940525 183.414398 66.068970 54.147667 197.236252 99.996597 16.053604 170.552429 90.984825 86.029366 161.229599 104.681351               3230 
28.928923 183.443741 66.070297 54.152477 197.235077 99.993484 16.075407 170.430237 90.999619 86.026520 161.216278 104.636772               3254 
28.985395 183.744873 66.172737 54.366024 197.214020 100.103661 16.156715 170.518066 91.064606 86.091942 161.025360 104.429733               3277 
29.200998 184.129578 66.310471 54.665100 197.097717 100.369324 16.304684 170.594833 91.090202 86.157387 160.664215 104.332260               3301 
29.909027 184.479980 66.454033 55.042198 197.116455 100.877075 16.667318 170.729309 91.007843 86.321381 160.513367 104.963112               3325 
30.398985 184.704468 66.796181 55.385406 197.086105 101.413834 16.985394 170.769226 91.166618 86.559784 160.387695 105.445313               3349 
30.654991 184.757156 66.823990 55.620544 197.094986 101.468384 17.176497 170.766052 91.151672 86.734291 160.348007 105.525932               3371 
30.717075 184.825470 66.917755 55.691849 197.089172 101.577744 17.204962 170.733978 91.196312 86.779266 160.312958 105.571617               3394 
30.680302 184.828629 66.967438 55.666569 197.070465 101.622894 17.163443 170.647552 91.207718 86.770760 160.302780 105.564476               3417 
30.630281 184.842819 67.010689 55.648930 197.058334 101.648232 17.124123 170.574097 91.226463 86.766907 160.294846 105.519356               3439 
30.580795 184.865417 67.027061 55.636108 197.050568 101.644943 17.083988 170.511108 91.198883 86.762779 160.286789 105.442810               3461 
30.535320 184.886261 67.042290 55.624268 197.043396 101.641899 17.053339 170.448471 91.191002 86.758865 160.279404 105.372101               3484 
30.493160 184.905655 67.056580 55.613232 197.036713 101.639069 17.025381 170.390427 91.185310 86.755142 160.272568 105.306213               3507 
30.454090 184.923706 67.069977 55.602955 197.030487 101.636429 17.001698 170.328766 91.184135 86.751602 160.266251 105.244835               3530 
30.433500 184.985565 67.075790 55.618320 197.029068 101.634613 16.972284 170.310333 91.159843 86.747055 160.240250 105.163414               3553 
30.417336 185.107300 67.116623 55.664692 197.024094 101.670265 16.948532 170.312973 91.158691 86.766678 160.197495 105.037231               3576 
30.402229 185.222824 67.156036 55.708748 197.019348 101.704132 16.909166 170.301117 91.155594 86.785156 160.157425 104.917252               3600 
30.368690 185.317825 67.332367 55.729263 197.007324 101.873947 16.900417 170.220718 91.256233 86.867210 160.178650 104.864960               3623 
30.324493 185.485123 67.494720 55.788208 196.966919 102.026711 16.867752 170.210632 91.344818 86.901100 160.095108 104.733276               3647 
30.478014 185.958862 67.660179 56.132187 196.930832 102.213631 16.909821 170.532578 91.412476 86.918030 159.759598 104.537392               3671 
30.487352 186.241730 67.681412 56.249439 196.956726 102.232033 16.838617 170.624496 91.417015 86.888680 159.651230 104.330940               3696 
30.503807 186.389359 67.685677 56.302837 196.970688 102.246803 16.760056 170.618576 91.400604 86.865982 159.597153 104.242378               3719 
30.527197 186.514404 67.683807 56.368340 197.007294 102.237350 16.697165 170.624359 91.384796 86.875900 159.584244 104.153778               3743 
30.558163 186.612976 67.681175 56.430378 197.025253 102.232803 16.637983 170.614792 91.357407 86.892555 159.561661 104.077583               3767 
30.551451 186.616577 67.680222 56.431358 197.027756 102.223427 16.550421 170.527039 91.345612 86.895592 159.565216 104.055664               3791 
30.513878 186.630676 67.691566 56.429688 197.015839 102.212692 16.459066 170.455948 91.317604 86.902763 159.557144 103.975220               3816 
30.370926 186.502121 67.878204 56.321423 196.985458 102.340729 16.327286 170.286209 91.450485 86.886253 159.600861 104.087677               3840 
30.246700 186.361877 68.029198 56.217621 196.962692 102.437462 16.226583 170.120071 91.537941 86.873489 159.653519 104.201630               3863 
30.009212 186.316193 68.187485 56.148201 196.938126 102.458878 16.103127 170.044418 91.667549 86.835548 159.647919 104.069878               3887 
29.832273 186.296906 68.314117 56.106426 196.915009 102.480400 16.022390 169.998993 91.711311 86.809280 159.631866 103.953697               3911 
29.633701 186.317398 68.714531 56.166389 196.788925 102.723145 15.992693 169.924179 92.049690 86.842781 159.471558 103.837425               3935 
29.569304 186.493149 69.079987 56.448917 196.542374 102.940521 16.104746 169.876053 92.334183 87.037918 159.139221 103.371880               3959 
29.544880 186.694901 69.339806 56.641624 196.359512 103.136436 16.178411 169.866714 92.486908 87.153969 158.891495 103.023560               3983 
29.600458 186.871384 69.574066 56.820385 196.109451 103.388405 16.237722 169.841476 92.567558 87.212219 158.547867 102.811623               4006 
29.713474 187.038849 69.714661 57.031025 195.996475 103.523087 16.357296 169.870117 92.600372 87.344643 158.378113 102.622330               4030 
29.794037 187.156342 69.815384 57.179432 195.916885 103.617973 16.432377 169.884583 92.610443 87.437874 158.260284 102.488754               4053 
29.912628 187.403687 69.903557 57.274693 195.864304 103.798775 16.469210 169.966827 92.553253 87.454414 158.152328 102.434921               4077 
30.732422 188.803650 70.348358 57.863499 195.922928 104.731514 16.865414 170.657776 92.415520 87.670746 157.959183 102.462006               4100 
31.490170 190.016037 70.871201 58.327957 195.887405 105.714760 17.194963 171.018311 92.505959 87.863327 157.771484 102.598991               4124 
31.864403 190.647614 71.051010 58.529346 195.862076 106.128708 17.299837 171.075714 92.560402 87.942200 157.690765 102.564423               4146 
32.083206 190.996964 71.121811 58.632160 195.835571 106.338768 17.325165 171.005859 92.648720 87.987190 157.644165 102.521996               4167 
32.230083 191.228638 71.171059 58.700417 195.817978 106.478226 17.319139 170.938568 92.738525 88.018539 157.615356 102.493729               4187 
32.347008 191.411224 71.211189 58.754269 195.804092 106.588249 17.311766 170.890808 92.806641 88.044106 157.593811 102.471390               4208 
32.440437 191.555801 71.243820 58.796947 195.793091 106.675446 17.294922 170.860428 92.857498 88.064888 157.577484 102.453682               4228 
32.518776 191.675949 71.271523 58.832443 195.783936 106.747971 17.270678 170.824905 92.921104 88.082535 157.564392 102.438957               4250 
32.581818 191.771805 71.294014 58.860790 195.776627 106.805885 17.250679 170.792770 92.983543 88.096855 157.554276 102.427208               4270 
32.638817 191.857742 71.314491 58.886219 195.770081 106.857834 17.231430 170.749237 93.089424 88.109879 157.545441 102.416679               4291 
32.687004 191.929779 71.331886 58.907555 195.764572 106.901428 17.212282 170.734802 93.162361 88.120934 157.538208 102.407845               4312 
32.730164 191.993744 71.347519 58.926510 195.759689 106.940163 17.188929 170.706238 93.263680 88.130852 157.531921 102.400009               4333 
32.735844 191.952148 71.287613 58.907887 195.713547 106.896629 17.184011 170.534103 93.289948 88.208611 157.567337 102.292046               4354 
32.746456 191.901718 71.231064 58.896339 195.665527 106.854057 17.183411 170.387863 93.295998 88.288033 157.595978 102.195076               4375 
32.789146 191.850601 71.239471 58.935005 195.638626 106.860855 17.214809 170.291977 93.375717 88.395821 157.626221 102.171906               4397 
32.826374 191.798523 71.248047 58.973740 195.618240 106.862930 17.250072 170.222290 93.430817 88.498459 157.658295 102.151031               4420 
32.859047 191.753296 71.255501 59.007404 195.600525 106.864738 17.269592 170.173264 93.492317 88.587570 157.686249 102.132874               4443 
32.913567 191.733032 71.271210 59.047539 195.582993 106.888802 17.300905 170.140274 93.545151 88.675323 157.709091 102.131592               4467 
33.004284 191.682861 71.306786 59.098782 195.514633 106.953377 17.343414 170.081467 93.578522 88.780693 157.686829 102.166931               4491 
33.084663 191.638641 71.338196 59.143993 195.454315 107.010361 17.381130 170.024094 93.620407 88.873650 157.667282 102.198303               4516 
33.184181 191.595245 71.335236 59.203400 195.385757 107.037552 17.435225 169.966660 93.614998 88.967239 157.628082 102.206406               4540 
33.235451 191.564178 71.329758 59.220310 195.332703 107.057579 17.443972 169.928741 93.612640 89.008728 157.596100 102.213219               4565 
33.277870 191.538681 71.325325 59.234184 195.289169 107.074005 17.434570 169.921722 93.607780 89.042770 157.569885 102.218872               4589 
33.351734 191.484528 71.305756 59.277580 195.265610 107.071548 17.454184 169.918594 93.609932 89.113861 157.563583 102.252640               4614 
33.526981 191.400543 71.318901 59.348606 195.273178 107.148506 17.542957 169.908630 93.632057 89.255035 157.609711 102.464722               4638 
33.555679 191.367508 71.307762 59.351719 195.272263 107.150581 17.493349 169.962814 93.637199 89.287117 157.627853 102.498856               4663 
33.064732 192.407837 72.124054 59.468681 195.624557 107.588875 17.405079 170.469589 94.377998 89.406311 158.167603 101.623642               4688 
32.901749 192.484085 72.229889 59.509857 195.641510 107.545433 17.366873 170.422028 94.684616 89.447670 158.228210 101.313202               4713 
31.612175 193.403290 72.401016 59.505856 195.684021 107.331360 17.313747 170.320786 94.908875 89.518524 158.396484 100.717178               4729 
31.032288 192.108826 70.393127 59.690128 195.602066 105.377052 20.100512 166.525757 92.483513 93.106194 161.419815 98.319527               4746 
30.021177 198.625458 70.428284 61.648041 197.512878 104.098091 20.080025 171.285675 91.253120 92.931564 162.351776 93.147911               4762 
29.750093 201.972519 65.269196 62.477459 199.369019 98.702965 20.340384 174.031677 85.870903 93.039864 163.772980 87.138802               4778 
29.183939 203.735580 58.730949 62.717117 201.905594 92.204735 21.846422 174.627838 79.200111 94.903137 167.858353 80.384674               4792 
29.479095 203.588974 50.807480 63.128174 202.027634 84.669327 22.471308 174.367294 71.808899 95.458626 167.882019 73.547821               4805 
32.130932 205.293716 43.000526 64.767609 202.988098 78.071091 23.704674 176.502625 64.080017 96.349617 167.722580 68.386627               4817 
33.286198 207.998688 33.746754 65.242928 205.471512 69.838455 23.925148 179.823593 55.151905 96.207489 169.284531 61.679646               4829 
33.413872 208.453400 22.067921 63.574486 206.779709 60.173950 23.074760 181.458008 43.212578 94.935699 170.397675 54.911781               4839 
32.619431 207.699387 9.713785 61.639648 207.467102 49.168003 21.756598 182.018417 31.207844 93.129623 170.892670 46.809875               4850 
33.996796 213.711899 -10.721034 61.212036 212.713348 30.460642 21.436800 189.004211 10.194437 91.364395 174.955002 30.355364               4869 
33.138332 213.918716 -20.668325 60.147312 214.039993 20.938400 20.383259 190.121704 0.945292 89.932579 176.028305 22.616995               4878 
34.680649 215.305038 -28.629324 60.668491 215.167587 14.021731 21.347456 191.661789 -7.250501 89.888222 176.816116 17.221853               4887 
38.214184 217.430527 -47.443573 60.452988 217.449844 -2.112276 23.722744 193.485382 -27.128571 89.522232 179.430634 4.550086               4904 
38.694096 219.089615 -57.290848 59.402573 220.062347 -10.779637 25.022503 194.243546 -37.234367 89.877190 183.517120 -2.376446               4912 
39.536922 220.510452 -64.819962 59.184475 221.295731 -17.448162 26.932625 194.451538 -45.497231 91.094131 186.088913 -8.666249               4921 
39.844208 221.195953 -74.679390 58.449379 222.416397 -26.174603 27.795073 194.692657 -55.130814 90.574799 187.902695 -15.609050               4930 
40.785309 222.161179 -92.331238 58.372608 223.380280 -42.387821 29.950985 194.671768 -72.619301 91.071068 189.952194 -30.212330               4947 
41.813961 224.161240 -101.264717 56.995747 223.865280 -49.792019 30.758894 195.648972 -82.365013 89.029228 190.360901 -36.147217               4956 
41.895706 223.825348 -109.820335 56.361565 222.940414 -57.154358 31.662363 194.401581 -90.624100 88.187630 189.829758 -42.132542               4965 
38.843407 225.043274 -130.383179 54.727474 224.345825 -76.662056 28.620136 195.586349 -108.838448 84.568542 190.318619 -59.734928               4982 
38.863846 225.486679 -139.949554 52.965656 224.300003 -85.013336 28.544035 195.183380 -118.158485 81.997620 190.512360 -66.294113               4990 
40.760479 225.518234 -150.843048 51.559372 223.340851 -93.871216 31.761114 192.709076 -128.637863 80.427589 191.260757 -72.137321               5001 
41.757477 223.626953 -166.018112 52.568913 221.581360 -107.453247 33.569065 189.279755 -141.081299 80.130226 190.414398 -82.879623               5017 
41.131451 227.033157 -174.733017 52.862099 223.824203 -115.634796 32.639267 191.843658 -148.829056 79.298401 191.962540 -90.718445               5025 
40.516216 229.069992 -183.479935 54.649090 223.970535 -124.086502 32.886250 192.243347 -156.507568 80.844978 191.657364 -99.499863               5038 
42.483471 227.474625 -185.489594 56.033028 222.531738 -125.584572 35.279518 190.129257 -157.983078 82.220222 190.873352 -100.151398               5044 
64.198456 232.080017 -189.582764 65.580383 220.855820 -128.553833 49.667580 192.623260 -166.560211 84.430214 185.678772 -101.311806               5060 
66.885139 233.135925 -191.331985 67.302277 220.272690 -130.451477 51.184788 193.268188 -169.049286 85.033661 184.141586 -103.711792               5069 
64.424736 230.036880 -198.460083 67.743195 218.429810 -137.044479 50.309143 190.283554 -173.962906 86.894966 183.335678 -109.906303               5086 
61.710075 227.963898 -201.507065 66.248581 216.978699 -139.896362 50.816540 188.177582 -176.848663 87.776085 183.498886 -112.500412               5095 
58.983387 226.938644 -204.554184 65.289383 216.017532 -142.914459 50.276672 188.514252 -180.480255 87.976952 183.020523 -115.871147               5103 
60.015057 225.862045 -213.725937 65.193573 218.128708 -151.150269 51.570194 189.379959 -188.076096 87.235741 186.886780 -121.604485               5112 
59.808311 224.523254 -222.869858 64.559898 216.554474 -159.900665 49.848427 188.757172 -197.001755 84.731163 184.514618 -129.876740               5129 
60.613834 224.865280 -225.201996 64.238876 216.453247 -162.067657 52.001343 188.379395 -199.815186 85.226028 185.273926 -131.698944               5138 
59.634575 223.058044 -226.980606 63.620022 215.169449 -163.686508 54.162899 187.384201 -202.220322 86.620079 185.765656 -133.006165               5147 
59.678276 222.897507 -227.707779 63.663326 214.646652 -164.359283 55.705173 188.418854 -204.002853 87.157356 185.589752 -133.722794               5156 
60.182819 220.839966 -229.220551 65.469246 212.273529 -165.891266 58.777519 191.050125 -208.369003 88.721581 182.467194 -135.795090               5182 
60.613369 220.234070 -229.664917 66.139923 211.641235 -166.323746 59.986767 191.889252 -209.555481 89.144730 181.571320 -136.299622               5190 
60.533871 217.330124 -230.405029 66.146217 209.451370 -166.913971 61.491241 190.337936 -210.661026 89.830055 180.301437 -136.512878               5199 
60.368168 212.928101 -231.695084 65.931465 206.836273 -167.947754 62.522495 187.146606 -211.607056 90.288300 179.204941 -136.672791               5207 
60.918797 210.644455 -232.492188 66.296303 205.389847 -168.599487 64.566254 187.078461 -212.784531 90.865005 178.501511 -136.846313               5217 
60.212879 210.064087 -233.055023 66.108192 204.579681 -169.191544 65.329437 188.347397 -214.392349 91.056686 177.728516 -137.704147               5225 
59.934563 209.736160 -233.455902 66.100502 204.135666 -169.592163 66.219002 189.575943 -215.660889 91.250282 177.328751 -138.227432               5233 
61.518044 211.181152 -234.377808 66.958969 204.275787 -170.552841 66.921417 190.532318 -216.912109 90.788071 176.000687 -139.447205               5242 
63.021782 212.283768 -235.049347 67.672928 204.476700 -171.243515 67.781250 191.344284 -217.807510 90.458252 175.239517 -140.245377               5251 
63.712856 212.995605 -235.695007 68.100845 204.738754 -171.900192 67.800552 191.847687 -218.620483 89.904922 174.644424 -141.016846               5268 
64.086220 212.905029 -236.372910 68.289841 204.690933 -172.546707 67.949791 191.749756 -219.297668 89.746056 174.437500 -141.575272               5277 
62.982479 213.960922 -238.882828 68.253548 205.325790 -175.170181 66.537697 192.614685 -222.040314 89.424980 174.318268 -144.753525               5288 
61.725895 215.059280 -240.893967 68.128601 206.286835 -177.284698 65.208138 193.607117 -224.178802 89.428864 174.953384 -147.294983               5301 
61.678322 215.534775 -241.851807 68.297424 206.707626 -178.253510 64.936203 194.014374 -225.178360 89.398438 175.165573 -148.341736               5317 
60.609661 214.486481 -242.848007 68.110077 206.586487 -179.211014 64.474998 193.186325 -225.969986 90.286331 175.939957 -149.146561               5329 
59.998508 213.877289 -243.423279 68.000793 206.515839 -179.769531 63.940723 192.465942 -226.352524 90.794724 176.403854 -149.626968               5337 
59.929886 213.746323 -243.582626 67.931824 206.508652 -179.899017 63.736691 192.101761 -226.414444 90.976677 176.651199 -149.694122               5346 
59.883854 213.539597 -243.733078 67.913269 206.426575 -180.023895 63.590546 191.729172 -226.477753 91.128487 176.757919 -149.763474               5355 
59.558582 213.578049 -243.840454 67.763901 206.409668 -180.146652 63.507870 191.760757 -226.678665 91.342758 176.935822 -149.977158               5367 
59.330978 213.696579 -243.932281 67.669044 206.387405 -180.205063 63.487087 191.770065 -226.786652 91.464005 177.042374 -150.079697               5374 
59.645947 212.273697 -244.510986 67.493095 205.700653 -180.553284 64.189606 190.844040 -227.362228 91.408508 177.087921 -149.824921               5384 
59.644577 210.961304 -245.061783 67.298874 204.984039 -180.951675 64.498322 189.998764 -227.919983 91.332939 176.914108 -149.817902               5394 
59.070461 209.557663 -245.637039 66.875519 204.464783 -181.405472 64.183838 189.038269 -228.382111 91.109344 177.006760 -149.883301               5405 
58.257626 208.077454 -246.240189 66.215820 203.890640 -181.910004 63.525623 187.926758 -228.808548 90.551727 176.965546 -150.009048               5416 
61.136242 213.265717 -247.409714 65.922913 206.728775 -182.913834 68.563393 195.714920 -232.157196 90.469444 180.279068 -150.777405               5427 
65.660294 219.122894 -247.208374 66.126389 209.108490 -182.939926 74.706657 203.729294 -233.257080 90.789612 183.403702 -150.292435               5439 
66.363838 220.927628 -251.450378 66.893196 210.409760 -187.224777 75.685898 206.267014 -238.034424 91.226250 184.084427 -154.824966               5451 
66.649376 221.731537 -253.382660 67.132835 211.063660 -189.149109 76.122803 207.429901 -240.168839 91.282341 184.527039 -156.784348               5461 
67.326279 222.056122 -254.540939 67.439461 211.482071 -190.258652 76.767380 208.557388 -241.252655 91.353340 184.983383 -157.688492               5471 
67.633133 222.230698 -255.101303 67.585419 211.681229 -190.786804 77.084328 209.339355 -241.780518 91.386963 185.200821 -158.119659               5481 
67.717476 222.057617 -255.533630 67.575157 211.735703 -191.154907 77.156097 209.629135 -242.149780 91.236328 185.306854 -158.344345               5491 
68.313408 221.676910 -256.047211 67.866936 211.718124 -191.587204 77.637001 209.566574 -242.551926 91.166351 185.282104 -158.524490               5501 
69.562798 221.439529 -256.531860 68.540863 211.806946 -192.005081 78.648842 209.502060 -242.904846 91.198318 185.196838 -158.637283               5511 
69.535187 221.207794 -256.901062 68.446945 211.835281 -192.315903 78.542168 209.420776 -243.220093 90.840210 185.145554 -158.833542               5521 
69.860794 220.524246 -257.536987 68.655624 211.657318 -192.861267 78.722534 208.864456 -243.758713 90.628799 184.887695 -159.165039               5532 
70.801903 220.270630 -257.884033 69.160904 211.670685 -193.163544 79.486816 208.688675 -244.004333 90.637268 184.794205 -159.232895               5541 
71.053429 220.789047 -258.045135 69.261414 211.950378 -193.342377 79.657860 210.021652 -244.173828 90.502861 184.819382 -159.466461               5552 
71.006371 221.007156 -258.156738 69.217949 212.148438 -193.439423 79.571350 210.937073 -244.277222 90.301109 184.873337 -159.580322               5562 
72.548698 218.074707 -259.216766 70.264923 211.079681 -194.271210 80.558174 208.405975 -245.055527 89.712135 183.546677 -159.650299               5572 
72.746307 218.155746 -259.167023 70.493324 211.067276 -194.214722 80.643585 208.674393 -245.038116 89.471436 183.091705 -159.688385               5583 
72.974945 218.199905 -259.121887 70.665504 211.071075 -194.162231 80.812515 208.881378 -244.994705 89.353279 182.876709 -159.655502               5593 
74.132484 218.387177 -258.917725 71.158241 211.301208 -193.966248 81.743088 209.172943 -244.712555 89.116211 182.845276 -159.287140               5604 
75.423668 220.111572 -258.108093 71.296440 212.097916 -193.314514 82.851974 210.914536 -243.880905 88.765930 183.264328 -158.697906               5614 
74.534637 221.092697 -257.704254 70.180550 212.232971 -193.023529 82.225548 212.195923 -243.491074 88.498894 183.773087 -158.536697               5624 
74.042267 220.605423 -257.407867 68.998695 212.018204 -192.728271 81.728035 212.063965 -243.029465 87.394333 184.117493 -157.828140               5635 
74.821442 221.545914 -254.049683 67.785561 212.446228 -189.615158 82.034843 212.944839 -239.506592 84.952538 184.149582 -154.409149               5645 
74.926285 221.391083 -252.342407 67.113533 212.421997 -187.968216 81.912109 212.825684 -237.702332 83.617676 183.999557 -152.547211               5656 
74.642349 221.599365 -251.294678 66.559036 212.660187 -186.938828 81.560753 213.100830 -236.613785 82.840210 184.203094 -151.442551               5667 
71.420654 221.793427 -251.320999 65.026649 213.417709 -186.696533 78.911896 213.771301 -236.697632 82.925766 185.892609 -151.244339               5677 
66.644638 224.792358 -250.400574 62.303585 215.572678 -185.717163 75.223236 217.702713 -235.934357 83.767967 190.134888 -150.687637               5686 
64.958031 228.066925 -248.173080 59.664177 217.213135 -183.811798 73.779617 221.713272 -233.550232 82.620689 193.496017 -148.522079               5696 
66.563744 230.466187 -245.904465 58.505886 218.505035 -182.025040 74.841888 224.224197 -230.953705 80.440094 194.947891 -145.985901               5707 
67.836327 229.781830 -242.047836 56.341450 217.328156 -178.788910 75.436691 223.994949 -226.587265 77.090446 194.844040 -141.388229               5717 
69.456871 228.743988 -238.405548 54.188759 216.928116 -175.823639 76.306808 224.263885 -222.201492 74.004089 197.771896 -136.134079               5728 
72.155212 230.046036 -235.054123 52.949165 217.406067 -173.728073 78.005547 226.153610 -218.334671 70.910400 199.803879 -132.467606               5739 
74.878159 234.226852 -230.398544 51.654587 219.248611 -171.017334 79.582184 230.443909 -213.313416 67.334717 202.054535 -128.669174               5751 
75.987984 242.370316 -223.854324 49.664814 221.765976 -167.528152 79.601494 238.251785 -206.597382 63.547642 204.150864 -124.728119               5762 
72.631310 246.785156 -221.116714 46.023121 222.496918 -166.377640 75.930344 242.557068 -203.763123 59.650993 205.066315 -123.420410               5773 
61.414112 241.010071 -219.750778 39.692936 219.987839 -161.609650 65.625984 239.401703 -202.171448 56.565212 209.843552 -117.481552               5787 
66.725914 237.851517 -206.739258 39.380142 219.836624 -159.398392 65.132599 238.811295 -200.282837 56.093330 211.486404 -114.835945               5793 
65.100670 237.461258 -185.377121 32.128929 223.707230 -149.151352 56.888947 240.504333 -191.574844 50.055023 216.969421 -104.787796               5812 
62.467075 237.470551 -181.449402 28.839684 224.694489 -146.519943 53.101952 240.770935 -189.507492 47.348572 218.368042 -102.335495               5822 
57.282860 232.318298 -181.072800 25.490362 226.126434 -143.181076 47.001709 235.941498 -189.398895 47.369884 221.806625 -100.315063               5833 
55.488518 231.782181 -178.569260 24.256525 227.748566 -140.055069 44.922695 235.547836 -187.037247 47.026348 223.928467 -97.607323               5840 
51.832756 235.003830 -173.548355 21.181274 230.436539 -134.744812 40.833668 238.540115 -182.110291 44.756134 227.299362 -92.682335               5848 
51.533722 237.693100 -167.522812 20.334665 233.264343 -129.213257 40.456402 240.882141 -176.463242 43.387478 231.365753 -86.788841               5857 
50.660568 242.212097 -161.294739 19.523054 236.450348 -123.168602 39.402668 245.390259 -170.290344 42.675556 234.156830 -80.818047               5865 
50.425861 249.490570 -152.111755 19.065701 240.513062 -114.844330 39.084656 253.133148 -161.057480 41.967037 235.619370 -72.577919               5874 
49.676838 254.739639 -143.755447 18.277855 243.968903 -107.038612 38.283916 259.202271 -152.464188 41.294384 235.909973 -65.323364               5883 
50.170731 253.951721 -128.218323 18.842508 247.820358 -90.431099 39.116405 259.958832 -136.664520 41.992149 236.842224 -49.462288               5901 
51.030228 256.640381 -120.397217 18.447512 249.496094 -83.886589 40.139713 262.540131 -129.221558 40.301743 238.534683 -42.207954               5909 
50.229813 261.328949 -111.547615 16.882242 251.006958 -76.544167 39.244480 266.834167 -120.651794 37.927986 240.145081 -34.425705               5918 
50.521202 265.939087 -99.336517 16.661613 251.705795 -66.271805 39.487167 271.220581 -108.631004 36.850540 240.041687 -23.948942               5926 
50.547260 268.524109 -92.285744 16.536232 252.102936 -60.434170 39.477680 273.707062 -101.703667 36.269459 239.906952 -18.046360               5935 
52.423851 267.429138 -81.578278 18.044350 252.133255 -49.582207 41.461716 273.342865 -90.789978 37.710281 238.224823 -7.693365               5943 
52.473206 266.466553 -69.942955 17.788914 252.109406 -37.864388 41.624989 272.993164 -78.999710 37.285683 236.783813 3.606939               5961 
50.465302 263.622009 -59.299637 16.900074 247.473251 -26.895004 39.153236 269.241730 -68.456848 37.485004 234.251083 14.773967               5969 
49.436176 262.217834 -47.640728 17.152117 243.379837 -15.400707 37.711071 266.831268 -56.920448 38.527241 232.124710 26.447765               5978 
51.616734 260.526611 -37.009346 18.675051 240.181564 -6.405830 40.133259 264.592194 -46.906086 38.441135 229.959717 36.485710               5987 
55.398441 255.925339 -11.188672 20.618084 235.913834 10.036366 44.933052 261.632263 -27.964153 37.078835 224.579102 54.029961               6004 
54.710487 254.062119 -2.442377 19.747540 234.388229 15.974776 44.623707 260.370453 -21.479773 35.519772 222.807449 60.156113               6013 
54.331844 253.104828 1.991672 19.304642 233.612076 18.995989 44.455887 259.732117 -18.178778 34.726395 221.904190 63.267464               6021 
54.742611 250.300659 7.307564 21.409025 231.464203 27.294189 42.494682 258.751434 -11.534581 42.135773 216.448425 68.279518               6030 
53.755840 247.156982 17.304676 22.174837 228.427078 39.454418 39.636276 257.281555 -0.035757 46.910122 210.419907 76.854637               6047 
53.845055 244.425385 23.131296 23.078600 226.051346 46.474010 39.119938 253.629440 5.496912 48.941544 210.070206 84.031700               6056 
54.695786 241.116180 28.889254 23.790825 223.441818 52.347797 40.057377 249.388229 10.404460 49.304539 209.526276 90.951897               6065 
74.709953 222.443481 30.800619 38.571259 218.219894 52.832230 64.838577 234.781479 11.204627 55.685329 197.550598 93.016273               6073 
95.699989 195.722336 53.977146 56.024429 208.890411 56.654751 102.552673 211.075851 33.601341 42.916260 183.791687 95.809547               6082 
99.789993 166.981339 77.604416 72.908836 195.455490 64.144821 121.420143 176.371506 63.322868 35.508427 181.785019 91.516251               6091 
74.951408 246.794418 22.942228 76.097137 194.405930 76.756531 88.452179 189.825592 29.688660 92.235710 160.012238 106.614326               6100 
18.909643 261.412903 54.854080 74.353729 195.158356 85.456871 45.469776 182.502243 44.861160 109.311119 162.483429 92.179832               6117 
13.788277 263.632996 65.048058 73.521904 196.245285 89.296562 38.834198 181.619110 53.539036 108.850021 163.398270 92.101357               6125 
13.719408 266.171082 74.938148 74.266998 196.826492 93.033241 35.933578 182.934662 60.575722 108.963402 163.202057 92.381920               6134 
10.917120 267.130920 71.526779 72.031898 198.825470 92.839577 31.834478 181.142044 64.657387 106.399460 164.866165 93.550720               6152 
10.790685 268.662567 72.796822 71.214813 199.488480 93.521614 29.949526 181.327896 67.369408 104.929779 164.875336 93.837059               6160 
10.512033 269.155365 72.704498 70.641747 199.775314 93.735321 28.915468 180.573502 69.269211 104.054176 164.871185 94.159882               6169 
19.243893 231.756912 52.906635 70.167755 200.083313 93.718697 28.250872 179.848221 70.629982 103.393036 165.005356 94.416214               6177 
38.881771 204.172409 49.623920 69.736839 200.324707 93.746918 27.718452 179.231415 71.879585 102.827721 165.122910 94.581276               6186 
44.160851 194.462906 50.911167 69.247559 200.520767 95.549736 26.406069 179.571609 75.267349 101.430199 164.509216 97.071060               6203 
44.445904 193.190216 51.750118 69.428169 200.522125 96.126129 26.232294 179.635941 76.569855 101.353699 164.286591 97.743385               6212 
43.550003 192.029907 53.549782 68.356110 199.378296 97.978378 25.399282 178.228149 78.257355 100.721863 163.512192 98.952423               6221 
42.350471 190.121872 54.709816 67.202454 198.537979 98.898018 24.874044 175.901505 79.583687 100.796387 163.811264 99.507233               6238 
41.920033 190.402481 55.299721 67.063324 198.367844 99.400833 24.726707 175.772324 80.103004 100.847610 163.821365 99.221695               6247 
41.469707 190.498871 56.156845 66.992371 198.291626 100.066467 24.769268 175.416458 80.949478 101.160873 164.137909 99.115273               6256 
41.624302 190.890320 56.709862 67.056679 198.101959 100.767174 24.891403 175.609299 81.196846 101.118774 163.853531 99.468102               6273 
41.679440 190.755936 56.752422 67.054085 198.007019 100.835083 24.976427 175.494003 81.175018 101.141228 163.782059 99.575043               6282 
41.766632 190.727142 56.813442 67.075165 197.940018 100.938744 25.094540 175.452484 81.138313 101.176804 163.729828 99.669701               6290 
41.920601 190.703506 56.914700 67.131027 197.851547 101.104713 25.245325 175.522812 81.065605 101.163086 163.570221 99.888947               6309 
41.947960 190.712173 56.943317 67.135185 197.802277 101.154793 25.271482 175.619095 80.971184 101.088982 163.442856 99.955254               6325 
41.896606 190.659882 56.956242 67.079704 197.578598 101.195847 25.193443 175.650040 80.824394 100.860870 163.050232 99.973900               6360 
41.831478 190.547348 56.885975 67.020233 197.363220 101.137970 25.083384 175.586960 80.714157 100.684586 162.721115 99.911194               6368 
41.666691 190.308899 56.867374 66.853699 197.003586 101.138100 24.835829 175.481949 80.625931 100.297318 162.146454 99.966461               6377 
41.547009 190.153641 56.797817 66.750305 196.669754 101.085197 24.636015 175.472427 80.455391 99.928902 161.559402 99.939812               6386 
41.462406 189.971497 56.824463 66.619545 196.044998 101.200279 24.453236 175.253342 80.280815 99.579781 160.735519 99.884094               6394 
41.097088 189.327148 56.726772 66.317543 195.639023 101.032555 24.210320 174.670410 80.166634 99.376663 160.419876 99.777748               6412 
40.984840 189.179657 56.791176 66.229240 195.536560 101.076523 24.120878 174.573013 80.200981 99.277977 160.306961 99.841667               6421 
40.884823 189.102448 56.826172 66.168259 195.479599 101.085869 24.062410 174.507080 80.200546 99.232559 160.265717 99.819931               6429 
40.815647 189.086777 56.895252 66.140671 195.441757 101.133896 24.011110 174.514099 80.238876 99.181503 160.207260 99.828957               6438 
40.698494 189.002548 56.959770 66.087196 195.382187 101.157936 23.936272 174.453415 80.295593 99.127686 160.148682 99.818321               6446 
40.549805 188.887665 57.034180 66.013885 195.300415 101.183647 23.845272 174.371902 80.337387 99.055183 160.069168 99.804871               6464 
40.557537 188.607590 56.912601 66.004929 195.214279 101.042847 23.810268 174.271683 80.260895 98.963829 159.897919 99.887779               6472 
40.213062 187.462128 56.290066 65.707611 195.054565 100.233772 23.496944 173.654877 79.958694 98.659317 159.714874 99.834244               6482 
40.222393 187.243103 56.173000 65.732666 194.900452 100.095993 23.505581 173.502335 79.858978 98.650620 159.528671 99.757637               6491 
39.738003 186.690338 56.066441 65.500473 194.728226 99.773369 23.175215 173.136032 79.954643 98.444458 159.379944 99.527000               6504 
39.517136 186.358490 56.104637 65.411499 194.633316 99.688927 23.054321 172.911438 80.091217 98.395569 159.322083 99.499413               6518 
39.485962 186.316422 56.118679 65.393524 194.620453 99.689308 23.049952 172.872299 80.103920 98.406433 159.336243 99.487465               6533 
39.417137 186.265305 56.230083 65.330414 194.608643 99.789536 23.015100 172.806885 80.214836 98.398918 159.376648 99.568558               6550 
39.476982 186.284409 56.214710 65.346100 194.608398 99.803864 23.052994 172.819778 80.181641 98.411903 159.373764 99.599701               6567 
39.514160 186.207474 56.097397 65.326828 194.607925 99.705109 23.072926 172.768417 80.074112 98.406593 159.385986 99.591896               6584 
39.528519 186.157928 56.061588 65.317787 194.603668 99.674187 23.087879 172.724304 80.067726 98.404076 159.387741 99.607315               6601 
39.535969 186.124222 56.031612 65.306892 194.607193 99.647621 23.098667 172.691208 80.076019 98.395409 159.393311 99.620262               6618 
39.523556 186.101563 56.027622 65.290695 194.631622 99.636490 23.101599 172.664780 80.127350 98.390755 159.428574 99.638412               6636 
39.501400 186.081375 56.017517 65.266975 194.635712 99.622368 23.108229 172.608185 80.187935 98.384254 159.448853 99.629211               6653 
39.427418 186.061920 56.000973 65.211334 194.635986 99.590927 23.083115 172.547882 80.228088 98.363846 159.482330 99.569946               6670 
39.361427 186.049591 55.985867 65.168274 194.634003 99.560043 23.058426 172.507751 80.257378 98.346054 159.504242 99.507973               6688 
39.287426 186.001587 55.940872 65.109894 194.618195 99.499268 23.026131 172.436890 80.237350 98.334045 159.532318 99.422836               6705 
39.230503 186.076736 55.954926 65.068413 194.642639 99.514008 22.989384 172.479294 80.277580 98.293900 159.558197 99.381721               6722 
39.107254 186.158981 55.960617 64.976883 194.656708 99.514069 22.904203 172.507645 80.320633 98.209999 159.579926 99.294571               6740 
38.997681 186.231934 55.965805 64.895462 194.669220 99.514130 22.831915 172.532120 80.365952 98.135338 159.599426 99.217049               6758 
38.834747 186.373978 55.923092 64.898819 194.626038 99.407516 22.806179 172.498169 80.471558 98.133446 159.554688 98.835037               6776 
38.651028 186.361282 55.898129 64.904175 194.496994 99.290497 22.756077 172.356506 80.671036 98.074158 159.368149 98.525848               6796 
38.497990 186.256607 55.904526 64.774712 194.457169 99.270271 22.635168 172.252960 80.849930 97.895119 159.280090 98.576996               6817 
38.390461 186.055405 55.868881 64.769196 194.317337 99.160851 22.565134 172.142441 80.961601 97.789749 159.045609 98.515388               6839 
38.351711 185.966385 55.770260 64.624680 194.317963 99.109200 22.528425 172.006439 80.873390 97.749359 159.142776 98.534561               6861 
38.438175 185.762985 55.530956 64.448311 194.431763 98.965927 22.574623 171.813675 80.638039 97.766151 159.435791 98.696823               6883 
38.467751 185.372498 55.145020 64.207695 194.401169 98.667419 22.561480 171.457718 80.257301 97.718483 159.588959 98.741310               6906 
38.448975 185.418091 55.170425 64.156837 194.435349 98.714043 22.569147 171.435150 80.279190 97.733162 159.686279 98.750175               6928 
38.389736 185.421631 55.179546 64.093407 194.472168 98.718620 22.578064 171.362961 80.321770 97.761810 159.812302 98.710205               6950 
38.418705 185.496475 55.264851 64.021118 194.568405 98.859001 22.578699 171.417389 80.424339 97.707039 159.925613 98.930573               6971 
38.384575 185.462830 55.284229 63.894382 194.616074 98.915558 22.545162 171.358398 80.453903 97.655357 160.046661 99.062462               6992 
38.257084 185.397476 55.197662 63.736320 194.637009 98.828568 22.470390 171.240845 80.384010 97.608299 160.176376 98.978310               7014 
38.167961 185.290192 55.086861 63.599964 194.613220 98.727463 22.377136 171.154434 80.280571 97.507912 160.188370 98.949867               7035 
38.084015 185.144470 54.995129 63.413067 194.598007 98.667427 22.360037 170.902679 80.165627 97.530693 160.381058 98.904610               7057 
37.929375 185.142136 54.778095 63.139175 194.573578 98.524017 22.282661 170.675385 79.866867 97.494232 160.594421 98.647209               7078 
38.014874 184.876160 54.654617 63.081722 194.509720 98.438538 22.398581 170.372559 79.733871 97.607925 160.705200 98.693047               7100 
38.209698 184.803848 54.189667 62.955898 194.462082 98.150116 22.714209 169.861069 79.147865 97.920181 161.110382 98.327171               7121 
38.409061 184.753189 53.878429 62.923878 194.386414 97.973724 23.027979 169.428360 78.776581 98.172447 161.335022 98.090027               7142 
38.632957 184.886124 53.653316 62.996548 194.359970 97.866714 23.326260 169.171524 78.595680 98.332672 161.402054 97.914787               7163 
38.633976 185.128006 53.630257 63.028130 194.324753 97.885216 23.524448 168.845978 78.807640 98.392937 161.398224 97.679077               7183 
38.615261 185.662552 53.725529 63.026421 194.191360 98.104630 23.659582 168.653503 78.908211 98.437256 161.322296 97.352570               7204 
38.707645 185.744278 53.794346 63.022552 194.066177 98.265396 23.816761 168.440826 78.893158 98.552124 161.329712 97.347855               7224 
38.683903 185.901062 53.893383 63.059563 193.999008 98.372452 23.907579 168.354446 78.942558 98.664963 161.353821 97.182571               7245 
38.663258 186.021317 53.976902 63.090176 193.948502 98.458542 23.980003 168.278976 78.996269 98.755974 161.377823 97.054977               7265 
38.623749 186.104263 54.077911 63.120754 193.945145 98.536232 24.026022 168.240784 79.101524 98.828941 161.427948 96.978767               7285 
38.568493 186.258850 54.186684 63.145176 193.989273 98.620300 24.044434 168.273911 79.221893 98.870857 161.499405 96.901764               7305 
38.464912 186.385483 54.390961 63.171986 193.992691 98.773438 24.037741 168.298325 79.415298 98.924675 161.544968 96.834610               7325 
38.373512 186.525665 54.551689 63.190510 193.993332 98.896454 24.010511 168.351013 79.561455 98.942581 161.557159 96.762772               7345 
38.269508 186.609879 54.685234 63.180153 193.976151 98.994377 23.947031 168.377014 79.694565 98.926018 161.543304 96.711258               7366 
38.236168 186.625854 54.749149 63.186848 193.941544 99.044083 23.884062 168.409409 79.773201 98.880020 161.452988 96.728951               7386 
38.242924 186.610123 54.766426 63.190880 193.917557 99.064194 23.829412 168.449585 79.794472 98.836754 161.374924 96.780090               7406 
38.241684 186.601990 54.757156 63.179470 193.922073 99.058502 23.783054 168.471832 79.795395 98.809784 161.360397 96.803146               7427 
38.240414 186.593811 54.747829 63.167969 193.926620 99.052773 23.753435 168.482025 79.798691 98.782593 161.345795 96.826385               7449 
38.246033 186.570435 54.749619 63.157364 193.932297 99.058807 23.723803 168.492798 79.808952 98.757004 161.332016 96.877937               7470 
38.239277 186.560349 54.716343 63.122910 193.961472 99.034508 23.682276 168.513840 79.792976 98.707153 161.340240 96.916580               7492 
38.212471 186.563492 54.625595 63.075916 194.021133 98.945557 23.628510 168.532242 79.743065 98.651955 161.386871 96.891571               7514 
38.179146 186.583694 54.547298 63.026115 194.083359 98.869354 23.575790 168.525284 79.722649 98.603241 161.447586 96.858559               7536 
38.174133 186.646606 54.499844 62.990929 194.119675 98.843246 23.543505 168.512787 79.713425 98.569214 161.484924 96.836525               7559 
38.176228 186.702271 54.457546 62.970654 194.151932 98.817345 23.526121 168.471832 79.741852 98.543076 161.510468 96.815788               7582 
38.178093 186.750580 54.420807 62.953041 194.179947 98.794838 23.507257 168.424713 79.781555 98.520355 161.532654 96.797768               7605 
38.244030 186.885864 54.375217 62.976532 194.199326 98.792114 23.506273 168.420486 79.823051 98.471771 161.473495 96.798149               7629 
38.158230 186.927734 54.033745 62.864944 194.631348 98.398956 23.193907 168.846954 79.825768 98.044647 161.538193 96.949944               7653 
38.075638 186.988159 53.669807 62.740875 194.947952 98.012825 22.909882 169.196671 79.689980 97.675423 161.580856 96.972069               7677 
38.146976 187.008453 53.665783 62.667866 194.982132 98.086250 22.892168 169.202896 79.661438 97.608345 161.617691 97.166908               7699 
