-12.555293 181.725433 125.900993                          0 
-12.561602 181.695801 125.911812                         25 
-12.572643 181.650574 125.934669                         52 
-12.604108 181.569427 125.980766                         78 
-12.624321 181.546356 126.015762                        104 
-12.672132 181.500992 126.136398                        130 
-12.720511 181.500320 126.236534                        156 
-12.757808 181.551056 126.283501                        182 
-12.815179 181.660095 126.409729                        207 
-12.848014 181.867447 126.460793                        233 
-12.920489 181.945724 126.568977                        259 
-12.943250 182.185242 126.589226                        284 
-12.967473 182.420425 126.668617                        309 
-12.975206 182.628433 126.767792                        333 
-12.971355 182.808273 126.863388                        357 
-12.937836 182.967819 126.890633                        382 
-12.914730 182.990860 126.894051                        406 
-12.935903 183.273483 127.034187                        430 
-12.919295 183.326263 126.954391                        454 
-12.943207 183.330215 126.909538                        478 
-13.041631 183.134674 126.573692                        503 
-13.130089 183.068649 126.497330                        527 
-13.216389 183.060974 126.683945                        551 
-13.247319 183.071503 126.877861                        576 
-13.299154 183.238815 127.223152                        599 
-13.347360 183.279846 127.496719                        624 
-13.377685 183.490204 127.831680                        647 
-13.389401 183.658813 128.014511                        671 
-13.427380 183.748566 128.084122                        694 
-13.434758 183.829742 128.124115                        718 
-13.463449 183.896683 128.184967                        741 
-13.495478 183.971207 128.231842                        765 
-13.529608 184.027542 128.251190                        788 
-13.594504 183.985809 128.143906                        812 
-13.718073 183.993698 128.032516                        835 
-13.904604 183.948959 127.874840                        860 
-14.075540 183.914520 127.766647                        884 
-14.153096 183.950165 127.981224                        909 
-14.148414 184.008377 127.998199                        934 
-14.175790 183.996216 128.029114                        959 
-14.203120 183.972549 128.052368                        984 
-14.169329 184.010406 128.085144                       1009 
-14.157046 184.030289 128.126358                       1034 
-14.144979 184.054306 128.168701                       1059 
-14.240289 184.095718 128.064026                       1084 
-14.269604 184.041519 128.057327                       1110 
-14.252526 184.045197 128.065262                       1134 
-14.233892 184.076599 128.125809                       1159 
-14.193546 184.248474 128.176331                       1183 
-14.191381 184.315125 128.202744                       1208 
-14.189320 184.360413 128.220596                       1233 
-14.231554 184.128632 127.952698                       1257 
-14.265416 183.920609 127.666702                       1282 
-14.426881 183.710846 127.361717                       1306 
-15.174867 183.008224 126.265594                       1331 
-16.277815 181.958054 125.021469                       1356 
-15.858293 182.411194 125.842957                       1378 
-15.335452 182.963989 127.253090                       1400 
-15.046205 183.345001 128.199615                       1421 
-14.848484 183.670059 128.694489                       1442 
-14.681166 183.993698 128.989563                       1462 
-14.553066 184.159195 128.948624                       1482 
-14.449674 184.319626 128.959183                       1503 
-14.362987 184.476822 129.006653                       1523 
-14.289956 184.638321 129.040436                       1544 
-14.220169 184.759308 129.055359                       1564 
-14.151960 184.871460 129.063004                       1584 
-14.101130 184.960236 129.065506                       1604 
-14.073398 185.010712 129.073654                       1625 
-14.090551 185.073807 129.260361                       1646 
-14.099118 185.104218 129.526306                       1667 
-14.447646 185.437958 129.293030                       1689 
-14.665090 185.797256 128.935181                       1712 
-14.731089 185.970215 128.710587                       1735 
-14.751014 186.001709 128.649261                       1757 
-14.764544 185.975311 128.600861                       1778 
-14.781765 185.913132 128.591064                       1800 
-14.799177 185.862701 128.585999                       1821 
-14.794482 185.822540 128.578690                       1841 
-14.796620 185.790527 128.604111                       1862 
-14.815387 185.756424 128.632233                       1882 
-14.818861 185.749435 128.664871                       1903 
-14.793797 185.727127 128.650864                       1923 
-14.747588 185.644379 128.675720                       1943 
-14.620452 185.550797 128.709656                       1963 
-14.495591 185.454742 128.743576                       1983 
-14.350003 185.353714 128.797714                       2003 
-14.168481 185.327271 128.814346                       2024 
-13.997815 185.274078 128.852646                       2044 
-13.877799 185.036499 128.734177                       2064 
-13.756791 185.023758 128.721222                       2085 
-13.681573 185.060684 128.778244                       2106 
-13.604309 185.022461 128.804535                       2127 
-13.535338 184.998047 128.827927                       2148 
-13.476844 184.982376 128.848862                       2169 
-13.411306 184.958771 128.854736                       2191 
-13.344081 184.971909 128.896027                       2213 
-13.274615 184.916122 128.892532                       2236 
-13.050902 184.991074 129.012100                       2259 
-12.870764 184.882828 129.015778                       2283 
-12.770150 184.773514 129.013947                       2307 
-12.678123 184.721680 129.014389                       2332 
-12.578840 184.600372 128.999176                       2356 
-12.454463 184.410965 128.992935                       2380 
-12.333698 184.242966 129.008392                       2405 
-12.237591 184.108688 129.022736                       2429 
-12.146417 184.057907 129.112610                       2453 
-12.052422 183.916748 129.170044                       2477 
-12.002243 183.735107 129.142059                       2502 
-11.968580 183.629211 129.140976                       2574 
-11.962982 183.606110 129.123123                       2598 
-11.998291 183.543121 129.057373                       2623 
-12.022272 183.576477 129.017654                       2647 
-12.048449 183.611206 128.972504                       2672 
-12.114804 183.645798 128.973297                       2697 
-12.182329 183.650055 128.996140                       2722 
-12.221924 183.651749 129.014282                       2747 
-12.253007 183.619186 129.015274                       2772 
-12.244826 183.586731 129.049423                       2797 
-12.227975 183.666824 129.025162                       2823 
-12.216511 183.718597 129.017288                       2849 
-12.207598 183.752365 129.011261                       2874 
-12.190844 183.790009 128.998367                       2900 
-12.047415 183.966476 129.045578                       2925 
-11.910449 184.080917 129.122498                       2951 
-11.848202 184.069046 129.131485                       2976 
-11.830257 184.100723 129.137009                       3002 
-11.823439 184.100769 129.140915                       3027 
-11.819617 184.127747 129.163666                       3052 
-11.818020 184.181519 129.195541                       3077 
-11.824105 184.242447 129.233475                       3102 
-11.828229 184.324707 129.275574                       3127 
-11.808596 184.432144 129.310287                       3152 
-11.786964 184.518936 129.339127                       3177 
-11.760857 184.664551 129.404266                       3202 
-11.730845 184.804474 129.470474                       3227 
-11.733334 184.904510 129.489349                       3252 
-11.737950 185.006607 129.514282                       3277 
-11.730813 185.026123 129.542328                       3303 
-11.601812 184.952469 129.566956                       3328 
-11.496048 184.832016 129.528488                       3353 
-11.448746 184.676178 129.519608                       3378 
-11.414304 184.464172 129.550232                       3401 
-11.359543 184.298386 129.530960                       3424 
-11.313161 184.141144 129.507446                       3448 
-11.263330 184.036789 129.476013                       3471 
-11.220478 183.993286 129.438675                       3494 
-11.182300 183.996368 129.397705                       3517 
-11.150631 184.020035 129.359787                       3540 
-11.123326 184.047546 129.325851                       3563 
-11.105085 184.082748 129.300095                       3586 
-11.019929 184.427750 129.463562                       3609 
-10.997153 184.553543 129.490326                       3633 
-11.011625 184.741806 129.512589                       3657 
-11.070545 184.855743 129.584015                       3682 
-11.051158 185.007370 129.655884                       3707 
-11.038051 185.116333 129.721893                       3732 
-11.032251 185.167206 129.768158                       3757 
-10.984182 185.271057 129.744370                       3782 
-10.940616 185.312195 129.727341                       3807 
-10.893346 185.297806 129.721664                       3832 
-10.845682 185.273834 129.586075                       3856 
-10.930665 185.059250 129.392059                       3881 
-10.992187 185.323959 129.421524                       3905 
-10.984671 185.755524 129.615372                       3929 
-10.688510 186.661728 129.368515                       3953 
-10.163803 187.689331 129.010162                       3977 
-10.106379 189.560959 129.163513                       4001 
-9.167936 191.151093 129.283432                        4023 
-8.897330 191.233856 128.351929                        4044 
-8.459515 192.955444 129.480316                        4064 
-8.701408 190.108475 130.601364                        4084 
-7.501194 190.240204 133.916763                        4103 
-5.880871 188.939590 134.960617                        4122 
-4.748161 187.404465 136.472351                        4139 
-3.232353 190.904160 133.043228                        4154 
-2.075897 192.661987 130.843536                        4169 
-4.341488 187.431290 121.170753                        4183 
-5.071658 199.502869 115.753693                        4196 
-5.438857 201.170456 114.441650                        4208 
-6.146765 197.070847 106.133995                        4219 
-4.845780 199.507187 102.198799                        4229 
-6.001545 180.593033 93.235291                         4238 
4.988101 172.756119 98.740662                          4247 
9.144400 175.544327 98.591202                          4257 
10.792947 178.044006 97.255974                         4265 
9.203058 186.293488 82.150200                          4283 
8.186693 191.909851 76.979912                          4292 
999.000000 999.000000 999.000000                     4311.0 
999.000000 999.000000 999.000000                     4320.0 
999.000000 999.000000 999.000000                     4338.0 
999.000000 999.000000 999.000000                     4347.0 
999.000000 999.000000 999.000000                     4356.0 
999.000000 999.000000 999.000000                     4365.0 
999.000000 999.000000 999.000000                     4374.0 
999.000000 999.000000 999.000000                     4383.0 
999.000000 999.000000 999.000000                     4392.0 
-21.416941 259.509827 -17.819565                       4401 
-22.515961 259.786896 -20.484804                       4410 
-25.642712 260.808960 -30.990488                       4428 
-27.158285 260.288361 -36.566608                       4437 
-29.606115 257.376038 -43.159042                       4446 
-30.537479 256.958313 -48.994003                       4456 
-34.174873 257.651520 -58.709496                       4474 
-35.522663 258.185455 -62.454563                       4483 
-38.485012 258.593048 -71.081848                       4500 
-39.712460 259.316437 -74.884171                       4509 
-41.064159 260.453308 -79.491646                       4519 
-44.218620 260.052368 -89.870445                       4536 
-45.904797 260.335388 -93.953468                       4546 
-48.373337 259.561523 -100.958092                      4564 
-49.657940 259.421753 -103.899490                      4573 
-50.655216 258.586884 -106.364891                      4582 
-53.864391 258.215729 -116.048691                      4600 
-54.720158 258.465393 -117.824966                      4610 
-55.979481 258.760651 -119.123100                      4619 
-58.862495 258.113831 -127.386200                      4637 
-60.098995 257.468353 -130.435715                      4646 
-61.574062 257.759430 -135.542694                      4656 
-63.305988 256.698761 -143.056808                      4675 
-64.292351 254.311310 -147.428360                      4695 
-64.885002 253.715607 -149.669678                      4704 
-65.992592 252.250534 -155.787125                      4727 
-66.301300 251.646912 -157.607315                      4738 
-66.439484 251.485718 -158.474808                      4747 
-67.488205 250.439545 -161.949524                      4758 
-67.606567 250.641754 -166.814529                      4773 
-67.972054 250.880539 -171.892471                      4792 
-67.869698 251.409073 -173.755020                      4801 
-67.747688 252.878662 -177.664886                      4820 
-67.417107 253.541031 -179.592590                      4830 
-66.456207 255.155289 -185.285599                      4851 
-66.220001 256.027130 -187.302414                      4861 
-65.864647 256.668091 -189.312759                      4871 
-65.739174 256.385315 -190.249527                      4882 
-65.408699 257.619934 -192.528519                      4903 
-65.188835 257.955658 -193.084824                      4914 
-65.031746 258.552094 -194.430527                      4925 
-65.060623 258.579407 -196.200119                      4936 
-64.919029 258.897125 -197.849045                      4947 
-64.668793 259.042084 -198.557022                      4959 
-64.523727 259.081055 -198.827316                      4971 
-64.517151 259.085175 -199.177017                      4983 
-64.366760 259.057800 -199.646744                      4995 
-64.292747 258.871643 -200.583496                      5008 
-64.075943 258.697815 -201.372574                      5021 
-63.730572 258.285400 -203.271957                      5034 
-63.200596 258.415283 -204.091949                      5047 
-63.044312 258.265869 -204.222794                      5060 
-62.693218 258.299896 -204.867508                      5073 
-62.310547 258.331268 -205.551025                      5087 
-62.031151 258.373260 -206.373154                      5101 
-61.745644 258.022980 -207.012619                      5116 
-61.296688 257.927216 -207.303345                      5130 
-60.964462 257.909912 -207.541138                      5145 
-60.708584 257.743805 -207.388672                      5162 
-60.352772 257.635284 -207.356552                      5179 
-60.038349 257.633179 -208.410324                      5196 
-59.961571 257.514465 -210.351578                      5213 
-59.732391 257.370972 -210.759995                      5231 
-59.658844 257.314941 -210.777161                      5249 
-59.626244 257.151428 -210.858734                      5267 
-59.436989 256.205383 -211.375671                      5285 
-59.370041 255.828201 -211.417389                      5304 
-59.315372 255.554169 -211.507050                      5322 
-59.362324 255.646240 -211.479263                      5341 
-59.401814 255.777344 -211.434860                      5361 
-59.471119 255.935654 -211.467117                      5380 
-59.577229 256.086182 -211.485535                      5400 
-59.698044 256.195190 -211.514618                      5420 
-59.919044 256.455200 -211.717896                      5440 
-60.129902 256.693237 -211.859024                      5460 
-60.303486 256.793335 -211.867004                      5480 
-60.445370 256.877869 -211.848114                      5501 
-60.619671 257.051788 -211.859116                      5521 
-60.818108 257.473969 -212.146942                      5543 
-61.015312 257.446808 -212.145096                      5565 
-61.245159 257.462494 -212.278412                      5588 
-61.405140 257.230591 -212.422668                      5610 
-61.540943 257.083374 -212.501434                      5633 
-61.632454 257.033447 -212.442017                      5656 
-61.720165 257.060516 -212.392593                      5678 
-61.808830 257.107208 -212.347031                      5700 
-61.881233 257.142395 -212.305191                      5723 
-61.958881 257.197021 -212.272675                      5746 
-62.027523 257.218994 -212.257492                      5769 
-62.090427 257.235474 -212.249878                      5792 
-62.158791 257.248230 -212.247955                      5815 
-62.271481 257.252289 -212.326370                      5839 
-62.365612 257.264832 -212.318787                      5862 
-62.433228 257.292267 -212.355560                      5886 
-62.446575 257.372833 -212.360580                      5910 
-62.462070 257.456665 -212.429108                      5934 
-62.613503 257.228638 -212.395966                      5958 
-62.692627 257.260864 -212.309891                      5983 
-62.763077 257.318451 -212.212662                      6007 
-62.815788 257.446747 -212.108078                      6032 
-62.807404 257.664520 -212.165604                      6057 
-62.836647 257.569672 -212.166687                      6081 
-62.718716 256.867340 -211.658630                      6106 
-62.657974 256.862701 -211.130173                      6130 
-62.377251 256.625854 -210.114120                      6153 
-62.190357 256.762665 -208.384186                      6177 
-61.967464 257.018097 -206.703629                      6199 
-61.728210 255.424179 -205.377655                      6221 
-60.593590 254.114014 -202.343140                      6241 
-60.290829 253.213654 -200.755676                      6262 
-59.735855 251.978668 -199.228363                      6281 
-58.888905 252.055664 -197.764282                      6299 
-58.046879 252.260422 -195.549576                      6316 
-56.676743 252.131577 -193.702026                      6333 
-55.344601 251.800064 -191.794876                      6350 
-53.968487 251.940903 -189.141037                      6367 
-52.358135 252.049545 -186.663712                      6383 
-50.323406 251.446487 -184.386215                      6399 
-48.892891 251.637848 -182.867416                      6414 
-47.302082 251.468689 -181.066513                      6429 
-45.753555 251.196274 -179.851303                      6443 
-44.476124 251.295303 -179.278824                      6458 
-42.688061 251.014709 -177.592865                      6472 
-40.929165 251.147461 -176.101151                      6486 
-39.466881 251.575821 -175.729660                      6500 
-37.982616 252.299393 -175.936722                      6514 
-36.477047 252.787384 -175.717331                      6528 
-34.588512 253.135010 -176.023743                      6542 
-32.851151 253.320663 -176.421036                      6557 
-31.837372 253.402878 -176.484268                      6570 
-30.660257 253.619186 -176.878616                      6583 
-29.369930 253.874176 -177.690826                      6597 
-28.135559 253.950836 -178.101868                      6611 
-26.881508 253.974991 -179.062836                      6625 
-25.669989 254.979935 -180.507294                      6641 
-24.887751 255.546234 -181.546066                      6654 
-24.108452 256.683838 -183.100204                      6668 
-23.769608 257.191864 -184.350479                      6683 
-23.421782 257.171997 -184.998428                      6698 
-23.017981 257.717285 -186.084030                      6713 
-22.767582 258.023895 -186.892151                      6727 
-22.645300 258.098389 -187.939117                      6742 
-22.506126 258.077148 -188.638947                      6757 
-22.393738 258.209320 -189.474197                      6773 
-22.435614 258.113312 -191.137283                      6789 
-23.160513 260.206482 -195.396881                      6836 
-23.350870 259.408813 -195.326920                      6852 
-23.311630 263.982819 -198.711197                      6868 
-23.537046 266.161926 -201.862747                      6883 
-23.118752 265.636841 -202.674500                      6900 
-23.126238 265.151550 -203.020493                      6912 
-23.376671 265.083832 -203.555267                      6925 
-23.431559 264.913208 -203.904022                      6937 
-23.293407 264.356323 -203.732239                      6950 
-23.925596 262.597809 -202.191193                      6962 
-24.168184 262.608185 -202.498535                      6975 
-24.438894 262.471649 -203.341965                      6988 
-24.686485 262.142792 -204.060898                      7000 
-25.010786 261.467285 -204.170502                      7013 
-25.295679 260.916290 -204.098480                      7025 
-25.553062 260.569489 -204.714310                      7037 
-25.658415 260.192719 -205.372192                      7050 
-25.525597 259.623230 -206.515213                      7062 
-25.726274 259.655182 -206.583786                      7075 
-25.782028 259.262970 -206.452591                      7087 
-25.794111 258.216156 -205.359314                      7111 
-25.794783 258.046661 -204.928757                      7124 
-25.815441 258.399506 -205.785095                      7135 
-25.779213 258.792694 -206.901962                      7148 
-24.957100 259.354645 -206.569977                      7161 
-24.479609 259.754425 -206.281860                      7175 
-24.371180 259.993164 -206.291290                      7189 
-24.314152 260.184143 -206.541748                      7204 
-24.408251 259.675629 -206.484680                      7219 
-24.528667 259.343109 -206.181351                      7233 
-24.974979 258.619751 -205.111542                      7248 
-25.354338 258.295929 -204.572266                      7263 
-25.126915 258.589966 -204.980042                      7278 
-24.926962 258.770538 -205.298309                      7294 
-24.669119 258.843201 -205.020950                      7310 
-24.567379 258.843323 -204.699173                      7326 
-24.781775 258.373077 -204.588867                      7341 
-24.974886 258.068115 -204.354797                      7357 
-25.154343 258.091919 -204.180527                      7374 
-25.265718 258.125488 -204.014633                      7390 
-25.451710 257.915497 -203.567825                      7406 
-25.647800 258.116241 -203.587448                      7422 
-25.853443 258.337372 -203.631683                      7439 
-25.447575 259.449493 -205.425262                      7457 
-25.445024 259.649963 -205.229095                      7475 
-25.480415 259.772583 -205.112335                      7492 
-25.407505 259.825470 -204.906616                      7509 
-25.402092 260.006073 -205.046326                      7526 
-25.455540 260.063629 -205.022827                      7543 
-25.487869 260.115234 -204.882889                      7561 
-25.641613 259.455017 -205.483566                      7579 
-25.807968 259.607147 -205.537979                      7597 
-25.858847 259.297821 -205.963364                      7615 
-25.880369 258.872437 -206.393250                      7633 
-25.989519 258.790680 -206.611725                      7652 
-26.119413 258.909729 -206.706848                      7670 
-26.192327 259.053680 -206.839355                      7689 
-26.247581 259.105164 -206.995834                      7708 
-26.286394 259.181427 -207.106201                      7726 
-26.341082 259.287292 -207.172958                      7745 
-26.407221 259.393158 -207.218765                      7767 
-26.486164 259.500885 -207.215500                      7789 
-26.591667 259.627075 -207.188065                      7811 
-26.676664 259.734222 -207.165863                      7834 
-26.638336 259.726227 -207.398849                      7857 
-26.649422 259.764557 -207.455292                      7879 
-26.878979 259.763062 -207.316727                      7902 
-26.937820 259.623077 -206.810455                      7926 
-26.978315 259.559143 -206.507782                      7948 
-26.968954 259.625092 -206.461838                      7971 
-26.961508 259.679169 -206.423325                      7993 
-26.960142 259.722992 -206.392715                      8016 
-26.963327 259.758850 -206.368271                      8038 
-26.967062 259.792572 -206.347687                      8060 
-26.973745 259.830048 -206.327667                      8083 
-26.978466 259.856934 -206.312042                      8106 
-26.985458 259.881958 -206.297989                      8127 
-26.991096 259.907043 -206.284958                      8150 
-26.997618 259.933350 -206.272537                      8172 
-27.004543 259.958008 -206.260910                      8195 
-27.011787 259.981720 -206.249817                      8219 
-27.023901 260.012726 -206.236862                      8244 
-27.035801 260.045288 -206.224289                      8269 
-27.048845 260.080933 -206.211105                      8294 
-27.060539 260.111359 -206.199615                      8320 
-27.073202 260.152588 -206.185944                      8346 
-27.561621 259.050873 -204.237091                      8372 
-27.613319 258.972229 -203.094681                      8398 
-27.949013 258.517578 -202.296570                      8417 
-29.672522 260.265686 -204.110367                      8437 
-30.986885 259.743530 -203.297180                      8457 
-32.226116 259.601807 -202.485062                      8476 
-33.474403 258.706879 -200.818237                      8493 
-34.453590 257.430969 -198.899384                      8509 
-35.588558 256.791809 -197.354324                      8525 
-36.413132 256.058868 -195.595596                      8541 
-36.994549 255.381134 -194.369629                      8556 
-37.453026 254.543015 -192.980728                      8570 
-37.072895 254.659851 -190.870331                      8585 
-37.162121 254.531143 -189.769333                      8600 
-37.122025 253.992065 -188.564270                      8614 
-36.658794 252.778824 -185.401184                      8628 
-35.708633 252.448578 -183.305038                      8643 
-34.711567 252.550552 -183.006546                      8657 
-33.674969 252.449768 -182.317017                      8672 
-30.711624 252.058716 -180.329498                      8699 
-29.135515 252.183533 -179.801376                      8713 
-27.226316 251.888870 -178.136978                      8727 
-25.179792 251.629395 -177.123047                      8741 
-22.905338 250.885056 -175.281387                      8755 
-20.901089 250.554688 -174.375839                      8769 
-18.906179 250.259567 -174.272476                      8782 
-16.691191 250.141998 -173.721786                      8796 
-14.256095 249.983597 -173.878006                      8809 
-10.205219 249.672729 -171.136154                      8824 
-7.458663 252.359222 -178.770325                       8837 
-4.253036 254.546097 -181.658646                       8850 
-2.095064 254.522049 -182.844376                       8864 
-0.338312 252.731171 -178.657349                       8877 
2.227125 251.404419 -174.714096                        8887 
6.154009 251.258591 -172.657120                        8906 
7.453646 251.050491 -172.334274                        8914 
12.737627 252.055939 -173.782867                       8941 
14.104445 251.744843 -172.806808                       8950 
19.212036 255.848328 -184.534302                       8959 
21.370085 255.790756 -186.709625                       8968 
23.341599 256.491791 -185.462845                       8986 
26.987310 255.533325 -182.229279                       9004 
29.262501 260.627380 -186.550140                       9013 
34.240730 265.429871 -189.718048                       9031 
35.046711 263.837128 -189.017120                       9041 
36.797550 261.524597 -187.209641                       9058 
36.596237 260.411346 -186.975235                       9067 
37.543343 259.284485 -186.202957                       9076 
39.521637 261.362152 -196.707001                       9094 
38.949162 261.455933 -195.634415                       9103 
39.238930 258.723083 -190.238312                       9112 
39.722500 257.395508 -187.779205                       9131 
40.056652 256.351044 -186.628952                       9149 
49.169651 234.791824 -177.683945                       9159 
52.693329 227.575882 -182.275330                       9176 
52.789516 228.918518 -186.011856                       9185 
52.584938 228.361694 -191.526413                       9204 
51.814320 230.488602 -192.344177                       9221 
51.676311 231.213791 -192.526276                       9239 
51.679539 231.377075 -192.548187                       9248 
51.132561 232.214020 -192.773987                       9266 
49.953274 233.465118 -193.671814                       9275 
47.665356 235.211136 -195.600967                       9293 
47.037117 235.991516 -196.836273                       9302 
47.941845 236.316788 -197.337540                       9320 
48.382725 237.195694 -197.965393                       9329 
48.965328 238.007324 -199.226578                       9348 
49.013264 238.512665 -199.567017                       9357 
49.134777 239.496780 -200.194885                       9375 
49.124313 239.989700 -200.593109                       9384 
52.249561 267.554260 -203.122650                       9402 
48.359627 274.193420 -205.892105                       9411 
46.820522 269.786133 -212.902618                       9429 
46.237934 267.941803 -214.263306                       9439 
45.900345 266.939331 -214.641251                       9447 
43.950108 263.390015 -209.681198                       9460 
42.500443 261.280914 -204.970642                       9474 
41.991558 260.250702 -203.102493                       9483 
41.402397 257.682678 -199.839996                       9501 
41.295456 257.089935 -198.758331                       9510 
41.472775 256.839081 -198.127701                       9519 
41.809429 256.562958 -197.443497                       9537 
41.932552 256.386963 -197.232391                       9546 
42.034412 256.247681 -197.060776                       9556 
42.132290 256.180054 -196.811874                       9574 
42.147049 256.117950 -196.382568                       9582 
42.153358 255.461487 -194.282730                       9591 
42.280148 254.776505 -192.171219                       9610 
42.301144 254.610214 -191.687241                       9619 
42.396976 254.404999 -191.234772                       9638 
42.418957 254.343460 -191.102737                       9646 
42.644688 254.071289 -190.728607                       9664 
42.746323 253.966904 -190.556305                       9673 
42.807922 253.775665 -190.415421                       9682 
42.842495 253.590988 -190.264603                       9701 
42.831051 253.561569 -190.206070                       9710 
42.800220 253.567032 -190.137909                       9720 
42.869728 253.360138 -190.693970                       9743 
42.899475 253.262512 -190.969696                       9761 
42.921452 253.163162 -191.109695                       9771 
42.947845 253.087891 -191.088303                       9793 
42.956032 253.061203 -191.080399                       9804 
43.036182 252.877563 -190.983749                       9815 
43.077080 252.780197 -190.991531                       9829 
43.088573 252.684586 -191.021439                       9845 
43.131660 252.526306 -190.943573                       9862 
43.123699 252.554703 -191.013550                       9879 
43.143070 252.540680 -191.128998                       9897 
43.147923 252.548920 -191.219284                       9917 
43.110889 252.535522 -191.237167                       9937 
43.077843 252.499298 -191.291550                       9957 
43.088585 252.329376 -190.946976                       9979 
43.065754 252.130112 -190.675751                      10002 
43.030563 251.895233 -190.394943                      10024 
42.986168 251.889847 -190.344604                      10048 
42.954849 251.923080 -190.343475                      10071 
42.945839 251.927124 -190.477158                      10094 
42.907200 251.957169 -190.754379                      10118 
42.699352 252.171509 -191.688400                      10141 
42.576862 252.304871 -192.353897                      10165 
42.346626 252.594116 -192.884369                      10189 
42.062363 253.060684 -194.116333                      10211 
41.970505 253.481491 -194.627258                      10234 
41.856949 253.857788 -195.113907                      10257 
41.776779 254.054855 -195.329269                      10278 
41.628029 254.280701 -195.669632                      10299 
41.540138 254.544830 -196.080933                      10320 
41.533070 254.735428 -196.363434                      10342 
41.460850 254.866592 -196.635345                      10363 
41.376141 254.940811 -196.865921                      10385 
41.246052 255.050201 -197.372665                      10407 
41.080994 255.142426 -197.699326                      10428 
41.006790 254.893936 -197.693817                      10493 
40.977184 254.791107 -197.725998                      10515 
40.849743 254.570465 -197.931870                      10537 
40.493000 254.311584 -198.357468                      10560 
40.446476 254.162537 -198.409073                      10583 
40.274277 254.003754 -198.635605                      10606 
40.130890 253.860199 -198.876007                      10628 
39.992531 253.711212 -199.107941                      10651 
39.774918 253.576141 -199.492630                      10674 
39.762730 253.479431 -199.549316                      10696 
39.762180 253.369797 -199.568314                      10719 
39.671680 253.209259 -199.606674                      10741 
39.670517 252.935562 -199.572922                      10764 
39.670879 252.889160 -199.611343                      10787 
39.543560 252.529114 -199.291534                      10810 
39.457287 252.450958 -199.102615                      10832 
38.902599 251.110458 -196.716888                      10856 
38.029121 250.179794 -194.824280                      10878 
37.875050 249.327377 -192.066360                      10901 
37.210274 248.365845 -189.610245                      10922 
36.787037 248.435944 -189.365280                      10941 
36.561749 248.799255 -189.004318                      10959 
36.971172 259.160645 -194.402420                      10977 
39.021141 256.431244 -194.568161                      10994 
40.024723 255.453308 -194.198593                      11012 
39.124138 262.519165 -196.601776                      11023 
39.114742 262.323914 -195.462631                      11033 
38.863991 262.625610 -194.115845                      11043 
38.454670 260.492859 -190.842331                      11062 
38.624451 259.741241 -188.297241                      11072 
38.911182 259.447662 -187.374435                      11089 
39.223988 260.460846 -184.123840                      11098 
39.884785 260.316498 -181.897797                      11116 
40.525860 259.203827 -181.263672                      11125 
40.938976 257.951019 -181.178635                      11134 
42.407261 256.745209 -178.721863                      11153 
43.174297 255.494598 -178.240631                      11162 
48.276012 259.165222 -182.116562                      11180 
48.841484 260.570679 -182.652512                      11190 
49.091331 257.975281 -185.852676                      11207 
49.437206 257.504852 -187.067154                      11216 
51.074841 257.225311 -187.647369                      11234 
52.315880 257.049011 -187.946884                      11243 
53.629185 256.478210 -188.152435                      11252 
55.469822 257.432770 -187.558685                      11261 
58.335995 257.334534 -187.245605                      11279 
60.833664 257.444550 -187.181580                      11298 
64.104942 257.147461 -187.131165                      11317 
66.812675 256.406494 -187.604156                      11336 
68.141174 256.106842 -187.577347                      11345 
72.996147 259.387421 -187.113312                      11368 
74.292122 259.457825 -187.503052                      11379 
75.459778 258.581726 -188.385651                      11391 
76.481941 257.877899 -189.223129                      11402 
77.817024 257.510925 -189.773544                      11414 
80.784920 257.485138 -190.667786                      11437 
82.154556 258.208221 -190.839050                      11449 
84.249123 259.171722 -191.679001                      11461 
85.309914 259.306091 -192.630371                      11474 
86.586082 259.609406 -193.793365                      11487 
88.544151 260.500519 -194.863083                      11500 
91.060440 261.766052 -196.132538                      11514 
92.855461 262.649170 -197.410690                      11528 
94.005737 262.291473 -198.752335                      11542 
95.497917 262.769867 -199.997528                      11556 
96.499992 262.779968 -200.948242                      11569 
96.915855 262.028107 -201.729492                      11583 
97.382957 261.944672 -202.307114                      11597 
97.529579 261.500366 -203.582870                      11611 
97.751305 261.256378 -204.514450                      11624 
98.214844 261.436737 -205.784286                      11640 
98.430992 261.744476 -206.740692                      11653 
98.973259 262.584534 -207.125336                      11667 
99.158676 262.754913 -207.291046                      11682 
99.099495 263.830231 -207.908203                      11697 
98.871490 264.517853 -209.369614                      11711 
99.056801 266.024353 -211.283997                      11726 
98.287819 264.802460 -213.359680                      11741 
97.931976 265.436371 -214.278610                      11757 
97.374115 265.746307 -215.045303                      11772 
97.025826 265.689545 -215.580978                      11786 
96.627609 265.573212 -215.946136                      11802 
95.938599 265.400604 -216.114502                      11818 
97.228836 269.879944 -219.574844                      11834 
96.177315 269.055573 -222.239777                      11850 
95.462158 268.361938 -222.970444                      11866 
95.072617 268.201660 -223.303375                      11881 
94.655106 267.968475 -223.564987                      11896 
94.043777 267.877380 -223.791992                      11911 
93.513565 267.791077 -224.067749                      11925 
93.040154 267.613373 -224.160248                      11941 
92.531975 267.635773 -224.159576                      11956 
92.296272 268.216858 -224.076614                      11970 
92.041199 268.520111 -224.100525                      11984 
91.847572 268.734558 -224.134598                      11999 
91.691200 269.055298 -224.129456                      12014 
91.512276 269.742828 -224.144394                      12030 
91.782883 271.312225 -224.806717                      12045 
91.648033 272.295868 -225.531570                      12060 
91.460022 273.028381 -225.962021                      12076 
91.242332 273.581543 -226.281830                      12091 
90.824226 273.460968 -226.475250                      12107 
90.797035 274.213226 -226.817520                      12122 
91.747734 276.045990 -228.597870                      12140 
91.738365 275.249420 -229.771011                      12159 
91.738060 275.896484 -229.932800                      12177 
91.621933 275.849457 -230.184204                      12196 
91.497955 275.769623 -230.399216                      12214 
91.525764 275.769257 -230.450241                      12232 
91.369278 275.660645 -230.420837                      12250 
90.926399 275.100677 -230.364685                      12268 
90.489182 274.548767 -230.337402                      12286 
89.405205 274.078583 -229.436829                      12341 
89.080292 273.922424 -229.162170                      12359 
88.466492 273.061768 -228.757919                      12377 
87.875992 272.107513 -228.402176                      12396 
87.324097 271.172699 -228.036911                      12415 
86.978973 270.372650 -227.701813                      12434 
86.681892 269.496216 -227.458344                      12454 
86.408661 268.758514 -227.232742                      12474 
86.167511 268.063965 -226.904236                      12494 
85.955292 267.189484 -226.832291                      12514 
85.817886 266.651642 -226.670914                      12533 
85.710030 266.252930 -226.520569                      12552 
85.639900 265.820709 -226.407150                      12572 
85.591881 265.367279 -226.337540                      12591 
85.553299 264.907227 -226.269913                      12610 
85.513428 264.594635 -226.194565                      12630 
85.469406 264.337311 -226.110092                      12649 
85.444160 264.137878 -226.014069                      12669 
85.370987 264.132355 -225.795517                      12689 
85.338020 263.912292 -225.732498                      12709 
85.222595 263.707886 -225.658829                      12730 
85.105179 263.522766 -225.594101                      12751 
85.015335 263.350525 -225.534134                      12774 
85.021591 263.125824 -225.517517                      12795 
85.008316 262.892761 -225.504837                      12818 
84.950607 262.659088 -225.481445                      12842 
84.879585 262.587860 -225.473190                      12865 
84.901237 262.789063 -225.457535                      12889 
84.951668 262.834534 -225.409027                      12913 
84.954018 262.807312 -225.368332                      12937 
84.894997 262.557068 -225.301453                      12961 
84.758255 262.252472 -225.226517                      12985 
84.668526 262.132935 -225.052719                      13009 
84.618515 261.742432 -225.033417                      13033 
84.564163 261.437775 -224.985336                      13057 
84.521713 261.153595 -224.948685                      13082 
84.511414 260.938416 -224.871017                      13107 
84.491867 260.725433 -224.810760                      13131 
84.392036 260.444092 -224.739365                      13156 
84.303307 260.245148 -224.669083                      13180 
84.235352 260.090088 -224.630280                      13205 
84.220566 259.998840 -224.599167                      13230 
84.240120 259.905212 -224.612930                      13254 
84.245781 259.808258 -224.630463                      13279 
84.388870 260.173737 -224.334412                      13304 
84.296242 259.930847 -224.358322                      13328 
84.158836 259.643005 -224.444870                      13353 
84.126465 259.565582 -224.449310                      13378 
84.038574 259.416046 -224.470444                      13403 
83.967346 259.181274 -224.582291                      13428 
83.915634 259.005341 -224.658554                      13452 
84.039474 260.503021 -222.232483                      13477 
83.571388 260.078369 -221.736450                      13502 
83.430946 259.924957 -221.568497                      13524 
83.403976 259.643707 -221.389923                      13545 
83.488075 259.171631 -221.345840                      13565 
83.837875 259.599518 -220.800690                      13586 
84.385841 258.833862 -219.398712                      13606 
84.626503 260.506134 -216.521301                      13626 
86.224083 263.342926 -215.050140                      13646 
87.091537 264.838257 -214.145660                      13666 
87.689613 266.395020 -213.638214                      13684 
87.194046 266.180237 -212.155548                      13701 
86.797165 266.282745 -211.090927                      13717 
86.427559 267.377686 -209.485840                      13734 
85.578270 267.605286 -207.847260                      13750 
83.737206 268.056793 -204.875595                      13766 
83.039734 268.503845 -202.575211                      13782 
80.613609 267.250702 -197.618622                      13798 
78.219749 267.765259 -193.366318                      13813 
77.678574 271.932404 -186.012161                      13828 
76.881210 272.654175 -181.007858                      13842 
75.567650 270.861267 -177.364838                      13857 
74.563156 270.233795 -176.225327                      13867 
72.374756 270.011963 -172.698822                      13878 
69.431900 268.926788 -169.215057                      13890 
69.892616 271.529053 -161.792297                      13901 
68.033905 270.091675 -158.471024                      13913 
67.159836 269.362610 -156.853409                      13924 
74.773590 275.418762 -154.004013                      13935 
75.723907 274.254272 -154.214966                      13945 
74.855194 275.299988 -152.310379                      13966 
74.053352 274.104218 -150.883331                      13976 
71.952942 273.268829 -148.223557                      13985 
69.824326 270.756104 -144.786255                      13995 
67.647568 269.911682 -138.788925                      14014 
65.879692 269.493835 -134.438156                      14024 
65.219185 269.307068 -129.755020                      14034 
63.541027 267.934296 -124.894295                      14043 
59.966362 267.793549 -115.866165                      14062 
57.594318 265.522003 -112.030945                      14071 
55.823315 265.525757 -103.274010                      14089 
54.295280 264.396240 -97.302055                       14098 
49.068691 262.148987 -88.747726                       14116 
47.837830 262.578064 -86.646568                       14125 
42.640507 262.723694 -73.622025                       14152 
41.388294 262.045715 -67.708733                       14161 
37.443554 260.907074 -56.341404                       14180 
35.761940 260.128448 -50.236629                       14190 
31.944040 258.579376 -38.230415                       14207 
30.258905 258.001373 -33.184521                       14216 
28.289326 256.144897 -28.968046                       14225 
22.764711 248.292511 -25.092878                       14243 
21.791653 240.846985 -19.014694                       14252 
8.658263 247.592087 6.920182                          14270 
6.662211 247.281525 14.292898                         14279 
4.681624 249.709961 21.798832                         14290 
3.942558 251.751785 26.189947                         14297 
3.075165 257.818573 33.189854                         14307 
5.030528 268.059967 32.795235                         14324 
1.225698 274.368195 35.298843                         14333 
10.338614 294.755249 35.799141                        14343 
30.974358 322.358612 56.625446                        14352 
34.887619 334.956787 74.514908                        14378 
35.797363 335.718231 73.283943                        14387 
36.096565 335.942108 72.855515                        14396 
51.165821 333.938538 74.899048                        14406 
67.233658 340.400543 98.348282                        14415 
68.242706 339.110962 108.541862                       14424 
68.426262 332.323578 108.509102                       14433 
67.655823 328.204102 111.212112                       14442 
79.768921 322.562469 117.709908                       14451 
48.001873 305.607819 128.849731                       14460 
35.068535 300.942596 132.140976                       14469 
31.328058 299.572540 133.138962                       14478 
25.836502 297.964691 136.276672                       14487 
19.146492 296.521942 139.072098                       14496 
999.000000 999.000000 999.000000                    14506.0 
999.000000 999.000000 999.000000                    14523.0 
999.000000 999.000000 999.000000                    14532.0 
999.000000 999.000000 999.000000                    14541.0 
999.000000 999.000000 999.000000                    14550.0 
999.000000 999.000000 999.000000                    14559.0 
999.000000 999.000000 999.000000                    14568.0 
999.000000 999.000000 999.000000                    14577.0 
999.000000 999.000000 999.000000                    14586.0 
999.000000 999.000000 999.000000                    14595.0 
999.000000 999.000000 999.000000                    14605.0 
999.000000 999.000000 999.000000                    14613.0 
999.000000 999.000000 999.000000                    14623.0 
999.000000 999.000000 999.000000                    14631.0 
999.000000 999.000000 999.000000                    14641.0 
999.000000 999.000000 999.000000                    14649.0 
999.000000 999.000000 999.000000                    14659.0 
999.000000 999.000000 999.000000                    14668.0 
999.000000 999.000000 999.000000                    14677.0 
999.000000 999.000000 999.000000                    14686.0 
999.000000 999.000000 999.000000                    14695.0 
999.000000 999.000000 999.000000                    14704.0 
999.000000 999.000000 999.000000                    14713.0 
999.000000 999.000000 999.000000                    14722.0 
999.000000 999.000000 999.000000                    14731.0 
999.000000 999.000000 999.000000                    14741.0 
999.000000 999.000000 999.000000                    14749.0 
999.000000 999.000000 999.000000                    14759.0 
999.000000 999.000000 999.000000                    14769.0 
999.000000 999.000000 999.000000                    14781.0 
999.000000 999.000000 999.000000                    14791.0 
999.000000 999.000000 999.000000                    14802.0 
999.000000 999.000000 999.000000                    14813.0 
999.000000 999.000000 999.000000                    14823.0 
999.000000 999.000000 999.000000                    14834.0 
999.000000 999.000000 999.000000                    14845.0 
999.000000 999.000000 999.000000                    14857.0 
999.000000 999.000000 999.000000                    14866.0 
999.000000 999.000000 999.000000                    14877.0 
999.000000 999.000000 999.000000                    14889.0 
999.000000 999.000000 999.000000                    14899.0 
999.000000 999.000000 999.000000                    14909.0 
999.000000 999.000000 999.000000                    14920.0 
999.000000 999.000000 999.000000                    14931.0 
999.000000 999.000000 999.000000                    14942.0 
999.000000 999.000000 999.000000                    14953.0 
999.000000 999.000000 999.000000                    14963.0 
999.000000 999.000000 999.000000                    14974.0 
999.000000 999.000000 999.000000                    14985.0 
999.000000 999.000000 999.000000                    14996.0 
999.000000 999.000000 999.000000                    15007.0 
999.000000 999.000000 999.000000                    15017.0 
999.000000 999.000000 999.000000                    15028.0 
999.000000 999.000000 999.000000                    15039.0 
999.000000 999.000000 999.000000                    15050.0 
999.000000 999.000000 999.000000                    15060.0 
999.000000 999.000000 999.000000                    15072.0 
999.000000 999.000000 999.000000                    15082.0 
999.000000 999.000000 999.000000                    15093.0 
999.000000 999.000000 999.000000                    15103.0 
999.000000 999.000000 999.000000                    15114.0 
999.000000 999.000000 999.000000                    15125.0 
999.000000 999.000000 999.000000                    15136.0 
999.000000 999.000000 999.000000                    15146.0 
999.000000 999.000000 999.000000                    15157.0 
999.000000 999.000000 999.000000                    15168.0 
999.000000 999.000000 999.000000                    15179.0 
999.000000 999.000000 999.000000                    15191.0 
999.000000 999.000000 999.000000                    15200.0 
999.000000 999.000000 999.000000                    15211.0 
999.000000 999.000000 999.000000                    15222.0 
999.000000 999.000000 999.000000                    15233.0 
999.000000 999.000000 999.000000                    15243.0 
999.000000 999.000000 999.000000                    15254.0 
999.000000 999.000000 999.000000                    15265.0 
999.000000 999.000000 999.000000                    15276.0 
999.000000 999.000000 999.000000                    15286.0 
999.000000 999.000000 999.000000                    15297.0 
999.000000 999.000000 999.000000                    15308.0 
999.000000 999.000000 999.000000                    15319.0 
999.000000 999.000000 999.000000                    15329.0 
999.000000 999.000000 999.000000                    15340.0 
999.000000 999.000000 999.000000                    15351.0 
999.000000 999.000000 999.000000                    15362.0 
999.000000 999.000000 999.000000                        0.0 
999.000000 999.000000 999.000000                       10.0 
999.000000 999.000000 999.000000                       20.0 
999.000000 999.000000 999.000000                       33.0 
999.000000 999.000000 999.000000                       41.0 
999.000000 999.000000 999.000000                       52.0 
999.000000 999.000000 999.000000                       63.0 
999.000000 999.000000 999.000000                       74.0 
999.000000 999.000000 999.000000                       85.0 
999.000000 999.000000 999.000000                       95.0 
999.000000 999.000000 999.000000                      106.0 
999.000000 999.000000 999.000000                      117.0 
999.000000 999.000000 999.000000                      128.0 
