2.095348 177.551361 141.151794 66.195038 174.532349 164.387497 10.559992 169.036362 157.008850 84.260864 142.403030 187.966049                  0 
2.058676 177.529297 141.472427 66.261055 174.634369 164.434479 10.579116 168.891815 157.135986 84.447365 142.606354 188.058212                 20 
2.058157 177.664536 141.547134 66.290161 174.673096 164.413910 10.548614 168.852890 157.045044 84.462868 142.620331 188.014542                 39 
1.806095 178.220673 141.767578 66.272606 174.517090 163.850525 10.346198 169.203903 157.093567 84.417015 142.181015 187.083572                 59 
1.996372 178.043427 141.739075 66.388763 174.439102 164.029541 10.416370 169.090317 157.127380 84.443031 142.213654 187.485458                 80 
2.320993 178.006485 141.640015 66.607300 174.491974 164.208954 10.548923 169.159882 157.138367 84.512924 142.398727 187.958221                100 
2.616843 178.538330 141.160995 66.674637 173.888092 164.092041 10.406200 169.387360 156.683533 84.026810 141.121597 187.327255                122 
2.554846 178.692429 140.796875 66.511055 173.437759 163.794830 10.149583 169.390198 156.292282 83.603203 140.276337 186.659531                141 
2.534322 178.766388 140.455826 66.403297 173.107544 163.508926 9.980778 169.369217 155.952118 83.313240 139.640152 186.061157                162 
2.602916 178.633972 140.335587 66.381989 172.832840 163.346603 9.910511 169.308395 155.796112 83.181892 139.138718 185.642014                184 
2.550494 178.103134 139.607468 65.927902 173.475815 163.780396 9.624516 169.299301 155.351089 82.605202 140.412384 187.089050                206 
2.129880 177.727997 139.217911 65.111450 174.368622 164.578400 9.131840 169.291901 155.147186 81.675697 142.098434 189.050369                228 
2.208222 177.714828 139.034729 65.022812 174.820023 164.738419 9.093885 169.570663 155.059647 81.474983 142.844604 189.668610                250 
2.239295 177.733459 139.044388 65.043236 174.795547 164.692978 9.089148 169.609894 155.059784 81.463432 142.748245 189.551849                272 
2.294487 177.932175 139.071732 65.120842 174.800583 164.605728 9.105698 169.771072 155.115524 81.497612 142.619690 189.320251                294 
2.522848 178.133240 139.171967 65.314560 175.101242 164.794769 9.291286 170.052261 155.288727 81.624260 143.046127 189.716248                316 
2.489303 177.977890 138.981461 65.134972 175.219864 164.957474 9.177184 169.989288 155.161514 81.362137 143.305328 190.112152                338 
2.538587 177.826141 138.902954 65.099571 175.263977 164.988358 9.162044 169.991180 155.086212 81.260338 143.418121 190.272491                360 
2.639519 177.648514 138.823334 65.080147 175.356659 165.056961 9.175245 170.029388 155.001617 81.156952 143.588562 190.491989                382 
2.755787 177.441101 138.788498 65.070854 175.437836 165.146988 9.199990 170.045410 154.949203 81.076790 143.745468 190.720795                405 
2.730621 177.342743 138.753311 65.032051 175.394882 165.080093 9.163545 169.985092 154.890808 81.051559 143.656006 190.587646                427 
2.720263 177.245132 138.742126 65.023933 175.475464 165.069061 9.172517 169.920502 154.905441 81.100632 143.810898 190.632919                450 
2.642530 177.500748 138.714264 65.140427 175.651779 164.564804 9.213348 170.144318 154.834229 81.372169 143.933868 189.964020                473 
2.692633 177.459900 138.922363 65.272369 175.750198 164.596817 9.335726 170.099670 155.045563 81.630341 144.087189 189.983551                496 
2.711550 177.452927 139.069199 65.376091 175.827560 164.621994 9.445449 170.038757 155.206787 81.833221 144.207794 189.998535                520 
3.153619 176.620392 139.621796 65.908714 175.751587 165.153763 9.994566 169.492584 155.945374 82.498512 144.822906 191.284424                545 
3.159858 176.448257 139.756851 65.916595 175.781555 165.541031 10.069145 169.173843 156.146103 82.579613 144.962646 191.754669                569 
3.023582 176.635452 139.759430 65.878365 175.692886 165.507156 10.020974 169.108261 156.138611 82.584534 144.698364 191.485214                592 
2.980668 176.844009 139.781204 65.957558 175.712143 165.543945 10.092826 169.093491 156.228012 82.692154 144.723038 191.510162                614 
2.917881 177.034729 139.814087 66.014595 175.720963 165.654083 10.159301 168.998184 156.338989 82.787209 144.762756 191.632645                637 
2.839932 177.443771 140.028046 66.143524 175.427887 165.583115 10.212701 168.946365 156.461563 82.982323 144.052399 191.012421                660 
2.766172 177.697998 140.118469 66.197365 175.415466 165.556213 10.230083 168.944992 156.541718 83.100693 143.932434 190.809158                682 
2.636592 177.786377 140.176010 66.150009 175.465851 165.589111 10.185554 168.857880 156.606842 83.136780 143.994278 190.800339                705 
2.326070 177.979736 140.227051 65.975349 175.285461 165.377136 9.993076 168.718079 156.512329 83.083389 143.500015 190.108032                727 
1.908140 178.220779 140.287369 65.718140 175.405716 165.094376 9.717955 168.744339 156.454254 83.042900 143.437088 189.435211                751 
1.479189 178.320755 140.451920 65.457283 175.649246 164.884537 9.458720 168.735443 156.523621 83.075287 143.642105 188.962845                772 
1.131422 178.342743 140.604340 65.258583 175.850128 164.708359 9.275565 168.670105 156.600006 83.150017 143.842514 188.583542                794 
0.981690 178.207596 140.675232 65.191780 175.895996 164.577393 9.224379 168.517670 156.632568 83.267410 143.911423 188.344482                816 
0.905188 178.206314 140.789566 65.216537 175.805344 164.401581 9.229324 168.414658 156.657913 83.427650 143.676987 187.869446                839 
0.852054 178.302948 140.906219 65.229294 175.750595 164.317505 9.230482 168.403854 156.702209 83.504639 143.476654 187.534317                862 
0.836196 178.355286 140.993774 65.244858 175.745056 164.294495 9.248211 168.403656 156.755890 83.559105 143.406479 187.390411                886 
1.056607 178.038025 141.107193 65.454002 175.743652 164.468658 9.497875 168.177444 156.931381 83.856758 143.568710 187.722214                909 
1.934942 176.662643 142.266464 66.435501 175.780624 165.443924 10.561004 167.289734 158.304245 85.344437 144.419266 189.392487                932 
2.660242 175.710068 143.223969 67.343796 175.764740 165.962372 11.488928 166.663391 159.393753 86.694656 145.010071 190.340866                956 
2.550715 175.951492 143.040649 67.232323 175.682953 165.858200 11.362336 166.723297 159.179855 86.506668 144.726273 190.040833                977 
1.093663 178.989471 141.367615 65.820366 175.746674 164.036575 9.759955 168.438675 156.919708 84.431732 142.920959 186.188461                998 
-0.168129 180.791458 139.700409 64.538116 176.191833 162.272247 8.420268 169.572632 154.869736 82.896614 142.427780 183.190430               1018 
-0.554819 181.375320 139.620102 64.211746 176.343704 162.006561 8.043975 169.988907 154.700867 82.496719 142.373123 182.653000               1037 
-0.640458 181.785873 139.596039 64.097275 176.552979 162.103745 7.915607 170.373169 154.719925 82.237762 142.571991 182.860199               1054 
0.604799 179.948334 139.622787 65.075569 176.427963 163.221436 9.040136 169.374695 155.396713 83.219322 143.684219 185.876846               1070 
1.468995 178.965546 139.908432 65.777885 176.578079 164.119308 9.808385 169.016785 156.121307 83.856796 144.794205 188.151672               1087 
1.908608 178.464828 140.079132 66.149887 176.657593 164.594894 10.192059 168.819839 156.508820 84.189796 145.402100 189.339020               1104 
2.096417 178.488754 140.301025 66.335358 176.812378 164.938461 10.341226 168.954758 156.825211 84.281754 145.829742 190.090393               1120 
2.124688 178.527924 140.612518 66.381142 176.700104 165.345200 10.348265 168.945145 157.172623 84.219681 145.760696 190.626709               1135 
2.172185 178.514618 140.832504 66.455460 176.522095 165.631027 10.390109 168.863510 157.419205 84.215256 145.575546 190.959198               1150 
2.180840 178.566742 140.876602 66.512131 176.421005 165.698730 10.417747 168.824341 157.481033 84.247314 145.425537 190.984314               1166 
2.179060 178.641983 140.816208 66.526924 176.346390 165.676270 10.406618 168.819717 157.431122 84.229767 145.261078 190.874054               1181 
1.700398 179.770172 139.471542 65.723808 176.489197 165.096573 9.585077 169.562088 155.987610 82.926003 144.687469 189.741074               1197 
1.348214 180.409164 138.897293 65.223167 176.714966 164.883896 9.043531 170.094757 155.375809 82.191078 144.626831 189.318665               1212 
0.422223 181.692200 138.354858 64.515259 177.028168 163.693741 8.185852 170.938065 154.458542 81.564842 144.172470 187.026810               1228 
-0.091046 182.593567 138.220764 64.185493 177.427048 163.050049 7.739153 171.664337 154.130356 81.292786 144.237549 185.862640               1244 
0.057086 182.285461 138.245392 64.349701 177.393570 163.163071 7.846464 171.563248 154.258728 81.479401 144.408325 186.253387               1260 
0.112538 182.116913 138.209045 64.434196 177.325180 163.163284 7.825313 171.567078 154.300034 81.564003 144.427444 186.378021               1275 
-0.303266 182.297546 137.638138 64.054543 177.272385 162.523331 7.314586 171.847397 153.680801 81.123207 144.137924 185.444595               1291 
0.661423 181.132187 138.416183 65.085785 177.107635 163.379425 8.294990 171.265656 154.705231 82.320107 144.579819 187.033905               1307 
0.882648 181.144043 138.977036 65.440659 176.268539 163.408401 8.497779 171.073883 155.003998 82.599663 142.996033 186.060654               1323 
0.374262 181.695511 138.217499 64.834328 176.277145 162.683853 7.843825 171.676392 154.109924 81.689240 142.527145 184.852875               1340 
1.134317 180.355560 139.006256 65.608063 176.616974 163.559097 8.651269 171.290894 155.166199 82.725594 143.765213 186.847885               1357 
1.782335 179.375046 139.749191 66.305428 176.923264 164.347946 9.374084 170.954346 156.161163 83.658806 144.914642 188.615723               1374 
2.111325 178.852921 140.215591 66.660774 177.074524 164.832123 9.737920 170.740723 156.756653 84.139694 145.554062 189.642700               1392 
2.275107 178.571732 140.469772 66.857986 177.158478 165.100845 9.933690 170.607758 157.076187 84.406273 145.912750 190.208160               1409 
2.277604 178.564377 140.489014 66.909126 177.096649 165.111267 9.962388 170.568008 157.112549 84.450356 145.841232 190.211487               1426 
2.268554 178.572235 140.506454 66.951218 177.043152 165.123260 9.982862 170.543869 157.157486 84.486320 145.775253 190.212189               1444 
2.272953 178.598587 140.567871 67.010132 176.967850 165.143982 10.012925 170.530334 157.238403 84.536827 145.661545 190.190872               1461 
2.309381 178.618530 140.597626 67.082298 176.862030 165.100296 10.053157 170.469818 157.249374 84.627274 145.436584 189.984650               1478 
2.303340 178.622543 140.604416 67.087608 176.860703 165.100357 10.032119 170.471390 157.286911 84.633469 145.428787 189.975906               1495 
2.349975 178.651321 140.651535 67.154472 176.879318 165.123352 10.062794 170.498856 157.376007 84.707108 145.438950 189.983459               1513 
2.495687 178.405579 140.417664 67.142876 176.883865 165.339264 10.088970 170.393967 157.281006 84.553032 145.638977 190.543625               1531 
2.577728 178.116196 140.075699 67.028725 176.962799 165.536514 10.048410 170.290192 157.076340 84.283684 145.975159 191.161652               1549 
2.619232 177.844116 139.752213 66.865517 177.027374 165.749817 9.978362 170.152481 156.852310 83.950867 146.272263 191.765778               1567 
2.673418 177.527924 139.923737 66.957397 177.071350 165.852417 10.107065 169.924271 157.027679 84.152054 146.552094 192.073288               1586 
2.658456 177.427780 140.574005 67.099312 177.321289 166.193130 10.272099 169.875656 157.626480 84.498978 147.064926 192.582901               1605 
2.562217 177.579025 140.587341 67.076744 177.298431 166.149307 10.247481 169.867584 157.595016 84.492477 146.936249 192.406601               1624 
2.304642 177.875290 140.539566 66.846268 177.146133 166.156631 10.051053 169.817505 157.435410 84.219902 146.421387 192.017090               1644 
1.408892 179.401871 139.326813 65.597679 176.928970 165.783127 8.872061 170.580246 155.979919 82.264847 145.043793 190.686066               1664 
0.588568 181.193604 138.884964 64.682526 177.436447 165.472244 7.945577 171.861542 155.266357 80.963646 144.788330 189.630920               1687 
0.506015 181.353134 139.080276 64.755119 177.504013 165.331131 7.958236 171.983292 155.387482 81.141518 144.816254 189.364700               1708 
0.421665 181.516556 139.167908 64.782661 177.550049 165.271530 7.949470 172.072525 155.451248 81.219505 144.827393 189.223007               1728 
0.344112 181.649124 139.273880 64.839188 177.605865 165.196533 7.961448 172.147858 155.547760 81.351166 144.880844 189.093048               1748 
0.348247 181.654770 139.352310 64.940300 177.669235 165.205612 8.032786 172.152985 155.652863 81.523285 145.019806 189.156311               1768 
0.386478 181.586990 139.396088 65.097794 177.676910 165.184494 8.144989 172.095001 155.753738 81.761536 145.144211 189.237762               1789 
0.314568 181.544662 139.245087 65.019569 177.679153 165.186066 8.052588 172.094666 155.660095 81.644608 145.228119 189.376022               1808 
0.206433 181.404953 139.003174 64.832390 177.630417 165.223190 7.876819 172.040695 155.464951 81.367500 145.276474 189.604080               1828 
0.159112 181.398834 138.981415 64.827217 177.613495 165.222488 7.840708 172.049728 155.441132 81.371742 145.290436 189.637939               1848 
-0.100247 181.132813 138.599991 64.467049 177.224915 165.150772 7.491480 171.770523 155.055450 80.894966 144.815964 189.531067               1868 
-0.150467 181.063568 138.629929 64.468536 177.136948 165.179184 7.455633 171.728363 155.080444 80.933655 144.724121 189.529236               1888 
-0.121015 180.812500 138.664963 64.607819 177.114868 165.215912 7.549965 171.544220 155.182587 81.225304 144.859131 189.670822               1908 
-0.090714 180.574936 138.685486 64.802689 177.090622 165.261826 7.686431 171.302628 155.329559 81.606453 145.050323 189.872162               1928 
-0.197112 180.459534 138.621780 64.841736 176.690048 165.157700 7.646892 171.001572 155.266144 81.733238 144.520218 189.537918               1948 
-0.320666 180.376694 138.571426 64.850571 176.352722 164.976578 7.566608 170.788589 155.159286 81.850945 144.008163 189.047989               1970 
-0.327004 180.398987 138.490768 64.941696 176.477646 164.794342 7.551571 170.949982 155.113342 82.045761 144.214401 188.901398               1993 
-0.343238 180.346191 138.445847 64.958633 176.565872 164.744888 7.486400 171.070343 155.101883 82.111496 144.402588 188.950638               2017 
-0.056361 180.195206 138.655884 65.284103 176.847412 164.975662 7.765134 171.220749 155.434387 82.477867 145.078552 189.668381               2041 
-0.028043 180.266632 138.625687 65.340515 176.849304 164.970886 7.769258 171.315231 155.424698 82.497917 145.121460 189.741501               2065 
-0.428450 180.108978 138.122894 64.939690 176.556671 164.469193 7.309942 171.160355 154.872391 82.080948 144.716553 189.106567               2088 
0.155124 179.456390 138.677689 65.648682 176.602737 164.810318 7.943831 170.883636 155.547577 83.002525 145.273941 189.949265               2112 
0.628511 179.054810 139.361298 66.248672 176.854065 165.290634 8.493034 170.842239 156.363007 83.763535 146.098129 191.018417               2135 
0.723919 178.882278 139.589417 66.399933 176.862442 165.449707 8.611896 170.758392 156.618011 83.970970 146.282822 191.348770               2158 
0.716918 178.762405 139.733002 66.431000 176.879944 165.567505 8.625210 170.654739 156.748596 84.057487 146.408447 191.556168               2180 
0.739178 178.672073 139.854599 66.499901 176.876251 165.632965 8.669433 170.573029 156.862122 84.173058 146.494858 191.695328               2201 
0.667034 178.557510 139.915634 66.454109 176.856277 165.738708 8.632978 170.397095 156.897415 84.163284 146.566971 191.883667               2223 
0.596088 178.354721 140.009949 66.448952 176.720520 165.830994 8.634350 170.088806 156.977264 84.235245 146.513840 192.019150               2245 
-0.180511 178.713867 139.213669 65.719910 176.695572 164.984177 7.897401 170.141922 156.065018 83.550293 146.126205 190.717560               2267 
-0.771442 178.942123 138.770309 65.096092 176.635498 164.661316 7.295860 170.137085 155.544601 82.904602 145.773239 190.058044               2289 
-1.183546 179.427597 138.275284 64.676834 176.736679 164.155777 6.869125 170.412827 154.946976 82.445862 145.553314 189.185272               2310 
-1.392145 179.603256 138.101074 64.480057 177.080795 163.976227 6.687129 170.593613 154.763794 82.348396 145.919815 188.962845               2331 
-1.452231 179.734161 137.998367 64.384583 177.270706 163.979996 6.613868 170.718384 154.668137 82.254639 146.109421 188.965012               2352 
-1.367842 179.728073 138.113342 64.477356 177.258484 164.133667 6.718452 170.648071 154.776810 82.385185 146.050735 189.033508               2373 
-1.304000 179.702805 138.099701 64.498398 177.239639 164.352310 6.775085 170.562607 154.819641 82.366821 146.057419 189.312363               2394 
-1.268837 179.737732 138.050018 64.529282 177.256561 164.440933 6.814788 170.565414 154.836304 82.360207 146.129471 189.496429               2415 
-1.230269 179.767227 138.016937 64.566795 177.265289 164.523026 6.858611 170.565247 154.858719 82.367310 146.180023 189.651947               2438 
-1.214542 179.828369 138.013016 64.576645 177.170288 164.687729 6.881698 170.507599 154.909729 82.314110 146.064285 189.835587               2459 
-1.221287 179.877075 138.008118 64.542274 177.038452 164.927765 6.875135 170.402969 154.965240 82.199196 145.901779 190.094345               2481 
-1.182804 180.049393 137.960190 64.658272 177.007736 164.971603 6.984309 170.395599 155.015640 82.295601 145.915634 190.206940               2548 
999.000000 999.000000 999.000000 999.000000 999.000000 999.000000 999.000000 999.000000 999.000000 999.000000 999.000000 999.000000             2570.0 
999.000000 999.000000 999.000000 999.000000 999.000000 999.000000 999.000000 999.000000 999.000000 999.000000 999.000000 999.000000             2593.0 
999.000000 999.000000 999.000000 999.000000 999.000000 999.000000 999.000000 999.000000 999.000000 999.000000 999.000000 999.000000             2618.0 
999.000000 999.000000 999.000000 999.000000 999.000000 999.000000 999.000000 999.000000 999.000000 999.000000 999.000000 999.000000             2643.0 
999.000000 999.000000 999.000000 999.000000 999.000000 999.000000 999.000000 999.000000 999.000000 999.000000 999.000000 999.000000             2669.0 
999.000000 999.000000 999.000000 999.000000 999.000000 999.000000 999.000000 999.000000 999.000000 999.000000 999.000000 999.000000             2695.0 
999.000000 999.000000 999.000000 999.000000 999.000000 999.000000 999.000000 999.000000 999.000000 999.000000 999.000000 999.000000             2721.0 
999.000000 999.000000 999.000000 999.000000 999.000000 999.000000 999.000000 999.000000 999.000000 999.000000 999.000000 999.000000             2747.0 
999.000000 999.000000 999.000000 999.000000 999.000000 999.000000 999.000000 999.000000 999.000000 999.000000 999.000000 999.000000             2773.0 
999.000000 999.000000 999.000000 999.000000 999.000000 999.000000 999.000000 999.000000 999.000000 999.000000 999.000000 999.000000             2800.0 
999.000000 999.000000 999.000000 999.000000 999.000000 999.000000 999.000000 999.000000 999.000000 999.000000 999.000000 999.000000             2826.0 
999.000000 999.000000 999.000000 999.000000 999.000000 999.000000 999.000000 999.000000 999.000000 999.000000 999.000000 999.000000             2853.0 
999.000000 999.000000 999.000000 999.000000 999.000000 999.000000 999.000000 999.000000 999.000000 999.000000 999.000000 999.000000             2879.0 
999.000000 999.000000 999.000000 999.000000 999.000000 999.000000 999.000000 999.000000 999.000000 999.000000 999.000000 999.000000             2906.0 
999.000000 999.000000 999.000000 999.000000 999.000000 999.000000 999.000000 999.000000 999.000000 999.000000 999.000000 999.000000             2933.0 
999.000000 999.000000 999.000000 999.000000 999.000000 999.000000 999.000000 999.000000 999.000000 999.000000 999.000000 999.000000             2959.0 
999.000000 999.000000 999.000000 999.000000 999.000000 999.000000 999.000000 999.000000 999.000000 999.000000 999.000000 999.000000             2986.0 
999.000000 999.000000 999.000000 999.000000 999.000000 999.000000 999.000000 999.000000 999.000000 999.000000 999.000000 999.000000             3013.0 
999.000000 999.000000 999.000000 999.000000 999.000000 999.000000 999.000000 999.000000 999.000000 999.000000 999.000000 999.000000             3039.0 
999.000000 999.000000 999.000000 999.000000 999.000000 999.000000 999.000000 999.000000 999.000000 999.000000 999.000000 999.000000             3066.0 
999.000000 999.000000 999.000000 999.000000 999.000000 999.000000 999.000000 999.000000 999.000000 999.000000 999.000000 999.000000             3092.0 
999.000000 999.000000 999.000000 999.000000 999.000000 999.000000 999.000000 999.000000 999.000000 999.000000 999.000000 999.000000             3119.0 
999.000000 999.000000 999.000000 999.000000 999.000000 999.000000 999.000000 999.000000 999.000000 999.000000 999.000000 999.000000             3146.0 
999.000000 999.000000 999.000000 999.000000 999.000000 999.000000 999.000000 999.000000 999.000000 999.000000 999.000000 999.000000             3172.0 
999.000000 999.000000 999.000000 999.000000 999.000000 999.000000 999.000000 999.000000 999.000000 999.000000 999.000000 999.000000             3199.0 
999.000000 999.000000 999.000000 999.000000 999.000000 999.000000 999.000000 999.000000 999.000000 999.000000 999.000000 999.000000             3225.0 
999.000000 999.000000 999.000000 999.000000 999.000000 999.000000 999.000000 999.000000 999.000000 999.000000 999.000000 999.000000             3252.0 
999.000000 999.000000 999.000000 999.000000 999.000000 999.000000 999.000000 999.000000 999.000000 999.000000 999.000000 999.000000             3279.0 
999.000000 999.000000 999.000000 999.000000 999.000000 999.000000 999.000000 999.000000 999.000000 999.000000 999.000000 999.000000             3305.0 
999.000000 999.000000 999.000000 999.000000 999.000000 999.000000 999.000000 999.000000 999.000000 999.000000 999.000000 999.000000             3332.0 
999.000000 999.000000 999.000000 999.000000 999.000000 999.000000 999.000000 999.000000 999.000000 999.000000 999.000000 999.000000             3359.0 
999.000000 999.000000 999.000000 999.000000 999.000000 999.000000 999.000000 999.000000 999.000000 999.000000 999.000000 999.000000             3385.0 
999.000000 999.000000 999.000000 999.000000 999.000000 999.000000 999.000000 999.000000 999.000000 999.000000 999.000000 999.000000             3412.0 
999.000000 999.000000 999.000000 999.000000 999.000000 999.000000 999.000000 999.000000 999.000000 999.000000 999.000000 999.000000             3438.0 
999.000000 999.000000 999.000000 999.000000 999.000000 999.000000 999.000000 999.000000 999.000000 999.000000 999.000000 999.000000             3465.0 
999.000000 999.000000 999.000000 999.000000 999.000000 999.000000 999.000000 999.000000 999.000000 999.000000 999.000000 999.000000             3492.0 
999.000000 999.000000 999.000000 999.000000 999.000000 999.000000 999.000000 999.000000 999.000000 999.000000 999.000000 999.000000             3518.0 
999.000000 999.000000 999.000000 999.000000 999.000000 999.000000 999.000000 999.000000 999.000000 999.000000 999.000000 999.000000             3545.0 
999.000000 999.000000 999.000000 999.000000 999.000000 999.000000 999.000000 999.000000 999.000000 999.000000 999.000000 999.000000             3572.0 
999.000000 999.000000 999.000000 999.000000 999.000000 999.000000 999.000000 999.000000 999.000000 999.000000 999.000000 999.000000             3598.0 
999.000000 999.000000 999.000000 999.000000 999.000000 999.000000 999.000000 999.000000 999.000000 999.000000 999.000000 999.000000             3625.0 
999.000000 999.000000 999.000000 999.000000 999.000000 999.000000 999.000000 999.000000 999.000000 999.000000 999.000000 999.000000             3652.0 
999.000000 999.000000 999.000000 999.000000 999.000000 999.000000 999.000000 999.000000 999.000000 999.000000 999.000000 999.000000             3678.0 
999.000000 999.000000 999.000000 999.000000 999.000000 999.000000 999.000000 999.000000 999.000000 999.000000 999.000000 999.000000             3705.0 
999.000000 999.000000 999.000000 999.000000 999.000000 999.000000 999.000000 999.000000 999.000000 999.000000 999.000000 999.000000             3731.0 
999.000000 999.000000 999.000000 999.000000 999.000000 999.000000 999.000000 999.000000 999.000000 999.000000 999.000000 999.000000             3758.0 
999.000000 999.000000 999.000000 999.000000 999.000000 999.000000 999.000000 999.000000 999.000000 999.000000 999.000000 999.000000             3785.0 
999.000000 999.000000 999.000000 999.000000 999.000000 999.000000 999.000000 999.000000 999.000000 999.000000 999.000000 999.000000             3811.0 
999.000000 999.000000 999.000000 999.000000 999.000000 999.000000 999.000000 999.000000 999.000000 999.000000 999.000000 999.000000             3838.0 
999.000000 999.000000 999.000000 999.000000 999.000000 999.000000 999.000000 999.000000 999.000000 999.000000 999.000000 999.000000             3865.0 
999.000000 999.000000 999.000000 999.000000 999.000000 999.000000 999.000000 999.000000 999.000000 999.000000 999.000000 999.000000             3891.0 
999.000000 999.000000 999.000000 999.000000 999.000000 999.000000 999.000000 999.000000 999.000000 999.000000 999.000000 999.000000             3918.0 
999.000000 999.000000 999.000000 999.000000 999.000000 999.000000 999.000000 999.000000 999.000000 999.000000 999.000000 999.000000             3944.0 
999.000000 999.000000 999.000000 999.000000 999.000000 999.000000 999.000000 999.000000 999.000000 999.000000 999.000000 999.000000             3971.0 
999.000000 999.000000 999.000000 999.000000 999.000000 999.000000 999.000000 999.000000 999.000000 999.000000 999.000000 999.000000             3998.0 
999.000000 999.000000 999.000000 999.000000 999.000000 999.000000 999.000000 999.000000 999.000000 999.000000 999.000000 999.000000             4024.0 
999.000000 999.000000 999.000000 999.000000 999.000000 999.000000 999.000000 999.000000 999.000000 999.000000 999.000000 999.000000             4051.0 
999.000000 999.000000 999.000000 999.000000 999.000000 999.000000 999.000000 999.000000 999.000000 999.000000 999.000000 999.000000             4078.0 
999.000000 999.000000 999.000000 999.000000 999.000000 999.000000 999.000000 999.000000 999.000000 999.000000 999.000000 999.000000             4104.0 
999.000000 999.000000 999.000000 999.000000 999.000000 999.000000 999.000000 999.000000 999.000000 999.000000 999.000000 999.000000             4131.0 
999.000000 999.000000 999.000000 999.000000 999.000000 999.000000 999.000000 999.000000 999.000000 999.000000 999.000000 999.000000             4157.0 
999.000000 999.000000 999.000000 999.000000 999.000000 999.000000 999.000000 999.000000 999.000000 999.000000 999.000000 999.000000             4184.0 
999.000000 999.000000 999.000000 999.000000 999.000000 999.000000 999.000000 999.000000 999.000000 999.000000 999.000000 999.000000             4211.0 
999.000000 999.000000 999.000000 999.000000 999.000000 999.000000 999.000000 999.000000 999.000000 999.000000 999.000000 999.000000             4237.0 
999.000000 999.000000 999.000000 999.000000 999.000000 999.000000 999.000000 999.000000 999.000000 999.000000 999.000000 999.000000             4264.0 
999.000000 999.000000 999.000000 999.000000 999.000000 999.000000 999.000000 999.000000 999.000000 999.000000 999.000000 999.000000             4291.0 
999.000000 999.000000 999.000000 999.000000 999.000000 999.000000 999.000000 999.000000 999.000000 999.000000 999.000000 999.000000             4317.0 
999.000000 999.000000 999.000000 999.000000 999.000000 999.000000 999.000000 999.000000 999.000000 999.000000 999.000000 999.000000             4344.0 
999.000000 999.000000 999.000000 999.000000 999.000000 999.000000 999.000000 999.000000 999.000000 999.000000 999.000000 999.000000             4370.0 
999.000000 999.000000 999.000000 999.000000 999.000000 999.000000 999.000000 999.000000 999.000000 999.000000 999.000000 999.000000             4397.0 
999.000000 999.000000 999.000000 999.000000 999.000000 999.000000 999.000000 999.000000 999.000000 999.000000 999.000000 999.000000             4424.0 
999.000000 999.000000 999.000000 999.000000 999.000000 999.000000 999.000000 999.000000 999.000000 999.000000 999.000000 999.000000             4450.0 
999.000000 999.000000 999.000000 999.000000 999.000000 999.000000 999.000000 999.000000 999.000000 999.000000 999.000000 999.000000             4477.0 
999.000000 999.000000 999.000000 999.000000 999.000000 999.000000 999.000000 999.000000 999.000000 999.000000 999.000000 999.000000             4504.0 
999.000000 999.000000 999.000000 999.000000 999.000000 999.000000 999.000000 999.000000 999.000000 999.000000 999.000000 999.000000             4530.0 
999.000000 999.000000 999.000000 999.000000 999.000000 999.000000 999.000000 999.000000 999.000000 999.000000 999.000000 999.000000             4557.0 
999.000000 999.000000 999.000000 999.000000 999.000000 999.000000 999.000000 999.000000 999.000000 999.000000 999.000000 999.000000             4583.0 
999.000000 999.000000 999.000000 999.000000 999.000000 999.000000 999.000000 999.000000 999.000000 999.000000 999.000000 999.000000             4610.0 
999.000000 999.000000 999.000000 999.000000 999.000000 999.000000 999.000000 999.000000 999.000000 999.000000 999.000000 999.000000             4637.0 
999.000000 999.000000 999.000000 999.000000 999.000000 999.000000 999.000000 999.000000 999.000000 999.000000 999.000000 999.000000             4663.0 
999.000000 999.000000 999.000000 999.000000 999.000000 999.000000 999.000000 999.000000 999.000000 999.000000 999.000000 999.000000             4690.0 
999.000000 999.000000 999.000000 999.000000 999.000000 999.000000 999.000000 999.000000 999.000000 999.000000 999.000000 999.000000             4717.0 
999.000000 999.000000 999.000000 999.000000 999.000000 999.000000 999.000000 999.000000 999.000000 999.000000 999.000000 999.000000             4743.0 
999.000000 999.000000 999.000000 999.000000 999.000000 999.000000 999.000000 999.000000 999.000000 999.000000 999.000000 999.000000             4770.0 
999.000000 999.000000 999.000000 999.000000 999.000000 999.000000 999.000000 999.000000 999.000000 999.000000 999.000000 999.000000             4796.0 
999.000000 999.000000 999.000000 999.000000 999.000000 999.000000 999.000000 999.000000 999.000000 999.000000 999.000000 999.000000             4823.0 
999.000000 999.000000 999.000000 999.000000 999.000000 999.000000 999.000000 999.000000 999.000000 999.000000 999.000000 999.000000             4850.0 
999.000000 999.000000 999.000000 999.000000 999.000000 999.000000 999.000000 999.000000 999.000000 999.000000 999.000000 999.000000             4876.0 
999.000000 999.000000 999.000000 999.000000 999.000000 999.000000 999.000000 999.000000 999.000000 999.000000 999.000000 999.000000             4903.0 
999.000000 999.000000 999.000000 999.000000 999.000000 999.000000 999.000000 999.000000 999.000000 999.000000 999.000000 999.000000             4930.0 
999.000000 999.000000 999.000000 999.000000 999.000000 999.000000 999.000000 999.000000 999.000000 999.000000 999.000000 999.000000             4956.0 
999.000000 999.000000 999.000000 999.000000 999.000000 999.000000 999.000000 999.000000 999.000000 999.000000 999.000000 999.000000             4983.0 
999.000000 999.000000 999.000000 999.000000 999.000000 999.000000 999.000000 999.000000 999.000000 999.000000 999.000000 999.000000             5009.0 
999.000000 999.000000 999.000000 999.000000 999.000000 999.000000 999.000000 999.000000 999.000000 999.000000 999.000000 999.000000             5036.0 
999.000000 999.000000 999.000000 999.000000 999.000000 999.000000 999.000000 999.000000 999.000000 999.000000 999.000000 999.000000             5063.0 
999.000000 999.000000 999.000000 999.000000 999.000000 999.000000 999.000000 999.000000 999.000000 999.000000 999.000000 999.000000             5089.0 
999.000000 999.000000 999.000000 999.000000 999.000000 999.000000 999.000000 999.000000 999.000000 999.000000 999.000000 999.000000             5116.0 
999.000000 999.000000 999.000000 999.000000 999.000000 999.000000 999.000000 999.000000 999.000000 999.000000 999.000000 999.000000             5143.0 
999.000000 999.000000 999.000000 999.000000 999.000000 999.000000 999.000000 999.000000 999.000000 999.000000 999.000000 999.000000             5169.0 
999.000000 999.000000 999.000000 999.000000 999.000000 999.000000 999.000000 999.000000 999.000000 999.000000 999.000000 999.000000             5196.0 
999.000000 999.000000 999.000000 999.000000 999.000000 999.000000 999.000000 999.000000 999.000000 999.000000 999.000000 999.000000             5222.0 
999.000000 999.000000 999.000000 999.000000 999.000000 999.000000 999.000000 999.000000 999.000000 999.000000 999.000000 999.000000             5249.0 
999.000000 999.000000 999.000000 999.000000 999.000000 999.000000 999.000000 999.000000 999.000000 999.000000 999.000000 999.000000             5276.0 
999.000000 999.000000 999.000000 999.000000 999.000000 999.000000 999.000000 999.000000 999.000000 999.000000 999.000000 999.000000             5302.0 
999.000000 999.000000 999.000000 999.000000 999.000000 999.000000 999.000000 999.000000 999.000000 999.000000 999.000000 999.000000             5329.0 
999.000000 999.000000 999.000000 999.000000 999.000000 999.000000 999.000000 999.000000 999.000000 999.000000 999.000000 999.000000             5356.0 
999.000000 999.000000 999.000000 999.000000 999.000000 999.000000 999.000000 999.000000 999.000000 999.000000 999.000000 999.000000             5382.0 
999.000000 999.000000 999.000000 999.000000 999.000000 999.000000 999.000000 999.000000 999.000000 999.000000 999.000000 999.000000             5409.0 
999.000000 999.000000 999.000000 999.000000 999.000000 999.000000 999.000000 999.000000 999.000000 999.000000 999.000000 999.000000             5435.0 
999.000000 999.000000 999.000000 999.000000 999.000000 999.000000 999.000000 999.000000 999.000000 999.000000 999.000000 999.000000             5462.0 
999.000000 999.000000 999.000000 999.000000 999.000000 999.000000 999.000000 999.000000 999.000000 999.000000 999.000000 999.000000             5489.0 
999.000000 999.000000 999.000000 999.000000 999.000000 999.000000 999.000000 999.000000 999.000000 999.000000 999.000000 999.000000             5515.0 
999.000000 999.000000 999.000000 999.000000 999.000000 999.000000 999.000000 999.000000 999.000000 999.000000 999.000000 999.000000             5542.0 
999.000000 999.000000 999.000000 999.000000 999.000000 999.000000 999.000000 999.000000 999.000000 999.000000 999.000000 999.000000             5569.0 
999.000000 999.000000 999.000000 999.000000 999.000000 999.000000 999.000000 999.000000 999.000000 999.000000 999.000000 999.000000             5595.0 
-30.071587 246.660889 -186.837173 6.830323 222.125626 -115.092117 -53.245426 210.136963 -130.546417 24.267263 206.711273 -78.038551               5622 
-31.235777 247.968002 -189.513458 6.066958 223.580658 -117.926483 -54.066296 211.747650 -132.990250 23.695305 208.248932 -80.929245               5648 
-31.574219 250.209854 -191.715408 5.349901 225.028946 -120.207199 -54.679119 213.523987 -135.681534 22.768969 209.295959 -83.279358               5675 
-31.357668 251.143326 -192.665405 5.201541 225.751999 -121.045288 -54.577652 214.088135 -137.030258 22.435167 209.906937 -84.078384               5696 
-31.098293 252.598282 -193.720703 4.970190 226.903473 -121.962257 -54.501324 215.182404 -138.564545 21.942978 210.902969 -84.941658               5717 
-30.314281 252.774078 -194.836685 5.002791 227.268265 -122.658043 -54.193268 215.651657 -139.913177 21.546940 211.334702 -85.415215               5735 
-29.385126 252.484528 -195.845703 5.042262 227.442276 -123.100708 -53.961655 216.064667 -140.960419 21.066774 211.713028 -85.545128               5751 
-28.163979 251.827881 -196.794250 5.332264 227.873611 -123.260994 -53.441467 216.441956 -141.694046 20.823721 212.699600 -85.255997               5766 
-27.085262 250.728851 -197.882126 5.787576 228.287140 -123.640770 -52.806732 216.746872 -142.493164 20.821510 213.754227 -85.203918               5781 
-25.081049 251.300522 -199.267105 6.768980 229.425766 -124.436195 -51.530605 218.145096 -144.119370 21.110756 215.110611 -85.654678               5824 
-24.765724 251.285568 -199.786133 6.955147 229.663223 -124.825508 -51.255310 218.327637 -144.649429 21.187563 215.469116 -85.959305               5838 
-24.452013 251.580765 -200.937164 6.862656 230.048279 -125.764320 -51.158840 218.655609 -146.014069 20.814861 215.911301 -86.775894               5853 
-24.386724 252.094620 -202.389832 6.483671 230.461273 -127.040558 -51.295296 218.899796 -147.841095 20.141344 216.278885 -87.964432               5866 
-24.268248 251.896362 -203.278778 6.276757 230.613144 -127.671211 -51.292976 218.799591 -148.879242 19.678497 216.604675 -88.444023               5881 
999.000000 999.000000 999.000000 999.000000 999.000000 999.000000 999.000000 999.000000 999.000000 999.000000 999.000000 999.000000             5895.0 
999.000000 999.000000 999.000000 999.000000 999.000000 999.000000 999.000000 999.000000 999.000000 999.000000 999.000000 999.000000             5909.0 
999.000000 999.000000 999.000000 999.000000 999.000000 999.000000 999.000000 999.000000 999.000000 999.000000 999.000000 999.000000             5923.0 
999.000000 999.000000 999.000000 999.000000 999.000000 999.000000 999.000000 999.000000 999.000000 999.000000 999.000000 999.000000             5937.0 
999.000000 999.000000 999.000000 999.000000 999.000000 999.000000 999.000000 999.000000 999.000000 999.000000 999.000000 999.000000             5951.0 
999.000000 999.000000 999.000000 999.000000 999.000000 999.000000 999.000000 999.000000 999.000000 999.000000 999.000000 999.000000             5966.0 
999.000000 999.000000 999.000000 999.000000 999.000000 999.000000 999.000000 999.000000 999.000000 999.000000 999.000000 999.000000             5981.0 
-24.157192 257.914429 -203.212936 6.453578 232.580215 -126.906891 -50.187237 220.568985 -155.336166 15.277024 214.664551 -87.973717               5996 
-23.731449 256.828033 -204.759125 7.126722 234.468506 -127.573769 -50.017365 220.083176 -155.274475 15.966126 218.097061 -87.970024               6011 
-23.804384 256.438721 -204.835739 7.334599 234.417984 -127.634277 -50.138248 219.771835 -154.923904 16.202627 218.321838 -87.924232               6028 
-23.993328 256.363220 -204.899857 7.549233 234.432236 -127.797028 -50.180031 219.722183 -154.693329 16.517485 218.498795 -88.043892               6045 
-27.341934 249.385437 -201.860901 7.817756 232.802826 -128.495514 -50.183270 219.138840 -153.257248 18.743984 216.159653 -89.530937               6063 
-27.694954 248.992172 -201.511002 7.742333 233.129425 -129.018860 -49.964207 220.295197 -153.596558 18.992989 216.120590 -90.305321               6081 
-28.208948 249.365463 -201.689926 7.738436 233.348877 -129.566833 -50.067215 220.892090 -153.706177 19.284924 216.254059 -90.978470               6098 
-28.552032 249.869598 -202.668884 7.486037 233.655060 -130.640579 -50.548569 221.676483 -154.393784 19.110922 216.599899 -92.058197               6110 
-28.932770 250.145477 -203.227661 7.139953 233.748306 -131.230881 -51.007450 221.770966 -154.668167 18.961536 216.749863 -92.683258               6122 
-29.243225 250.447495 -204.333054 6.991898 234.289871 -132.289612 -51.366817 222.156601 -155.077240 19.131939 217.708267 -93.659500               6134 
-29.146133 250.789856 -204.570847 6.913841 234.320709 -132.437027 -51.467243 222.056229 -155.050507 19.195839 217.812210 -93.820465               6145 
-29.031889 250.996796 -204.835739 6.875394 234.298111 -132.624924 -51.523518 221.967514 -155.138718 19.239723 217.815460 -94.023613               6157 
-28.936275 251.157272 -205.033340 6.849144 234.279068 -132.764648 -51.553959 221.904877 -155.218079 19.267384 217.807297 -94.176003               6169 
-28.839462 251.313065 -205.209442 6.796825 234.259384 -132.870300 -51.590492 221.835403 -155.297913 19.253481 217.790375 -94.292862               6191 
-28.851240 251.344498 -205.252090 6.765066 234.241974 -132.914932 -51.615326 221.796585 -155.329163 19.249189 217.750671 -94.355888               6204 
-28.835382 251.356781 -205.302536 6.745534 234.225998 -132.963928 -51.601994 221.726120 -155.377213 19.261826 217.714249 -94.424072               6214 
-28.808264 251.321198 -205.358582 6.722477 234.208191 -133.018082 -51.573772 221.634476 -155.436600 19.277472 217.673859 -94.500504               6225 
-28.746437 251.309097 -205.420059 6.702658 234.187180 -133.063690 -51.536865 221.542206 -155.499268 19.284868 217.634689 -94.562790               6237 
-28.633799 251.217239 -205.480469 6.695736 234.119400 -133.099792 -51.480133 221.389175 -155.546387 19.307384 217.550980 -94.615379               6258 
-28.572609 251.168900 -205.510254 6.697322 234.077347 -133.115402 -51.428745 221.270035 -155.577316 19.324915 217.505569 -94.637665               6270 
-28.509878 251.185883 -205.523575 6.698590 234.059891 -133.118332 -51.366596 221.122086 -155.593002 19.353098 217.476593 -94.654411               6280 
-28.454264 251.157425 -205.546188 6.687253 234.021652 -133.121017 -51.306522 220.847061 -155.587021 19.391315 217.445236 -94.670456               6303 
-28.414930 251.082550 -205.563629 6.696137 233.960052 -133.122787 -51.275021 220.690247 -155.574738 19.415876 217.399445 -94.670609               6313 
-28.365694 251.061584 -205.577591 6.697729 233.922302 -133.116394 -51.240967 220.507339 -155.543381 19.448460 217.376144 -94.668259               6325 
-28.482891 250.814331 -205.489960 6.687796 233.824249 -133.050171 -51.172531 220.100250 -155.394882 19.540834 217.349228 -94.605553               6347 
-28.448706 250.793594 -205.514389 6.683393 233.789139 -133.057190 -51.142910 219.995575 -155.412216 19.536686 217.317307 -94.611282               6360 
-28.367086 250.882202 -205.609146 6.648056 233.764587 -133.108734 -51.149460 219.926086 -155.496964 19.480391 217.272583 -94.664474               6373 
-28.164846 250.657242 -205.694748 6.651153 233.448410 -133.122131 -51.147068 219.737656 -155.597305 19.373928 216.923782 -94.655479               6387 
-27.203535 250.389862 -204.102478 7.270901 230.883087 -131.949890 -51.072296 219.554352 -154.345901 19.556139 213.349045 -93.789093               6401 
-26.677013 249.110855 -202.978470 7.898466 230.796402 -130.548981 -50.632271 219.486511 -152.442200 20.196301 213.981613 -92.069855               6416 
-27.183386 250.021774 -202.188766 7.811862 231.169205 -130.098206 -50.829212 219.964249 -151.745712 20.340990 214.064972 -91.821815               6430 
999.000000 999.000000 999.000000 999.000000 999.000000 999.000000 999.000000 999.000000 999.000000 999.000000 999.000000 999.000000             6444.0 
999.000000 999.000000 999.000000 999.000000 999.000000 999.000000 999.000000 999.000000 999.000000 999.000000 999.000000 999.000000             6459.0 
999.000000 999.000000 999.000000 999.000000 999.000000 999.000000 999.000000 999.000000 999.000000 999.000000 999.000000 999.000000             6475.0 
999.000000 999.000000 999.000000 999.000000 999.000000 999.000000 999.000000 999.000000 999.000000 999.000000 999.000000 999.000000             6492.0 
999.000000 999.000000 999.000000 999.000000 999.000000 999.000000 999.000000 999.000000 999.000000 999.000000 999.000000 999.000000             6510.0 
999.000000 999.000000 999.000000 999.000000 999.000000 999.000000 999.000000 999.000000 999.000000 999.000000 999.000000 999.000000             6528.0 
999.000000 999.000000 999.000000 999.000000 999.000000 999.000000 999.000000 999.000000 999.000000 999.000000 999.000000 999.000000             6546.0 
999.000000 999.000000 999.000000 999.000000 999.000000 999.000000 999.000000 999.000000 999.000000 999.000000 999.000000 999.000000             6564.0 
999.000000 999.000000 999.000000 999.000000 999.000000 999.000000 999.000000 999.000000 999.000000 999.000000 999.000000 999.000000             6582.0 
999.000000 999.000000 999.000000 999.000000 999.000000 999.000000 999.000000 999.000000 999.000000 999.000000 999.000000 999.000000             6600.0 
999.000000 999.000000 999.000000 999.000000 999.000000 999.000000 999.000000 999.000000 999.000000 999.000000 999.000000 999.000000             6618.0 
999.000000 999.000000 999.000000 999.000000 999.000000 999.000000 999.000000 999.000000 999.000000 999.000000 999.000000 999.000000             6636.0 
999.000000 999.000000 999.000000 999.000000 999.000000 999.000000 999.000000 999.000000 999.000000 999.000000 999.000000 999.000000             6655.0 
999.000000 999.000000 999.000000 999.000000 999.000000 999.000000 999.000000 999.000000 999.000000 999.000000 999.000000 999.000000             6672.0 
999.000000 999.000000 999.000000 999.000000 999.000000 999.000000 999.000000 999.000000 999.000000 999.000000 999.000000 999.000000             6690.0 
999.000000 999.000000 999.000000 999.000000 999.000000 999.000000 999.000000 999.000000 999.000000 999.000000 999.000000 999.000000             6709.0 
999.000000 999.000000 999.000000 999.000000 999.000000 999.000000 999.000000 999.000000 999.000000 999.000000 999.000000 999.000000             6732.0 
999.000000 999.000000 999.000000 999.000000 999.000000 999.000000 999.000000 999.000000 999.000000 999.000000 999.000000 999.000000             6754.0 
999.000000 999.000000 999.000000 999.000000 999.000000 999.000000 999.000000 999.000000 999.000000 999.000000 999.000000 999.000000             6777.0 
999.000000 999.000000 999.000000 999.000000 999.000000 999.000000 999.000000 999.000000 999.000000 999.000000 999.000000 999.000000             6800.0 
999.000000 999.000000 999.000000 999.000000 999.000000 999.000000 999.000000 999.000000 999.000000 999.000000 999.000000 999.000000             6822.0 
999.000000 999.000000 999.000000 999.000000 999.000000 999.000000 999.000000 999.000000 999.000000 999.000000 999.000000 999.000000             6845.0 
999.000000 999.000000 999.000000 999.000000 999.000000 999.000000 999.000000 999.000000 999.000000 999.000000 999.000000 999.000000             6868.0 
999.000000 999.000000 999.000000 999.000000 999.000000 999.000000 999.000000 999.000000 999.000000 999.000000 999.000000 999.000000             6890.0 
999.000000 999.000000 999.000000 999.000000 999.000000 999.000000 999.000000 999.000000 999.000000 999.000000 999.000000 999.000000             6913.0 
999.000000 999.000000 999.000000 999.000000 999.000000 999.000000 999.000000 999.000000 999.000000 999.000000 999.000000 999.000000             6937.0 
999.000000 999.000000 999.000000 999.000000 999.000000 999.000000 999.000000 999.000000 999.000000 999.000000 999.000000 999.000000             6959.0 
999.000000 999.000000 999.000000 999.000000 999.000000 999.000000 999.000000 999.000000 999.000000 999.000000 999.000000 999.000000             6981.0 
999.000000 999.000000 999.000000 999.000000 999.000000 999.000000 999.000000 999.000000 999.000000 999.000000 999.000000 999.000000             7005.0 
999.000000 999.000000 999.000000 999.000000 999.000000 999.000000 999.000000 999.000000 999.000000 999.000000 999.000000 999.000000             7027.0 
999.000000 999.000000 999.000000 999.000000 999.000000 999.000000 999.000000 999.000000 999.000000 999.000000 999.000000 999.000000             7050.0 
999.000000 999.000000 999.000000 999.000000 999.000000 999.000000 999.000000 999.000000 999.000000 999.000000 999.000000 999.000000             7072.0 
999.000000 999.000000 999.000000 999.000000 999.000000 999.000000 999.000000 999.000000 999.000000 999.000000 999.000000 999.000000             7095.0 
999.000000 999.000000 999.000000 999.000000 999.000000 999.000000 999.000000 999.000000 999.000000 999.000000 999.000000 999.000000             7118.0 
999.000000 999.000000 999.000000 999.000000 999.000000 999.000000 999.000000 999.000000 999.000000 999.000000 999.000000 999.000000             7140.0 
999.000000 999.000000 999.000000 999.000000 999.000000 999.000000 999.000000 999.000000 999.000000 999.000000 999.000000 999.000000             7163.0 
999.000000 999.000000 999.000000 999.000000 999.000000 999.000000 999.000000 999.000000 999.000000 999.000000 999.000000 999.000000             7186.0 
999.000000 999.000000 999.000000 999.000000 999.000000 999.000000 999.000000 999.000000 999.000000 999.000000 999.000000 999.000000             7208.0 
999.000000 999.000000 999.000000 999.000000 999.000000 999.000000 999.000000 999.000000 999.000000 999.000000 999.000000 999.000000             7231.0 
999.000000 999.000000 999.000000 999.000000 999.000000 999.000000 999.000000 999.000000 999.000000 999.000000 999.000000 999.000000             7254.0 
