4.098703 161.945068 152.695007 57.330292 173.071075 166.132309 2.756946 172.815720 161.371262 77.793533 135.498703 181.192123                  0 
4.191089 162.043640 152.747040 57.473186 173.045120 166.136841 2.723403 172.744827 161.447510 77.908936 135.474213 181.237579                 23 
4.275585 162.133453 152.759857 57.583702 173.042221 166.140915 2.688279 172.696381 161.470215 77.984741 135.472916 181.292435                 46 
4.301826 162.292633 152.793411 57.662827 173.056702 166.168152 2.638975 172.690323 161.517044 78.020035 135.489578 181.383911                 70 
4.367981 162.307922 152.758606 57.732868 173.041138 166.159271 2.589993 172.618790 161.480606 78.059319 135.493896 181.464951                 94 
4.410447 162.299103 152.724579 57.772816 173.027924 166.154404 2.532506 172.529419 161.446625 78.091454 135.498764 181.514740                118 
4.418037 162.385834 152.659149 57.815350 173.011047 166.134369 2.485750 172.481644 161.413254 78.107330 135.471832 181.505386                142 
4.459198 162.454346 152.605362 57.873070 172.998306 166.109055 2.464399 172.472336 161.378967 78.121315 135.440781 181.492996                167 
4.464694 162.545990 152.560959 57.904339 172.994492 166.088867 2.420175 172.467285 161.353256 78.113754 135.414902 181.469986                192 
4.524635 162.570282 152.510498 57.971695 172.995041 166.048981 2.417310 172.428574 161.301453 78.166168 135.421631 181.464783                217 
4.506147 162.713699 152.486588 58.016964 172.996414 166.031555 2.391511 172.438965 161.311417 78.181023 135.402679 181.437592                242 
4.501762 162.861313 152.512878 58.063801 173.028870 166.027374 2.352315 172.466644 161.320313 78.183601 135.417068 181.447189                267 
4.492101 162.987137 152.529175 58.099091 173.053314 166.028641 2.274407 172.381363 161.239838 78.180191 135.424301 181.456909                292 
4.505654 163.091660 152.572952 58.138115 173.090256 166.034851 2.205422 172.362061 161.225677 78.177277 135.443527 181.474426                318 
4.503166 163.201584 152.624390 58.164761 173.127457 166.052490 2.137509 172.344070 161.204147 78.162437 135.463715 181.504364                343 
4.523145 163.344055 152.700500 58.217873 173.186279 166.067352 2.104830 172.386734 161.206451 78.162781 135.502975 181.539734                368 
4.539487 163.649704 152.937958 58.305992 173.367126 166.138977 2.100417 172.597275 161.370758 78.184082 135.671997 181.668427                394 
4.634281 163.872879 153.302078 58.516792 173.457001 166.231949 2.206872 172.696991 161.718475 78.395691 135.729141 181.680649                419 
4.683373 164.114929 153.578735 58.679359 173.531281 166.310318 2.276243 172.801895 161.997284 78.539642 135.756607 181.668289                444 
4.693390 164.314499 153.788422 58.775993 173.583252 166.377441 2.291750 172.893677 162.230591 78.610832 135.769577 181.672180                469 
4.813087 164.433197 153.990112 58.953339 173.576324 166.441727 2.374392 172.937714 162.419403 78.734329 135.728592 181.721985                543 
4.822366 164.391663 153.980545 58.967087 173.540955 166.411758 2.366065 172.883728 162.400558 78.746834 135.708817 181.732208                567 
4.809324 164.339615 153.962036 58.967480 173.481171 166.368164 2.335543 172.795242 162.373413 78.745651 135.674820 181.754150                592 
4.812135 164.299164 153.961166 58.975552 173.445557 166.337936 2.308622 172.741013 162.374023 78.752785 135.657471 181.769913                617 
4.817861 164.272781 153.962021 58.985630 173.420074 166.316574 2.291606 172.703491 162.377258 78.761078 135.643707 181.779526                641 
4.817165 164.263123 153.959412 58.994537 173.397537 166.297668 2.195319 172.694382 162.515381 78.768433 135.631577 181.788010                666 
4.810704 164.272446 153.956604 59.003490 173.381836 166.280258 2.059441 172.770294 162.796997 78.772217 135.622589 181.793549                691 
4.798575 164.306564 153.934937 59.011097 173.392426 166.234543 1.996899 172.817673 162.896988 78.762192 135.656616 181.827072                715 
4.766248 164.367859 153.923523 59.009552 173.403107 166.206879 1.945899 172.878616 162.993912 78.737152 135.675537 181.849014                740 
4.740234 164.442123 153.922379 59.021343 173.425308 166.172668 1.923668 172.946701 163.073685 78.723785 135.709473 181.874710                765 
4.735059 164.492096 153.965225 59.057140 173.446594 166.147385 1.912418 173.015610 163.233032 78.753944 135.751984 181.907349                790 
4.731647 164.539429 154.016937 59.104919 173.463364 166.124710 1.912831 173.079025 163.399246 78.800087 135.792328 181.943008                815 
4.690028 164.640869 154.039276 59.146000 173.466080 166.117935 1.905565 173.152832 163.570267 78.826973 135.790939 181.944077                840 
4.629355 164.760864 154.053177 59.185341 173.461624 166.105728 1.906575 173.221848 163.726898 78.852249 135.774139 181.919968                865 
4.552097 164.877518 154.062729 59.218330 173.450226 166.102753 1.910854 173.274307 163.869812 78.875427 135.755112 181.911026                890 
4.476412 165.004440 154.034180 59.233429 173.454742 166.099228 1.899040 173.348099 163.976669 78.870949 135.737152 181.878204                915 
4.431636 165.124863 154.024796 59.262409 173.462952 166.098206 1.897517 173.447327 164.098770 78.868980 135.714905 181.842804                940 
4.450250 165.235458 154.061203 59.316158 173.473953 166.102509 1.927462 173.572250 164.235336 78.875412 135.681168 181.798523                965 
4.485601 165.363998 154.106888 59.387817 173.484177 166.102341 1.975472 173.708923 164.378418 78.893799 135.636185 181.731522                989 
4.504347 165.471756 154.144669 59.433296 173.498138 166.105011 2.003502 173.815750 164.481293 78.898529 135.603607 181.672104               1015 
4.602445 165.442749 154.316635 59.579113 173.427582 166.104355 2.132645 173.769073 164.724869 79.091484 135.483139 181.489807               1040 
4.663742 165.472488 154.466309 59.678543 173.410019 166.107178 2.217947 173.804977 164.941925 79.210121 135.417923 181.349976               1065 
4.707502 165.435425 154.526871 59.721230 173.392105 166.088745 2.257190 173.787918 165.016525 79.275818 135.376984 181.244370               1090 
4.740396 165.399231 154.569595 59.736115 173.383713 166.083069 2.269978 173.780365 165.059509 79.300713 135.353149 181.186981               1115 
4.779984 165.356354 154.612335 59.749023 173.376434 166.078156 2.280055 173.770065 165.095047 79.322258 135.332520 181.137177               1140 
4.819047 165.316849 154.653122 59.760983 173.369675 166.073593 2.291595 173.748886 165.116058 79.342178 135.313431 181.091034               1165 
4.831413 165.319626 154.672913 59.762894 173.369232 166.070541 2.292948 173.741043 165.114029 79.338379 135.301743 181.066910               1190 
4.847355 165.328140 154.694214 59.765106 173.365158 166.065445 2.295444 173.732986 165.106293 79.330200 135.279541 181.029312               1215 
4.853514 165.344727 154.712463 59.760864 173.361816 166.059250 2.290577 173.718811 165.090942 79.316299 135.257431 180.987930               1240 
4.840812 165.404251 154.719345 59.737450 173.344055 166.031525 2.264545 173.754944 165.078064 79.251945 135.186325 180.877289               1264 
4.867152 165.372635 154.767059 59.707870 173.315826 166.024216 2.240618 173.732925 165.041290 79.193375 135.140350 180.862411               1289 
4.858390 165.376328 154.826660 59.654888 173.306610 165.992783 2.211758 173.717606 164.958969 79.102196 135.124359 180.863632               1313 
4.823044 165.424210 154.872833 59.608467 173.319611 165.959244 2.190194 173.708771 164.871979 79.026443 135.137848 180.869644               1337 
4.819402 165.456039 154.928665 59.576378 173.341217 165.931091 2.178946 173.683517 164.782181 78.974617 135.161331 180.871948               1361 
4.865067 165.448700 155.014389 59.554497 173.372711 165.897858 2.173924 173.664978 164.697754 78.937805 135.197327 180.869537               1385 
4.797522 165.531204 155.090012 59.434593 173.457031 165.838226 2.063945 173.740829 164.612061 78.788322 135.285782 180.858627               1410 
4.727460 165.618500 155.156723 59.314945 173.553329 165.779434 1.966497 173.788162 164.488953 78.651764 135.391449 180.845398               1434 
4.698262 165.120377 154.544083 59.007854 173.849243 165.242798 1.692446 173.401474 163.534882 78.632301 136.085617 180.927658               1458 
4.732710 165.082764 154.574020 58.817238 173.966980 165.139542 1.526960 173.527664 163.272522 78.352821 136.201431 180.930344               1482 
4.718248 165.183289 154.612061 58.693096 174.134979 165.093216 1.412704 173.683304 163.123199 78.174515 136.390396 181.000626               1505 
4.725097 165.236694 154.751358 58.555527 174.327820 165.065140 1.272199 173.920242 163.101761 77.982109 136.616959 181.118912               1528 
4.788053 165.092026 154.698318 58.476345 174.346802 164.982376 1.216705 173.795593 162.809311 77.890312 136.678055 181.149887               1551 
4.760230 165.050400 154.664246 58.382149 174.352020 164.937454 1.174123 173.583939 162.428223 77.772552 136.699646 181.171234               1575 
4.806561 164.984985 154.662857 58.340008 174.373688 164.893265 1.177978 173.355972 162.046829 77.719543 136.729767 181.159607               1598 
4.821217 164.992874 154.677124 58.314236 174.402527 164.865021 1.194607 173.151718 161.704208 77.678787 136.761063 181.154846               1621 
4.822549 165.026291 154.697281 58.299805 174.434891 164.838211 1.185298 173.052124 161.520157 77.653534 136.797729 181.150818               1644 
4.835309 165.011520 154.673691 58.299252 174.424347 164.805588 1.182080 172.929596 161.351059 77.650200 136.788834 181.125305               1667 
4.838500 165.025543 154.656723 58.293179 174.414368 164.785156 1.163500 172.844055 161.217514 77.630630 136.772018 181.105087               1690 
4.841743 165.067383 154.649521 58.288143 174.409698 164.770340 1.146041 172.748032 161.072189 77.608559 136.759613 181.092621               1713 
4.840814 165.125854 154.649673 58.280807 174.404144 164.764145 1.121205 172.680908 160.979309 77.585075 136.747589 181.090637               1737 
4.847567 165.152740 154.654617 58.276176 174.396561 164.760803 1.103299 172.584961 160.848709 77.563988 136.732788 181.090057               1761 
4.847118 165.222672 154.654495 58.272484 174.387924 164.760437 1.093442 172.461426 160.674194 77.540688 136.713730 181.088821               1785 
4.851310 165.263641 154.665405 58.268654 174.377014 164.765030 1.075626 172.381805 160.568726 77.515358 136.690903 181.091278               1809 
4.860408 165.296387 154.671799 58.267494 174.369949 164.766205 1.069667 172.279877 160.441284 77.497490 136.674774 181.091171               1833 
4.867597 165.343460 154.681076 58.266872 174.375031 164.762711 1.055141 172.225586 160.352509 77.479240 136.667389 181.079666               1857 
4.874656 165.386047 154.695953 58.264404 174.383240 164.758423 1.035498 172.225662 160.323380 77.456169 136.661530 181.067123               1881 
4.881095 165.416122 154.702545 58.266418 174.381760 164.742233 1.019482 172.221970 160.300354 77.442963 136.646957 181.038544               1906 
4.883237 165.454117 154.711548 58.265144 174.377945 164.733719 1.003644 172.210541 160.275757 77.426781 136.631592 181.020813               1932 
4.886585 165.492142 154.719757 58.263405 174.377975 164.722626 0.986428 172.207108 160.251099 77.406265 136.616165 180.995926               1957 
4.905561 165.514938 154.732666 58.261749 174.378418 164.717178 0.967591 172.198105 160.225006 77.387497 136.603256 180.979614               1983 
4.917214 165.546097 154.740234 58.261765 174.379257 164.710770 0.951114 172.185760 160.195709 77.368561 136.589630 180.961914               2009 
4.926685 165.571289 154.746460 58.262241 174.378738 164.709717 0.937398 172.138962 160.153397 77.360336 136.583160 180.957230               2035 
4.939734 165.590271 154.755081 58.263142 174.375565 164.708603 0.927702 172.073883 160.082947 77.346870 136.570084 180.949921               2060 
4.951160 165.607193 154.767090 58.263161 174.371048 164.706955 0.914463 172.025818 160.036758 77.332687 136.557007 180.945053               2086 
4.972365 165.632339 154.797180 58.267834 174.371246 164.711395 0.905539 171.984161 159.987976 77.318909 136.545715 180.944397               2112 
4.991761 165.659714 154.828217 58.276188 174.371231 164.713318 0.891256 171.979706 159.982880 77.306694 136.535690 180.947113               2139 
5.021773 165.695648 154.873062 58.287331 174.378922 164.713623 0.872946 171.999603 159.999237 77.290657 136.531311 180.951111               2165 
5.067619 165.699966 154.916611 58.292351 174.382538 164.714020 0.837533 172.000626 160.012390 77.274139 136.524796 180.953110               2191 
5.164844 165.819016 154.945587 58.338772 174.410583 164.621780 0.817853 172.160431 160.007050 77.226974 136.488434 180.819641               2218 
5.250004 165.826904 154.952484 58.383656 174.410172 164.554932 0.792436 172.185028 160.006088 77.238205 136.466782 180.742264               2244 
5.299083 165.818420 154.977798 58.392090 174.409958 164.548218 0.760662 172.184143 160.018173 77.226189 136.450897 180.722595               2270 
5.349628 165.815567 155.005630 58.403225 174.414108 164.539993 0.748442 172.195206 160.018692 77.216591 136.438660 180.700043               2296 
5.384191 165.853897 155.046097 58.401814 174.456696 164.532990 0.725071 172.248047 160.027191 77.195053 136.467041 180.683044               2323 
5.427956 165.905472 155.088257 58.404957 174.499619 164.526154 0.705234 172.318619 160.031540 77.163895 136.482132 180.650604               2349 
5.509583 165.900711 155.102600 58.447845 174.517136 164.492706 0.719168 172.358704 160.004868 77.170044 136.465973 180.580383               2375 
5.576033 165.902878 155.115036 58.488571 174.538666 164.462326 0.726405 172.398560 159.982407 77.175392 136.454544 180.513077               2401 
5.615235 165.913712 155.149460 58.500607 174.593445 164.443039 0.707991 172.445633 159.951691 77.157555 136.480515 180.460144               2427 
5.652786 165.917374 155.181824 58.513733 174.653534 164.423508 0.688458 172.485550 159.901260 77.140152 136.511795 180.407501               2453 
5.680012 165.908508 155.207214 58.525135 174.705734 164.406540 0.671041 172.526642 159.868774 77.124962 136.539001 180.361801               2479 
5.664682 166.193771 155.422089 58.522301 174.911102 164.467880 0.630636 172.934158 160.045242 76.994995 136.699493 180.463440               2505 
5.701133 166.426193 155.500275 58.542767 175.063950 164.454666 0.619272 173.268280 160.051590 76.872879 136.756683 180.385300               2530 
5.752048 166.306427 155.522629 58.542027 175.056961 164.435440 0.597768 173.272186 160.015427 76.841644 136.717484 180.323563               2556 
5.786743 166.259445 155.566391 58.535881 175.081345 164.418762 0.568646 173.332321 159.994614 76.788338 136.705704 180.273804               2581 
5.803881 166.315720 155.595901 58.519421 175.162994 164.341187 0.525455 173.541687 159.993698 76.697517 136.734497 180.153610               2606 
5.816485 166.408752 155.625412 58.499752 175.281891 164.235245 0.476835 173.777374 159.983109 76.609314 136.809601 180.019760               2631 
5.821725 166.446457 155.650406 58.464954 175.355515 164.161621 0.414061 173.955688 159.974915 76.507668 136.836197 179.907959               2656 
5.852264 166.523041 155.692535 58.473438 175.485565 164.058624 0.391905 174.138474 159.969177 76.483612 136.949142 179.800385               2681 
5.872072 166.485825 155.738159 58.459072 175.556641 164.004959 0.349655 174.219025 159.973495 76.458015 137.039246 179.805969               2706 
5.861775 166.508606 155.783066 58.442902 175.611801 163.983566 0.314474 174.294327 159.989487 76.421753 137.107788 179.839996               2731 
5.859592 166.523361 155.840134 58.429745 175.667435 163.974060 0.285935 174.373123 160.017456 76.391548 137.173706 179.874710               2756 
5.886144 166.455460 155.879013 58.440269 175.675339 163.974533 0.285687 174.361862 160.031860 76.409492 137.198257 179.907074               2780 
5.895499 166.461075 155.929672 58.451317 175.715408 163.980087 0.282613 174.378021 160.062866 76.431976 137.258316 179.947968               2806 
5.924356 166.415756 155.962143 58.472519 175.726868 163.994797 0.292053 174.355255 160.080902 76.468864 137.285202 179.982117               2830 
5.932913 166.403351 155.978455 58.481609 175.722916 164.019882 0.291110 174.346268 160.087326 76.469917 137.282944 180.020325               2856 
5.938805 166.396957 155.977051 58.488396 175.723007 164.018005 0.282873 174.327530 160.061249 76.472145 137.282532 180.022369               2881 
5.937748 166.392960 155.975479 58.487602 175.723129 164.017227 0.268815 174.319000 160.047333 76.467796 137.280960 180.021515               2906 
5.934911 166.399384 155.968597 58.485115 175.724274 164.013641 0.255244 174.322479 160.032944 76.456810 137.277725 180.016953               2931 
5.930013 166.406189 155.963181 58.480247 175.726059 164.011978 0.237742 174.328705 160.022537 76.442909 137.275436 180.015640               2956 
5.926225 166.410767 155.957489 58.476387 175.725708 164.011917 0.224168 174.330490 160.006989 76.430626 137.272400 180.018555               2981 
5.919118 166.418823 155.947845 58.469368 175.721710 164.014297 0.208843 174.338303 159.989304 76.409241 137.261780 180.021133               3006 
5.915156 166.407654 155.921707 58.464558 175.699402 164.016403 0.183200 174.353928 159.966278 76.375099 137.213760 179.994293               3031 
5.913013 166.376862 155.909042 58.462486 175.689499 164.017029 0.130373 174.382446 159.985275 76.353615 137.187958 179.978348               3056 
5.909287 166.336975 155.899475 58.462757 175.682327 164.017029 0.100103 174.397476 159.979645 76.338326 137.168381 179.965836               3082 
6.006144 166.329132 155.846298 58.590725 175.524445 163.998459 0.185156 174.439758 159.945557 76.331673 136.925369 179.891708               3107 
6.053789 166.331741 155.839233 58.664558 175.425308 164.000351 0.214627 174.473236 159.950378 76.313850 136.784821 179.895020               3132 
6.071849 166.322510 155.859741 58.704975 175.363327 164.013763 0.188421 174.506668 160.012466 76.297546 136.711288 179.943192               3158 
6.078032 166.343964 155.824585 58.729061 175.314758 163.986389 0.118033 174.592148 160.064651 76.249329 136.646866 179.956970               3183 
6.137322 166.275131 155.822754 58.833138 175.194763 163.947144 0.166373 174.556580 160.093994 76.306992 136.528549 179.972549               3209 
6.128085 166.278412 155.844955 58.867954 175.155487 163.949142 0.171262 174.572311 160.124588 76.306519 136.487869 180.009537               3234 
6.101005 166.287323 155.860870 58.883072 175.138458 163.958206 0.144500 174.597015 160.169983 76.300171 136.474045 180.049561               3259 
6.070023 166.294846 155.871140 58.893639 175.122452 163.969025 0.104757 174.628357 160.229172 76.291779 136.462357 180.091248               3285 
6.056439 166.310730 155.899261 58.916409 175.134598 163.976379 0.073785 174.679504 160.308731 76.306999 136.497681 180.162170               3310 
6.044617 166.317169 155.926590 58.937431 175.147781 163.983704 0.084604 174.690643 160.329849 76.328041 136.537994 180.234116               3336 
6.034659 166.323700 155.963867 58.954792 175.168106 163.992462 0.090634 174.708252 160.363724 76.350365 136.589081 180.310471               3361 
6.019308 166.329422 155.984055 58.967636 175.177338 163.999268 0.088971 174.723053 160.391144 76.363472 136.617905 180.363235               3387 
6.014424 166.307892 155.985214 58.986057 175.122925 164.016739 0.073889 174.738449 160.423096 76.344551 136.561447 180.415512               3412 
5.998631 166.305588 155.982864 58.995766 175.068787 164.040985 0.039381 174.787399 160.474075 76.304337 136.497818 180.470169               3438 
5.980404 166.320221 155.986313 58.995342 175.071396 164.047195 -0.009455 174.863403 160.557114 76.288040 136.505310 180.504547               3463 
5.973025 166.344147 156.010590 59.001228 175.089523 164.051147 -0.054370 174.966751 160.673508 76.279724 136.540771 180.563889               3489 
5.944225 166.324692 155.978500 58.980015 175.043274 164.045624 -0.077008 174.965775 160.634583 76.217896 136.493011 180.597260               3515 
5.934731 166.337616 155.988449 58.983536 175.054260 164.035461 -0.092882 175.007248 160.663742 76.209892 136.521439 180.639633               3541 
5.930473 166.362137 156.015945 58.993206 175.060333 164.041931 -0.089797 175.026932 160.668228 76.201469 136.532196 180.675720               3566 
5.925849 166.417999 156.103714 59.016140 175.087021 164.068359 -0.073385 175.102066 160.750198 76.202843 136.576675 180.765518               3592 
5.921954 166.377045 156.138519 59.049320 175.062347 164.085251 -0.044331 175.017822 160.731918 76.246246 136.586243 180.850693               3618 
5.913441 166.277283 156.160080 59.074604 174.990189 164.114288 -0.027222 174.912521 160.745026 76.280716 136.549316 180.950943               3643 
5.863218 166.233414 156.228897 59.082588 174.975525 164.175385 -0.025969 174.866913 160.820755 76.305550 136.592194 181.125748               3720 
5.859104 166.234848 156.232941 59.096195 174.973160 164.183853 -0.019871 174.859070 160.825012 76.318657 136.590576 181.136383               3746 
5.834509 166.223694 156.230835 59.101189 174.970764 164.186676 -0.021713 174.845840 160.832520 76.330376 136.597549 181.153580               3772 
5.808083 166.161316 156.190292 59.099537 174.944626 164.148178 -0.034655 174.786942 160.808014 76.353096 136.589966 181.132263               3797 
5.791499 166.041214 156.094864 59.093040 174.896286 164.063095 -0.061449 174.680496 160.735809 76.389595 136.572464 181.073059               3823 
5.753472 165.920334 156.034058 59.060204 174.877182 164.009094 -0.110969 174.568710 160.692886 76.420364 136.604095 181.068405               3849 
5.717279 165.814743 155.998108 59.024010 174.848114 164.023056 -0.169673 174.490646 160.683762 76.412849 136.623016 181.160599               3875 
5.684701 165.727020 155.951294 58.990711 174.820862 164.030884 -0.233659 174.446075 160.686691 76.398430 136.636612 181.240143               3901 
5.653401 165.652908 155.896149 58.959740 174.799911 164.032730 -0.292298 174.415604 160.678024 76.382904 136.653778 181.310745               3926 
5.649387 165.613342 155.826294 58.954128 174.747101 164.033768 -0.331365 174.442200 160.678375 76.345734 136.593170 181.326370               3952 
5.604830 165.597046 155.732330 58.906803 174.668198 164.038559 -0.401699 174.489410 160.643524 76.226700 136.482162 181.332306               3978 
5.598345 165.575516 155.696426 58.907570 174.572739 164.054962 -0.408900 174.492554 160.617462 76.156410 136.361969 181.365051               4004 
5.585142 165.596375 155.692856 58.905334 174.510254 164.089767 -0.418024 174.532852 160.630173 76.084801 136.263657 181.389709               4030 
5.580597 165.649689 155.695663 58.908215 174.496811 164.134125 -0.443703 174.638046 160.720749 76.034126 136.206467 181.390350               4056 
5.561793 165.720337 155.705322 58.898048 174.502991 164.169052 -0.483679 174.775894 160.849426 75.977791 136.169510 181.375198               4081 
5.548234 165.770370 155.707291 58.889915 174.511307 164.186905 -0.522133 174.911407 160.987579 75.935150 136.145142 181.354355               4107 
5.542441 165.766708 155.703888 58.880604 174.507401 164.189560 -0.559664 175.022461 161.135330 75.906548 136.123154 181.335709               4133 
5.572016 165.672806 155.665985 58.902664 174.499374 164.123734 -0.590389 175.069122 161.331345 75.985107 136.164383 181.323807               4159 
5.582268 165.558640 155.523102 58.894485 174.491592 163.994370 -0.634609 175.047729 161.378632 76.051430 136.179382 181.171066               4184 
5.575417 165.477402 155.420975 58.873970 174.491486 163.883133 -0.698069 175.092270 161.500656 76.084526 136.192871 181.036484               4210 
5.529693 165.428833 155.376419 58.818298 174.445877 163.882370 -0.756666 175.136444 161.558777 75.997528 136.158279 181.091644               4235 
5.508207 165.410156 155.350800 58.779381 174.452103 163.871582 -0.791291 175.199890 161.590988 75.940453 136.177048 181.126785               4260 
5.467748 165.390366 155.333618 58.716309 174.449905 163.872650 -0.840405 175.257492 161.567673 75.835770 136.192337 181.207779               4286 
5.421324 165.355209 155.326462 58.652309 174.424850 163.919830 -0.884189 175.286377 161.523026 75.711517 136.213043 181.414551               4311 
5.377481 165.278595 155.318756 58.576366 174.437195 163.972900 -0.931949 175.272232 161.454575 75.617508 136.315445 181.680420               4336 
5.278827 165.248215 155.270920 58.454262 174.419495 164.034576 -1.009251 175.284515 161.346558 75.430641 136.350250 181.916412               4362 
5.200018 165.169266 155.241623 58.345654 174.415604 164.084534 -1.062558 175.241486 161.232498 75.299789 136.441681 182.188751               4387 
5.273892 164.956467 155.291748 58.385990 174.341110 164.216690 -0.886339 174.931961 161.036911 75.385185 136.463638 182.480026               4413 
5.250636 164.977692 155.283035 58.361488 174.328506 164.261902 -0.703802 174.710281 160.642731 75.339439 136.416565 182.473389               4438 
5.217069 164.952377 155.344864 58.313423 174.366959 164.322861 -0.625324 174.539261 160.425049 75.320518 136.499573 182.599716               4463 
5.159272 165.032166 155.386215 58.262150 174.412415 164.352112 -0.586354 174.506073 160.288147 75.260696 136.527130 182.599823               4488 
5.129821 165.078812 155.418991 58.237015 174.434830 164.365829 -0.550051 174.478409 160.199844 75.232605 136.536575 182.589371               4511 
5.106624 165.103180 155.449280 58.216625 174.446701 164.375107 -0.524787 174.443695 160.130020 75.216843 136.541702 182.580246               4535 
5.074844 165.123230 155.498871 58.188049 174.467712 164.386215 -0.515701 174.414749 160.092041 75.203217 136.570755 182.594162               4559 
5.072190 165.138123 155.518112 58.189629 174.469528 164.388168 -0.509063 174.420120 160.101105 75.203430 136.580536 182.613983               4584 
5.064997 165.119293 155.577469 58.197845 174.412842 164.402328 -0.496770 174.386261 160.142395 75.201500 136.542969 182.677246               4607 
5.053257 165.154037 155.591995 58.197418 174.416092 164.404526 -0.496799 174.392288 160.160049 75.202827 136.553223 182.692337               4632 
5.039520 165.200165 155.601425 58.198818 174.418732 164.406403 -0.494634 174.397324 160.176132 75.205772 136.563492 182.708557               4656 
5.017581 165.279694 155.665527 58.193481 174.495193 164.400848 -0.501231 174.437119 160.238968 75.238884 136.685120 182.760513               4680 
5.057214 165.269424 155.745712 58.233837 174.558289 164.427109 -0.454718 174.375183 160.300171 75.357590 136.816391 182.854004               4704 
5.042385 165.312424 155.771561 58.234573 174.587296 164.445007 -0.450066 174.346802 160.333557 75.394157 136.871536 182.892075               4728 
5.049072 165.292053 155.765518 58.244282 174.572662 164.449265 -0.430215 174.257751 160.319519 75.437904 136.886566 182.925247               4754 
5.060049 165.252228 155.768951 58.251434 174.560837 164.454758 -0.416602 174.198242 160.340393 75.474144 136.899353 182.953827               4780 
5.106241 165.279327 155.836945 58.309055 174.569168 164.467148 -0.357458 174.228928 160.474213 75.558220 136.871674 182.867950               4806 
5.311862 165.641861 155.877670 58.635330 174.545959 164.374466 -0.038663 174.538162 160.629303 75.763397 136.639420 182.456192               4832 
4.549855 169.946671 154.064789 58.373405 176.215622 161.903961 -0.255306 178.956696 158.948608 73.949379 137.432159 179.523743               4858 
5.112388 175.737167 152.063705 59.451027 178.278259 158.475174 1.084662 184.791077 157.555801 73.051849 137.932999 174.111725               4883 
5.553525 182.889145 150.125412 60.081879 182.156067 156.481812 2.117279 191.493134 156.238205 71.765892 140.441666 169.921204               4902 
6.067440 185.809937 143.495621 60.552227 183.056137 151.594040 2.961275 194.343292 149.241608 70.367989 141.975769 168.125214               4918 
5.737225 190.374374 135.849152 60.404942 186.341309 143.828735 2.919305 198.587204 142.323502 69.753044 145.191498 160.457962               4934 
7.767641 196.115570 133.429489 62.297752 187.899384 140.180573 5.620155 203.778900 141.329300 69.403770 145.078857 153.338531               4948 
5.653877 203.677444 127.645317 59.987270 192.063538 133.780685 4.074161 210.040375 135.978119 65.367500 148.251373 144.210022               4961 
5.685358 203.098923 123.538132 60.137371 189.899139 127.620651 4.842614 208.913895 131.534195 65.140106 146.277313 138.993134               4973 
6.198667 199.933411 120.139374 61.490711 189.425797 123.539993 5.334060 205.271744 128.035934 69.135620 146.282791 135.264374               4983 
6.681506 196.538818 117.823555 62.575977 189.434204 121.505203 5.590504 201.361069 125.730194 72.960701 146.546768 131.995651               4994 
7.405941 192.391571 115.199478 63.678368 188.653305 119.082909 6.177364 196.991287 122.925179 76.684242 146.514297 129.683685               5005 
7.293423 189.318436 113.318840 63.816734 188.596115 115.989616 6.434968 193.597824 120.396301 79.381157 147.271835 126.347046               5014 
4.966997 189.765442 100.459877 61.631718 190.111557 101.986885 4.490192 194.407181 106.960831 78.249779 149.995148 115.091774               5033 
2.548869 190.063995 91.491447 59.147015 191.770889 95.040443 1.811707 194.935959 97.741402 76.175285 152.748840 110.678291               5042 
-3.069931 200.343063 67.050285 52.657982 200.190002 78.111115 -4.256889 205.916443 72.684891 65.418251 162.660172 100.154518               5061 
-3.178348 203.382309 60.204170 52.258194 201.918198 72.720627 -4.314240 209.079620 65.763390 63.464027 164.481155 95.744995               5070 
-2.558647 209.549713 51.918411 51.595779 206.350204 69.196114 -3.738704 215.065781 57.165646 59.613262 168.880066 93.464058               5081 
-3.668768 214.722778 38.530014 49.889347 211.715622 58.075939 -4.822279 219.760818 43.691380 57.364227 174.254700 82.530586               5097 
-4.965247 214.607819 33.390236 48.636627 212.352737 53.148861 -6.154413 219.295151 38.672356 57.008751 174.499847 76.692253               5106 
-7.395123 213.628357 18.213778 45.360828 213.038895 40.976154 -9.606006 217.399353 24.766829 56.347206 173.159241 59.580936               5124 
-10.553596 213.708649 4.728865 40.843906 216.551544 30.744392 -14.798018 217.122726 12.990810 54.785400 176.909042 47.812832               5142 
-12.103893 214.241394 -1.277836 39.118896 217.319260 25.750383 -17.212683 217.066040 8.250185 53.978825 177.680527 42.034679               5151 
-15.544227 216.311234 -13.325599 35.785595 219.060318 15.287502 -21.348511 217.832397 -2.197122 51.100769 179.759933 31.965321               5169 
-11.291899 245.884201 -20.922415 36.921944 214.027359 17.054373 -20.118145 208.515213 1.389874 55.835480 179.987579 40.309395               5178 
-17.302069 257.243408 -37.213657 35.174957 211.566681 11.881097 -22.352919 202.940048 -1.254338 57.461327 183.433807 39.613457               5196 
-20.867970 253.210907 -45.980000 33.154263 210.847733 7.023243 -24.109713 200.670441 -6.227005 56.295963 184.414642 35.710831               5206 
-22.688601 250.103195 -52.200905 31.847389 210.169235 2.681030 -25.277304 199.446808 -10.468682 55.319523 184.640167 31.913712               5215 
-26.577749 250.274948 -64.707939 27.472574 210.644623 -8.783110 -29.476229 199.801254 -22.484688 50.910480 185.300247 20.637152               5232 
-26.274776 249.829544 -68.616600 26.845924 210.225372 -11.702551 -29.890991 199.378845 -26.301939 49.876194 184.922638 18.073332               5242 
-29.377413 250.055649 -79.875015 23.412323 211.554794 -21.900713 -32.692211 199.342606 -38.052593 46.461094 186.606537 8.158610               5260 
-29.566280 250.165298 -84.285271 22.373253 211.747452 -25.495529 -33.536243 199.552261 -42.497303 45.015678 186.807053 4.877502               5269 
-32.833817 250.689468 -97.217758 18.509289 212.822235 -37.576725 -37.942112 201.768494 -53.675114 40.729507 188.224457 -6.618108               5287 
-32.599438 250.783737 -101.607880 18.206758 213.028488 -41.460720 -38.408012 202.500977 -57.494804 40.112579 188.496262 -10.227251               5296 
-31.879564 248.911758 -110.523506 17.917866 216.097900 -46.780067 -38.142387 203.355850 -63.657967 39.477619 193.991196 -13.558161               5314 
-33.201168 249.652573 -120.765862 15.177601 216.049072 -56.401688 -40.816109 203.909622 -74.324692 36.027058 193.488190 -23.032063               5332 
-33.402596 249.957123 -126.274712 14.202320 216.903000 -61.113739 -41.910229 205.051529 -79.211655 34.650955 194.574326 -27.342327               5341 
-34.887981 249.219208 -135.583099 12.364055 217.143906 -69.751190 -44.121746 205.431870 -87.528885 32.666897 195.306137 -35.573261               5359 
-35.839725 251.456421 -142.565247 10.769464 218.689224 -76.664734 -45.935265 207.362732 -94.692291 30.806160 196.568985 -42.511398               5377 
-37.396942 250.291885 -148.914993 10.126621 221.546280 -81.864349 -46.518417 207.890457 -99.028366 30.891790 201.487976 -46.882965               5395 
-36.946449 250.347839 -150.835388 10.194246 222.020676 -83.391121 -46.384205 207.910446 -100.799469 30.891991 202.195206 -48.237484               5406 
-36.415779 249.796494 -156.935120 9.739309 222.720535 -88.378769 -46.803276 208.121033 -105.962410 30.139372 203.666519 -52.629559               5422 
-37.025822 250.355423 -159.740005 9.233833 222.905930 -91.457451 -47.349850 208.092041 -108.939316 29.861162 203.708603 -55.915916               5432 
-36.260719 249.625931 -164.468430 9.083755 224.432449 -94.775772 -46.946545 207.649963 -112.610909 29.686869 206.692322 -58.471165               5449 
-35.818932 250.918198 -166.600540 8.961423 224.118149 -97.160736 -47.254955 208.029449 -115.250153 29.370474 205.716095 -61.076668               5458 
-34.379135 250.907639 -170.248276 9.381527 224.704330 -99.952873 -46.641350 207.966751 -118.464340 29.484720 206.831635 -63.433655               5477 
-33.603554 251.470337 -173.845032 9.462444 224.541229 -103.417213 -46.595291 207.972870 -122.271103 29.325136 206.428223 -66.884796               5495 
-31.950291 251.634506 -180.923676 8.942324 224.396576 -109.337662 -47.416466 209.327560 -128.749664 27.632122 206.292847 -72.187004               5513 
-30.958614 251.991287 -184.672119 9.127212 223.898178 -112.969269 -47.375019 209.508606 -132.643723 27.447432 205.461670 -75.798187               5531 
-29.691797 251.468002 -186.890457 9.591714 224.355286 -114.362305 -46.780766 209.461365 -134.226807 27.638622 206.595139 -76.731064               5549 
-29.210194 251.560226 -187.575012 9.741442 224.455872 -114.844002 -46.611870 209.309280 -134.770004 27.729710 206.869263 -77.103340               5558 
-28.862543 252.434677 -189.130722 9.787683 224.249420 -116.623489 -46.694016 209.248871 -136.609634 27.766863 206.330399 -79.035164               5577 
-28.703032 252.731567 -189.696716 9.785682 224.193451 -117.228493 -46.710037 209.181595 -137.292877 27.741386 206.180786 -79.673714               5586 
-28.233860 253.159500 -190.556229 9.947127 224.173508 -118.067307 -46.539192 208.942825 -138.289978 27.860041 206.126328 -80.508659               5606 
-28.045073 253.300644 -190.989807 9.951751 224.311401 -118.386177 -46.428631 208.728134 -138.803177 27.833254 206.349014 -80.771957               5616 
-28.451790 253.566513 -192.967270 9.345059 224.751663 -120.158752 -46.807716 208.409729 -140.774536 27.272982 207.090897 -82.423996               5626 
-27.813944 252.953964 -195.913742 9.103579 224.797211 -122.323174 -47.024372 208.015350 -143.201904 26.661156 207.741394 -84.138687               5671 
-27.682156 252.944519 -196.314529 9.149998 224.795715 -122.646599 -47.003517 207.936630 -143.532013 26.675444 207.830627 -84.406967               5682 
-27.142883 253.043823 -197.939438 8.876373 224.787476 -123.753395 -47.224232 207.909256 -145.127991 25.911285 208.077896 -85.181038               5694 
-26.950758 252.908432 -198.834808 8.827206 225.056442 -124.200531 -47.193245 207.532227 -145.776749 25.667261 208.899734 -85.308403               5706 
-27.179098 252.777374 -201.392853 8.300720 225.070129 -126.438271 -47.634995 207.052353 -148.306854 24.946497 209.222168 -87.336029               5718 
-26.492050 252.346893 -204.012466 8.137552 224.584213 -128.520477 -47.502224 206.087021 -151.165878 24.273773 209.013290 -89.094681               5744 
-26.647318 253.366470 -206.160355 7.551165 224.585281 -130.783890 -48.051067 206.466354 -153.873032 23.430407 208.637482 -91.404434               5757 
-26.597466 254.019958 -207.801666 7.282833 224.502838 -132.508560 -48.301754 206.701065 -155.884567 22.980341 208.305954 -93.157913               5770 
-26.007727 253.670380 -208.556808 7.800691 224.040909 -133.175690 -47.720322 206.115921 -156.605881 23.435179 208.021042 -93.727600               5795 
-25.794924 253.647552 -208.676300 7.986905 223.895096 -133.284241 -47.487206 205.942535 -156.777603 23.589178 207.909592 -93.809471               5808 
-25.449640 252.188934 -207.988541 9.315237 226.057465 -131.600601 -45.493172 205.321762 -154.356506 25.407286 212.205765 -91.520676               5821 
-25.466652 252.570831 -208.334976 9.510805 226.181137 -131.990189 -45.230190 205.122818 -154.670746 25.653442 212.584015 -91.843475               5847 
-25.444862 252.591858 -208.444778 9.576013 226.183304 -132.071991 -45.204288 205.087799 -154.693405 25.717371 212.696091 -91.887718               5872 
-25.493958 252.025192 -208.001419 10.087049 227.080887 -131.355301 -44.427563 204.820511 -153.557053 26.502302 214.440872 -91.006897               5888 
-22.999422 251.528946 -205.703644 9.898564 225.675446 -128.105774 -43.738178 203.591675 -152.541809 24.846127 212.644424 -87.313766               5913 
-22.970772 250.970779 -205.999283 10.375711 225.990051 -128.249466 -43.440487 203.677078 -152.078918 25.508663 213.542877 -87.343643               5926 
-23.419407 250.645020 -206.202332 10.850116 226.500992 -128.534241 -43.227619 203.903183 -151.492050 26.420538 214.596405 -87.631096               5939 
-23.549391 250.441864 -206.142807 11.369791 226.938461 -128.530487 -42.831604 204.054184 -150.917175 27.246683 215.425690 -87.632996               5952 
-23.163836 250.614975 -205.494583 11.411493 226.585175 -127.846474 -42.649780 203.813400 -150.691513 27.059769 214.852875 -86.923264               5965 
-23.472879 250.776108 -205.430801 11.691904 226.964188 -127.940834 -42.464832 204.042175 -150.402161 27.608154 215.400314 -87.073067               5978 
-20.909054 250.294327 -202.950302 11.869720 224.706619 -124.915627 -41.728561 202.654465 -149.480209 26.440533 212.277420 -83.800774               5990 
-22.082087 251.906052 -206.067154 11.072084 225.026245 -128.523026 -42.843277 203.764801 -153.079834 25.710915 212.058640 -87.599068               6016 
-22.658852 252.589142 -207.727295 10.792112 224.998688 -130.509094 -43.251526 204.046310 -155.058167 25.521727 211.721100 -89.717323               6030 
-23.126093 253.327530 -208.697540 10.538174 225.106461 -131.726028 -43.539097 204.335815 -156.353455 25.288893 211.600845 -91.016815               6044 
-23.506399 253.030899 -208.042313 11.604959 226.605759 -130.994431 -42.683552 204.925476 -154.346603 27.013254 214.179810 -90.185066               6058 
-23.715862 252.996002 -207.799683 12.125210 227.132813 -130.818207 -42.358940 205.266266 -153.531631 27.828951 215.141296 -89.991501               6072 
-23.893171 254.369949 -209.121262 11.451039 225.461365 -132.945114 -43.552940 205.641174 -156.199707 26.865280 211.992767 -92.470146               6086 
-23.927149 254.183640 -208.844910 11.649127 225.758209 -132.555420 -43.290836 205.712112 -155.685379 27.126440 212.568481 -92.012749               6101 
-22.863583 254.159546 -207.233368 11.494733 225.460632 -130.441238 -42.883301 205.390884 -154.781723 26.229425 212.105179 -89.676727               6115 
-22.216183 254.165329 -206.146851 11.392235 225.199341 -129.062698 -42.564793 205.205368 -154.288254 25.602287 211.668015 -88.170120               6130 
-22.532692 254.575638 -207.148590 11.337478 224.826004 -130.416367 -42.878052 205.668518 -155.629074 25.561127 210.845337 -89.679985               6144 
-22.796158 253.334808 -207.040604 12.167316 225.840744 -129.920090 -42.113796 205.687485 -154.157516 26.888193 213.021790 -88.978729               6158 
-23.376738 253.635727 -207.393906 12.226247 225.204880 -130.892532 -42.445717 205.787643 -154.767532 27.271631 211.903122 -90.224068               6173 
-23.448807 253.649139 -207.690674 12.145187 225.386063 -131.110443 -42.557804 206.048126 -154.950836 27.167297 212.173599 -90.404282               6188 
-23.999554 253.630463 -207.737686 12.259111 227.335297 -130.765228 -42.626678 207.457794 -153.656189 27.630140 215.172333 -89.862686               6217 
-24.208282 253.556610 -207.665817 12.407784 228.202042 -130.541855 -42.586826 208.084930 -152.933136 27.965136 216.548569 -89.561493               6230 
-24.416527 254.018539 -207.595779 12.303741 227.826202 -130.799362 -42.884529 208.258347 -153.187195 27.924654 215.733612 -89.970680               6245 
-25.169350 254.538895 -206.473526 12.567205 229.485260 -129.784027 -42.912083 209.596909 -151.125626 28.739454 218.031281 -88.985878               6259 
-25.573267 256.156616 -204.416763 12.196961 229.248749 -128.368561 -43.421120 210.033234 -150.007767 28.415634 216.872986 -87.859055               6288 
-26.072615 257.144531 -203.541809 11.782486 229.513947 -127.799957 -44.079948 210.854538 -149.297607 28.080120 216.792389 -87.429504               6303 
-26.806789 259.469635 -200.979172 11.015306 228.706940 -126.463737 -45.395081 211.904419 -148.042969 27.385166 214.371216 -86.667511               6318 
-27.682798 261.487366 -197.807327 10.149581 227.797043 -124.630562 -47.228054 213.656738 -145.478287 26.687984 211.979797 -85.470367               6333 
-28.640142 263.321655 -192.623077 9.294971 227.116913 -120.822388 -48.844685 215.351379 -140.832809 26.066902 209.903198 -82.356621               6349 
-29.735714 264.882111 -186.019638 8.620575 228.151794 -114.825882 -49.543762 216.391586 -134.677475 25.708826 210.467346 -76.714508               6364 
-31.859152 265.862457 -177.157166 8.818926 227.263672 -108.406868 -50.143265 216.527359 -126.236977 27.259232 208.411728 -71.504509               6378 
-31.285748 262.710846 -171.639099 9.324257 226.578354 -101.649506 -49.690044 215.673340 -118.950760 27.790056 208.820007 -64.221169               6393 
-32.563820 261.839233 -163.367828 9.190949 225.822357 -94.154854 -49.771790 214.747635 -110.889458 28.302891 207.776459 -57.191303               6407 
-31.924515 260.397278 -155.404709 10.541110 226.009232 -85.977348 -48.005028 214.246017 -102.683998 30.035007 208.364716 -49.019485               6421 
-31.866802 257.861542 -150.359207 11.505339 225.495483 -80.643562 -46.950634 213.582764 -96.531303 31.489185 208.610321 -43.592762               6432 
-33.263062 253.705002 -137.672455 12.556177 223.268723 -68.832657 -46.506001 213.180771 -81.643974 33.858116 207.060715 -32.216370               6455 
-31.697771 249.574463 -128.547424 15.617429 226.479721 -65.681892 -43.770420 224.405273 -80.553108 33.070019 202.807236 -31.152992               6465 
-32.021317 240.008041 -115.554680 19.251274 227.692566 -53.231335 -40.662209 226.193008 -69.255211 35.010147 200.743546 -20.327946               6486 
-31.195095 238.854431 -109.581055 20.699242 228.750412 -47.279045 -39.158566 225.376923 -63.723785 37.116268 201.172501 -15.229633               6496 
-29.998930 235.759445 -96.876198 23.342543 227.429977 -35.552723 -36.551540 222.737137 -51.355137 40.859409 199.546707 -4.361265               6514 
-29.087584 234.990799 -90.885864 24.732893 227.128235 -30.032845 -35.102470 222.257095 -45.510746 42.657715 198.961761 0.668534               6524 
-27.496811 234.568878 -77.654625 27.493444 227.040878 -18.028564 -31.603687 221.198212 -32.989449 46.895367 198.134766 11.044225               6541 
-28.775558 228.334167 -67.679420 28.580437 228.295441 -10.047664 -30.461552 221.828873 -22.025902 48.847378 202.912231 21.609379               6560 
