-8.470198 196.892853 146.543732 62.988628 180.018951 162.935135 6.177043 180.673615 154.685272 81.318321 141.195068 180.868103                  0 
-9.237537 196.662231 145.537399 62.303001 179.484604 161.493546 5.488044 180.167831 153.722717 80.556282 141.040527 180.301346                 23 
-9.874825 196.404190 144.977386 61.727528 178.904617 160.649612 4.944834 179.578491 153.167496 79.915894 140.797836 180.192337                 46 
-10.172629 196.286652 144.607056 61.437286 178.487396 160.183334 4.714098 179.153473 152.743942 79.539894 140.558014 180.146317                 69 
-10.193036 196.210449 144.245850 61.505222 178.351639 159.704926 4.778163 178.882401 152.411346 79.684868 140.646820 180.020203                 91 
-10.257909 196.074982 143.917877 61.524967 178.124863 159.268768 4.779370 178.558884 152.126373 79.784103 140.596512 179.837891                109 
-10.431776 195.882355 143.501022 61.407791 177.867584 158.999573 4.671185 178.127319 151.782272 79.723938 140.508865 179.825226                130 
-10.200628 196.199356 143.386429 61.588039 178.148056 159.401154 4.920241 178.224548 151.637711 79.857666 140.711548 180.127747                151 
-10.263952 196.270416 143.272018 61.568020 178.145813 159.342361 4.898726 178.113541 151.542740 79.878365 140.785095 180.169510                174 
-9.955853 196.539169 143.228577 61.764023 178.325241 159.900040 5.176217 178.204208 151.472321 79.951752 140.801712 180.541107                194 
-10.034636 196.452469 142.977097 61.754318 178.372910 159.908173 5.176898 177.973312 151.370209 80.033257 141.083740 180.890549                255 
-10.066285 196.440353 142.899597 61.747955 178.412674 159.932571 5.175518 177.910080 151.349915 80.060570 141.209320 181.037582                276 
-10.138948 196.472656 142.792877 61.722019 178.432404 159.913589 5.155226 177.809097 151.299850 80.076492 141.348007 181.190887                297 
-10.318447 196.318253 142.541183 61.610359 178.344864 159.745483 5.043539 177.559357 151.156982 80.036858 141.458237 181.302460                318 
-10.478972 196.217911 142.329285 61.514072 178.269379 159.600510 4.950257 177.346573 151.033676 80.002724 141.555069 181.397110                341 
-10.783739 195.785141 141.877182 61.304241 177.919495 159.188156 4.733153 176.828934 150.722046 79.895981 141.453690 181.311798                363 
-10.383283 196.407074 142.250580 61.590488 177.989700 159.790756 5.085186 177.103333 150.885834 79.987282 141.142899 181.441025                385 
-9.913621 196.636993 142.473953 61.879215 177.849365 160.561920 5.491739 177.074112 150.937851 80.052734 140.631119 181.760666                408 
-9.430988 197.516159 143.577591 62.030262 177.730209 161.991302 5.797111 177.532166 151.483109 79.766739 139.643311 181.983002                431 
-9.156180 198.013687 144.271545 62.118095 177.660919 162.822464 5.978370 177.806900 151.833832 79.620247 139.092789 182.084763                454 
-9.020514 198.292557 144.715652 62.159801 177.638565 163.318008 6.075249 177.962006 152.078995 79.543983 138.824997 182.190201                475 
-8.940446 198.468140 145.001312 62.185829 177.624619 163.627197 6.134952 178.058502 152.235657 79.498535 138.660660 182.253571                496 
-8.888900 198.675980 145.242264 62.263763 177.739136 163.702255 6.205315 178.217712 152.353424 79.585800 138.698059 182.157715                517 
-8.855100 198.838730 145.425888 62.320946 177.825363 163.752121 6.260080 178.326691 152.415390 79.645233 138.722672 182.074554                539 
-8.860407 198.932266 145.539246 62.327881 177.849136 163.789612 6.277159 178.351273 152.403427 79.632217 138.698349 182.028000                560 
-8.795376 199.097778 145.690979 62.427410 177.934906 163.767639 6.364315 178.435593 152.401672 79.729813 138.736374 181.904999                582 
-8.712354 199.241379 145.830093 62.566723 178.070679 163.724319 6.475881 178.507385 152.433411 79.892570 138.894623 181.887878                603 
-8.895109 198.156937 144.420746 62.488876 177.416916 162.424622 6.265000 177.657806 151.698273 79.811058 138.947495 182.043701                625 
-9.258827 196.575165 142.887375 62.443760 176.851456 160.744843 6.031167 176.533768 150.876999 80.113655 139.363525 181.894104                646 
-9.096240 195.853165 142.079422 62.614372 176.951782 160.532898 6.137114 176.319473 150.503845 80.303078 139.891373 182.407516                667 
-8.988434 195.293137 141.746674 62.712139 176.989258 160.477402 6.103767 176.297806 150.425613 80.374527 140.110031 182.677094                687 
-8.810883 194.825287 141.419647 62.845642 177.034210 160.505264 6.087384 176.334335 150.401932 80.441666 140.306320 183.006485                706 
-8.516669 194.369171 141.101181 63.036110 177.075027 160.652435 6.143567 176.409012 150.401733 80.506920 140.483536 183.471191                726 
-8.167360 193.989914 140.794327 63.285782 177.164627 160.799622 6.250305 176.526321 150.417938 80.646858 140.720779 183.936218                745 
-7.884604 193.682480 140.550125 63.489113 177.251526 160.910522 6.326462 176.618469 150.429184 80.770042 140.932587 184.302124                765 
-7.654016 193.431564 140.379990 63.652042 177.312424 161.010880 6.366347 176.712524 150.461777 80.862724 141.079651 184.587173                787 
-7.473605 193.280289 140.280411 63.765434 177.343750 161.122818 6.382389 176.809647 150.506653 80.900635 141.140610 184.799377                808 
-7.339193 193.179993 140.201553 63.848782 177.363876 161.197662 6.388543 176.884354 150.533615 80.926842 141.173401 184.934814                824 
-8.231241 191.018768 138.365952 63.259117 176.533661 159.191299 5.509391 175.496841 149.383179 80.779968 141.447830 184.228592                844 
-8.204041 191.034225 138.066360 63.230045 176.612335 159.116425 5.389316 175.667145 149.259537 80.687523 141.535522 184.210571                864 
-7.948040 191.507309 138.360321 63.491913 177.152771 159.439682 5.626532 176.151581 149.532578 80.988884 142.009644 184.413269                883 
-7.712543 192.526703 139.481949 63.751339 177.621368 160.202789 5.858660 176.854736 150.276398 81.251648 141.881058 184.311523                902 
-7.732029 193.401230 140.348053 63.811127 178.136078 160.729919 5.875403 177.443481 150.839920 81.377365 142.036545 184.248276                920 
-7.806047 194.050461 141.056641 63.739952 178.583923 161.495377 5.807791 177.881485 151.408615 81.275764 142.317474 184.778473                939 
-7.899645 194.868530 141.703888 63.655239 178.882217 162.088562 5.757430 178.256332 151.735947 81.096909 142.330444 184.993118                958 
-8.129739 195.773651 142.340515 63.418571 179.051193 162.555923 5.550889 178.640488 151.948212 80.726067 142.042435 184.819458                977 
-8.309170 196.371994 142.773209 63.273109 179.221817 162.782349 5.415999 178.894135 152.068192 80.536949 141.949356 184.636063                996 
-8.452422 196.865738 143.074280 63.187016 179.401184 162.867661 5.334938 179.090973 152.095840 80.440666 141.952957 184.426971               1014 
-8.619211 197.392288 143.460632 63.131172 179.693466 162.910492 5.278245 179.324219 152.181412 80.439209 142.122482 184.211105               1033 
-8.811568 197.917511 143.939026 63.080559 180.010315 162.929749 5.240851 179.507813 152.269211 80.481026 142.333160 183.965866               1052 
-9.032043 198.365509 144.398636 63.002422 180.261200 162.951187 5.208384 179.561325 152.297089 80.490021 142.504425 183.771210               1070 
-9.198916 198.720322 144.756561 62.954380 180.424347 162.967911 5.219834 179.512970 152.242737 80.497589 142.601563 183.620621               1089 
-9.294071 199.030212 145.083969 62.937057 180.526733 163.020874 5.260743 179.477036 152.190781 80.495445 142.612534 183.492325               1108 
-9.335108 199.072708 145.135208 62.938644 180.531677 163.019409 5.296665 179.353271 152.083755 80.508492 142.607162 183.461868               1126 
-9.397535 199.098663 145.244247 62.955936 180.532028 162.981232 5.309364 179.265808 152.073349 80.580353 142.592361 183.348465               1145 
-9.468928 199.205704 145.327881 62.965832 180.531219 162.975494 5.323476 179.210510 152.060623 80.614243 142.570236 183.282120               1165 
-9.536388 199.331085 145.462448 62.992756 180.531677 162.954559 5.339581 179.181458 152.095657 80.681084 142.535172 183.159775               1185 
-9.601302 199.470154 145.609329 63.023987 180.530502 162.934387 5.351779 179.164703 152.149109 80.753609 142.492645 183.025314               1206 
-9.654226 199.612381 145.778915 63.066910 180.533569 162.896912 5.368000 179.164200 152.218216 80.845840 142.445831 182.849289               1227 
-9.724369 199.796417 145.972000 63.037209 180.475479 162.927689 5.324584 179.198608 152.273727 80.792122 142.266846 182.669159               1248 
-9.768413 199.987350 146.185135 63.014690 180.400940 162.963181 5.291484 179.245987 152.323303 80.727814 142.046249 182.457428               1269 
-9.745760 199.959625 146.305435 63.076336 180.358856 162.951599 5.337226 179.192520 152.374115 80.827354 141.972229 182.348282               1292 
-9.722862 200.013733 146.430115 63.125648 180.335266 162.930435 5.369093 179.202499 152.412460 80.889015 141.892212 182.203659               1315 
-9.630501 200.328934 146.849625 63.198723 180.341156 163.108017 5.442269 179.376816 152.537949 80.904030 141.652496 181.938126               1338 
-9.711598 200.222244 146.982590 63.259338 180.721237 163.259064 5.494855 179.331085 152.749619 81.195160 142.275543 182.366608               1362 
-9.753343 200.191757 147.101685 63.322174 180.955521 163.341904 5.555892 179.264114 152.849991 81.404060 142.657471 182.607605               1385 
-9.791032 200.181885 147.185150 63.366150 181.119476 163.399872 5.607103 179.169815 152.862701 81.550339 142.925446 182.775452               1410 
-9.939523 200.158478 147.411911 63.365665 181.244766 163.345016 5.592177 179.021988 152.902603 81.725754 143.118652 182.688477               1434 
-9.988290 200.214233 147.513229 63.356155 181.222366 163.348740 5.589318 178.947983 152.847275 81.727760 143.052856 182.595444               1459 
-10.039107 200.325653 147.672546 63.325951 181.185837 163.364563 5.564436 178.938248 152.825867 81.686409 142.916046 182.421814               1483 
-9.978694 200.294968 147.794632 63.441196 180.914215 163.049438 5.620448 178.828552 152.795776 81.811600 142.539703 181.885254               1507 
-9.699697 200.311493 147.530838 63.635857 180.392502 162.523834 5.736961 178.731827 152.498886 81.791161 141.898483 181.324310               1532 
-9.525822 200.201462 146.894150 63.749283 180.122299 162.000732 5.779194 178.656906 152.030502 81.762085 141.657974 180.998016               1556 
-9.488865 199.955093 146.091080 63.768101 180.004318 161.466095 5.684587 178.596832 151.528320 81.735359 141.640778 180.708740               1580 
-9.343979 199.711441 145.394638 63.819496 179.734329 161.220535 5.577900 178.595764 151.293518 81.627731 141.421844 180.711105               1604 
-8.949872 200.024002 145.027649 63.891075 179.271561 161.375946 5.586977 178.920181 151.166672 81.166458 140.707809 180.850571               1627 
-8.722765 200.307083 145.276337 64.107422 179.260498 161.328506 5.582539 179.508499 151.738068 81.309616 140.617996 180.711594               1651 
-8.560700 200.383148 145.466843 64.238953 179.148453 161.340973 5.603190 180.205093 152.355743 81.353363 140.424774 180.639572               1674 
-8.427712 200.227127 145.616669 64.338608 178.938873 161.344223 5.655826 181.041977 153.088623 81.389954 140.171768 180.611420               1696 
-8.408202 200.289185 145.890015 64.285995 178.641464 161.457169 5.598311 181.468399 153.578766 81.187515 139.768112 180.642120               1718 
-9.590486 200.427490 146.160110 63.424625 179.767136 161.597214 4.655559 182.090088 154.295807 80.826790 141.538757 181.612671               1739 
-10.241983 200.426727 145.679611 62.656506 179.785706 161.694260 3.962931 182.172104 153.902069 79.933266 141.435471 181.584854               1760 
-10.514468 200.674011 145.371872 62.351608 179.920135 161.534744 3.685169 182.444260 153.677490 79.576942 141.517349 181.368469               1781 
-10.834592 200.442703 145.193161 62.108391 179.851944 161.337814 3.433036 182.386810 153.630310 79.456726 141.464218 181.093338               1801 
-10.943367 200.252991 144.962296 62.098248 179.864304 161.017654 3.423209 182.366455 153.538757 79.590889 141.564850 180.817200               1822 
-10.810096 200.460037 145.166962 62.165562 179.826050 161.283722 3.535962 182.602753 153.774063 79.547432 141.344757 180.826584               1842 
-10.496062 200.691513 145.123886 62.396847 179.900558 161.482010 3.809560 182.808655 153.760849 79.651154 141.323502 180.948959               1863 
-9.024444 202.345535 145.521362 63.629330 180.586075 161.717606 5.072653 184.273300 154.101959 80.419647 141.716034 181.006683               1884 
-8.073186 201.868896 145.278580 64.413391 179.713501 161.675018 5.896505 183.743958 153.853806 80.934814 140.618774 180.740891               1904 
-8.118180 201.790619 145.192215 64.379097 179.745392 161.670212 5.854861 183.726257 153.814240 80.913589 140.649643 180.722656               1924 
-8.246721 201.582977 144.753357 64.248306 179.810486 161.592789 5.729556 183.623398 153.533173 80.801224 140.811325 180.826309               1944 
-8.926673 200.608475 143.409592 63.752842 180.645416 161.660217 5.258412 183.170212 152.892105 80.762024 142.529297 182.220169               1964 
-9.315695 199.815598 142.483871 63.479950 181.247147 161.668167 5.009597 182.832367 152.468887 80.807808 143.805664 183.179642               1984 
-9.256435 199.738770 142.566345 63.548038 181.181595 161.748764 5.068091 182.773682 152.563965 80.886856 143.681137 183.148376               2004 
-9.302628 199.797394 142.738571 63.592754 181.183762 161.541336 5.098726 182.712936 152.511642 81.048851 143.513306 182.543320               2024 
-9.441192 199.906769 142.889725 63.532860 181.277985 161.391769 5.129379 182.553757 152.271393 81.096375 143.485992 182.083588               2043 
-9.584553 199.984634 142.997757 63.489330 181.414215 161.172028 5.179605 182.376526 151.973114 81.189095 143.530792 181.578568               2063 
-9.667387 199.394836 141.677719 63.617653 182.250595 160.403336 5.327894 182.177597 151.121674 81.745049 145.194534 181.923294               2083 
-9.682551 199.209976 140.910339 63.594398 182.221893 159.762619 5.318595 182.069748 150.377823 81.722054 145.166168 181.282944               2103 
-9.605969 198.863556 140.745270 63.737747 182.011002 159.377502 5.417941 181.817474 150.165558 81.952179 144.902649 180.733231               2124 
-9.561962 198.614365 140.635147 63.828930 181.876862 159.132538 5.490091 181.631912 150.015305 82.098381 144.735382 180.383408               2143 
-9.465021 197.772827 140.597717 63.893993 181.781143 158.957733 5.526566 181.502838 149.952454 82.202614 144.616196 180.133728               2162 
-9.417194 196.906525 140.219498 63.861370 181.822144 158.926117 5.507358 181.305222 149.767029 82.201546 144.804047 180.330826               2183 
-9.367515 196.319214 139.791962 63.853416 181.874451 158.868896 5.435410 181.205276 149.755936 82.225456 145.017639 180.523148               2203 
-9.257889 195.877899 139.244812 63.903732 181.892975 158.747589 5.456269 181.056366 149.572159 82.280785 145.180328 180.641159               2223 
-9.161455 195.461151 138.794144 63.946148 181.908585 158.645340 5.451867 180.951096 149.471603 82.325256 145.317841 180.740326               2243 
-9.071682 195.026794 138.422974 63.982075 181.921814 158.558716 5.432457 180.869827 149.422729 82.361382 145.434586 180.824081               2264 
-8.990679 194.667618 138.122498 64.011200 181.932541 158.488510 5.432426 180.779388 149.337509 82.389633 145.529404 180.891800               2285 
-8.882626 194.168289 137.896515 64.036598 181.941879 158.427277 5.404193 180.740326 149.332901 82.413498 145.612183 180.950714               2307 
-8.742887 193.873993 137.566101 64.138008 182.011734 158.269394 5.419887 180.779114 149.398209 82.532051 145.799591 180.967468               2326 
-8.540830 193.236679 137.314362 64.237007 182.079926 158.115250 5.508652 180.719391 149.253326 82.646942 145.983078 180.983429               2346 
-8.196227 192.546188 137.165482 64.585495 182.395340 157.690796 5.750418 180.777512 149.284912 83.223969 146.536179 180.747055               2367 
-7.802832 193.970978 138.142303 65.005890 182.727081 157.714813 6.007102 182.007507 150.096909 83.419006 146.196030 179.880142               2387 
-7.617309 194.514343 138.685547 65.235794 182.863205 157.568802 6.130275 182.532532 150.565979 83.608833 145.998825 179.209290               2407 
-7.477471 194.813705 139.056625 65.388863 182.953842 157.471588 6.236255 182.782562 150.833084 83.730072 145.869919 178.761124               2428 
-7.325087 195.441711 139.390045 65.503090 183.083755 157.320511 6.287450 183.311554 151.066513 83.671516 145.693466 178.218765               2448 
-7.198982 195.901733 139.650223 65.591347 183.184128 157.203796 6.376518 183.537308 151.188019 83.621452 145.559708 177.799438               2468 
-7.093351 196.246567 139.857513 65.660751 183.263062 157.112015 6.438211 183.707779 151.326736 83.579163 145.456131 177.469559               2489 
-7.002191 196.469803 140.017868 65.713150 183.322662 157.042725 6.518930 183.683899 151.385239 83.545540 145.378906 177.220428               2508 
-6.918575 196.635208 140.152420 65.756973 183.372498 156.984772 6.653158 183.460052 151.378937 83.516312 145.314972 177.012085               2529 
-6.816875 196.817093 140.291595 65.820068 183.431488 156.911560 6.778828 183.302704 151.392578 83.506485 145.262695 176.791122               2550 
-6.732733 196.972519 140.404587 65.871727 183.479782 156.851608 6.860345 183.286697 151.458939 83.497627 145.220322 176.610260               2570 
-6.657542 197.090836 140.502029 65.915207 183.520416 156.801178 6.923800 183.322922 151.543427 83.489601 145.184967 176.458130               2591 
-6.598367 197.210449 140.584869 65.952362 183.555161 156.758057 6.976182 183.363174 151.628342 83.482330 145.154968 176.328125               2612 
-6.545502 197.298691 140.655991 65.983307 183.584076 156.722153 7.027956 183.389282 151.711990 83.475990 145.130142 176.219910               2633 
-6.498506 197.377396 140.716675 66.010429 183.609436 156.690689 7.084669 183.398727 151.795975 83.470222 145.108490 176.125076               2654 
-6.455082 197.438110 140.770447 66.034073 183.631546 156.663254 7.154829 183.380447 151.878326 83.465027 145.089722 176.042435               2676 
-6.405596 197.451401 140.823853 66.055344 183.651428 156.638565 7.213958 183.370804 151.958511 83.460220 145.072906 175.968079               2699 
-6.367887 197.482239 140.868118 66.073997 183.668869 156.616928 7.275433 183.358948 152.036255 83.455910 145.058212 175.902908               2722 
-6.332610 197.501755 140.909897 66.090576 183.684357 156.597687 7.342296 183.333527 152.115067 83.452003 145.045197 175.844986               2746 
-6.304927 197.531967 140.944016 66.105476 183.698303 156.580399 7.398174 183.316528 152.189804 83.448418 145.033539 175.792923               2770 
-6.284913 197.577057 140.973373 66.118896 183.710846 156.564835 7.454512 183.286758 152.257294 83.445145 145.023071 175.746078               2795 
-6.268437 197.625229 140.999512 66.131104 183.722260 156.550659 7.519483 183.237854 152.322983 83.442131 145.013565 175.703430               2819 
-6.254939 197.678772 141.022400 66.142334 183.732758 156.537628 7.573959 183.197540 152.386688 83.439316 145.004852 175.664230               2843 
-6.242925 197.727661 141.043411 66.152611 183.742355 156.525711 7.622524 183.164261 152.449905 83.436707 144.996887 175.628342               2868 
-6.234133 198.851822 141.556061 66.151474 184.094452 156.342728 7.630084 184.004150 152.837250 83.228249 145.049759 175.017776               2941 
-6.248676 199.180313 141.677628 66.112854 184.094452 156.245636 7.603706 184.216980 152.914627 83.076416 144.936905 174.787125               2966 
-6.238533 200.009293 141.956375 65.964905 183.840958 156.136185 7.511166 184.618256 152.933548 82.498108 144.182678 173.989380               2990 
-6.371616 200.773499 142.344254 65.646553 183.278320 155.871628 7.301520 184.898727 152.972733 81.664322 143.057236 172.917404               3014 
-6.511085 200.354950 142.091293 65.373726 182.103882 155.323257 7.103127 184.348724 152.803452 81.016876 141.788132 172.492844               3038 
-6.444383 200.617157 142.187973 65.298866 181.673004 155.219254 7.117790 184.456833 153.009857 80.603363 141.163071 172.236313               3061 
-6.482503 200.447784 142.102188 65.241058 181.363068 155.069046 7.146173 184.318802 153.234390 80.471115 140.855438 172.158203               3082 
-6.859497 198.962372 141.611008 65.028206 180.343491 154.490128 7.005923 183.126877 153.351944 80.524696 140.106323 171.974167               3105 
-6.846503 199.405930 141.602646 64.979141 180.445084 154.407944 7.027642 183.407227 153.322922 80.321999 140.049622 171.660934               3127 
-6.917435 199.485001 141.583557 64.922173 180.540390 154.330215 7.031118 183.427948 153.279510 80.289848 140.102386 171.461014               3148 
-6.966405 199.507660 141.582321 64.911514 180.643402 154.237701 7.059300 183.397964 153.257492 80.345360 140.199265 171.294403               3168 
-7.024782 199.510361 141.563568 64.872383 180.706680 154.217316 7.106615 183.314926 153.212311 80.338814 140.254288 171.224838               3190 
-7.066469 199.502045 141.538574 64.844643 180.754501 154.203812 7.154770 183.243820 153.164108 80.335220 140.298004 171.179596               3211 
-7.133363 199.276382 141.234070 64.727806 180.796036 154.570541 7.091632 183.076691 153.040604 80.190216 140.452209 171.837616               3232 
-7.184771 199.089951 140.985916 64.631538 180.830261 154.872711 7.183835 182.852234 152.820938 80.067146 140.579453 172.379166               3254 
-7.184192 198.971588 140.897202 64.659798 180.902878 154.920059 7.269354 182.748230 152.750504 80.154953 140.725693 172.542664               3275 
-7.095645 199.045197 141.150131 64.857330 181.262268 155.001801 7.459890 182.888489 152.987625 80.540306 141.174393 172.661591               3297 
-7.878550 197.372269 140.640839 64.550362 180.551590 153.377975 7.149858 181.600693 152.633789 80.972702 141.150970 171.891785               3319 
-7.841413 198.031586 141.244598 64.612778 180.722275 153.459534 7.285728 181.683624 152.769196 80.953239 141.076462 171.516708               3341 
-7.830523 198.643280 141.822815 64.661514 180.888885 153.463440 7.413935 181.746246 152.962051 80.947243 141.043213 171.125839               3362 
-7.909529 198.973602 142.175507 64.658844 180.871155 153.307175 7.518766 181.545761 153.015808 80.942131 140.954681 170.811249               3383 
-7.866673 199.346832 142.549088 64.746056 180.962662 153.338776 7.653559 181.586807 153.188400 81.000946 140.981476 170.721100               3404 
-7.884323 199.654053 142.773911 64.750458 181.012985 153.391464 7.726424 181.504990 153.150940 80.951950 140.957169 170.651428               3425 
-7.948365 200.069702 143.162018 64.673134 181.039902 153.622986 7.668740 181.672852 153.404770 80.749352 140.856155 170.701736               3446 
-8.105716 199.655167 142.731400 64.574539 180.625824 153.273010 7.580229 181.231415 153.083069 80.672623 140.568039 170.624908               3466 
-8.287168 199.627380 142.687927 64.407806 180.376190 153.442062 7.570045 181.025406 153.018753 80.420227 140.284958 170.795975               3487 
-8.432073 199.499207 142.594208 64.331902 180.553650 154.093399 7.628977 180.910721 153.169342 80.409805 140.660324 171.838440               3508 
-8.540865 199.415192 142.528229 64.274590 180.687653 154.585205 7.691682 180.866867 153.341843 80.396721 140.944855 172.625427               3528 
-8.552048 199.431458 142.559509 64.320396 180.762665 154.815231 7.839965 180.915237 153.534668 80.486534 141.056015 172.895630               3549 
-8.530477 199.449203 142.576950 64.392662 180.799423 154.941803 7.986860 180.974533 153.714920 80.596626 141.095505 172.994308               3569 
-8.460369 199.360733 142.595673 64.509972 180.806168 155.032593 8.143125 180.901642 153.704468 80.783806 141.044815 172.894806               3590 
-8.396283 199.266861 142.608795 64.604546 180.811615 155.105789 8.260261 180.839386 153.672241 80.935951 141.005203 172.814499               3611 
-8.341576 199.179550 142.618912 64.681053 180.816025 155.165009 8.342711 180.817383 153.640823 81.059822 140.974014 172.749481               3633 
-8.300632 199.104050 142.627426 64.743835 180.819626 155.213608 8.384842 180.883835 153.649078 81.162010 140.948975 172.696106               3655 
-8.275948 199.040970 142.591965 64.793350 180.842072 155.220062 8.366620 181.079239 153.787903 81.254974 140.975967 172.672028               3678 
-8.262151 198.998138 142.559631 64.836945 180.861847 155.225754 8.316107 181.344055 154.036575 81.336906 140.999847 172.650894               3701 
-8.250241 198.957214 142.531296 64.874550 180.878891 155.230667 8.240063 181.630295 154.352203 81.407608 141.020538 172.632736               3724 
-8.243198 198.925842 142.503479 64.907776 180.893967 155.235001 8.180238 181.874146 154.667145 81.470116 141.038895 172.616745               3747 
-8.237794 198.871536 142.500275 64.946327 180.872040 155.237000 8.220005 181.811096 154.636505 81.543007 141.006271 172.561356               3770 
-8.273424 198.813843 142.531937 64.938988 180.844620 155.301636 8.213542 181.759430 154.673523 81.561691 140.971252 172.583481               3793 
-8.300614 198.743805 142.564957 64.932152 180.819077 155.361908 8.214437 181.742233 154.732788 81.579201 140.938690 172.604126               3817 
-8.297108 198.619614 142.587143 64.950150 180.786362 155.512253 8.248006 181.684784 154.810776 81.618652 140.923248 172.773651               3841 
-8.297553 198.512100 142.603638 64.965454 180.758560 155.640030 8.280855 181.638077 154.795364 81.652115 140.910141 172.917786               3864 
-8.290170 198.421036 142.594376 65.002937 180.773315 155.698334 8.313197 181.632645 154.761688 81.717110 140.956879 173.023163               3888 
-8.287783 198.327866 142.585739 65.032936 180.785126 155.744995 8.319865 181.639938 154.729523 81.769066 140.994324 173.107513               3911 
-8.285762 198.230545 142.574417 65.059441 180.795563 155.786209 8.312958 181.673080 154.758789 81.814903 141.027435 173.182007               3935 
-8.281906 198.154556 142.563278 65.082512 180.804642 155.822113 8.291518 181.729095 154.823151 81.854774 141.056305 173.246887               3958 
-8.277112 198.084183 142.553528 65.102760 180.812607 155.853607 8.242224 181.828140 154.946548 81.889732 141.081635 173.303818               3981 
-8.270366 198.014496 142.541397 65.121094 180.819824 155.882126 8.209428 181.897079 155.037704 81.921356 141.104599 173.355362               4006 
-8.262357 197.950790 142.528519 65.136841 180.826019 155.906616 8.216697 181.889725 155.003372 81.948502 141.124329 173.399628               4029 
-8.253946 197.891556 142.516296 65.151550 180.831818 155.929489 8.213396 181.867325 154.923157 81.973846 141.142761 173.440994               4053 
-8.246721 197.854324 142.506958 65.164673 180.836975 155.949905 8.210031 181.838104 154.826050 81.996429 141.159225 173.477875               4077 
-8.257183 197.812256 142.493561 65.163857 180.835419 155.962143 8.188632 181.822235 154.815170 82.012581 141.173187 173.508972               4101 
-8.298396 197.836594 142.463959 65.124084 180.840576 156.001846 8.137994 181.834061 154.806747 81.963249 141.168304 173.535126               4126 
-8.334143 197.859604 142.449005 65.088730 180.849487 156.037247 8.092280 181.860626 154.817291 81.920036 141.167557 173.556198               4150 
-8.367180 197.883820 142.435837 65.057693 180.857315 156.068314 8.054802 181.887238 154.831619 81.882141 141.166901 173.574661               4175 
-8.391000 197.926147 142.415131 65.047661 180.871094 156.073776 8.067114 181.879364 154.753693 81.873207 141.180405 173.578445               4201 
-8.420760 197.993210 142.391815 65.038696 180.883392 156.078659 8.072099 181.882599 154.684082 81.865234 141.192474 173.581818               4226 
-8.452966 198.064850 142.370483 65.030449 180.894714 156.083145 8.065101 181.895447 154.630646 81.857903 141.203568 173.584930               4252 
-8.484109 198.131134 142.354126 65.022736 180.905304 156.087341 8.063841 181.907440 154.578033 81.851044 141.213959 173.587845               4278 
-8.513285 198.192108 142.340393 65.015587 180.915115 156.091232 8.055312 181.923920 154.541901 81.844688 141.223572 173.590530               4303 
-8.542484 198.250778 142.329590 65.008850 180.924362 156.094894 8.046005 181.938736 154.503922 81.838699 141.232651 173.593063               4329 
-8.569020 198.255280 142.347107 65.028259 180.966217 156.079544 8.051916 181.944382 154.534332 81.907326 141.311081 173.613205               4355 
-8.591922 198.253265 142.363785 65.045937 181.004349 156.065567 8.030723 181.981857 154.601837 81.969856 141.382599 173.631454               4381 
-8.627821 198.296982 142.378159 65.061920 181.038834 156.052917 7.968932 182.067856 154.748932 82.026428 141.447342 173.647858               4407 
-8.672215 198.382599 142.388275 65.075897 181.068985 156.041870 7.905716 182.144058 154.892303 82.075890 141.503983 173.662140               4432 
-8.716684 198.474960 142.396912 65.088448 181.096054 156.031937 7.847982 182.209396 155.020828 82.120323 141.554886 173.674911               4458 
-8.763262 198.582733 142.405884 65.099648 181.120193 156.023087 7.819291 182.241333 155.113007 82.159958 141.600327 173.686249               4484 
-8.812490 198.707520 142.416412 65.109833 181.142181 156.015030 7.799726 182.259613 155.180588 82.196037 141.641693 173.696548               4509 
-8.857224 198.821991 142.428101 65.119072 181.162094 156.007721 7.785578 182.262131 155.229218 82.228752 141.679230 173.705841               4535 
-8.904375 198.944778 142.437927 65.117622 181.157822 155.990463 7.760290 182.260269 155.269073 82.239525 141.662323 173.648575               4560 
-8.949845 199.063263 142.456360 65.117104 181.154175 155.972244 7.727299 182.271301 155.343948 82.252167 141.643768 173.584167               4586 
-8.987222 199.150833 142.475586 65.116631 181.150833 155.955460 7.704717 182.282181 155.426300 82.263794 141.626740 173.524872               4611 
-9.018439 199.221207 142.494461 65.116180 181.147705 155.939835 7.682101 182.300995 155.533508 82.274628 141.610901 173.469589               4637 
-9.036193 199.247223 142.511536 65.115776 181.144821 155.925400 7.667314 182.315689 155.642120 82.284622 141.596329 173.418533               4662 
-9.034650 199.260391 142.523163 65.121002 181.143875 155.906921 7.680468 182.328735 155.707779 82.293236 141.579727 173.361313               4687 
-9.014010 199.303253 142.549133 65.144958 181.148621 155.870789 7.732845 182.380936 155.699249 82.316559 141.555710 173.260422               4713 
-9.476811 199.809204 142.666763 64.864395 181.722443 155.039169 7.493606 182.901123 155.539658 82.306313 142.074921 172.030807               4739 
-13.529669 194.298355 135.636215 61.789577 181.734634 147.918549 4.844417 180.310867 149.308624 81.691338 144.328003 167.141602               4764 
-21.668839 183.092285 131.043350 55.322201 181.989014 134.020493 1.213458 179.556808 144.861389 82.270920 150.993454 155.881531               4789 
-17.935431 188.791733 121.852852 57.988892 184.857666 133.357391 3.841909 186.681580 138.578506 81.115150 152.073456 156.920807               4804 
-15.035267 199.071625 116.896645 59.769768 189.054123 131.555023 5.985348 194.284454 134.301056 79.579002 152.573013 152.568954               4819 
-14.622211 206.781799 118.391823 60.372429 192.931808 128.106934 7.161017 199.162415 133.795258 79.882774 153.397400 142.981033               4831 
-16.582914 207.454391 114.742081 58.831245 195.717697 123.746475 5.698098 199.625748 129.248734 79.733406 155.979630 135.946777               4842 
-17.866529 196.060287 112.744896 58.753387 193.747421 116.869278 6.306771 192.744019 125.805351 84.856064 158.297745 131.930252               4853 
-22.298695 203.639999 100.350883 54.097500 198.431808 104.690453 1.680564 200.541763 113.636787 78.651146 163.258072 122.712364               4862 
-22.826834 201.880539 76.903061 51.596798 201.471390 95.802582 -1.683214 202.111069 94.679222 73.209839 171.173264 123.726814               4871 
-23.841497 211.893692 46.114449 45.927074 207.046448 78.588890 -6.031261 212.554535 67.597534 58.699699 180.273422 114.434784               4889 
-23.385763 213.741974 39.292679 45.181080 208.406250 74.578644 -6.326017 214.264481 61.621567 56.363289 182.257507 111.403412               4898 
-22.774557 219.159424 20.953396 42.509102 212.239716 62.020493 -7.612734 220.237671 44.696209 49.309029 188.004074 101.151772               4916 
-25.521812 220.763916 14.888684 39.804695 213.527649 55.990284 -10.457915 221.629120 38.757950 46.698071 188.930420 94.878845               4925 
-29.352900 219.913834 6.685377 36.365921 214.092880 47.918175 -14.381166 221.289536 30.912237 43.934082 190.404739 87.243202               4935 
-36.254757 222.507202 1.288082 32.153786 212.730606 37.622871 -20.384300 218.470764 24.831085 44.521236 180.206604 68.511353               4952 
-38.780937 221.652206 -6.373405 28.780392 215.050125 32.312359 -24.325542 216.784698 18.168266 43.896961 180.249466 59.243126               4962 
-41.238499 223.081970 -21.565695 23.161083 214.728561 22.166214 -31.921158 217.625107 6.316351 37.670166 177.906891 46.630764               4980 
-42.831352 225.431213 -38.952488 18.095222 217.102356 9.714489 -37.846428 219.389114 -9.234419 31.668575 179.928970 34.184208               4998 
-46.272057 224.801666 -47.188595 15.173682 220.691940 1.446272 -42.119850 220.384125 -16.722275 29.639645 185.461380 28.174637               5008 
-50.900955 225.124130 -71.737389 8.201468 223.612793 -19.832932 -50.578827 221.370132 -39.777790 21.774227 189.874557 9.190759               5034 
-50.802582 225.688110 -80.140312 6.137758 223.470947 -25.476702 -52.573429 221.565582 -47.631378 17.945265 190.120697 4.742604               5044 
-53.542721 225.768524 -109.419060 -0.544678 225.260330 -49.701138 -61.713398 220.003326 -74.240532 10.719234 193.159744 -17.959377               5079 
-53.384872 227.638260 -119.524872 -2.051822 224.468842 -57.722401 -64.392250 219.427521 -83.490692 8.426872 191.675873 -26.422556               5097 
-54.966263 229.870743 -125.485939 -3.802220 226.286316 -62.720112 -66.959312 220.221313 -88.730782 6.496058 194.210983 -30.626799               5107 
-56.584045 234.784958 -136.855576 -6.813380 226.786362 -71.728943 -70.773758 220.859055 -99.415993 2.358898 194.412216 -39.594124               5124 
-57.101730 235.824387 -141.828857 -7.414128 227.524170 -75.839523 -72.026894 220.555801 -103.614670 1.667196 195.863495 -42.976265               5133 
-58.926041 238.659882 -154.180008 -9.779779 229.747498 -86.551811 -74.383652 219.192902 -115.644287 0.225400 198.395172 -53.661232               5160 
-59.987785 241.966431 -161.740906 -11.665708 230.983932 -93.147507 -76.234772 220.195892 -123.419800 -2.007612 199.236816 -60.533028               5178 
-60.413727 242.696259 -165.843857 -12.601258 231.252319 -96.458031 -77.448364 220.192902 -127.121658 -3.405650 199.891525 -63.340008               5188 
-61.155087 244.082825 -172.500931 -14.036074 231.125198 -101.997147 -79.186638 219.723785 -133.383102 -5.374413 200.033310 -68.483978               5206 
-61.929935 248.009262 -185.031540 -16.261635 234.380798 -112.683418 -80.891541 221.827637 -145.523468 -8.349864 204.049393 -78.299240               5242 
-61.996021 249.248062 -186.564651 -16.566448 234.611313 -113.968544 -81.151863 222.209793 -147.132782 -8.860638 204.178406 -79.627304               5251 
-62.369331 250.524826 -187.902588 -16.739567 235.033875 -115.081543 -81.723030 222.117859 -148.130707 -8.917486 204.761566 -80.624832               5260 
-62.537560 251.571304 -189.098160 -16.707846 235.258759 -116.050575 -81.910645 221.787735 -149.054977 -8.763325 205.168961 -81.462273               5269 
-62.796684 252.534439 -191.822617 -17.117346 235.873627 -118.134727 -82.156929 221.675507 -151.319946 -9.289192 206.340652 -83.043625               5287 
-63.016033 253.045456 -193.320282 -17.507454 235.975754 -119.312622 -82.446022 221.550049 -152.723877 -9.822171 206.645569 -84.020432               5296 
-63.713013 253.596817 -196.445831 -18.217850 236.398712 -122.021049 -82.988388 221.158417 -155.597748 -10.468766 207.470566 -86.412384               5314 
-63.862862 253.923004 -197.407928 -18.449575 236.550705 -122.752167 -83.155586 221.043152 -156.424896 -10.757740 207.824585 -86.967979               5323 
-64.682968 252.311249 -202.806305 -17.702335 243.313171 -126.995903 -83.109833 223.466797 -157.079468 -9.486283 219.964157 -87.598160               5341 
-64.693733 252.748077 -203.376709 -18.107821 242.730591 -127.150154 -83.318016 222.773895 -157.737350 -10.134212 219.349243 -87.721771               5350 
-64.764427 253.939865 -203.995071 -18.483831 242.233597 -127.366623 -83.613075 222.336868 -158.393448 -10.759946 218.764938 -87.940414               5368 
-64.742462 254.446182 -204.288483 -18.650379 242.027298 -127.452003 -83.715042 222.115295 -158.700897 -11.052809 218.546463 -88.008499               5378 
-64.872681 255.179428 -205.481949 -19.524311 239.780746 -128.441849 -84.237656 220.564148 -160.942307 -12.307019 215.261307 -89.562935               5391 
-64.750717 255.033951 -207.045395 -19.386324 240.693588 -129.538086 -84.267235 220.935532 -161.437012 -12.307137 217.287247 -89.954117               5407 
-64.803963 255.260910 -207.737488 -19.581215 240.800247 -129.942200 -84.409172 220.801163 -161.832520 -12.619687 217.742554 -90.133369               5428 
-64.838448 255.502502 -208.030121 -19.673964 240.822189 -130.124985 -84.476250 220.732040 -162.045578 -12.752204 217.858765 -90.254776               5439 
-64.855156 255.765869 -208.348129 -19.741285 240.809494 -130.326218 -84.509964 220.598373 -162.280273 -12.852288 217.948776 -90.391365               5451 
-65.751945 251.964233 -209.227997 -17.004793 247.693161 -131.743820 -82.422211 221.808044 -157.832092 -7.946770 230.891464 -89.311310               5474 
-66.192047 251.251175 -208.839050 -16.352036 248.831573 -131.756622 -81.784798 221.617233 -156.318939 -6.679438 233.504059 -88.903732               5487 
-66.148628 251.238617 -208.676727 -15.417781 249.333145 -131.867874 -80.874779 221.675934 -155.303757 -5.456801 235.274429 -88.647575               5500 
-66.133141 252.448990 -208.597183 -15.074365 249.168579 -131.705627 -80.237221 221.302292 -155.069138 -5.035786 235.450058 -88.394073               5513 
-65.704239 253.204132 -209.735123 -16.600899 245.576370 -131.613983 -81.410034 219.325699 -157.512222 -7.820917 230.434799 -88.503578               5526 
-65.181854 254.466904 -210.572266 -17.715195 242.673340 -131.705276 -82.211205 218.050186 -159.718704 -9.939052 226.133209 -88.917221               5553 
-65.096581 254.930481 -210.733017 -18.033667 241.977554 -131.720261 -82.375900 217.782364 -160.319412 -10.485883 225.052155 -89.042107               5567 
-64.963737 255.213272 -210.855743 -18.217171 241.575592 -131.723923 -82.392990 217.761780 -160.797058 -10.849716 224.409073 -89.110626               5580 
-64.849075 255.454407 -210.921524 -18.309078 241.282364 -131.722336 -82.345772 217.840317 -161.157272 -11.057817 223.928528 -89.165001               5594 
-64.844337 255.589081 -210.931808 -18.413235 241.065201 -131.700745 -82.337631 217.884109 -161.387238 -11.207150 223.574295 -89.191895               5608 
-64.793640 255.972794 -211.190994 -18.567341 240.876770 -131.895218 -82.382301 218.068512 -161.918747 -11.453031 223.182938 -89.454941               5623 
-64.744804 256.233276 -211.413651 -18.706928 240.713989 -132.037796 -82.435417 218.176224 -162.319916 -11.664511 222.888382 -89.640694               5635 
-64.791275 256.555481 -211.926971 -19.012405 240.521362 -132.438797 -82.639908 218.288849 -163.058090 -12.044338 222.499664 -90.112366               5650 
-64.818916 256.667419 -212.283737 -19.177685 240.367676 -132.727417 -82.868240 218.499313 -163.477966 -12.233318 222.224426 -90.449043               5664 
-64.852852 256.827454 -212.501541 -19.266842 240.283447 -132.925507 -83.054482 218.725250 -163.722672 -12.309508 222.033829 -90.695068               5679 
-64.836540 257.241821 -212.881241 -19.435713 240.271317 -133.230942 -83.203117 218.939209 -164.252350 -12.518192 221.842514 -91.071838               5694 
-65.427528 254.003418 -212.350357 -16.528103 245.932159 -133.241776 -80.854767 219.967453 -159.150238 -7.482669 232.293503 -89.686867               5708 
-65.562401 253.391510 -211.411942 -15.323385 248.067581 -132.736420 -79.731659 220.423737 -156.501877 -5.433369 236.395920 -88.795296               5724 
-65.147072 254.640106 -212.092789 -16.535597 244.918045 -132.687607 -80.854202 219.223328 -158.681793 -7.664548 231.502396 -89.027702               5740 
-64.812866 255.563980 -212.472214 -17.307428 242.862549 -132.760239 -81.541718 218.618576 -160.251816 -9.112759 228.166489 -89.381264               5752 
-64.635307 256.233490 -212.802643 -17.869951 241.696198 -132.918304 -81.963066 218.420700 -161.402878 -10.105519 226.207901 -89.736252               5765 
-64.726601 256.718445 -213.127533 -18.353289 241.030319 -133.205490 -82.355202 218.529968 -162.299377 -10.795527 224.980194 -90.192276               5778 
-64.881973 256.939301 -213.250671 -18.636503 240.657837 -133.354355 -82.606598 218.673355 -162.722183 -11.121434 224.285233 -90.455360               5792 
-65.881523 253.958282 -212.425735 -16.366634 245.524185 -133.152542 -81.029503 220.346054 -157.609985 -6.991796 233.780258 -89.117828               5816 
-66.027802 253.178040 -211.060577 -14.963003 247.518280 -132.404236 -79.948753 221.445267 -154.388748 -4.729639 238.005539 -88.023506               5830 
-65.747543 255.309143 -210.922379 -17.594128 242.338608 -131.186264 -81.483543 217.905640 -157.703278 -8.865240 229.111755 -87.440178               5848 
-65.810974 256.166168 -211.955399 -18.480120 240.858856 -132.070618 -82.205696 217.204376 -159.644501 -10.166925 226.701523 -88.535301               5860 
-65.618881 256.819550 -212.563187 -18.900427 240.317169 -132.486130 -82.485229 217.026245 -160.661041 -10.871683 225.799637 -89.016106               5874 
-65.560196 257.440948 -212.880920 -19.103876 240.040695 -132.767715 -82.802429 217.199814 -161.083786 -11.158632 225.341446 -89.343437               5900 
-65.563705 257.649170 -212.945572 -19.169102 239.975571 -132.831177 -82.913673 217.306030 -161.166245 -11.231383 225.229156 -89.421516               5913 
-65.573921 257.984741 -213.077103 -19.288567 239.915314 -132.957108 -83.087341 217.558914 -161.350830 -11.369946 225.075394 -89.575829               5925 
-65.574326 258.346375 -213.153854 -19.397524 239.830246 -133.045059 -83.283592 217.924561 -161.497192 -11.494619 224.852600 -89.708282               5940 
-65.513916 258.620850 -213.216217 -19.420238 239.772339 -133.117645 -83.507782 218.377716 -161.517197 -11.534554 224.698135 -89.811211               5950 
-65.365334 258.956970 -213.048676 -19.825888 238.419022 -133.031357 -84.208405 218.967316 -161.851852 -12.165553 222.404938 -90.022865               5963 
-65.127678 259.281128 -212.680084 -19.618422 238.348022 -132.742874 -84.201881 219.770981 -161.480377 -11.943016 222.138580 -89.810318               5976 
-65.095261 259.742554 -211.655884 -19.443644 238.567123 -131.859573 -84.035255 220.318832 -160.550430 -11.642843 222.196106 -89.011009               5989 
-65.053825 260.948425 -209.841171 -19.426502 237.869003 -130.563858 -83.919907 220.576691 -159.757126 -11.566602 220.379913 -88.170258               6001 
-65.505150 261.406036 -205.711075 -18.307842 237.925751 -127.488197 -83.240387 221.234924 -155.504379 -9.529439 220.163574 -85.389412               6015 
-65.687187 261.962433 -201.708496 -17.821318 238.805145 -123.808632 -82.978348 222.640579 -151.086716 -8.639441 221.247177 -81.710251               6028 
-66.374954 262.271332 -196.355072 -17.092768 239.493240 -119.244904 -82.684906 223.663406 -145.186172 -7.100588 222.165573 -77.235725               6042 
-67.212112 262.850861 -180.811020 -14.945618 237.878922 -106.437088 -81.564796 224.118958 -129.849533 -3.276283 219.456711 -65.335861               6070 
-67.244553 263.489532 -175.017395 -14.329511 237.370956 -101.536072 -81.288948 225.077393 -124.160637 -2.289807 218.408051 -60.789093               6083 
-67.927628 263.444885 -158.649338 -10.755246 237.771118 -88.368523 -78.957153 226.807327 -106.475777 3.757148 219.011780 -48.339283               6109 
-66.911125 263.500793 -150.225952 -8.867150 236.697311 -81.179062 -77.086380 226.415115 -98.688568 6.232251 217.068756 -41.788837               6121 
-66.468651 262.504028 -143.042465 -6.585912 237.364136 -75.123589 -74.936020 227.116928 -90.732910 9.716108 218.272736 -35.949295               6132 
-66.241852 260.795288 -133.455353 -4.179922 237.192841 -67.215637 -72.702919 227.834396 -80.285240 13.507734 218.698044 -28.357544               6150 
-65.736107 260.681641 -127.877838 -2.955869 236.411545 -62.718643 -71.397110 227.779617 -75.169029 15.217425 217.318253 -24.377539               6159 
-64.534035 257.210449 -112.017494 1.537139 235.744934 -49.602348 -67.068893 228.339050 -58.007343 21.794540 217.843887 -11.733461               6178 
-63.589649 252.896011 -99.728561 5.183677 235.600494 -39.381702 -62.918709 228.145264 -45.047424 27.283230 219.388000 -1.783470               6195 
-61.415504 250.647903 -87.432381 9.654243 234.964798 -29.897989 -57.723263 227.196930 -33.743561 33.527927 218.375992 6.429979               6214 
-57.843414 246.693069 -71.162277 15.077337 232.896393 -16.027609 -51.454212 228.531464 -17.374294 40.148548 217.235733 19.903444               6233 
-54.632286 243.741180 -58.020542 19.320700 231.459274 -4.474272 -46.166489 229.220398 -4.828524 45.192184 216.101013 31.017315               6251 
-51.671383 240.907669 -43.695095 24.815182 231.614151 6.099113 -39.887791 229.593109 8.617856 52.689388 217.052902 40.389942               6269 
-48.433243 237.916519 -29.091961 30.035479 231.563446 17.271931 -34.045292 230.434814 22.508896 59.492355 218.249283 50.736652               6287 
-45.248192 237.485794 -22.909414 32.825146 230.965454 23.650326 -30.979345 229.513031 28.082825 62.162952 216.915985 56.918449               6296 
-43.015648 236.725739 -15.395690 35.331768 230.484756 29.995712 -27.669411 228.607681 33.839718 65.093933 215.788406 62.600819               6307 
-40.492329 234.110794 -3.106514 39.021481 230.379562 39.497555 -23.432701 231.315994 45.155483 69.544754 217.564789 72.192719               6324 
-39.097462 233.665161 2.152962 40.753311 229.996307 43.560772 -21.533026 231.424576 49.918446 71.613983 216.878036 75.815887               6332 
