-6.788419 194.584656 160.309738 69.621422 169.211395 167.547394 8.785647 172.471939 166.458710 92.428474 131.365982 185.898346                  0 
-6.568494 195.244629 159.295746 69.758614 169.817673 167.405182 8.919086 173.268707 166.210358 92.421761 132.604370 187.172485                 23 
-6.523114 195.661728 159.013870 69.607880 169.491776 167.199051 8.758418 173.462631 166.005524 91.948753 132.211700 187.205948                 46 
-6.353867 196.222427 158.728302 69.591461 169.247925 166.793701 8.680593 173.819412 165.883362 91.659248 131.945343 187.060028                 69 
-6.211586 196.698318 158.486099 69.601326 169.134216 166.455872 8.574167 174.237122 165.912857 91.481140 131.842880 186.945465                 91 
-5.974821 197.033600 158.274490 69.717766 168.944290 166.057434 8.606569 174.502747 165.849991 91.439873 131.609985 186.636414                114 
-5.641869 197.468628 158.345322 69.819038 168.463257 165.734985 8.670444 174.645981 165.739807 91.208099 130.702255 185.879684                136 
-5.636606 197.699738 158.243576 69.820786 168.452835 165.475693 8.577084 174.814316 165.739395 91.186516 130.644623 185.556503                158 
-5.683523 197.581604 158.080414 69.795486 168.268448 165.209839 8.526585 174.623795 165.509537 91.165550 130.406372 185.184265                182 
-5.923680 197.237930 157.335602 69.710052 168.460068 165.467758 8.376140 174.371445 165.144623 91.159889 130.984451 186.075439                209 
-5.857985 197.171753 157.394424 69.765762 168.245911 165.454376 8.404277 174.168518 165.072372 91.165504 130.616959 185.833450                225 
-5.701568 197.151154 157.717422 69.878693 167.855942 165.442657 8.489232 173.869446 165.067169 91.178963 129.881546 185.277924                247 
-5.583731 197.218689 158.033600 69.929832 167.611908 165.521744 8.527199 173.745102 165.122818 91.109344 129.347961 184.925156                269 
-5.478621 197.297119 158.434952 69.973923 167.407959 165.614563 8.564046 173.650116 165.247086 91.057060 128.865616 184.566666                291 
-5.536643 197.322433 158.512436 69.982910 167.556198 165.631027 8.533769 173.624817 165.280807 91.147194 129.030014 184.525467                313 
-5.716511 197.235367 158.351440 69.945061 167.885696 165.837097 8.439687 173.537613 165.219376 91.248711 129.535248 184.931412                336 
-6.293617 196.967377 157.519684 69.602463 168.502502 166.223099 8.021739 173.377975 164.742325 91.080658 130.547745 185.903473                358 
-6.774074 196.806946 156.864304 69.294899 169.040558 166.536713 7.660635 173.248505 164.372086 90.906418 131.426697 186.719208                381 
-6.961550 196.782059 156.181137 69.133598 169.275528 166.589157 7.477454 173.206604 163.995911 90.718964 131.933060 187.296814                404 
-7.126586 196.724472 155.717712 68.996964 169.430908 166.657303 7.325574 173.054718 163.713516 90.572403 132.284134 187.724152                426 
-7.094862 196.817352 156.059250 69.019897 169.240311 166.503632 7.328422 172.954422 163.772110 90.582832 131.838989 187.128235                448 
-6.812028 196.968796 156.804718 69.219765 168.904510 166.552658 7.522135 172.815170 164.038620 90.679886 131.061386 186.466339                471 
-6.659647 196.807983 157.209061 69.442825 169.015198 166.887817 7.720510 172.571518 164.300171 90.983429 131.195313 186.758743                493 
-6.524502 196.532227 157.589783 69.629990 169.111938 167.173843 7.880151 172.335526 164.522766 91.237541 131.325516 187.035706                515 
-6.542953 196.391891 157.685867 69.634598 169.152451 167.229706 7.884094 172.000412 164.431702 91.275093 131.423431 187.164688                537 
-6.559825 196.321396 157.730881 69.618546 169.157181 167.261703 7.868923 171.685486 164.285767 91.257767 131.449310 187.238068                560 
-6.557519 196.275528 157.785049 69.623634 169.157700 167.274689 7.870922 171.417953 164.173325 91.265396 131.450180 187.248962                582 
-6.371131 196.351486 158.123505 69.701340 168.906555 167.200089 7.929818 171.332336 164.228119 91.208122 130.970184 186.884705                604 
-6.272285 196.137466 158.340729 69.753639 168.710861 167.101089 7.956505 171.201752 164.318924 91.228249 130.717163 186.710129                626 
-6.103527 196.054047 158.730865 69.843254 168.409500 166.977234 8.026095 171.076065 164.451385 91.244881 130.223022 186.289322                648 
-5.913562 195.373886 159.610611 69.978828 167.959961 166.981186 8.145567 170.729858 164.810394 91.398643 129.469788 185.659821                671 
-5.811091 194.349640 160.286285 70.002083 167.437439 166.948105 8.167389 170.279648 164.962204 91.409531 128.651108 185.018417                694 
-6.102410 193.681091 160.260849 69.803986 168.133942 167.539612 8.017298 170.261078 165.080841 91.405487 129.859344 186.450546                716 
-6.260460 192.854370 160.537476 69.709099 168.238251 167.660141 7.952790 169.910812 165.102417 91.493332 130.103851 186.644562                738 
-6.321770 192.270035 160.705536 69.663963 168.299103 167.723572 7.933282 169.688705 165.073792 91.544868 130.243088 186.754074                759 
-6.391915 191.969208 160.927582 69.564224 168.469803 167.878677 7.877737 169.678116 165.093307 91.462784 130.473816 187.008545                780 
-6.589401 192.125687 160.791550 69.360870 168.589172 167.675720 7.690949 169.738007 164.940506 91.270386 130.684387 186.973251                802 
-6.869009 192.348236 160.615738 69.102646 168.666000 167.405655 7.433641 169.830185 164.781387 91.009995 130.818619 186.817947                823 
-7.153230 192.582001 160.438110 68.885361 168.684418 166.931961 7.208526 169.876633 164.537018 90.839729 130.810104 186.238312                844 
-7.291914 192.925629 160.228790 68.795967 168.747604 166.448868 7.113740 170.020737 164.285034 90.765953 130.850204 185.692062                866 
-7.452326 193.041138 160.263611 68.725525 168.741104 166.232666 7.041077 169.952637 164.270508 90.780434 130.867111 185.424713                887 
-7.498062 193.159821 160.324921 68.723579 168.711212 166.185196 7.047206 169.894043 164.268417 90.791420 130.812912 185.314316                908 
-7.440318 193.296555 160.702362 68.780724 168.604996 166.167740 7.115875 169.858032 164.393967 90.834801 130.527252 184.953278                929 
-7.699833 193.206146 159.926666 68.604477 168.901764 166.291382 6.948161 169.860825 164.140915 90.701744 131.284256 185.933914                951 
-7.246737 193.837692 159.895340 68.808113 168.494629 165.437836 7.053557 170.488388 164.378204 90.649460 130.754318 185.130920                972 
-6.230505 194.664581 159.970078 69.543129 168.219330 164.301224 7.754320 171.409622 164.848267 91.252602 130.566559 184.305267                994 
-3.227801 195.822144 161.564514 72.259308 167.992249 162.094345 10.698510 172.654083 166.921677 94.728333 131.084274 182.640350               1016 
-0.633031 195.329727 158.320267 74.661697 166.803040 157.732895 13.394619 173.037506 165.406616 97.914383 131.688599 180.437119               1037 
2.202217 194.117874 152.147934 77.431496 165.145233 152.835983 16.093641 172.585678 160.619766 100.549110 130.904037 176.967102               1057 
4.521688 196.029785 145.291641 79.302505 165.941666 147.355164 17.934875 176.016678 155.581146 101.761810 132.141296 172.698959               1075 
3.717164 198.350098 139.685455 78.568230 168.358521 140.894394 17.139507 179.472321 150.650772 101.240707 134.246277 165.623062               1092 
5.212062 200.115417 138.720367 80.199272 170.646484 137.394333 18.652582 181.686554 149.077835 103.001205 134.566620 159.016312               1107 
5.767789 200.002029 135.856827 81.232635 172.280502 133.770706 19.354084 182.107193 145.843689 104.486786 135.559525 153.770920               1120 
5.239529 197.800873 131.688950 81.650848 173.566727 129.598267 19.382734 181.119675 141.790741 106.308586 137.674591 149.421097               1132 
3.908407 201.077057 125.979744 80.023483 176.017288 123.087250 17.868313 184.075577 135.682877 104.286613 139.307907 141.873306               1144 
-0.305999 205.497131 117.455322 75.683929 179.930054 116.270599 13.347256 188.551071 127.601944 99.323166 143.199600 135.796356               1157 
-6.304258 209.653900 104.448181 68.969231 182.312958 108.407372 6.110229 192.706558 115.706100 90.081230 144.060242 127.906258               1166 
-14.104275 212.515320 87.530449 61.415314 187.871078 98.413284 -2.270019 197.530609 101.633018 82.060295 150.970016 120.802803               1177 
-17.984619 215.181030 80.054626 57.504898 191.273788 92.644165 -6.586822 201.731583 96.250183 77.999039 154.603851 115.546104               1187 
-19.457920 218.753052 72.314339 55.312496 194.327408 87.845772 -9.192174 207.634369 92.162773 74.644081 157.853958 112.036095               1196 
-20.793558 222.458633 55.478054 52.646740 197.423676 76.606575 -12.476871 214.540329 80.125786 70.111794 162.913254 104.770325               1215 
-20.523735 223.593887 50.409416 52.216030 197.425995 72.648209 -12.917386 215.877274 75.824722 68.761635 162.705811 101.107735               1224 
-18.811754 225.067780 43.809807 53.202858 198.624069 68.154953 -12.126823 217.552734 69.973419 68.860847 163.923279 97.135574               1242 
-22.820084 220.011536 35.683266 49.523228 199.293732 64.283813 -17.478695 211.162735 61.797089 66.564972 164.255432 92.052315               1251 
-28.576546 215.972244 18.735153 42.311489 199.014053 52.956310 -25.052446 203.342560 43.671989 60.785084 161.883545 76.815186               1269 
-32.131050 217.513306 12.250763 39.226421 201.221375 46.305634 -28.292080 204.370865 37.299305 58.417240 164.444534 70.146156               1278 
-35.789070 219.001404 4.723889 36.325638 205.100800 38.808266 -31.579056 206.330765 30.535141 56.455532 169.927658 64.241142               1287 
-40.288246 218.076080 -12.334204 32.210720 211.485840 24.287811 -35.969643 208.930481 15.902179 52.918259 182.671204 56.383114               1306 
-44.981960 222.638474 -26.071999 25.778326 211.242218 13.771817 -42.131649 209.339493 1.842942 44.779076 179.803268 44.427280               1324 
-47.461605 223.155396 -31.867722 23.539379 211.537338 8.255502 -44.485893 208.528839 -3.736715 42.864731 180.273331 38.886967               1332 
-52.380260 227.416763 -47.823265 18.415613 211.997314 -6.686910 -49.925552 209.560547 -19.026251 37.049194 180.234161 23.859529               1350 
-53.761047 229.030243 -54.411625 16.754930 213.137222 -11.945740 -51.552872 209.349213 -25.235285 35.454845 181.485809 18.676077               1359 
-57.124088 230.913147 -67.639145 12.587055 214.244812 -23.253922 -55.550461 208.795486 -38.446922 31.153284 182.183243 7.020572               1377 
-58.231499 230.819092 -72.528244 10.946285 214.316467 -26.763983 -56.883217 207.500381 -43.315266 29.575790 182.245743 3.461911               1386 
-60.093811 231.126480 -83.865898 8.154483 215.855560 -35.772919 -59.075169 206.711975 -54.346294 26.853527 184.247894 -5.105433               1404 
-61.362453 231.311386 -90.215927 5.874448 216.368011 -40.336342 -60.936077 206.273468 -60.321346 24.275181 184.978592 -9.266869               1413 
-64.904015 233.593811 -106.614288 0.608706 219.961807 -53.890141 -66.043678 209.387711 -74.986580 17.782288 189.921051 -20.847509               1432 
-66.213097 234.503296 -114.586113 -2.107864 221.708694 -59.843124 -68.017365 209.513336 -82.749084 14.889887 191.794052 -26.595802               1449 
-68.063049 234.136581 -119.672363 -3.629539 222.665924 -64.862053 -69.552322 209.059601 -87.141960 14.013566 193.455078 -31.326389               1458 
-59.162708 246.045731 -131.854889 -4.049670 218.775009 -68.655235 -67.788429 202.817154 -87.038452 16.108664 197.547363 -30.810518               1468 
-62.000137 245.980347 -149.864044 -8.175351 218.179459 -78.694221 -69.585579 197.992188 -97.122910 13.024660 202.961029 -38.592438               1486 
-63.033955 245.684692 -161.114075 -10.939145 219.079636 -86.860558 -71.270569 197.560104 -106.929283 9.424553 205.408279 -45.780052               1504 
-63.354309 245.543152 -164.249939 -12.287871 218.835846 -89.102821 -72.035225 196.916183 -110.404869 7.533875 205.163681 -47.758362               1513 
-63.876244 245.840714 -171.342377 -14.008740 220.367264 -94.856102 -73.004440 197.508759 -117.291481 5.180267 207.275314 -53.028164               1531 
-63.884884 246.604401 -175.175934 -15.003326 220.839310 -98.110664 -73.943741 198.390015 -121.151512 3.668814 207.670212 -56.073540               1541 
-64.161690 247.102753 -178.395920 -15.975443 221.099182 -100.946732 -74.857414 198.933594 -124.471527 2.333528 207.822296 -58.783951               1550 
-64.918030 247.838348 -184.500732 -16.906187 222.470993 -106.704315 -75.947945 200.349091 -130.007141 1.334072 209.577271 -64.393105               1567 
-64.209503 249.478638 -187.699554 -17.867004 222.131638 -109.541954 -76.563248 200.801758 -134.489426 -0.503873 208.220963 -67.183853               1585 
-63.875362 250.323318 -189.448364 -18.502815 222.268463 -110.956566 -76.994423 201.229355 -136.678268 -1.641855 208.062836 -68.493614               1594 
-64.717674 250.417877 -196.494278 -19.651632 225.947357 -116.606674 -77.481804 202.639862 -142.006683 -2.909620 213.752548 -73.476807               1630 
-64.824173 250.709595 -196.936203 -19.622541 225.973618 -117.200821 -77.446396 202.614563 -142.602814 -2.795514 213.666428 -74.136009               1639 
-64.857231 250.912888 -197.179626 -19.706068 225.949661 -117.482841 -77.505302 202.594879 -142.979218 -2.890535 213.544205 -74.441742               1648 
-64.745750 251.980591 -199.102142 -20.512957 225.795441 -119.278488 -78.280602 203.106964 -145.530563 -4.167558 212.811462 -76.226913               1666 
-64.579636 252.655792 -199.799973 -20.945169 225.623840 -119.925720 -78.704704 203.425064 -146.651886 -4.905980 212.250717 -76.878098               1675 
-65.050903 252.994598 -200.811890 -20.827929 226.515457 -121.066002 -78.808113 203.986984 -147.107849 -4.441528 213.579544 -78.015541               1685 
-64.888809 254.174164 -202.138168 -21.545910 226.668060 -122.245270 -79.468796 204.582565 -148.935928 -5.603989 213.336090 -79.148773               1702 
-64.836151 254.790283 -202.581802 -21.866440 226.790482 -122.652908 -79.782669 204.921097 -149.633682 -6.117840 213.248947 -79.550674               1712 
-65.185158 255.864349 -203.886383 -22.654661 227.145615 -123.968719 -80.540199 205.490372 -151.384613 -7.142365 213.258133 -80.890877               1730 
-65.310829 256.287567 -204.288452 -22.923565 227.275391 -124.395958 -80.837173 205.725525 -151.943283 -7.489542 213.250900 -81.334389               1739 
-65.512978 256.693573 -204.745270 -23.158831 227.704407 -124.817650 -81.120018 206.049759 -152.358932 -7.748273 213.725906 -81.732735               1757 
-65.610352 256.893890 -204.908417 -23.243328 227.970764 -124.957352 -81.192955 206.209030 -152.490845 -7.831682 214.050186 -81.854073               1766 
-65.735970 257.102112 -205.121780 -23.257519 228.361176 -125.154884 -81.259209 206.468170 -152.550934 -7.793334 214.575668 -82.027023               1776 
-66.111671 257.240967 -206.383698 -23.070517 230.039856 -126.166199 -81.237732 207.497772 -152.721741 -7.310089 217.165268 -82.864380               1787 
-65.845985 258.266632 -207.138596 -23.119984 230.366684 -126.987183 -81.370583 208.210602 -153.789856 -7.524128 217.176651 -83.720726               1811 
-65.425949 259.312714 -209.121750 -23.856665 230.645996 -128.630280 -81.987297 209.062057 -156.228928 -8.875830 217.099976 -85.256622               1824 
-65.143150 259.766602 -210.410965 -24.124666 230.697647 -129.777969 -82.101196 209.181824 -157.907745 -9.453923 216.908661 -86.374901               1836 
-65.277977 259.343506 -212.398315 -23.644468 232.290909 -131.375107 -81.573563 209.623215 -158.806381 -8.671282 219.517105 -87.765160               1849 
-64.644165 258.637299 -215.904800 -23.684471 233.924301 -133.790863 -81.790321 211.005081 -160.679535 -9.066180 222.514816 -89.685051               1863 
-64.314209 259.214569 -216.137436 -23.827869 233.324707 -134.140335 -81.876816 210.902588 -161.608627 -9.478404 221.330109 -90.101532               1878 
-64.090782 259.774902 -216.403427 -23.827423 233.257736 -134.481247 -81.764229 210.960983 -162.327423 -9.627666 220.950241 -90.480263               1898 
-64.221237 259.827728 -216.834610 -23.881622 233.338806 -134.914078 -81.723038 210.865005 -162.820190 -9.693169 221.080383 -90.895760               1924 
-64.298714 260.144196 -218.306808 -23.487799 235.359680 -136.043564 -81.313370 212.047272 -163.303558 -9.128776 224.099045 -91.814491               1941 
-64.725677 260.550781 -219.102325 -24.103003 234.679321 -137.031677 -82.129868 212.085281 -164.473114 -9.904747 223.044724 -92.847511               1953 
-66.063110 257.881226 -219.162064 -23.493732 236.512589 -136.712143 -81.672623 211.923309 -161.830002 -8.375400 227.473846 -92.226967               1984 
-66.367142 257.660126 -218.790527 -23.434233 236.403824 -136.477936 -81.600464 211.690964 -161.381683 -8.155771 227.492004 -92.021873               1999 
-66.558777 257.768860 -218.509064 -23.440563 236.381805 -136.294861 -81.578438 211.596298 -161.133224 -8.110551 227.531815 -91.844193               2015 
-65.551498 258.498871 -216.686493 -23.394444 235.971741 -134.265839 -81.190979 211.523438 -160.164368 -8.607243 226.519562 -89.755295               2030 
-65.585793 257.713043 -216.306000 -23.307289 237.078110 -133.440460 -81.086182 212.060837 -158.703934 -8.469662 228.689590 -88.733948               2045 
-65.690765 257.952454 -216.212708 -23.419115 236.974304 -133.408401 -81.203171 212.111115 -158.736893 -8.608408 228.497894 -88.709549               2061 
-65.848099 258.042999 -216.410233 -23.729797 236.889603 -133.559937 -81.555527 212.227646 -158.967514 -9.013061 228.378311 -88.836678               2076 
-65.997795 258.065613 -216.576584 -23.985559 236.819870 -133.684677 -81.872772 212.317688 -159.139587 -9.346320 228.280502 -88.941345               2091 
-66.193596 258.148712 -216.659103 -24.271355 236.711212 -133.760178 -82.236969 212.372070 -159.261398 -9.695474 228.102997 -89.009346               2107 
-66.347458 258.256073 -216.704285 -24.475128 236.633743 -133.813995 -82.531158 212.373199 -159.325150 -9.944621 227.976685 -89.057846               2122 
-66.530487 258.705688 -215.133453 -25.228079 235.568054 -132.351913 -83.169098 211.807022 -158.653473 -11.025048 226.138626 -87.646729               2139 
-66.671783 258.903290 -214.826416 -25.443081 235.441849 -132.081268 -83.585709 211.952560 -158.339783 -11.293188 225.934784 -87.375671               2154 
-67.046524 259.348450 -213.134537 -26.166000 233.795776 -130.823196 -84.335838 210.999054 -157.823654 -12.225112 223.200394 -86.296997               2172 
-67.378181 259.893097 -211.716125 -26.126629 233.087189 -129.978714 -84.696320 210.915497 -156.852417 -11.993785 221.873734 -85.664886               2190 
-67.454391 259.935364 -209.792465 -25.907310 232.171036 -128.517731 -84.854416 210.499969 -155.224197 -11.618035 220.489548 -84.375313               2207 
-67.816101 260.535309 -208.752014 -25.372204 233.406403 -127.702843 -84.891251 211.749786 -153.272018 -10.596168 222.281967 -83.576775               2224 
-67.580116 260.751099 -205.282867 -24.984663 232.878662 -124.554482 -84.795677 211.678757 -149.966537 -10.120548 221.463669 -80.532333               2242 
-67.225533 261.568848 -200.830582 -23.788660 232.486740 -120.979073 -84.458145 212.502975 -145.475601 -8.412470 220.547775 -77.272919               2259 
-66.853554 263.417297 -196.601654 -22.822767 232.638016 -117.716835 -84.280327 214.235809 -141.502975 -7.055570 219.907944 -74.374771               2277 
-66.620125 265.494385 -188.758530 -21.246193 233.098038 -111.295006 -84.398582 217.434998 -132.776001 -4.577615 219.789581 -68.467003               2309 
-66.509308 266.093445 -183.993225 -20.133986 233.455963 -107.227989 -83.690353 218.283783 -127.771965 -2.906529 220.025284 -64.660095               2324 
-66.453148 267.949097 -174.648483 -17.613998 234.528336 -99.779091 -81.739647 219.794708 -118.524277 0.947027 220.586075 -57.942554               2339 
-66.233078 268.409760 -166.769806 -15.674778 234.977829 -93.068375 -80.364906 220.800903 -110.132492 3.841508 220.995132 -51.682480               2353 
-65.239761 269.230530 -159.196548 -14.414517 234.244385 -86.437843 -79.182648 220.985046 -103.520638 5.228526 219.276062 -45.458649               2367 
-64.912621 270.824402 -151.728546 -12.604458 234.364288 -80.817680 -77.656479 223.806168 -96.247818 7.914189 218.530518 -40.599895               2381 
-64.228165 271.270538 -145.713226 -11.440091 234.131622 -75.587387 -76.442963 225.486359 -90.323013 9.376981 217.812195 -35.718601               2393 
-62.342014 270.321198 -132.404556 -8.066725 232.598282 -63.900543 -73.349289 226.204117 -76.566048 13.697916 215.804214 -24.741211               2415 
-61.829021 269.715454 -127.036362 -5.684260 233.877899 -59.141304 -70.941788 226.834442 -70.415871 17.124418 217.881439 -20.243084               2425 
-61.388584 265.606720 -118.605225 -2.017664 237.998734 -49.891048 -67.640884 231.894608 -56.619724 22.792133 226.456528 -10.642541               2445 
-61.370628 264.852234 -113.360443 -0.676607 237.353012 -46.035053 -66.022202 230.875595 -52.126743 24.880981 225.299973 -7.425108               2457 
-60.230522 261.131622 -101.871078 3.419979 237.291824 -36.410797 -61.784595 233.743851 -38.581421 30.893993 226.867950 1.347851               2474 
-59.963570 258.997986 -96.442413 5.537461 237.603378 -32.327667 -59.165245 233.408386 -33.285614 34.093399 227.883118 4.810840               2484 
-58.615032 256.585938 -84.354469 9.113632 238.284546 -22.390795 -54.895752 234.864120 -21.331547 39.098442 229.223938 13.775636               2501 
-57.679520 257.013153 -76.973434 11.290178 238.330048 -16.928555 -52.343685 235.170670 -14.793037 42.090935 228.468002 18.331160               2510 
-56.507984 253.077820 -66.021011 14.565682 237.819916 -8.241886 -48.363655 235.387314 -4.004163 46.749619 228.965515 26.036207               2528 
-55.188820 252.840302 -60.939156 15.929077 237.796143 -3.601624 -46.715839 236.014374 0.663681 48.212730 228.558563 30.481028               2537 
-53.606304 251.613007 -47.889694 19.392731 237.729187 6.218768 -42.502319 236.671783 12.461658 52.964603 227.924942 38.868423               2556 
-52.623768 250.554199 -42.428181 21.254255 238.632813 10.330391 -40.213783 237.798264 17.476072 55.458416 229.285202 42.453457               2564 
-50.282238 248.171341 -29.943811 25.156065 239.410919 20.015471 -35.480431 240.626877 29.084106 60.444214 230.947067 51.197258               2583 
-48.338856 248.356598 -22.833557 27.524752 239.183990 25.800968 -32.657158 241.536865 35.448868 63.114220 229.999405 56.431461               2592 
-46.365875 247.874222 -16.569473 29.524048 238.824142 31.375669 -30.201521 242.297211 41.013615 65.159607 229.194611 61.815327               2601 
-44.350445 248.682190 -3.604031 32.343761 238.062439 41.688412 -26.483719 243.105652 52.417145 68.488663 226.768814 70.932106               2619 
-43.821293 248.474899 1.798601 33.335503 237.130951 45.729858 -25.081814 241.708252 56.859158 69.819412 225.015274 74.213684               2628 
-44.852554 244.864716 11.079794 33.629364 235.260422 51.993034 -24.156548 237.094788 64.287575 71.308754 223.007294 78.813148               2646 
-47.589745 245.991058 16.023592 32.344433 236.614426 53.424114 -24.583048 240.480759 68.074394 70.941277 224.460464 78.953682               2655 
-50.809540 245.975449 20.040071 30.477146 237.264465 53.759964 -25.488619 242.813431 70.655899 70.012108 225.351212 77.931328               2664 
-52.813297 245.791367 26.942688 29.535770 237.545227 57.155865 -25.417307 244.646179 75.945084 69.863350 225.716156 80.024040               2682 
-53.280014 245.704636 28.722496 29.298719 237.615921 58.011002 -25.368435 245.090240 77.222168 69.815674 225.787659 80.542374               2691 
-54.307007 245.915115 31.342920 28.818798 238.356064 58.818245 -25.086739 248.252792 78.762802 69.698357 227.218536 81.044601               2700 
-66.812836 239.638672 36.809155 18.261919 235.996796 58.128681 -33.242897 253.592087 78.842667 60.754154 229.377792 79.099922               2709 
-74.295807 237.396713 40.953815 11.659646 234.731384 58.166821 -38.260063 256.673218 78.391525 55.063976 230.154739 77.770706               2718 
-78.216194 236.680344 43.514225 8.144246 234.057617 58.187126 -40.798058 258.243134 78.047043 52.062256 230.301788 76.796158               2727 
-83.208305 233.709839 50.586273 3.577121 232.018661 62.248108 -44.658661 257.438782 82.135170 48.121021 229.438095 79.521660               2736 
-82.435455 225.232773 76.407112 5.058382 225.066269 79.035004 -41.223347 252.177734 101.071388 51.168495 224.415939 91.787582               2745 
-76.972221 223.840927 111.786110 9.186906 221.488205 96.763901 -31.005310 249.393997 127.803253 56.879883 219.512085 100.030205               2754 
-23.685356 225.351074 155.101120 18.530605 226.057205 107.688705 -10.146267 259.215393 145.841370 65.124794 217.199966 101.385925               2763 
16.407585 223.390457 161.510864 24.092987 228.777161 114.192329 3.233644 264.005066 155.677307 68.655289 215.925797 102.434875               2774 
34.411163 217.385834 157.734802 24.368965 222.642654 115.650429 9.268792 259.212189 158.651123 66.928299 210.318283 97.594765               2791 
37.638630 216.152267 156.480850 24.429907 221.287994 115.972412 10.666105 258.188324 159.205368 66.408417 208.994537 96.585052               2800 
41.086185 214.138687 155.253983 27.019249 219.342758 115.616066 12.865131 256.300018 158.745422 69.172943 207.176208 96.531113               2809 
42.946808 211.838028 155.703003 28.765528 218.043716 116.887939 14.301122 254.802368 160.253082 71.137428 205.657822 98.437859               2818 
42.425781 209.729568 155.250748 26.361982 216.135651 117.605347 14.832028 254.709290 160.584518 67.613525 202.343491 97.673454               2827 
43.881729 203.624878 158.985474 30.273832 205.603500 119.995155 22.528883 253.002853 154.418457 70.076324 183.277817 105.624374               2836 
43.732597 200.112610 161.985596 33.223267 197.969101 122.023102 25.430237 249.981262 149.335693 72.884384 172.514755 113.760773               2854 
44.320034 198.837280 162.998337 33.590149 197.885162 123.026360 25.649019 249.142593 151.810104 73.393036 172.994095 113.787384               2863 
44.526096 198.326279 163.486862 33.732746 197.852539 123.416298 25.791172 248.928665 152.649765 73.591736 173.192413 113.807274               2873 
46.596924 195.589462 168.491379 35.575649 200.849594 128.715698 30.093700 248.123688 164.309021 74.270805 175.974930 115.557846               2881 
46.523464 193.660980 171.655411 34.524399 201.820541 132.488190 30.275362 246.684036 171.301895 72.734612 177.756226 116.674210               2891 
48.489536 192.100525 174.753510 33.771976 203.782928 137.254715 26.990374 243.005249 181.490204 73.380768 185.990616 117.160667               2899 
49.480484 190.069321 178.027740 35.881668 207.449493 142.151138 33.861351 242.276154 190.401550 73.122299 187.668915 119.544556               2909 
49.606606 188.944611 179.871613 36.586365 209.146790 145.097427 37.111275 241.416702 195.167160 72.402061 188.602142 120.924149               2920 
49.297527 184.168106 178.957733 38.897995 206.026596 144.157974 47.331951 238.428314 193.454315 69.358017 178.865463 119.184898               2929 
48.669636 179.615494 177.698868 38.154171 201.646378 142.743927 49.233765 234.321442 191.364594 66.867546 173.092789 117.260048               2944 
47.366211 176.014191 177.770187 38.389755 198.827026 142.706741 48.120998 230.636810 192.199387 67.672096 170.336960 117.805847               2953 
45.988304 173.813126 177.985764 36.850704 197.657013 143.233459 44.649082 228.218781 193.862976 67.550980 171.057175 117.952339               2962 
43.679432 170.368607 182.323013 34.750763 197.014862 149.434494 42.078808 222.260696 204.677658 66.757263 173.448761 122.799614               2973 
42.363091 167.777191 179.375122 27.342352 195.306122 149.363327 41.304249 217.565781 206.036362 57.341259 175.720352 117.651222               2989 
42.878967 167.153687 178.412415 25.798489 194.993820 149.583771 43.086586 216.410690 206.110062 54.253510 176.340958 115.944862               2999 
42.794750 167.498077 178.521271 24.726065 195.045731 149.328659 43.010445 217.149231 205.591873 52.898685 176.649338 115.312927               3008 
41.164017 166.197266 180.160889 23.289986 194.153488 149.606583 42.470505 216.709854 205.743393 51.129013 175.194458 115.625160               3034 
41.106068 165.196655 180.251190 23.591499 193.776413 149.765976 43.700027 215.446213 206.169266 50.921799 174.553040 115.521118               3043 
40.745323 164.706924 180.464844 23.167522 193.094635 149.305420 43.837852 215.171326 205.734879 50.404831 173.485611 115.205429               3053 
40.241680 164.041428 180.662781 22.700567 192.475983 148.940002 44.159397 214.667175 205.333130 49.615379 172.463959 114.818092               3062 
39.168224 163.314941 180.861832 22.495726 192.324997 148.815094 45.208500 213.831848 205.213181 48.543636 171.275467 114.644669               3071 
-11.879875 173.127701 197.283752 47.024899 185.240585 160.590973 13.230904 199.549896 215.337143 93.251411 172.908218 161.055939               3080 
-14.717700 167.032974 127.785995 62.513771 178.357864 161.303864 -3.885972 177.552643 172.780823 93.709877 164.725739 194.921753               3098 
-10.466597 167.619217 120.316498 64.341888 176.683502 162.367996 -2.876524 172.971161 166.771912 92.373856 160.762894 197.722443               3107 
-10.410852 166.391037 118.340782 63.659245 177.283569 161.900925 -2.954197 170.107346 163.425751 91.298393 161.399567 197.579620               3125 
-10.036857 166.346176 116.634995 63.066250 177.893127 161.578903 -3.217772 169.203873 161.251495 90.259247 161.744888 197.481110               3134 
-9.495578 168.003052 115.058914 62.798145 178.546875 161.505966 -3.329062 169.703232 159.546494 89.326492 161.597076 197.535751               3143 
-8.334109 169.657471 113.841873 62.972569 179.345947 161.759537 -2.994858 170.329102 158.066391 88.815643 161.375748 197.792877               3152 
-5.202726 173.271225 115.352722 65.142159 180.213577 164.346283 -0.703241 171.958344 158.630783 90.159912 159.453094 199.450531               3170 
-4.065299 174.050751 115.520844 65.587898 181.098343 164.944244 0.010329 172.823074 158.009537 90.146141 159.737244 200.012604               3191 
-2.720376 174.226288 116.463814 66.524406 181.419357 166.313202 1.038983 173.540787 158.745575 90.579643 160.213531 201.821686               3197 
-1.406527 174.869339 116.926140 66.419838 182.544556 168.321869 1.720351 174.656982 158.251511 89.188721 161.574203 204.804962               3217 
-1.684990 174.593750 119.188293 66.455002 183.075623 169.957886 2.505227 174.454346 159.500427 89.344666 162.676941 206.688675               3242 
-2.286342 175.674927 120.238243 66.372261 183.015961 170.476273 2.617275 174.576797 160.113861 89.480415 161.927734 206.677017               3251 
-3.368304 178.200745 126.091156 67.952698 183.676498 172.716751 4.665068 175.814407 164.294571 92.215797 162.029785 207.815399               3264 
-4.325336 181.591263 127.663551 68.271591 183.589462 172.539642 5.218858 176.667892 164.700577 92.955452 159.908340 205.992676               3288 
-4.496392 181.906265 127.891991 68.224167 183.592773 172.572708 5.381252 176.517090 164.589584 92.969398 159.704239 205.832382               3297 
-4.857861 182.558502 128.545151 68.117462 183.854935 172.804016 5.579778 176.475113 164.698471 93.021469 159.682358 205.738358               3306 
-5.481733 184.472000 129.163864 67.829002 183.861176 172.737823 5.480561 176.882202 164.508423 92.811058 158.313034 204.555786               3324 
-5.905811 185.328400 129.763107 67.542587 183.894852 172.799179 5.302910 177.118347 164.483093 92.576454 157.548584 203.917877               3333 
-7.173091 183.471100 129.141586 65.681053 184.992325 172.373901 4.025169 176.942383 163.131271 90.638206 159.721924 204.432327               3351 
-7.269938 183.505493 129.758163 65.722321 184.937241 172.411377 4.235710 176.899002 163.158020 90.756798 159.340134 204.148666               3360 
-7.327861 183.599365 130.992569 65.698006 184.856003 172.659714 4.575164 176.977356 163.146561 90.700729 158.541687 203.830444               3378 
-7.215199 183.169098 131.576401 65.763260 184.758377 172.852386 4.796829 176.832672 163.227615 90.739182 158.379898 203.990356               3387 
-6.779277 182.615311 132.442673 66.147408 184.686264 173.168915 5.306945 176.880905 163.526917 90.989914 158.413177 204.502121               3396 
-6.259466 181.464401 133.264603 66.379639 183.924301 173.293335 5.689317 176.407990 163.415833 90.963531 157.434128 204.647705               3408 
-5.694091 180.060562 134.367035 66.469353 183.335693 173.309875 5.878913 176.072601 163.228302 90.876930 156.493835 204.502487               3420 
-4.869351 178.283691 135.969681 66.575478 183.010986 173.256317 6.045338 176.041702 163.078430 90.823654 155.889938 204.331543               3433 
-3.910253 176.625977 137.260956 66.469551 182.715256 172.857635 5.965879 176.422882 162.318024 90.302505 155.007080 203.735474               3446 
-3.360162 175.942963 137.898071 66.291161 182.255539 172.635513 5.844647 176.732971 161.652008 89.648567 153.776367 203.173386               3459 
-3.121264 175.406967 138.139511 66.061447 182.132523 172.503387 5.743024 176.817505 161.155640 89.122108 153.443359 203.070236               3474 
-2.853079 175.063019 139.106186 66.310402 181.774048 173.054810 6.108099 176.496994 161.723892 89.318245 152.960663 203.544510               3485 
-2.896598 175.219849 138.996994 66.139557 181.411865 173.057678 6.141827 176.251984 161.370605 88.909912 152.203125 203.348846               3498 
-3.025169 175.685532 139.017929 65.958122 180.823837 173.289368 6.099643 175.989944 161.286194 88.478897 150.962173 203.127106               3511 
-3.141754 176.196732 138.971313 65.828903 180.405060 173.454376 6.381614 175.360962 160.902115 88.170639 150.083679 202.961227               3525 
-3.347124 176.052826 140.125015 66.136452 180.092392 173.559540 6.779233 174.659683 161.626740 88.935509 149.667450 202.606400               3538 
-3.536875 175.803802 140.247360 66.099106 179.753540 173.473724 6.950542 173.871140 161.541733 89.048958 149.424118 202.501724               3551 
-3.786740 176.123611 140.243790 66.062347 179.480530 173.376434 7.042134 173.417023 161.514755 89.114258 149.085342 202.254379               3565 
-4.352898 176.573425 141.114883 66.428055 178.520538 173.022934 7.257823 172.758545 162.415115 89.854446 148.068085 201.536896               3579 
-4.503894 177.325073 141.213776 66.860809 178.120697 172.603912 7.610095 172.573792 162.732620 90.415543 147.788452 201.140274               3592 
-4.811546 177.983582 141.245743 66.911972 177.469360 172.495850 7.622652 172.169006 162.998062 90.497398 146.965469 200.823120               3607 
-5.044070 178.643906 140.941437 66.855255 177.163437 172.268768 7.546413 172.053314 162.910675 90.401031 146.501190 200.457733               3620 
-5.240327 179.281281 140.736801 66.850708 176.676056 172.088074 7.488640 171.893127 162.934219 90.310013 145.818161 200.135269               3635 
-5.547257 179.498550 140.572144 66.653236 176.460678 171.697235 7.274616 171.772186 162.662262 90.156097 145.332565 199.407349               3649 
-5.798721 179.698868 140.485886 66.504120 176.304718 171.343369 7.101061 171.740936 162.458450 90.032196 144.954193 198.779984               3664 
-5.715401 179.695572 140.707153 66.681442 176.151352 171.258209 7.234418 171.744690 162.593155 90.177650 144.794495 198.714905               3678 
-5.627110 179.611801 140.830658 66.768990 176.110825 171.249191 7.313372 171.678177 162.614868 90.244301 144.758240 198.728622               3693 
-5.553222 179.532852 140.984268 66.852592 176.080444 171.250778 7.397539 171.551483 162.640213 90.325798 144.744278 198.750732               3707 
-5.482141 179.726074 140.998581 66.808128 175.971054 171.215302 7.353450 171.659470 162.459457 90.071487 144.395615 198.619690               3722 
-5.406789 179.890961 141.105667 66.855141 175.682068 171.069702 7.369539 171.645248 162.337692 89.998032 143.732269 198.140182               3737 
-5.312871 179.806625 141.235291 66.843056 175.720749 171.018906 7.357151 171.649857 162.235336 89.950012 143.621704 197.943146               3752 
-5.133716 179.488297 141.557785 66.983757 175.948196 171.060196 7.506384 171.534775 162.318817 90.242386 143.891129 197.903717               3768 
-5.051859 179.235092 141.742599 67.001221 175.989685 171.059235 7.527854 171.390366 162.316025 90.304184 143.929352 197.860382               3784 
-4.975677 179.141846 141.844315 67.056549 176.015015 171.035492 7.574373 171.281464 162.319382 90.383080 143.962158 197.825043               3800 
-4.987708 179.091690 141.859528 66.983818 176.056961 171.095612 7.519605 171.127274 162.265091 90.305191 144.002075 197.887238               3817 
-5.028589 179.553116 141.688248 66.784966 175.718674 171.194046 7.336473 171.113876 162.007385 89.794708 143.187592 197.679398               3834 
-5.121971 179.937408 141.417435 66.609062 175.688187 171.025665 7.163415 171.222961 161.673019 89.437752 142.941376 197.401627               3852 
-5.246900 180.357193 141.237640 66.386887 175.672134 170.832840 6.944571 171.355988 161.317001 89.072540 142.583893 196.904358               3870 
-5.227943 180.597809 141.145355 66.202927 175.584610 170.735016 6.795998 171.440811 160.939774 88.671196 142.143936 196.543777               3888 
-5.080188 181.591263 141.090439 65.930794 175.218582 170.860825 6.578122 171.941681 160.433411 87.794731 140.753983 195.827866               3907 
-4.628417 182.051605 141.175323 66.461182 175.561600 170.451141 7.018740 172.531113 160.398788 88.197701 141.167404 195.625671               3925 
-4.547784 181.884613 141.365692 66.436317 175.566833 170.459991 7.001970 172.469009 160.336853 88.136696 141.048935 195.496002               3945 
-4.476574 182.067734 141.539429 66.444130 175.434952 170.377670 6.999876 172.536163 160.256393 88.053101 140.532196 194.954987               3965 
-4.444028 182.255783 141.664307 66.429169 175.323746 170.313965 6.978257 172.595413 160.202759 87.955795 140.097305 194.498581               3985 
-4.498271 182.816498 141.712173 66.350838 175.348740 170.168182 6.919320 172.869049 160.104233 87.698593 139.812454 194.056229               4005 
-4.574456 182.927231 141.827057 66.288048 175.376907 170.131042 6.897218 172.773804 160.107147 87.632881 139.740997 193.872849               4025 
-4.594412 182.776566 141.903290 66.305275 175.433762 170.123627 6.987619 172.445908 160.106277 87.704742 139.919846 193.998703               4045 
-4.618113 182.667038 141.960739 66.320930 175.485413 170.116898 7.065117 172.123871 160.092239 87.770424 140.082916 194.112244               4065 
-4.644472 182.934540 141.907104 66.225517 175.480652 170.113129 7.021783 172.143539 159.948395 87.529190 139.922455 194.007950               4085 
-4.663083 183.240952 141.955795 66.164574 175.466873 170.134125 7.011666 172.203796 159.886154 87.354012 139.702316 193.821609               4105 
-4.681696 183.340469 142.043030 66.140739 175.468460 170.113739 7.015397 172.206604 159.871109 87.297729 139.584381 193.649017               4125 
-4.729532 183.352554 142.127731 66.080368 175.496918 170.063339 6.982112 172.220139 159.842911 87.207138 139.530746 193.500244               4146 
-4.777905 183.593567 142.145645 65.989418 175.391388 169.921600 6.896435 172.381912 159.725922 86.954163 139.183426 193.130600               4167 
-4.813575 183.850906 142.161423 65.887321 175.296219 169.829391 6.825809 172.564560 159.605087 86.650978 138.868362 192.874481               4189 
-4.885124 184.330856 142.070175 65.716667 175.306015 169.726334 6.684803 172.892975 159.402649 86.247940 138.603683 192.542969               4211 
-4.889296 184.786392 142.005859 65.597130 175.267838 169.700607 6.603121 173.134476 159.213486 85.939285 138.219864 192.124680               4234 
-4.934468 185.010391 141.971268 65.483467 175.299210 169.624466 6.519978 173.309921 159.077667 85.715218 138.068771 191.845291               4256 
-5.100498 185.221680 141.805542 65.177864 175.319504 169.498108 6.273468 173.527679 158.790344 85.223167 137.881775 191.538910               4279 
-5.252493 185.343307 141.578384 64.873695 175.283966 169.306992 6.034281 173.690552 158.433624 84.728981 137.641342 191.170074               4302 
-5.339095 185.067291 141.567154 64.829086 175.502472 169.153305 6.021190 173.617844 158.402054 84.790665 138.046204 191.238541               4325 
-5.378113 185.109283 141.630356 64.831490 175.592911 169.078964 6.063308 173.568497 158.423248 84.818352 138.157089 191.176010               4348 
-5.420625 185.173203 141.701096 64.826073 175.713165 169.069427 6.129004 173.465302 158.462479 84.834045 138.330688 191.237549               4371 
-5.473832 185.219025 141.753067 64.768929 175.740814 169.116394 6.148239 173.320236 158.475296 84.756981 138.359436 191.304306               4394 
-5.498932 185.289627 141.760330 64.693024 175.673447 169.199234 6.152453 173.204987 158.453918 84.588493 138.240738 191.383835               4417 
-5.497539 185.294312 141.811844 64.693596 175.625488 169.220551 6.199319 173.090088 158.479019 84.561722 138.175583 191.400635               4441 
-5.522076 185.241638 141.844940 64.681343 175.637466 169.222717 6.247560 172.930969 158.476913 84.571579 138.212997 191.425888               4464 
-5.548042 185.182861 141.891998 64.671768 175.651978 169.226486 6.300931 172.761795 158.478210 84.588722 138.254990 191.452011               4488 
-5.590794 185.188766 141.958740 64.655624 175.740509 169.232056 6.335442 172.672012 158.502670 84.611511 138.376617 191.478302               4511 
-5.670196 185.025421 141.964737 64.594841 176.001297 169.312103 6.341763 172.550079 158.547729 84.651062 138.865952 191.848923               4536 
-5.699745 184.923615 141.977325 64.562111 176.058609 169.344910 6.361410 172.420654 158.529770 84.634712 139.006912 192.004486               4560 
-5.694039 184.754486 142.023499 64.572090 176.067108 169.341766 6.382243 172.322083 158.534042 84.677101 139.069580 192.061020               4585 
-5.676375 184.538208 142.075455 64.609467 176.052979 169.345657 6.419961 172.194916 158.578217 84.765877 139.141541 192.159210               4610 
-5.666420 184.407471 142.096191 64.629570 176.037354 169.341644 6.437730 172.121170 158.603485 84.803925 139.185898 192.236160               4636 
-5.673809 184.315720 142.084747 64.624641 176.031784 169.322372 6.414147 172.066559 158.629379 84.806931 139.223557 192.279358               4661 
-5.671832 184.198746 142.077286 64.628319 176.026199 169.292511 6.389011 172.026978 158.668564 84.814873 139.267242 192.324554               4686 
-5.575932 183.949982 141.962234 64.720444 175.754272 169.051682 6.424839 171.871704 158.548706 84.852730 138.953171 192.063950               4712 
-5.595564 183.329254 141.816208 64.683372 175.695633 168.886383 6.389872 171.596420 158.403580 84.879997 139.117218 192.195404               4737 
-5.700700 182.646027 141.552170 64.462944 175.489120 168.738785 6.190413 171.250977 158.111008 84.637062 139.033691 192.259003               4762 
-5.929797 181.650574 140.990387 64.071213 175.101303 168.370255 5.822240 170.771683 157.617554 84.128433 138.927490 192.419312               4787 
-6.009753 180.722824 140.461685 63.816147 174.608841 167.890961 5.568592 170.397720 157.111511 83.716888 138.543304 192.230865               4810 
-5.962981 180.182724 140.671448 63.931160 174.480011 167.568741 5.610644 170.361710 157.245010 83.907356 138.518753 192.000977               4833 
-6.993105 176.445618 138.036606 62.849575 173.676376 165.097885 4.596122 168.264297 155.206314 83.361694 139.367630 191.391556               4856 
-7.025944 177.595261 138.629959 62.828499 174.098923 165.204224 4.465065 169.593658 155.749634 83.081467 139.276779 191.019516               4878 
-7.011520 177.519577 138.755524 62.765560 174.206741 165.231033 4.365686 170.045288 156.030289 82.877213 139.468369 191.268707               4896 
-6.870718 177.799393 139.070557 62.838806 174.285095 165.328537 4.389430 170.696945 156.374939 82.725250 139.367981 191.300034               4914 
-6.871617 177.540741 139.179688 62.789314 174.254150 165.296936 4.346888 170.771469 156.450363 82.637749 139.370285 191.342102               4932 
-6.871279 177.454193 139.429657 62.775177 174.283493 165.316864 4.329884 170.921356 156.600037 82.615242 139.342026 191.291077               4950 
-8.248107 174.445679 137.239822 61.268658 174.064377 163.272934 3.005451 168.977890 154.552643 82.010872 140.150482 189.896255               4968 
-8.071932 174.166855 137.721298 61.309147 174.107117 163.484116 3.108886 169.269516 154.874588 81.971161 140.089142 190.036942               5002 
-7.945089 174.097794 138.274979 61.378098 174.265991 163.719894 3.228275 169.597305 155.252167 82.030266 140.133102 190.132538               5038 
-7.924535 173.929260 138.599136 61.412571 174.326767 163.843582 3.293134 169.629730 155.523163 82.134644 140.259323 190.285950               5054 
-7.925370 173.737946 138.823425 61.408520 174.376511 163.869461 3.342339 169.689362 155.708847 82.188301 140.356628 190.327774               5071 
-7.911285 173.566071 139.105316 61.439224 174.470963 163.941727 3.426282 169.738937 155.948288 82.309547 140.520798 190.418320               5088 
-7.884084 173.427292 139.378204 61.475918 174.486404 164.061340 3.531903 169.754608 156.185745 82.398209 140.550385 190.515015               5104 
-7.871331 173.322372 139.487686 61.479923 174.497910 164.086075 3.595005 169.773773 156.270889 82.427574 140.560226 190.517578               5121 
-7.863890 173.245529 139.574203 61.480637 174.495804 164.104340 3.655474 169.794632 156.346664 82.442848 140.545242 190.507736               5138 
-7.880823 173.204315 139.642059 61.458923 174.487350 164.129013 3.696104 169.809921 156.416367 82.427422 140.513229 190.497086               5155 
-7.892174 173.167770 139.705124 61.441818 174.485321 164.125137 3.741603 169.851486 156.476166 82.410706 140.480255 190.452988               5174 
-7.813890 173.401764 139.832596 61.468956 174.746094 164.258698 3.810966 170.357239 156.646225 82.225723 140.926498 190.990417               5192 
-7.679440 173.464905 139.992783 61.502731 174.727921 164.452072 3.900328 170.646790 156.800766 82.043983 140.839981 191.263626               5210 
-7.596321 173.695267 140.094055 61.485546 174.847183 164.581894 3.931820 171.121460 156.912766 81.798889 140.871353 191.455765               5229 
-7.557833 173.754166 140.212585 61.481030 174.864792 164.644852 3.975164 171.385971 157.076172 81.687027 140.832504 191.528214               5247 
-7.527441 173.450104 140.394104 61.505547 174.808868 164.761475 4.057361 171.201797 157.250946 81.801880 140.852768 191.673096               5266 
-7.416719 172.900650 140.910110 61.611912 174.912750 165.230621 4.275930 170.817703 157.762756 82.173981 141.245377 192.302811               5287 
-7.276935 172.368103 141.286865 61.731468 174.999954 165.604691 4.526215 170.437744 158.105255 82.501488 141.647720 192.907227               5309 
-7.266316 172.315384 141.443390 61.790447 175.008774 165.713303 4.659684 170.325317 158.214798 82.630692 141.688873 193.001801               5330 
-7.322034 172.376282 141.465103 61.801842 174.977036 165.771729 4.725958 170.234787 158.250427 82.670769 141.651749 193.031723               5352 
-7.379653 172.447861 141.474686 61.812843 174.937347 165.813583 4.780016 170.155060 158.282715 82.706551 141.601593 193.041779               5373 
-7.367991 172.337769 141.760468 61.956001 174.797607 165.949570 4.934857 169.910049 158.568039 82.989845 141.487259 193.100861               5394 
-7.388206 172.473938 141.928497 62.035164 174.870941 166.009155 5.002069 170.020767 158.764267 83.077591 141.693954 193.316605               5416 
-7.439664 172.611298 141.970978 62.064156 174.859680 166.049332 5.032009 170.052032 158.864014 83.104004 141.730103 193.416260               5437 
-7.456658 172.960815 142.065186 62.098209 174.914322 166.195145 5.066752 170.275818 159.022629 83.063072 141.723190 193.545044               5458 
-7.471734 173.310364 142.154938 62.123333 174.970398 166.338501 5.095968 170.512482 159.176132 83.011543 141.703735 193.655273               5479 
-7.254126 173.606354 142.359024 62.335636 174.916458 166.703705 5.310314 170.720932 159.473572 83.067902 141.550293 194.017914               5501 
-6.965790 173.652969 142.684692 62.577976 174.817078 167.163834 5.551593 170.827789 159.865692 83.173279 141.427261 194.552643               5523 
-6.762950 173.551880 142.972397 62.775101 174.948898 167.509323 5.748152 170.910110 160.228836 83.381317 141.811234 195.194565               5545 
-6.668900 173.285049 143.233810 62.903351 175.057907 167.850983 5.874311 170.855743 160.605713 83.555595 142.390015 196.055374               5566 
-6.631727 173.247253 143.163727 62.998734 174.856232 167.972824 5.946769 170.828659 160.700867 83.510658 142.419144 196.543625               5589 
-6.628838 173.333557 143.017868 63.084332 174.608734 168.077850 5.994499 170.855377 160.786438 83.431465 142.311508 196.923584               5611 
-6.495440 173.151199 143.138412 63.339169 174.338440 168.328659 6.205704 170.758026 161.126221 83.581505 142.452209 197.700592               5633 
-6.481328 172.777649 143.238174 63.518181 173.965393 168.508987 6.371665 170.257126 161.380005 83.826012 142.415146 198.196823               5656 
-6.592810 173.143082 143.144806 63.610283 173.939453 168.539536 6.425226 170.287704 161.482162 83.913506 142.534958 198.384644               5678 
-6.627303 173.429398 143.101563 63.732628 173.888474 168.594879 6.496622 170.338486 161.602554 84.010216 142.598221 198.577103               5700 
-6.369339 173.799255 143.337708 64.115341 173.816788 168.876816 6.817361 170.461197 161.939590 84.342827 142.468491 198.832230               5722 
-5.934196 173.403641 143.850739 64.575447 173.789383 169.615417 7.261749 170.145981 162.593277 84.889801 142.811783 199.895920               5744 
-5.980009 173.803024 143.789719 64.638756 173.777161 169.696945 7.273249 170.243423 162.662628 84.924332 142.726501 199.921860               5767 
-6.126554 174.420013 143.599609 64.632835 173.836166 169.797592 7.221068 170.367447 162.704620 84.898804 142.711884 199.959869               5789 
-6.221742 174.849823 143.512711 64.651054 173.894592 169.848984 7.183897 170.496918 162.759155 84.918427 142.729553 199.968216               5811 
-6.316209 175.152039 143.448196 64.601044 173.911438 169.821106 7.082584 170.637131 162.719757 84.846375 142.595871 199.798691               5833 
-6.511712 175.418884 143.405609 64.454597 173.817017 169.713882 6.906130 170.656754 162.612503 84.714584 142.179581 199.341568               5854 
-6.766397 175.619156 143.337509 64.238083 173.833710 169.554138 6.670179 170.642166 162.437531 84.595322 141.878906 198.771713               5876 
-6.997476 175.786636 143.290970 64.065727 173.860565 169.357086 6.476440 170.631714 162.265503 84.534309 141.643646 198.206711               5898 
-7.231035 176.271805 143.198380 63.876003 174.112488 169.092697 6.252162 171.054626 162.076401 84.318962 141.740051 197.785980               5920 
-7.418018 176.847794 143.062241 63.690243 174.342087 168.868652 6.037674 171.579468 161.864380 83.997169 141.803497 197.470459               5942 
-7.626315 176.791779 142.978912 63.497833 174.320465 168.687210 5.832597 171.570892 161.711990 83.823784 141.770569 197.262604               5964 
-7.814901 176.730652 142.886658 63.332096 174.366470 168.464600 5.652111 171.622894 161.550888 83.685959 141.873596 197.085007               5986 
-8.028239 176.585159 142.779999 63.162060 174.280197 168.191589 5.454822 171.635544 161.405640 83.499718 141.942505 196.998672               6008 
-8.152704 176.514175 142.693375 63.056488 174.231094 167.998947 5.328101 171.680786 161.283066 83.367645 141.977722 196.919006               6030 
-8.200146 176.260315 142.845444 63.035099 174.275330 168.069458 5.306578 171.483475 161.346054 83.503578 142.079941 196.943192               6053 
-8.271974 176.346329 142.971375 62.953754 174.534348 168.100861 5.227620 171.642731 161.347946 83.497269 142.286728 196.862793               6075 
