10.556430 178.850449 118.642502 38.759392 204.159348 97.949936 -9.830345 215.854797 173.511597 81.416946 185.800919 114.677277                  0 
10.238536 178.897217 118.609009 38.745037 204.134415 97.979263 -9.890609 216.012573 173.044556 81.406517 185.704926 114.618202                 17 
9.574058 178.367630 118.748077 37.956787 203.856232 98.195869 -9.782264 215.210922 173.417206 80.786758 185.102432 114.019615                 34 
9.541884 178.140396 119.022621 37.497482 203.965149 98.309761 -8.881105 214.605347 174.121002 80.647072 185.069656 113.060226                 51 
9.635180 178.128693 119.131836 37.354568 204.133209 98.451111 -8.521617 214.343643 174.113708 80.596756 184.999161 112.611061                 69 
8.283987 177.902893 118.832771 35.982338 204.219543 98.621208 -10.014028 213.296371 173.688492 79.198547 184.677475 112.294907                 86 
8.597509 178.502731 119.462090 35.899265 204.587265 98.786133 -9.427544 214.355423 173.701248 79.206406 184.964844 112.050911                104 
8.756500 178.812805 119.773834 35.758385 204.834579 98.938774 -9.284948 214.814697 173.508484 79.111649 185.110123 111.898064                121 
8.896727 178.998535 120.045212 35.667007 205.011093 99.099915 -9.285450 215.144562 173.345367 79.085930 185.336273 111.914001                138 
9.102115 178.982925 120.215096 35.612839 205.058594 99.246208 -9.353239 215.110794 173.242142 79.102745 185.477234 111.962387                156 
9.029960 179.315414 120.535118 35.158863 205.341156 99.272255 -10.260255 216.107727 172.769974 78.798386 186.411652 112.454376                173 
11.337032 180.086105 121.862938 38.419762 205.034607 100.737068 -9.153261 218.723923 172.266617 81.245850 185.692520 115.847084                190 
12.233456 179.720795 121.090294 39.672993 205.197830 101.103951 -10.069118 217.532715 171.269257 82.217247 185.993317 117.156242                208 
12.290999 179.501648 120.919540 39.687725 205.197189 101.158920 -10.302492 217.001175 171.129089 82.256203 186.038223 117.201401                225 
11.416443 179.539841 120.536095 39.102150 204.876617 100.616837 -10.999592 217.889481 170.145020 81.506218 185.621338 116.976288                242 
11.458461 179.306442 120.586258 38.990829 204.592941 100.364151 -10.846939 218.130096 169.851669 81.533722 185.614380 116.686493                260 
11.489836 179.186508 120.616104 38.929039 204.461304 100.223701 -10.738797 218.308929 169.664780 81.558716 185.642639 116.504700                277 
11.569638 179.362656 120.763100 38.988663 204.560120 100.250328 -10.483494 218.743439 169.674759 81.632820 185.719803 116.468254                294 
11.705022 179.536942 120.947884 39.001038 204.661652 100.221245 -10.296415 219.270386 169.606323 81.706337 185.950485 116.427811                312 
11.778646 179.649094 121.094902 39.012939 204.722626 100.234543 -10.125604 219.651337 169.583847 81.753555 186.061005 116.405075                329 
11.969030 179.947357 121.566200 39.044800 205.030136 100.505020 -9.432056 220.001282 170.237091 81.908768 186.289856 116.252563                347 
12.383776 179.384781 121.732323 39.150944 205.272934 101.244812 -9.964366 218.775528 170.643448 82.240959 187.087692 117.026146                364 
12.666855 178.993652 121.834900 39.226425 205.445587 101.770897 -10.251568 218.349350 170.635590 82.469193 187.658356 117.587975                381 
12.823944 178.751648 121.888741 39.272781 205.551620 102.094017 -10.561510 217.924225 170.453247 82.605965 188.009933 117.937851                398 
12.676540 178.680801 121.864967 39.193577 205.684875 102.329300 -10.759387 217.723480 170.327820 82.529984 188.059372 118.070961                416 
12.804204 178.570908 122.228401 39.320881 205.560486 102.603371 -9.879763 217.704926 170.648529 82.718864 187.545288 117.721909                433 
12.708314 178.587845 122.310410 39.395771 205.474319 102.587662 -9.743170 217.935898 170.018738 82.800247 187.355164 117.562653                450 
12.392708 178.717453 122.146439 39.422558 205.553116 102.522568 -9.880890 218.111084 169.372314 82.793274 187.347427 117.490417                468 
10.129086 179.038818 120.531326 37.883907 205.187958 100.868179 -10.433068 218.988586 167.981079 80.858871 185.691376 115.343628                485 
9.376264 179.401398 120.166855 37.760910 204.997681 100.507141 -10.077730 220.231873 167.448914 80.409256 184.786865 114.968971                502 
8.728041 179.501404 120.123085 37.423229 204.527100 100.154625 -9.858950 221.581329 166.862839 79.902405 184.048920 114.737686                520 
-0.220935 192.653931 129.838898 18.741684 210.944519 99.405380 -13.225079 240.547897 175.762772 64.324173 195.780670 110.754250                537 
-0.821927 194.486877 127.417534 16.345676 209.893585 96.559181 -12.570866 242.885178 175.933701 61.037460 193.065536 109.047722                554 
3.210148 193.098907 125.623260 19.300850 209.363480 95.860138 -10.477093 239.145142 177.051239 63.525669 191.559601 108.654274                572 
6.531984 191.061279 123.452614 22.984365 208.797058 95.296440 -10.254945 234.323593 176.893524 66.553207 190.192245 109.157158                589 
8.562461 189.553894 122.392929 25.932846 207.965225 95.546738 -9.513248 231.024811 177.124023 68.457359 187.617920 110.180779                606 
9.575195 188.925827 122.024025 27.054794 207.648712 95.641975 -9.465038 229.511932 177.115479 69.166382 186.631393 110.521141                624 
8.229677 189.857101 122.704453 23.972387 208.934021 95.622261 -15.378938 230.713654 175.822449 67.578835 192.309631 111.703613                641 
6.994165 190.266068 122.663757 22.009960 208.178513 94.416359 -17.759682 233.479889 173.400940 66.097839 193.714081 111.255051                659 
6.998009 190.584015 122.971031 21.901960 207.820831 94.288422 -17.332243 234.955154 172.957016 65.957428 193.351639 111.207642                676 
6.938798 190.336853 123.353394 21.955631 207.354355 94.611252 -17.143660 235.044327 173.175751 65.888145 192.605484 111.608536                693 
7.097872 190.029663 123.621704 22.245453 206.898911 94.871262 -16.882381 234.954208 173.311966 66.053535 191.923752 111.991386                711 
7.069240 189.689117 123.946823 22.100269 206.529358 95.173531 -16.691998 234.611893 173.789200 65.899788 191.350540 112.135483                728 
6.544077 189.526489 124.399323 21.279688 206.170898 95.413048 -16.149939 234.697723 174.521454 65.126152 190.465805 111.763580                745 
5.240062 189.341751 125.021935 18.885315 205.593292 95.335091 -17.971508 235.152466 174.327774 63.448574 191.559128 111.261818                763 
4.979904 189.309265 125.126945 17.721554 205.484711 95.041138 -18.280325 235.165665 174.377167 62.806488 192.393326 110.288002                780 
5.235849 189.253952 125.380554 17.689737 205.404236 95.312584 -17.816147 235.024887 174.890488 62.758179 191.972443 110.310089                797 
5.817769 189.143158 125.797302 17.993176 205.403107 95.736481 -16.523293 234.679214 175.871979 63.101257 191.502151 110.176949                815 
6.246265 188.859680 125.933525 18.033964 205.360428 95.892281 -15.700108 233.938751 176.607971 63.293785 191.357544 109.747620                832 
8.529067 187.473526 126.099205 18.670729 203.002136 95.003212 -13.934277 233.906799 175.322296 64.855858 191.502991 108.087776                849 
10.228115 186.947784 126.445404 20.477432 202.618729 95.492264 -10.809949 233.247726 176.436447 66.443756 189.777267 108.089745                867 
11.779591 184.665314 124.598587 21.592237 202.491867 94.699409 -12.202620 227.040878 176.699081 67.986923 191.261734 107.266014                884 
13.897326 183.678467 120.442154 26.839857 205.763535 94.860474 -11.785409 217.887589 177.501328 71.518845 189.614243 108.257896                901 
16.067339 182.338196 118.590851 31.489456 207.818542 97.868713 -9.851752 207.479263 179.826736 74.462486 186.385834 109.290611                919 
14.567226 184.904770 116.596512 30.961559 210.850433 96.916138 -12.405208 209.202393 177.479050 73.308540 188.349350 108.618164                936 
14.279992 186.757660 116.467873 31.168076 212.616623 96.884697 -12.835422 211.624252 176.876556 73.175819 189.589920 108.785255                953 
14.465716 186.781921 116.062508 31.205549 213.189163 96.659058 -13.027913 211.244415 176.245575 73.510529 190.633041 108.406952                971 
14.408877 186.727432 115.816513 31.253942 213.498871 96.523247 -13.173205 211.134872 175.795227 73.680733 191.134186 108.197624                988 
14.200341 186.492233 115.640053 31.226055 213.580353 96.436737 -13.374906 211.087097 175.502640 73.668678 191.240341 108.100784               1005 
14.030813 186.209778 115.558411 31.206705 213.620667 96.404022 -13.525889 211.133514 175.270004 73.659241 191.291595 108.052933               1023 
13.510448 185.694275 115.154991 30.945150 213.405930 96.236794 -14.098490 211.276321 174.764191 73.251335 190.835510 107.952850               1040 
13.234451 185.383881 114.962326 30.801203 213.253632 96.196838 -14.473213 211.526733 174.465652 72.985672 190.493713 107.984932               1058 
12.900093 185.073090 114.921555 31.406414 212.503754 96.258110 -14.546563 212.996338 174.091919 72.785812 188.586777 108.596123               1075 
12.367731 181.469360 114.517632 29.861032 208.596832 94.407631 -12.943154 211.904510 173.812729 71.861420 185.351730 105.902657               1092 
12.150126 180.843002 115.683525 29.254070 207.360062 94.463280 -12.204419 213.832993 174.196594 71.357574 184.324966 106.003731               1110 
11.927732 181.091965 116.224976 28.803970 207.267319 94.452438 -12.133845 215.429108 174.116608 70.941238 184.330490 106.065170               1127 
10.994595 181.474197 118.123466 27.399942 207.024475 95.308350 -13.695081 217.928253 174.334763 69.882896 185.172379 107.725555               1144 
10.619297 182.747040 119.532768 27.001934 207.409103 95.773712 -14.716474 221.370331 173.638290 69.491501 186.156906 109.170853               1162 
10.446804 183.440094 120.276207 26.790531 207.613388 96.020882 -15.516924 223.070602 172.861328 69.289558 186.705185 109.919891               1179 
10.614150 183.448883 122.733459 26.511974 207.174667 97.762794 -15.416878 224.016739 174.221573 69.294807 186.859848 111.671066               1196 
10.080009 182.766281 125.301506 24.631985 206.472076 99.515228 -14.666457 223.400513 177.148499 68.199707 186.833298 111.871391               1214 
10.449174 182.914520 125.767731 24.923841 206.271912 99.632141 -14.286220 224.197983 176.945984 68.509064 186.745712 112.104439               1231 
10.727816 182.747192 126.700630 24.901955 205.893936 100.224068 -13.732698 224.413269 177.581116 68.630150 186.534515 112.453537               1248 
11.166583 182.077896 127.733170 24.773947 205.079514 100.844315 -13.212350 224.012741 178.335526 68.833565 186.272583 112.741882               1266 
11.471093 181.791779 128.309784 24.712660 204.705307 101.171913 -12.810213 223.871628 178.759949 68.968849 186.197601 112.806206               1283 
11.940685 181.998306 128.542068 24.999023 204.837311 101.260101 -11.682287 224.193741 179.142227 69.277283 186.098846 112.431892               1300 
12.390393 182.294144 128.811234 25.068842 205.072571 101.336708 -11.232471 224.376022 179.159698 69.515190 186.510284 112.128670               1318 
12.905028 183.018417 129.639618 25.159676 205.724319 101.947838 -10.583711 224.967361 179.722656 69.770378 187.262405 112.221367               1335 
13.126893 183.100281 129.799591 24.934769 206.096954 102.184624 -11.413329 223.775223 179.218216 69.790138 187.984985 112.005745               1352 
13.518388 183.009201 129.927399 24.981163 206.183060 102.343346 -11.994721 222.314560 178.322342 69.974556 188.142334 111.650848               1370 
14.347629 183.411743 130.007339 25.440712 206.449860 102.185226 -11.816449 222.266953 177.448898 70.604515 188.719193 111.260315               1387 
15.662598 183.276581 130.084732 26.567444 206.246582 102.281502 -10.728560 221.709167 177.257202 71.721100 188.370880 111.119438               1404 
16.746656 183.273468 130.225113 27.302341 206.039154 102.308571 -9.911209 221.592590 177.047897 72.526512 188.262726 110.984703               1422 
18.991449 182.890015 129.917343 28.558523 206.343475 102.372604 -6.768118 219.618637 178.270111 74.056305 188.487213 109.272461               1439 
21.053570 182.988037 128.521271 30.026983 207.282654 101.597839 -3.163316 218.032852 178.662796 75.483246 188.677582 106.505196               1474 
21.689070 183.080200 128.123154 30.423344 207.536148 101.388718 -2.219589 217.579041 178.708176 75.859306 188.746750 105.751518               1491 
19.901041 189.338776 123.423492 29.578640 211.834213 95.339203 -3.807435 227.490784 171.279709 74.452911 192.203964 101.459328               1508 
19.445108 193.233353 117.766106 30.006195 214.814484 89.300980 -2.449413 233.125870 164.875977 73.949860 193.217987 95.549820               1526 
18.935263 195.585922 114.842545 30.288034 216.777802 86.550179 -1.076249 235.978424 162.216049 73.124702 192.963882 92.417061               1543 
17.043669 198.422256 105.470276 29.551374 217.645355 76.317383 -4.113200 241.844925 149.395218 71.854248 193.760696 85.063408               1561 
19.107815 203.737900 98.504898 31.977444 220.732117 68.253960 1.603107 250.303223 140.709686 72.888130 194.601883 77.199844               1578 
22.088020 200.152191 88.975227 36.743534 219.542419 61.139778 7.063954 243.852676 135.548111 75.727219 190.026062 67.889542               1595 
19.853781 204.001282 76.604111 36.832138 221.183273 48.716862 7.955932 251.000519 121.234100 72.967384 188.717285 57.475075               1613 
18.455345 206.897903 66.015457 35.937508 224.451996 38.743637 6.981663 253.463470 111.460838 71.526085 191.304306 47.180832               1630 
13.072099 212.883301 52.004940 31.119673 230.084229 24.956785 -0.071003 260.412720 96.140274 66.723747 197.429855 35.083206               1647 
7.805276 217.989670 37.758224 29.063530 235.640762 13.490931 -8.552217 264.254272 82.130356 62.458469 201.465973 25.874975               1665 
-1.033808 224.852249 19.326353 21.664927 241.262634 -4.488958 -21.052282 273.665039 59.215309 54.503937 208.514023 12.411637               1682 
-28.460947 224.906372 -16.265299 26.487501 242.739853 -15.398618 -31.823399 238.492020 -6.871504 57.902077 214.762650 10.425854               1699 
-37.229958 224.569504 -48.581059 24.235092 244.072556 -31.050995 -29.578459 228.660614 -42.704544 51.925537 220.356995 2.225335               1717 
-44.751842 230.108459 -72.435074 18.142237 249.199524 -48.153034 -34.407665 231.321503 -64.843742 43.774937 227.274551 -12.114686               1734 
-51.420177 228.094238 -87.758476 12.424452 250.586304 -66.048401 -39.775627 229.328064 -80.308159 39.771294 232.575211 -29.112600               1751 
-57.958336 232.125244 -104.036743 7.043928 252.779404 -82.847893 -45.902218 233.029099 -96.596252 33.327198 235.801254 -44.671535               1769 
-59.678024 235.000549 -113.586197 6.446184 253.014954 -95.385544 -47.974197 236.658371 -107.914253 32.150856 235.402847 -57.102570               1786 
-63.356480 241.924118 -125.503738 3.671744 254.680588 -108.038620 -51.828934 243.798447 -121.501175 27.264914 234.194458 -69.826279               1803 
-66.732025 247.677567 -137.359818 0.533798 256.659210 -119.213936 -54.966614 249.382889 -134.259827 22.458956 233.425400 -81.584427               1821 
-71.656258 256.593231 -154.778229 -4.652523 261.769379 -134.632599 -59.470901 257.606750 -152.328842 14.830922 236.298004 -97.107864               1838 
-73.429413 264.330292 -169.826614 -7.518569 266.481018 -146.057159 -61.180157 264.814880 -167.291519 8.821491 239.237946 -108.277267               1855 
-71.772232 269.057007 -185.521912 -8.897859 271.162537 -154.568481 -59.856873 269.630402 -181.727219 3.549399 242.944168 -116.028976               1873 
-76.337929 274.462341 -198.489151 -14.457319 272.211945 -165.569199 -64.517227 274.433289 -194.359467 -4.059732 240.642136 -129.076187               1890 
-79.516327 274.796906 -205.998627 -17.121534 270.958588 -174.183548 -67.459343 274.452332 -202.274765 -7.845418 241.432175 -135.730347               1907 
-85.328827 272.453949 -216.538879 -21.830484 276.393799 -186.969940 -72.113319 272.848541 -214.193848 -9.199722 251.845383 -146.051224               1925 
-85.618301 276.788208 -222.478668 -22.262295 281.578461 -192.702637 -71.683533 276.756744 -220.699020 -10.185571 259.070801 -150.464508               1942 
-88.022758 288.311981 -232.813156 -23.850206 283.036743 -204.910660 -73.543266 284.329865 -232.017746 -14.516828 260.497955 -161.999191               1959 
-89.131538 291.848999 -236.869064 -24.900152 282.581024 -210.115738 -74.648682 284.943268 -236.540970 -16.325829 261.325134 -166.398804               1977 
-90.316643 292.227386 -237.737961 -25.783381 282.146515 -211.936996 -75.565163 282.714569 -237.675110 -16.802288 261.912689 -167.818588               1994 
-91.592194 291.789246 -239.167603 -26.894033 282.491547 -213.376541 -76.593666 280.839508 -238.877243 -17.642307 264.218262 -168.465561               2011 
-92.329674 300.760529 -246.324203 -30.547699 280.306030 -219.793091 -79.878426 285.704254 -245.139908 -24.463768 264.622650 -173.387054               2029 
-91.781807 304.719086 -248.648178 -31.787430 280.278198 -221.283234 -80.550171 287.100464 -246.930939 -26.978954 265.372437 -174.472992               2046 
-94.449471 304.062866 -249.069504 -34.178776 279.222931 -222.572891 -83.652664 285.025848 -246.715118 -27.969318 266.669098 -175.240585               2063 
-95.739403 303.822174 -249.405518 -35.349472 278.706329 -223.204254 -85.206001 284.646973 -246.533386 -28.392956 267.264526 -175.694305               2081 
-96.561226 303.268250 -249.423111 -35.901257 278.512207 -223.462067 -86.036667 284.166199 -246.426987 -28.457672 267.758270 -175.865341               2098 
-96.998299 302.992340 -249.473755 -36.182274 278.413330 -223.593384 -86.479858 283.980560 -246.408447 -28.490482 268.008667 -175.958496               2115 
-97.376358 303.018982 -249.182007 -36.298515 278.736237 -223.640518 -86.761215 284.604858 -246.420227 -28.341675 268.337708 -176.047852               2133 
-97.626053 302.618500 -248.400116 -36.364803 278.991455 -223.777695 -86.874222 285.020874 -246.985718 -28.687347 268.758026 -176.103424               2150 
-98.965172 301.701752 -248.310318 -36.910267 279.793274 -224.217438 -87.678635 284.488464 -247.284470 -28.810658 270.030029 -176.514420               2168 
-100.244789 300.008575 -249.264862 -37.559311 279.904816 -225.419693 -88.605751 284.107788 -248.617783 -29.137825 270.811951 -177.639984               2185 
-100.856422 298.918579 -251.849289 -38.174721 280.088165 -227.103027 -89.176964 284.072632 -251.064529 -30.115929 272.476074 -179.002975               2202 
-101.127983 298.114594 -250.948959 -38.066868 279.687805 -227.073944 -89.375183 283.683594 -250.585007 -29.411613 272.495728 -179.012909               2219 
-101.315872 297.517181 -250.281433 -37.984997 279.383911 -227.051865 -89.377808 283.329163 -250.305756 -28.878736 272.511627 -179.027390               2237 
-101.433418 297.105499 -249.787659 -37.927975 279.172211 -227.036484 -89.297295 283.239197 -250.216110 -28.508574 272.523132 -179.041000               2254 
-101.110229 297.044922 -250.143600 -37.878063 278.918030 -226.969650 -88.991432 283.540894 -250.724167 -28.849602 272.578217 -178.857315               2272 
-100.732750 296.390930 -250.781372 -37.616604 278.689178 -226.996857 -88.339508 284.646088 -251.659760 -29.021814 272.465637 -178.790009               2289 
-100.578209 296.138824 -250.818008 -37.471661 278.629028 -227.042648 -88.014565 285.948975 -252.142487 -28.945795 272.610870 -178.797501               2306 
-100.299500 294.901947 -249.698151 -36.836357 278.183563 -226.585938 -87.572258 284.965057 -251.388992 -27.874887 272.507599 -178.378281               2324 
-99.301147 296.252472 -250.323181 -36.238132 278.858826 -226.868500 -86.658020 286.258057 -252.170563 -27.821011 273.019135 -178.582352               2341 
-98.927238 296.107300 -249.958923 -35.709209 279.867981 -226.381210 -86.040833 286.517487 -252.136826 -27.722464 273.345764 -178.109329               2358 
-98.736023 298.202545 -246.771439 -35.251225 281.033020 -224.858551 -86.033852 288.117035 -249.539703 -26.616617 273.037323 -176.920929               2376 
-98.935257 300.603088 -243.992340 -35.547421 281.995392 -223.197174 -86.793549 288.432251 -246.777832 -26.520094 273.394867 -175.436935               2393 
-99.299301 300.958649 -236.826172 -35.709946 281.872925 -217.475388 -87.305016 288.069550 -240.334290 -26.424128 271.302277 -170.162201               2410 
-99.458023 301.049683 -233.693756 -35.777245 281.822205 -215.106018 -87.634598 287.764160 -237.586349 -26.377220 270.443512 -168.003281               2428 
-99.794533 301.744568 -230.624527 -35.846306 282.340820 -213.442825 -88.217064 288.318665 -234.959198 -25.786955 270.298737 -166.642197               2445 
-97.778397 310.420105 -216.587219 -36.950695 279.187805 -207.897308 -90.484818 291.483521 -221.086823 -23.004169 265.553955 -162.552902               2463 
-96.256599 312.773254 -205.000381 -37.375980 277.411865 -199.964752 -91.255646 289.331604 -209.188828 -22.556692 261.525360 -155.641953               2480 
-99.993866 312.568909 -201.247604 -43.330299 273.667908 -197.807724 -96.988937 287.179810 -204.922150 -28.070227 257.409912 -153.770126               2497 
-103.604599 312.943542 -195.225464 -49.347000 270.681335 -194.740143 -102.433472 286.953369 -199.681641 -33.877254 252.203400 -151.661667               2514 
-113.815231 305.673248 -190.242645 -57.919537 265.792725 -193.122818 -111.991722 279.241669 -193.602783 -37.668587 250.190903 -150.897415               2532 
-108.483841 310.337769 -197.013748 -57.401958 264.576080 -193.351242 -109.748886 283.453430 -195.942230 -38.223259 254.015320 -149.111542               2549 
-107.939560 311.860565 -197.313217 -58.575748 264.519836 -191.504532 -110.283401 284.966217 -194.717545 -39.436035 255.766556 -146.855301               2566 
-104.487160 303.493408 -178.576630 -64.133492 261.660187 -183.632843 -116.356552 280.927155 -185.264725 -43.362083 253.848724 -139.541656               2584 
-107.600685 288.401581 -152.100540 -62.531380 260.520386 -163.134048 -117.545845 267.051086 -168.714325 -44.681847 249.563400 -118.436829               2601 
-108.591965 282.269135 -136.949417 -60.974739 262.377106 -149.601547 -112.174118 287.363373 -159.634293 -44.206284 247.756546 -105.538414               2618 
-108.454956 270.505707 -124.735779 -59.349964 255.745682 -137.367004 -111.731522 285.610107 -147.763718 -42.443317 240.434998 -93.591995               2636 
-104.723679 260.449158 -109.003967 -56.574970 244.208862 -122.740784 -109.837936 273.930267 -134.320969 -36.643185 235.729080 -78.386307               2653 
-104.597397 257.878601 -101.420425 -56.911499 241.062271 -115.591393 -104.595497 282.209320 -129.570404 -36.030090 234.620102 -71.331161               2670 
-90.354813 259.344025 -76.870270 -46.075687 238.371094 -95.482254 -84.844208 291.816071 -102.223190 -24.925705 223.429840 -53.459171               2688 
-78.329613 255.912292 -58.375854 -35.957970 232.693924 -78.463699 -68.977188 290.880493 -81.393654 -16.521635 212.990692 -37.591778               2705 
-63.122154 261.431824 -46.218445 -25.548901 230.797409 -65.715279 -44.710922 295.184113 -66.355309 -13.448242 205.133545 -25.324162               2722 
-56.705601 264.067688 -30.830439 -21.486404 231.623520 -51.581993 -36.004372 297.324036 -50.204681 -10.886468 204.045578 -12.039601               2740 
-54.938377 264.851349 -24.083714 -20.478603 231.945999 -45.238098 -33.475716 298.039093 -43.267616 -10.368884 203.831039 -5.946300               2757 
-54.536903 264.843018 -15.271138 -20.330378 231.851593 -36.578938 -32.792847 298.114929 -34.429340 -10.364598 203.585800 2.641349               2775 
-46.271580 257.506744 20.784784 -12.228503 231.993484 -9.181186 -27.868710 295.529907 7.478930 2.343392 197.135025 22.584362               2792 
-42.681488 253.360413 34.725765 -8.785428 230.620514 2.515239 -25.399572 292.698212 23.408251 7.280982 194.245758 31.759903               2809 
-37.228088 242.956711 56.330723 -3.175738 227.703735 20.171705 -22.346304 284.643005 51.201698 15.631956 188.076782 42.809692               2827 
-34.747570 239.902206 63.536518 -0.974735 226.511856 26.438757 -20.478893 282.067200 59.773354 18.655277 186.362213 47.395180               2844 
-31.533295 238.053207 71.500610 1.488444 224.668915 33.773716 -16.680016 280.702911 67.567726 21.536306 184.560852 54.411766               2861 
-27.520617 235.078918 81.496529 5.212398 221.723816 43.548477 24.470749 283.931580 72.103516 25.402735 181.628891 64.072845               2879 
-24.341391 233.229279 87.434036 8.108031 220.062714 49.214401 38.080261 284.149689 76.033684 28.612795 180.033981 69.555443               2896 
-22.438173 232.433945 91.107559 9.913781 219.341324 52.813549 42.051258 283.824982 79.250046 30.498049 179.329483 73.107483               2913 
-12.725093 229.389114 104.999702 19.722788 217.784531 66.340599 51.368591 282.375427 94.027664 41.101124 177.722397 85.692451               2931 
8.377707 212.436157 112.830864 39.657669 212.315186 71.583771 51.698483 283.072723 99.780190 73.870384 180.604309 87.721085               2948 
16.097593 196.339325 116.462029 49.006783 207.273727 78.718033 28.100451 269.615997 128.367737 89.321365 186.061539 97.725403               2965 
20.792002 188.490463 116.868279 54.569714 203.578552 82.504852 22.593359 257.602112 141.351440 94.494865 183.216232 103.189651               2983 
21.572205 186.891312 121.264259 50.855297 204.069565 84.974144 9.695482 256.383423 141.282654 93.797234 192.900711 106.601646               3000 
25.916510 186.671661 127.257820 52.693691 204.107025 89.937836 12.416448 257.937714 148.283203 96.578011 195.271683 110.737000               3017 
27.224541 176.807739 128.549942 50.998150 199.987045 92.820343 3.329616 245.333618 153.518494 95.491585 196.408203 113.892326               3035 
29.568291 177.228699 134.708679 51.901306 200.207794 98.255127 17.234177 255.594681 165.617798 97.261635 194.731674 116.935463               3052 
30.901167 176.942902 138.711258 53.213711 200.363663 102.766441 33.091846 261.530243 177.232788 98.694527 191.235184 119.638580               3069 
32.202347 175.450745 139.988571 55.565628 199.721481 105.495567 42.828625 263.756836 177.466431 100.469917 187.369781 121.852295               3087 
31.036747 171.800034 141.760574 52.885860 200.436691 109.886009 37.800697 259.688354 185.101898 98.370766 189.296829 125.491447               3104 
32.026440 169.287048 144.905502 50.115013 200.809952 113.550262 34.317520 256.385101 191.333939 96.939667 192.542175 126.801590               3121 
31.480530 165.037704 140.672028 50.272346 197.653107 111.096031 27.585661 251.529663 187.587509 96.450020 190.572708 127.033203               3139 
31.018581 167.898453 142.648590 48.279102 199.012360 110.793503 15.630069 257.928192 179.030792 93.853058 198.294312 129.740845               3156 
34.644020 161.455292 143.978882 44.725876 194.190598 110.891670 -8.707255 245.295990 170.583710 87.037605 207.699829 132.425842               3174 
42.096603 159.074432 146.815887 44.323635 189.945877 110.852592 -15.672341 235.137039 168.098160 84.126099 212.922989 128.861450               3191 
40.913391 158.075745 145.225693 42.675003 188.749084 109.263107 -18.752081 232.797791 165.321518 81.878265 212.603439 127.444870               3208 
42.228653 158.763992 145.819519 42.865837 188.616776 109.340317 -19.784531 231.781204 164.371811 81.377533 214.024017 126.885216               3226 
40.931942 157.197418 142.934921 42.693378 188.294922 107.744301 -20.593277 230.603256 162.367020 81.125412 212.483612 127.093422               3243 
38.511536 158.655060 142.415924 42.628071 190.560913 108.320862 -18.271837 235.603607 163.198746 82.359787 211.544815 128.755386               3260 
37.247334 158.292068 140.375351 42.061565 191.992722 108.378510 -20.151136 234.012894 163.998199 81.267448 211.728485 130.959488               3277 
35.900291 158.202667 137.318192 42.566467 193.271545 107.395309 -19.847494 234.751434 162.963593 81.657433 210.537201 132.099472               3295 
32.361847 160.112122 136.018234 41.553699 195.583267 107.358353 -20.877352 238.772034 161.322174 80.414452 210.486206 133.896011               3312 
30.972252 160.958710 133.880844 41.460522 197.153946 106.676521 -20.214144 240.652557 161.150864 80.380829 209.988037 134.190125               3330 
30.413628 162.947220 133.926590 41.435123 199.022873 106.829819 -17.863228 244.469955 162.371582 81.121941 210.588272 133.805756               3347 
30.778723 162.635010 133.175659 41.257877 199.272690 106.685905 -15.900530 244.218491 164.846878 81.777702 209.933136 132.781906               3364 
29.326084 161.606079 128.672089 40.378567 199.319504 104.049911 -14.876642 242.790192 165.121750 81.430946 207.631332 130.167297               3382 
29.447596 161.201691 127.777596 40.009178 199.224686 103.476173 -14.856625 241.928009 165.451920 81.245453 207.544846 129.299561               3399 
29.690456 161.323837 127.559753 39.976757 199.228424 103.010292 -14.531823 242.295776 165.064346 81.352684 207.808929 128.523224               3416 
29.608761 161.471893 127.299698 39.796669 199.458359 102.876633 -14.352810 242.537369 165.209076 81.275681 207.924500 128.260056               3434 
29.555275 161.567673 127.031586 39.657040 199.631897 102.749680 -14.164944 242.673981 165.368713 81.233780 207.995377 128.006943               3451 
27.991777 163.127579 127.518776 38.498550 200.879486 102.959816 -14.464025 245.289352 165.323837 80.256798 208.871964 128.037125               3468 
28.349350 163.212799 128.064896 38.275208 200.951782 103.301331 -13.781814 245.669495 165.779526 80.399086 209.194855 127.676178               3486 
28.706387 162.172440 127.513458 38.299145 200.575653 103.713074 -12.292258 244.083725 167.780258 80.931801 208.082977 127.432243               3520 
28.802261 162.145416 127.767059 38.259327 200.809494 104.336792 -10.459140 243.993637 169.909943 81.493614 207.697357 127.137154               3538 
28.904322 162.091324 128.551971 38.572704 201.063919 105.677155 -6.595018 244.086441 173.710251 82.795349 206.551819 126.907867               3555 
28.432241 160.474487 127.472351 37.858639 200.042130 105.491440 -5.085360 241.548157 175.758163 82.705559 204.757614 125.566811               3572 
27.903435 159.905441 127.123703 37.286411 199.602493 105.258255 -5.397986 240.932983 175.699188 82.238029 204.508957 125.051720               3590 
27.686327 159.551910 127.257286 36.942535 199.207687 105.185310 -5.670122 240.831879 175.424316 81.949478 204.489441 124.755211               3607 
27.389444 160.113235 129.523056 36.127522 198.769760 105.556061 -5.012626 243.480606 174.706375 81.541901 204.942169 123.884674               3624 
27.452967 159.707794 129.214340 36.256245 198.798264 105.975800 -3.568541 242.440643 176.511032 81.966087 204.230835 123.797134               3642 
27.088587 159.452972 129.217545 36.347466 198.934357 106.840179 -1.814682 241.606842 178.826874 82.363007 203.118317 124.205856               3659 
26.448750 159.934814 128.619583 37.834286 199.845581 107.989403 1.815214 241.316589 181.721451 83.988235 200.958481 125.455856               3676 
26.365221 159.973618 128.795837 37.714996 199.799667 107.983025 1.032304 241.747879 180.700134 83.787033 201.200607 125.643921               3694 
25.021250 159.661545 129.432800 35.560410 198.383575 106.265495 -5.610039 243.927536 173.793732 80.836914 202.977127 125.381966               3711 
25.253716 158.535568 128.191864 35.728214 197.870010 106.104546 -5.563716 241.664185 174.371841 81.006737 202.018280 125.317818               3729 
24.988569 158.078400 127.511101 35.441093 197.536255 105.683533 -6.779067 241.020615 172.715240 80.575081 201.806152 125.207710               3746 
24.908640 156.719727 125.731750 34.954617 196.711029 104.744293 -9.344781 238.394394 170.947464 79.685654 201.510330 125.056938               3763 
24.627653 156.395554 124.901146 34.729088 196.521210 104.243805 -10.659279 237.993759 169.154083 79.191978 201.448456 125.107071               3780 
24.571255 155.944687 124.408676 34.769970 196.197891 104.104897 -10.749969 237.802856 167.939911 79.187370 200.909027 125.114471               3798 
24.367842 155.182327 123.057381 34.485046 195.738724 103.379906 -12.192418 236.611526 166.238358 78.591110 200.554260 125.012489               3815 
24.131681 154.132751 120.557236 34.673492 195.097977 102.035278 -13.368387 234.828506 164.222198 78.293022 199.401474 124.735924               3833 
23.315508 154.941391 120.957748 34.186817 195.836777 102.523384 -13.823465 235.993744 164.206436 77.747574 199.834534 125.392159               3850 
22.525427 155.707260 121.340744 33.717758 196.548828 102.993820 -14.259471 237.074265 164.272522 77.219048 200.252991 126.024658               3867 
22.064974 156.156250 121.562538 33.444485 196.963669 103.267899 -14.509708 237.733002 164.253372 76.909859 200.497299 126.393150               3885 
21.779346 156.416779 121.680252 33.286552 197.203415 103.426292 -14.651570 238.140854 164.189423 76.730743 200.638657 126.606110               3902 
21.560017 156.589935 121.742065 33.182041 197.362076 103.531113 -14.743663 238.428513 164.112595 76.612045 200.732269 126.747032               3919 
21.392742 156.715363 121.781395 33.106861 197.476196 103.606506 -14.808794 238.646210 164.036453 76.526573 200.799652 126.848404               3937 
20.857107 157.283524 120.675034 33.110622 198.375717 103.639687 -14.393283 238.522202 164.998276 76.535515 200.559311 127.006615               3954 
20.884329 157.203690 120.377388 33.125542 198.422165 103.642624 -14.311466 238.145386 165.260590 76.586418 200.482376 126.953789               3971 
21.028793 156.821167 119.979485 33.067379 198.279160 103.696892 -14.324211 237.130554 165.843201 76.603310 200.279190 126.872856               3989 
21.164942 156.836212 119.945587 33.145702 198.351471 103.757034 -13.888854 237.018631 166.235214 76.821533 200.310501 126.671806               4006 
20.782789 157.363037 119.707893 33.197273 198.891830 103.864357 -13.094220 237.547211 166.585434 77.035721 200.167038 126.515343               4023 
20.781961 159.092255 120.867523 34.075191 200.819000 106.320602 -7.253129 237.919205 171.359543 79.256668 199.091049 126.123398               4041 
20.638754 160.125824 121.575470 34.560398 201.884109 107.678123 -4.156921 238.170074 173.409622 80.356613 198.530838 125.787926               4058 
17.786329 162.515305 120.342934 34.661491 203.848145 108.583649 -0.082181 238.968246 176.449081 80.442978 195.949768 125.262184               4075 
16.532885 163.726563 120.156677 34.766155 204.679260 109.137115 2.062302 239.438889 177.816818 80.450310 194.709045 124.950256               4093 
15.948908 164.145554 120.349380 34.672955 204.867844 109.318878 2.390000 240.024658 177.730011 80.260025 194.313660 125.032921               4110 
16.015741 164.016647 121.610313 34.473461 204.501541 109.350853 2.107133 241.445496 176.563110 80.171989 194.649521 125.196503               4127 
14.335149 164.619736 123.234497 32.783497 204.772995 109.926414 0.656321 243.367493 176.150055 78.540596 195.246841 125.802269               4145 
17.966324 158.028412 122.609032 30.968901 199.825546 108.000633 -8.723295 235.530609 170.809723 77.150566 197.484787 125.271339               4162 
17.201029 157.412262 121.581276 29.866882 199.370071 107.145370 -12.939337 234.153870 167.365585 75.540680 197.971741 125.812225               4180 
17.265482 158.992798 122.953751 30.618336 200.492401 107.915321 -10.642603 236.493790 167.860153 76.571487 198.146210 125.784447               4197 
17.189772 161.313141 124.851852 31.520784 202.201416 109.401787 -6.762698 239.526764 170.107666 77.835617 197.947189 125.934784               4214 
16.038004 162.750671 124.830017 31.903946 203.186600 109.772591 -4.869119 241.228546 170.699371 78.052399 196.882233 126.115120               4231 
15.593335 160.945541 125.367638 30.292675 201.361221 109.170090 -7.624366 239.920395 168.717865 76.614975 196.760178 125.588898               4249 
17.357418 158.661758 125.443726 30.250978 199.786224 109.567680 -7.627591 235.990784 170.325394 77.085625 196.474594 124.800911               4266 
18.335993 157.618225 125.487389 30.230928 199.028915 109.758858 -6.637004 236.205322 169.200073 77.283791 196.364517 124.436447               4284 
17.882910 159.757660 126.686340 31.928612 200.419708 110.933388 -2.784933 240.824112 168.606567 78.672256 195.297806 125.943398               4301 
17.724588 159.916168 126.937065 31.857866 200.366501 110.839905 -2.135700 241.872375 167.746460 78.629570 195.047272 125.693047               4318 
17.694510 160.240158 127.153038 31.895977 200.508698 110.880638 -1.421601 242.643784 167.505081 78.687439 194.861374 125.549286               4336 
17.817455 160.588425 127.397072 31.931963 200.642960 110.919106 -0.776687 243.295059 167.362549 78.738586 194.684525 125.415291               4353 
18.241268 160.903275 127.929787 32.187935 200.685883 111.136757 0.182430 243.918777 167.426498 79.028770 194.425018 125.393005               4370 
19.122263 161.176270 129.118088 32.680283 200.365097 111.266365 1.065376 245.082047 166.514511 79.548904 194.270264 125.503212               4388 
19.378273 162.040573 130.373245 33.257877 200.532898 111.778847 3.456113 246.778870 166.695908 80.140083 193.489105 125.524635               4405 
19.130766 162.247482 130.703766 33.171276 200.520065 111.992210 4.020323 247.210434 166.813828 80.013458 193.014450 125.629593               4422 
18.919491 162.387543 130.923920 33.111149 200.511169 112.140350 4.420971 247.520920 166.872757 79.922195 192.684921 125.704208               4440 
17.250957 163.029648 131.167267 33.687160 200.396057 112.713181 7.448375 248.676819 167.516907 79.898270 189.826660 126.472664               4457 
17.579470 161.586487 131.615631 33.416515 199.465927 113.727036 4.959878 246.757050 168.240036 79.598114 189.941238 128.323029               4474 
17.524246 162.566956 133.138214 33.593956 199.825974 114.304413 4.978443 248.805557 167.176819 79.613655 190.496597 129.524551               4492 
16.438892 163.448212 133.252014 34.276997 200.231384 115.216949 8.650860 249.866913 169.134827 79.775742 188.288162 130.174423               4509 
15.578642 164.835876 133.997086 34.531338 201.047394 116.315910 11.037511 251.385605 170.671860 79.581696 187.399796 131.172241               4526 
15.290342 166.123642 134.860367 34.227032 201.630905 116.060089 10.111519 254.152725 168.112778 79.127045 188.756653 132.020813               4544 
15.544689 165.705811 135.282700 34.166187 201.215637 116.286224 10.326674 253.939880 168.323837 79.215698 188.582520 132.016724               4561 
16.514605 165.773605 136.203903 34.567204 201.068619 117.016197 11.911697 253.832245 169.587296 79.761566 188.117783 132.057755               4579 
17.180536 165.998138 136.493637 34.531731 201.026871 117.101807 11.782438 253.981781 169.476883 79.773384 188.302200 132.194122               4596 
16.805750 166.218094 136.446991 34.140285 201.087982 117.041656 11.007010 254.307175 169.008957 79.277672 188.483322 132.541382               4613 
16.727299 167.286789 136.903595 33.675358 201.751556 116.755714 9.610233 256.058746 167.177856 78.821617 190.049026 132.922607               4630 
17.196741 167.542191 136.696686 34.047024 201.675842 116.620682 10.745420 256.044525 167.357758 79.107063 189.421829 132.618637               4648 
17.473558 167.638794 136.266876 34.361263 201.569229 116.315697 11.661019 255.924362 167.359375 79.338539 188.848953 132.182068               4665 
17.894180 166.931381 135.321930 34.471443 201.020905 115.786621 11.732259 254.682419 167.559769 79.487930 188.193970 131.454681               4682 
18.818907 165.994766 133.809311 35.140171 200.455612 115.091461 11.201023 253.011292 167.470474 80.054352 187.779602 131.170563               4700 
18.325438 165.740738 132.398224 35.917278 199.827698 114.439148 11.896504 252.598816 166.577942 79.999741 185.838272 131.688339               4717 
19.287806 166.201340 132.252823 36.837456 199.910812 114.099129 12.580541 253.222641 165.587616 80.726608 185.929489 131.840836               4735 
19.856939 166.463394 132.163040 37.377403 199.959579 113.899612 12.997637 253.597321 165.002365 81.151711 185.986664 131.929321               4752 
20.408827 166.968781 132.228546 37.781788 200.124832 113.630547 13.608315 254.330444 164.241425 81.476814 186.122787 131.829178               4769 
20.055037 167.781128 131.798431 38.123066 200.524612 113.213379 15.102299 255.277420 163.783768 81.478592 185.577103 131.471878               4786 
19.681381 169.536102 131.024368 39.436317 201.547623 112.964828 19.094484 256.700409 164.254501 81.906746 184.144577 131.127960               4804 
19.460909 169.490997 130.680130 39.503021 201.484543 113.024742 19.493107 256.284576 164.830414 81.754791 183.516510 131.147659               4821 
19.479864 169.879196 130.384644 39.753563 201.671600 112.925766 20.195580 256.426422 164.960602 81.762009 183.168030 131.075439               4838 
19.665001 169.950760 130.102936 39.881039 201.420990 112.590027 20.821804 256.337738 164.648132 81.722260 182.541199 130.738525               4856 
19.746460 170.011612 129.914185 39.932850 201.241776 112.375824 21.222818 256.283173 164.437363 81.638535 182.085541 130.546616               4873 
20.094868 170.172821 129.880325 39.974686 201.136642 112.239006 21.522812 256.290283 164.281876 81.595245 181.805893 130.420151               4890 
20.277817 170.507385 130.022552 39.874706 201.140747 112.071846 21.719919 256.710510 163.783234 81.472328 181.803787 130.298813               4908 
20.431376 170.832199 130.137955 39.799995 201.181351 111.884903 21.932573 257.168488 163.252441 81.393723 181.867523 130.145248               4925 
19.884092 172.233826 130.071365 39.272457 201.870285 111.070992 22.326004 259.113678 161.361923 80.740349 182.464264 129.518829               4943 
19.383953 173.671890 130.282318 38.680855 202.654129 110.421898 22.595848 261.171539 159.522324 80.183922 183.394135 128.943512               4960 
18.882904 174.349014 129.959824 38.194897 203.076111 109.813110 22.424587 262.070526 158.449585 79.680962 183.845505 128.403229               4977 
18.605774 174.740692 129.775574 37.922852 203.312332 109.472305 22.337521 262.576630 157.846283 79.399788 184.098740 128.100357               4995 
18.303732 174.898254 129.542633 37.681797 203.413559 109.272682 22.209625 262.699280 157.663223 79.109459 184.107651 127.914932               5012 
17.888250 174.611801 128.892944 37.382160 203.302185 109.018555 21.820578 262.082977 157.999115 78.740112 183.767212 127.576759               5030 
17.555939 174.894974 128.838928 37.204636 203.460815 108.934776 22.134731 262.332520 157.965744 78.512383 183.698425 127.363586               5047 
15.621531 175.027100 127.831810 35.998489 203.634216 108.779930 21.842966 261.571838 159.182724 76.781128 182.577103 126.942451               5064 
14.268403 175.496445 126.911423 34.907558 204.128326 108.203072 21.819592 261.421600 159.625992 75.546410 182.282791 125.746124               5081 
13.671961 174.058319 126.650322 33.533337 203.042969 107.684937 19.293934 260.330292 158.812805 74.759995 182.293335 125.186874               5099 
