27.593847 164.324127 -91.833954 1.753913 165.969528 13.137100 -52.821667 132.708755 -32.134624 -10.990716 183.007217 63.536106                  0 
27.282234 165.429520 -92.110519 1.551655 166.468704 12.941605 -52.729671 133.014053 -32.494293 -11.283704 183.429474 63.343536                 17 
26.845619 166.328262 -92.380569 1.207587 167.104858 12.723640 -52.659317 133.449295 -33.039627 -11.838537 183.963989 63.105553                 34 
25.779724 166.827576 -92.798241 0.845924 168.273987 12.522412 -52.601921 133.817215 -33.155640 -12.338086 185.333084 62.801014                 51 
24.967093 166.773239 -93.043236 0.632145 168.942581 12.443342 -52.621685 134.117188 -33.217606 -12.623638 186.127304 62.660252                 61 
22.248955 164.502960 -93.447075 -0.460764 171.670944 12.201693 -52.902168 135.313248 -33.370247 -14.286281 189.840073 61.915939                 87 
21.423746 163.732407 -93.447342 -0.537187 172.011932 12.269416 -53.019379 135.832596 -33.502384 -14.387140 190.179749 61.977337                 95 
20.191317 162.627625 -93.424500 -0.704820 172.295685 12.363459 -53.391235 137.167038 -34.273365 -14.661844 190.131088 62.161739                112 
19.523617 162.810989 -93.258163 -1.398103 173.053131 12.465196 -53.738945 137.872330 -34.523647 -15.623373 190.757584 62.234291                123 
19.015421 163.900284 -93.191200 -1.730157 173.280487 12.653081 -53.907631 138.579681 -34.889408 -16.061213 190.285324 62.635323                138 
18.501062 165.852768 -92.892982 -2.500188 173.834778 13.024055 -54.589573 140.248169 -35.364578 -16.963331 190.034714 63.235096                156 
18.241512 166.683090 -92.766655 -2.674368 173.934525 13.227492 -54.777782 140.901321 -35.457428 -17.091045 189.733749 63.579384                164 
18.006788 168.294464 -92.551086 -2.962389 173.944092 13.544435 -54.998703 142.041504 -35.764679 -17.341829 188.934448 64.153618                182 
17.918453 169.155670 -92.411026 -3.144068 173.907639 13.716940 -55.104546 142.598755 -35.917042 -17.517178 188.464493 64.454308                191 
18.003397 170.966339 -91.953171 -3.261856 173.670105 14.213081 -55.039402 143.613937 -36.010933 -17.573265 187.284882 65.228668                208 
18.134754 171.749832 -91.718910 -3.365393 173.593201 14.421822 -55.003536 143.990814 -36.069916 -17.717833 186.814117 65.529388                216 
18.698961 173.038956 -91.333229 -3.435939 173.377197 14.729515 -54.603848 144.190201 -36.192669 -17.993177 185.914429 65.951324                234 
19.372675 174.306702 -90.921997 -3.381634 173.157455 15.074973 -54.275284 144.379089 -36.176716 -18.084932 185.145798 66.386391                251 
20.084911 175.181900 -90.410278 -3.699719 173.338882 15.412809 -54.269436 144.805756 -36.232914 -18.736137 185.230423 66.650162                260 
21.200918 176.751877 -89.558327 -3.689332 173.139023 16.089813 -54.027943 145.002228 -35.863270 -18.928921 184.756226 67.330070                273 
22.350264 178.031128 -88.709106 -3.433796 172.900070 16.760971 -53.744854 145.102921 -35.336819 -18.754377 184.403229 68.002808                287 
23.439945 178.814896 -87.890450 -3.222446 172.696716 17.378759 -53.464714 144.960739 -34.801964 -18.679878 184.315811 68.553291                300 
24.389353 179.346893 -87.253815 -3.120903 172.658463 17.816275 -53.293541 144.834595 -34.410873 -18.745380 184.560074 68.875023                314 
25.182381 179.584976 -86.731857 -2.917914 172.660751 18.207949 -53.098888 144.523621 -33.873337 -18.618589 184.979630 69.144211                327 
25.937508 179.870132 -86.245094 -2.898436 172.778458 18.505825 -53.041355 144.269058 -33.450321 -18.729040 185.592972 69.279327                341 
26.597954 180.152008 -85.914185 -2.722092 172.703796 18.688047 -52.900284 143.767868 -33.078270 -18.612959 185.926346 69.337952                354 
27.070356 180.070786 -85.652542 -2.547578 172.651230 18.882086 -52.781853 143.250397 -32.652531 -18.476858 186.294830 69.408104                367 
27.476524 179.481415 -85.429573 -2.312587 172.446106 19.091879 -52.624454 142.473175 -32.191639 -18.304476 186.510300 69.482613                381 
27.861870 178.523499 -85.133965 -1.996836 172.007294 19.404549 -52.377251 141.449631 -31.694357 -18.099918 186.390259 69.669739                394 
28.202225 177.445862 -84.610977 -1.571548 171.448776 19.983061 -52.034603 140.244598 -30.957197 -17.807976 186.070145 70.136452                408 
28.497673 176.424820 -84.178223 -1.209616 170.970352 20.463377 -51.659515 139.079971 -30.363033 -17.629318 185.807617 70.493546                421 
28.692999 175.040421 -83.703117 -0.749821 170.496140 21.052872 -51.191544 137.870728 -29.617752 -17.336672 185.577271 70.954819                435 
28.600498 170.018448 -83.242271 0.238826 169.768951 21.827120 -50.356083 136.105927 -28.693928 -16.719677 185.691711 71.341194                462 
28.472389 167.346100 -82.658379 0.801630 169.373749 22.489822 -49.935028 135.520691 -28.161493 -16.353649 185.552078 71.853035                476 
28.545849 164.573975 -81.894295 1.574311 168.938705 23.253260 -49.271545 135.207703 -27.800003 -15.839724 185.226059 72.489853                489 
30.376074 164.951157 -79.987823 3.682597 168.068420 25.211081 -46.902634 135.428818 -27.063103 -14.063567 183.001175 74.757584                529 
30.957975 165.455734 -79.587440 4.073783 167.964905 25.575207 -46.361362 135.653381 -27.073423 -13.812283 182.526398 75.181854                542 
31.674982 166.172989 -79.197395 4.496233 168.040588 25.902872 -45.795799 136.106995 -27.127323 -13.537770 182.275513 75.550735                555 
32.458012 166.974625 -78.735130 4.941973 168.212357 26.286978 -45.222218 136.709717 -27.132561 -13.239731 182.144485 75.966858                568 
33.355732 167.918915 -78.177544 5.524469 168.563721 26.767796 -44.516582 137.467346 -27.008383 -12.789329 182.202301 76.480591                581 
34.372643 168.854614 -77.669418 6.105727 169.232956 27.163782 -43.822193 138.511581 -26.937071 -12.363622 182.744675 76.853676                594 
35.375492 169.700043 -77.127258 6.668476 169.917679 27.592098 -43.163509 139.516663 -26.782022 -11.937957 183.360580 77.249504                607 
36.333672 170.450470 -76.633644 7.256152 170.558701 27.989908 -42.490906 140.374420 -26.579151 -11.452329 183.964203 77.619072                620 
37.217266 171.272568 -76.249809 7.843757 171.264862 28.304945 -41.962673 141.415619 -26.399445 -10.879230 184.681229 77.925697                633 
38.138756 172.192261 -75.791649 8.441256 171.836914 28.694004 -41.457199 142.283127 -26.095869 -10.262244 185.265503 78.318802                646 
39.518208 173.713699 -75.234238 9.051083 172.574615 29.054619 -40.960087 143.220215 -25.744989 -9.631220 186.216492 78.629204                672 
40.176395 174.522964 -74.993805 9.314206 173.026764 29.186516 -40.780289 143.625793 -25.513912 -9.332649 186.907684 78.708054                686 
41.269829 175.274643 -74.561356 9.759232 174.187241 29.428524 -40.586956 144.168823 -24.759245 -8.782700 189.097397 78.689590                713 
41.621254 175.604279 -74.422760 9.876491 174.572983 29.500307 -40.553722 144.424820 -24.584522 -8.654155 189.808701 78.665916                726 
41.778023 175.743652 -74.295418 9.887525 174.858505 29.594730 -40.648670 144.844803 -24.617962 -8.709353 190.283646 78.676186                740 
41.677685 175.780609 -74.113785 9.827805 175.234497 29.796341 -40.820717 145.283112 -24.533552 -8.838528 190.823547 78.799583                754 
41.310093 175.991272 -73.746933 9.533992 175.583237 30.194731 -41.113472 145.613754 -24.343296 -9.288886 191.196289 79.130409                768 
40.657974 176.049988 -73.428497 9.023356 175.771866 30.570246 -41.570847 145.834976 -24.284172 -10.023458 191.290604 79.449242                783 
39.561378 175.750229 -73.135094 8.352794 175.907501 30.988747 -42.120983 145.838501 -24.155027 -10.938550 191.237457 79.831406                798 
38.137096 175.091461 -72.865051 7.650957 175.967880 31.434652 -42.783924 145.807022 -23.897799 -11.779947 191.101547 80.283203                812 
36.495110 174.674255 -72.527405 6.890455 175.933884 31.983351 -43.537590 145.679886 -23.443981 -12.569581 190.718842 80.927002                827 
34.598358 174.844040 -71.837837 5.952629 175.898560 32.910156 -44.469582 145.470596 -22.482149 -13.414435 190.155762 82.046883                843 
32.841633 175.284653 -71.144135 5.008667 175.998962 33.805614 -45.445480 145.412430 -21.488274 -14.217453 189.795303 83.128891                857 
31.236338 175.926331 -70.583900 3.977279 176.033630 34.500011 -46.658623 145.798935 -20.824800 -15.058626 189.374680 84.021919                872 
30.306578 176.125977 -69.920647 3.646895 175.898575 34.309093 -47.297596 146.226639 -20.743185 -15.243765 188.856339 83.960251                887 
29.376463 176.627869 -69.349922 3.204620 175.696808 34.272934 -48.141273 146.691040 -20.652496 -15.585473 188.199036 84.078812                902 
28.510242 177.157990 -68.893959 2.785293 175.550735 34.257664 -48.939461 147.037521 -20.493608 -15.888914 187.672928 84.173149                917 
27.738968 177.699295 -68.532501 2.370540 175.446838 34.247269 -49.628803 147.203537 -20.320320 -16.232822 187.281052 84.258224                931 
26.984318 178.346741 -68.205154 1.887156 175.332748 34.215904 -50.417320 147.315781 -20.159809 -16.637657 186.925690 84.284821                946 
26.268406 179.069778 -67.922745 1.436066 175.218353 34.170341 -51.216175 147.437485 -19.990875 -16.982550 186.664841 84.312080                961 
25.718243 179.813278 -67.643867 1.067297 175.129700 34.137409 -51.891621 147.489410 -19.785645 -17.241659 186.488266 84.311699                976 
25.311100 180.612869 -67.375359 0.746859 175.084610 34.110977 -52.469204 147.476837 -19.548737 -17.477562 186.399689 84.325859                991 
25.026857 181.354721 -67.124924 0.492674 175.066483 34.101215 -52.943256 147.444656 -19.310173 -17.653357 186.378708 84.317589               1006 
24.821901 181.906677 -66.922882 0.270022 175.068680 34.084633 -53.354912 147.413574 -19.116810 -17.831758 186.436264 84.304482               1021 
24.655890 182.396866 -66.758011 0.110306 175.076019 34.081936 -53.685997 147.404297 -18.945007 -17.945751 186.479111 84.282669               1036 
24.466339 182.645676 -66.629730 -0.000748 175.095886 34.113678 -53.972897 147.434387 -18.762558 -18.022942 186.536697 84.318001               1051 
24.258303 182.792206 -66.549461 -0.099394 175.109665 34.135761 -54.221428 147.469254 -18.629868 -18.096529 186.572174 84.316597               1066 
23.982059 182.720001 -66.496986 -0.226109 175.113586 34.159946 -54.454578 147.480515 -18.536221 -18.240417 186.579865 84.333763               1080 
23.590313 182.287491 -66.474342 -0.336814 175.136749 34.205406 -54.679882 147.504990 -18.432539 -18.363321 186.606201 84.346588               1095 
23.035435 181.328613 -66.469978 -0.415354 175.165771 34.287346 -54.869297 147.543777 -18.297726 -18.459044 186.653641 84.418129               1111 
22.404087 179.919983 -66.391853 -0.492327 175.243378 34.439724 -55.004269 147.489243 -18.035278 -18.539019 186.807007 84.524452               1126 
21.653547 177.978424 -66.195618 -0.606357 175.373016 34.687618 -55.135857 147.435883 -17.679153 -18.694046 187.110855 84.717003               1141 
20.961752 176.129471 -65.886803 -0.693193 175.503296 34.994617 -55.283043 147.541290 -17.297581 -18.785759 187.394287 84.958458               1157 
20.393953 174.769104 -65.550224 -0.773244 175.579941 35.307232 -55.348228 147.659454 -16.985430 -18.891401 187.500214 85.254814               1172 
19.989149 174.087112 -65.169586 -0.885217 175.666702 35.666306 -55.461945 147.884781 -16.674213 -19.013281 187.533463 85.595436               1188 
19.680426 173.836349 -64.796638 -1.048347 175.763916 36.015999 -55.621052 148.221237 -16.416311 -19.188419 187.523849 85.966034               1204 
19.462847 174.118088 -64.424706 -1.290770 175.839493 36.366707 -55.806305 148.662979 -16.235016 -19.446133 187.370026 86.337082               1219 
19.294270 174.719315 -64.047829 -1.511132 175.938950 36.739864 -55.981480 149.151886 -15.997578 -19.655968 187.207245 86.773834               1234 
19.181288 175.421280 -63.724548 -1.703326 176.091827 37.066029 -56.145378 149.584671 -15.725506 -19.803854 187.167007 87.131630               1249 
19.241831 176.344910 -63.452728 -1.884918 176.272644 37.319714 -56.324886 149.967834 -15.500763 -19.963339 187.241394 87.416718               1265 
19.428072 177.456497 -63.212952 -2.048063 176.481201 37.518002 -56.517296 150.301498 -15.284623 -20.097340 187.449387 87.598160               1280 
19.616245 178.599594 -62.943649 -2.208740 176.797211 37.740601 -56.715157 150.591232 -14.959225 -20.230158 187.936844 87.792931               1295 
19.797241 179.573517 -62.690292 -2.372440 177.082077 37.936214 -56.919437 150.826538 -14.682730 -20.380796 188.399628 87.925797               1311 
19.876808 180.214554 -62.435406 -2.517420 177.354340 38.156830 -57.080341 150.944717 -14.381136 -20.541824 188.829437 88.104698               1327 
19.836033 180.551697 -62.167915 -2.770932 177.599518 38.396893 -57.240482 150.920471 -14.167960 -20.914087 189.154617 88.255707               1342 
19.585665 180.582230 -61.873512 -2.990374 177.828201 38.723869 -57.408417 150.836182 -13.841251 -21.237856 189.418961 88.536308               1358 
19.165051 180.193100 -61.523769 -3.235424 178.037018 39.130180 -57.645355 150.759476 -13.465141 -21.591711 189.632431 88.873917               1373 
18.475740 179.152069 -61.170155 -3.535495 178.156830 39.564953 -57.872089 150.609711 -13.111958 -22.036112 189.715515 89.263741               1388 
17.603498 177.627472 -60.800373 -3.865893 178.230621 39.996040 -58.093410 150.457870 -12.788201 -22.509123 189.734161 89.626633               1403 
16.698477 175.973587 -60.401405 -4.199795 178.253876 40.405148 -58.390957 150.391327 -12.510420 -22.976414 189.692383 90.000473               1417 
15.974113 174.803848 -60.045338 -4.539063 178.185974 40.746059 -58.679543 150.297058 -12.323630 -23.426796 189.478104 90.305023               1432 
15.478827 174.231644 -59.813168 -4.828580 178.125900 40.981411 -58.961639 150.257019 -12.217950 -23.798973 189.279999 90.540062               1447 
15.105186 174.218384 -59.669357 -5.108219 178.078461 41.163834 -59.216431 150.210068 -12.142447 -24.133339 189.056396 90.713135               1462 
14.712930 174.623962 -59.630341 -5.450473 177.878326 41.273254 -59.548084 150.278809 -12.191136 -24.482830 188.553848 90.885818               1476 
14.400620 175.485657 -59.651733 -5.854678 177.685501 41.320126 -59.990589 150.561157 -12.357995 -24.875799 187.987686 90.988235               1491 
14.176441 176.980057 -59.548389 -6.752112 177.718170 41.391399 -60.491745 150.922806 -12.607923 -25.942890 187.706924 91.058266               1505 
14.154205 178.812302 -59.481781 -7.155736 177.702179 41.478329 -60.812912 151.174072 -12.585496 -26.292700 187.369812 91.201851               1519 
14.335109 180.627060 -59.422657 -7.366148 177.722458 41.520554 -60.952713 151.181335 -12.520432 -26.467239 187.186935 91.296928               1533 
14.624211 182.496735 -59.332233 -7.539226 177.769409 41.529030 -61.003098 151.092514 -12.457670 -26.610212 187.062241 91.321739               1547 
14.933249 184.337723 -59.197540 -7.701875 177.866669 41.532093 -61.079235 151.081024 -12.412439 -26.763456 187.023636 91.353569               1560 
15.294657 186.288727 -59.016304 -7.825218 177.989532 41.530975 -61.199116 151.204163 -12.397532 -26.865965 187.049850 91.350578               1574 
15.695135 188.367798 -58.638332 -8.374325 178.720749 41.615036 -61.485859 152.011749 -12.400287 -27.538507 187.897995 91.365860               1588 
16.103001 189.984207 -58.260685 -8.783322 179.377090 41.731873 -61.687130 152.682632 -12.307636 -28.028111 188.751343 91.387230               1601 
16.374409 190.903778 -58.150558 -8.754546 179.798843 41.764065 -61.747990 153.004639 -12.086923 -27.914440 189.445328 91.400108               1615 
16.548681 191.360764 -58.112316 -8.679754 180.083099 41.789730 -61.770912 153.164948 -11.870419 -27.744722 190.001328 91.381165               1628 
16.775719 191.483261 -58.079670 -8.821127 180.518875 41.788654 -61.800167 153.300461 -11.739636 -27.935759 190.895157 91.267105               1642 
16.843710 191.426788 -58.128780 -8.728894 180.638382 41.788399 -61.745605 153.303009 -11.658623 -27.811918 191.185501 91.215248               1655 
16.878832 191.206863 -58.201664 -8.645774 180.688858 41.768330 -61.687164 153.337418 -11.689240 -27.742826 191.327774 91.170082               1668 
16.865677 190.823471 -58.268860 -8.547326 180.707535 41.770428 -61.690090 153.476456 -11.778235 -27.673407 191.362076 91.129875               1682 
16.766720 190.327194 -58.304398 -8.478366 180.697021 41.819958 -61.704700 153.587936 -11.873342 -27.678835 191.302704 91.161041               1694 
16.606958 189.627106 -58.351650 -8.366811 180.672943 41.882473 -61.606522 153.562851 -11.966212 -27.664032 191.146240 91.186363               1707 
16.409763 188.755585 -58.418579 -8.205341 180.626694 41.955059 -61.463760 153.467575 -12.092198 -27.651516 190.877167 91.247261               1720 
16.245670 187.758331 -58.457809 -8.014969 180.609283 42.054775 -61.248257 153.302673 -12.203376 -27.635761 190.588623 91.305672               1733 
16.081102 186.595795 -58.511559 -7.921926 180.563843 42.105728 -61.133785 153.218521 -12.384853 -27.722195 190.287186 91.335999               1746 
16.011620 185.646301 -58.516350 -7.787634 180.497681 42.177933 -60.944366 153.059402 -12.532084 -27.757006 189.890198 91.376373               1759 
16.088377 185.181595 -58.382702 -8.040771 180.615234 42.243324 -60.742783 152.943863 -12.861040 -28.375404 189.690811 91.351555               1772 
16.012999 184.991257 -58.250168 -8.071182 180.558624 42.378262 -60.576168 152.839798 -12.941242 -28.534643 189.220642 91.479858               1786 
16.035467 185.284836 -58.117527 -8.067919 180.488953 42.494663 -60.461433 152.795776 -13.013871 -28.628561 188.752274 91.624374               1799 
16.173693 186.374191 -57.937054 -8.347393 180.507477 42.535629 -60.254818 152.681900 -13.195371 -29.095612 188.244308 91.644432               1812 
16.251930 187.952530 -57.723072 -8.443708 180.341782 42.603062 -59.980534 152.271637 -13.068186 -29.169573 187.378204 91.826523               1825 
16.407679 190.448776 -57.373035 -8.539392 180.009216 42.641636 -59.748074 152.132034 -13.026031 -29.128706 186.051514 92.026489               1837 
16.798790 193.178131 -56.824711 -8.717625 179.868408 42.706367 -59.152050 151.601013 -12.758033 -29.230623 185.161789 92.208801               1850 
18.046824 198.022751 -55.111813 -10.467875 181.187210 43.072079 -59.241615 153.986755 -13.217293 -31.695740 185.890564 92.304413               1862 
18.972538 202.173630 -53.169693 -12.236656 182.787109 43.745041 -60.013580 157.015411 -13.139240 -33.949909 187.237839 92.788818               1875 
19.405537 204.222763 -52.364155 -12.196893 182.736542 44.016338 -59.881111 157.284225 -12.743681 -33.692116 186.764023 93.164848               1887 
19.799528 205.754120 -51.789604 -12.139886 182.633224 44.134586 -59.809875 157.381561 -12.588382 -33.522697 186.383301 93.354027               1899 
20.232925 207.195908 -51.201012 -12.079453 182.527710 44.247559 -59.752258 157.524857 -12.489907 -33.372795 186.006805 93.498001               1910 
20.673290 208.606323 -50.607285 -12.026237 182.437210 44.343468 -59.746758 157.688965 -12.431511 -33.264606 185.691574 93.632996               1922 
21.050838 209.759735 -50.166065 -12.033520 182.434006 44.359715 -59.604774 157.414948 -12.330578 -33.253426 185.620880 93.633980               1933 
21.768690 211.156342 -49.625694 -12.089437 182.742584 44.318275 -59.592220 157.705856 -12.335515 -33.343376 185.983505 93.574348               1944 
22.367701 212.173874 -49.217331 -11.876915 182.956741 44.357197 -59.619061 158.001602 -12.171986 -33.019421 186.297272 93.626938               1956 
23.149206 212.688736 -49.218895 -11.297174 183.188980 44.188087 -59.512058 158.330811 -12.087296 -32.223167 186.750549 93.534721               1967 
24.334961 212.203445 -49.691296 -10.124843 183.908401 44.060539 -59.318928 158.111893 -11.287043 -30.622049 188.692337 93.456192               1993 
24.891979 211.818008 -50.036865 -9.541493 184.147217 43.892811 -59.276733 157.829117 -10.978438 -29.838324 189.573822 93.304779               2007 
25.583597 211.632477 -49.918392 -9.512685 184.525925 43.885906 -59.613972 157.547775 -10.726246 -29.873240 190.715088 93.154297               2024 
25.785713 211.507645 -49.898319 -9.453106 184.478073 43.873158 -59.892220 157.573441 -10.788042 -29.837595 190.772400 93.118324               2036 
25.982744 211.089615 -49.640762 -9.802696 184.447449 44.044476 -60.077702 157.060486 -10.815387 -30.512085 190.950638 93.098976               2059 
26.012733 210.564316 -49.487965 -10.282230 184.536163 44.167988 -60.130535 156.698608 -10.906070 -31.338305 191.145874 93.060402               2070 
25.804234 209.548508 -49.659760 -10.266029 184.252182 44.262928 -60.265423 156.388321 -10.994286 -31.417728 190.661926 93.112892               2081 
25.319096 208.241653 -49.834217 -10.641365 184.170319 44.429859 -60.280262 155.851471 -11.006629 -32.046734 190.477112 93.182632               2092 
24.709209 207.054001 -50.165619 -10.617629 183.969589 44.571373 -60.335407 155.518127 -10.905143 -32.008369 190.065323 93.329567               2103 
23.869762 205.276505 -50.754547 -10.631645 183.879410 44.657478 -60.623234 155.523636 -10.895528 -32.019035 189.844620 93.433273               2114 
23.124022 204.252609 -51.116753 -10.776439 183.841812 44.760044 -60.765331 155.343246 -10.849487 -32.200047 189.670685 93.508606               2126 
22.522993 203.487366 -51.373219 -10.911892 183.808746 44.851025 -60.875645 155.143555 -10.795751 -32.374222 189.511856 93.597427               2137 
22.010052 203.220871 -51.503620 -10.892050 183.654388 44.973061 -61.011955 154.957993 -10.717784 -32.311848 189.081543 93.741844               2149 
21.559490 202.988892 -51.615456 -10.866441 183.518372 45.080719 -61.168362 154.790146 -10.635884 -32.248997 188.702759 93.892242               2160 
21.068329 202.734253 -51.719437 -10.825109 183.380539 45.212334 -61.291138 154.621185 -10.527199 -32.147873 188.294220 94.050232               2172 
20.518837 202.646881 -51.522301 -11.259625 183.541534 45.528397 -61.580853 154.573288 -10.291390 -32.678223 188.301559 94.339569               2185 
20.080278 202.481171 -51.460472 -11.370539 183.474594 45.745361 -61.701870 154.442261 -10.119250 -32.771942 187.996140 94.558990               2198 
19.675810 202.403427 -51.291252 -11.673268 183.529892 45.996269 -61.923336 154.425095 -9.963264 -33.143127 187.876373 94.795731               2210 
19.192457 202.306229 -51.056599 -12.320672 183.686020 46.258423 -62.328430 154.377899 -9.873722 -33.985275 187.869659 94.958199               2248 
19.088999 202.234268 -51.071033 -12.308371 183.619400 46.292873 -62.381775 154.351685 -9.854620 -33.953156 187.716415 95.008820               2261 
18.901531 202.148987 -51.119831 -12.242435 183.450562 46.329620 -62.482880 154.252640 -9.850817 -33.833847 187.348511 95.057793               2274 
18.803015 201.983795 -51.175400 -12.258246 183.413895 46.341721 -62.583447 154.208664 -9.849343 -33.853977 187.246902 95.073135               2287 
18.698080 201.894272 -51.217449 -12.230071 183.308990 46.353218 -62.656857 154.118744 -9.856750 -33.802509 187.005341 95.077736               2299 
18.595167 201.824188 -51.251671 -12.196535 183.202530 46.367390 -62.724487 154.025589 -9.855762 -33.751762 186.762436 95.109680               2313 
18.478025 201.772751 -51.285709 -12.160252 183.089966 46.380531 -62.802124 153.918304 -9.846758 -33.681503 186.504288 95.120506               2328 
18.409521 201.696350 -51.312981 -12.176773 183.044861 46.386501 -62.879730 153.861420 -9.850033 -33.708038 186.388748 95.126938               2343 
18.333307 201.648560 -51.287098 -12.329218 183.052383 46.407951 -62.955822 153.779160 -9.872719 -33.925800 186.323380 95.096672               2358 
18.279285 201.693161 -51.176662 -12.591726 183.098877 46.461079 -63.050060 153.744247 -9.936000 -34.326420 186.279922 95.094269               2373 
18.219866 201.767868 -51.043308 -12.883876 183.149323 46.520477 -63.150696 153.719925 -9.988800 -34.745029 186.232956 95.075417               2390 
18.109282 201.927902 -50.784462 -13.240764 183.271469 46.695202 -63.320133 153.798981 -9.874289 -35.204227 186.301147 95.207344               2407 
17.989761 202.246185 -50.478722 -13.708501 183.327011 46.838596 -63.407246 153.775681 -9.750937 -35.767647 186.251053 95.285919               2425 
17.983643 202.539780 -50.475521 -13.670309 183.258926 46.782566 -63.304604 153.516495 -9.576674 -35.626667 186.148560 95.278625               2444 
18.083080 203.201050 -50.553375 -13.482839 183.173996 46.562847 -63.537258 153.748352 -9.415885 -35.117912 186.238922 95.164589               2463 
18.523584 204.352875 -50.436138 -13.318380 183.272812 46.321026 -63.723122 153.934677 -9.149278 -34.667969 186.816437 95.016380               2482 
19.188078 204.695251 -50.555023 -13.025143 183.495789 46.005207 -64.145004 154.347916 -8.640218 -33.908916 188.079651 94.787964               2501 
19.843832 204.636047 -50.792210 -12.706927 183.684830 45.672291 -64.534370 154.784088 -8.229672 -33.150818 189.266861 94.537300               2519 
20.085272 204.470612 -51.060490 -12.529512 183.743164 45.444450 -64.771446 155.034668 -8.068840 -32.691910 189.822739 94.339439               2535 
20.000799 204.064423 -51.412075 -12.391026 183.677048 45.265106 -64.793648 154.996887 -8.070096 -32.407463 189.929504 94.198250               2550 
19.847389 203.647736 -51.683155 -12.339636 183.593170 45.178028 -64.794807 154.966187 -8.139524 -32.300510 189.908859 94.098198               2563 
19.152702 202.144730 -52.245205 -12.382023 183.569992 45.162094 -64.782944 155.009109 -8.258538 -32.382240 189.910767 94.062950               2576 
18.057619 199.792465 -52.643036 -13.298762 183.808762 45.287975 -64.768272 154.522705 -8.549395 -33.866146 190.304916 93.904800               2588 
16.523111 196.933960 -53.290417 -13.362693 183.704758 45.511993 -64.652977 154.235336 -8.433651 -34.004478 190.188202 94.098976               2601 
14.868222 193.471878 -53.902206 -13.321388 183.641327 45.720795 -64.852440 154.703766 -8.515385 -33.980633 190.248337 94.255966               2613 
13.157862 189.724136 -54.319195 -13.237201 183.549500 45.962162 -64.928246 155.147812 -8.591011 -33.930069 190.351822 94.456009               2626 
11.999553 186.163910 -54.035660 -14.108356 183.785324 46.367325 -64.971085 154.661758 -8.510361 -35.324921 191.204239 94.515472               2638 
11.224614 184.131058 -53.896259 -14.056567 183.495850 46.685051 -64.815445 154.582825 -8.449607 -35.348976 190.934464 94.796669               2649 
10.982173 183.268341 -53.695862 -13.939850 183.213425 46.986519 -64.671181 154.484711 -8.352449 -35.271255 190.607025 95.059822               2661 
11.022712 183.078690 -53.467392 -13.754594 182.910263 47.287449 -64.430908 154.255920 -8.188109 -35.120716 190.176086 95.364815               2672 
10.954889 185.091873 -53.303143 -13.436220 181.908005 47.674305 -64.324364 154.871262 -8.337268 -34.630745 188.182129 95.938934               2694 
10.832711 186.702332 -53.302742 -13.368635 181.588638 47.770683 -64.273376 155.187759 -8.342854 -34.430683 187.466034 96.143127               2705 
10.744040 188.799408 -53.351963 -13.324677 181.400192 47.776257 -63.777775 154.861862 -8.110689 -34.228832 186.943237 96.228806               2715 
10.788331 190.947327 -53.278160 -13.271207 181.341003 47.822002 -63.131001 154.124207 -7.627087 -34.024246 186.689972 96.361244               2726 
11.316250 194.747040 -52.884205 -13.178459 181.396576 47.855503 -62.451626 153.376404 -7.038212 -33.720436 186.620270 96.470436               2748 
11.712152 197.036377 -52.561382 -13.099619 181.478210 47.856087 -62.284924 153.387878 -6.802453 -33.492020 186.653519 96.539116               2758 
12.295054 200.349304 -52.022362 -12.943020 181.679825 47.842697 -62.298656 153.898087 -6.527443 -33.055561 186.857590 96.614227               2769 
12.926984 203.434662 -51.443092 -12.773681 181.882858 47.806927 -62.340275 154.464706 -6.284270 -32.613018 187.103027 96.685715               2779 
14.117679 205.808411 -51.205791 -12.221095 182.742081 47.618324 -62.769230 155.884842 -5.449001 -31.322702 189.084930 96.630547               2801 
14.646205 206.129150 -51.395264 -11.955773 183.252014 47.436863 -63.041245 156.547394 -5.073592 -30.708368 190.355301 96.479546               2811 
15.283637 206.001968 -51.731659 -11.814424 183.886124 47.180103 -63.438240 157.111282 -4.675944 -30.247383 192.099365 96.143219               2822 
15.885321 205.454529 -52.192280 -11.764624 184.547623 46.867771 -63.770973 157.421951 -4.367252 -30.003090 193.972214 95.685318               2833 
16.246342 204.523865 -52.698360 -11.420933 184.971588 46.681572 -63.768650 157.431442 -3.938275 -29.411690 195.395294 95.360268               2844 
16.543453 203.470474 -53.257107 -11.144713 185.258514 46.407234 -63.590176 157.229935 -3.863447 -29.087950 196.456528 94.931259               2855 
16.567709 203.360580 -53.347855 -11.060054 185.266830 46.408249 -63.574646 157.371292 -4.014231 -29.034773 196.617111 94.857567               2875 
16.495783 203.372147 -53.412182 -11.066954 185.227448 46.396881 -63.641853 157.597229 -4.257228 -29.109266 196.573990 94.821938               2885 
15.583261 202.885605 -53.869827 -11.148620 184.963898 46.396172 -63.579712 157.643112 -4.934612 -29.517984 196.137360 94.710732               2904 
14.744001 202.390915 -54.207172 -11.193503 184.786880 46.434509 -63.472797 157.516129 -5.224822 -29.747280 195.794540 94.716652               2914 
13.212282 201.608002 -54.730400 -11.339619 184.439545 46.491978 -63.220154 157.088531 -5.698601 -30.235323 194.976883 94.718681               2924 
11.672465 201.390991 -55.004246 -11.573971 183.923203 46.635437 -62.850750 156.587616 -6.243462 -30.887491 193.604172 94.876137               2934 
10.282728 202.232712 -54.857330 -12.059310 183.203079 46.844181 -62.640530 156.516953 -7.052460 -31.835142 191.540344 95.120758               2944 
8.968418 203.974533 -54.287060 -12.737263 182.193298 47.129665 -62.683460 156.878998 -8.044143 -32.974506 188.693054 95.497299               2958 
7.849121 205.819870 -53.598701 -13.448776 181.392456 47.386822 -62.888714 157.323135 -8.613881 -33.911888 186.304611 95.819016               2974 
7.136795 206.781952 -53.269932 -13.818208 180.980545 47.489582 -63.018272 157.391998 -8.779256 -34.322651 185.101898 95.978012               2983 
6.429104 207.544495 -53.063004 -14.085836 180.714874 47.558041 -63.120705 157.331863 -8.730056 -34.513432 184.272583 96.095940               2993 
5.432600 208.676086 -52.804234 -14.475505 180.373962 47.580887 -63.477287 157.427292 -8.616675 -34.673573 183.251572 96.259720               3011 
5.030888 209.102646 -52.712860 -14.606175 180.270737 47.594616 -63.585056 157.403030 -8.483541 -34.665642 182.931030 96.315651               3021 
4.300907 210.027908 -52.695889 -14.784294 180.293808 47.529316 -63.711941 157.231247 -8.139414 -34.567795 182.829544 96.369682               3040 
3.930065 210.855331 -52.615128 -14.902098 180.320480 47.468693 -63.864990 157.255081 -8.023023 -34.533993 182.786896 96.346420               3049 
3.458089 212.549576 -52.342819 -15.116315 180.390182 47.360546 -64.169518 157.355591 -7.877881 -34.531879 182.767929 96.328995               3059 
3.211950 214.165146 -52.080902 -15.307680 180.582230 47.222145 -64.573486 157.606262 -7.774029 -34.509682 183.020309 96.244537               3068 
3.056539 215.449127 -52.773167 -15.233251 182.140167 46.637646 -65.878082 158.426849 -6.718943 -33.448505 186.266754 95.922859               3087 
3.367036 216.083939 -52.918129 -15.270380 182.621475 46.344444 -66.368027 158.589798 -6.426447 -33.152493 187.395996 95.666054               3097 
2.946023 214.070908 -54.920815 -15.755822 184.774704 45.597389 -67.846550 158.421921 -5.046469 -32.864765 192.408966 94.833450               3116 
3.170320 213.760101 -55.237045 -15.972355 185.367966 45.411255 -68.250862 158.357071 -4.693766 -32.915955 193.722321 94.560402               3126 
3.689075 213.918427 -55.172440 -15.973038 185.589844 45.330959 -68.378120 158.199234 -4.484232 -32.799416 194.200867 94.476082               3136 
3.989921 214.046707 -55.092503 -16.166553 185.778214 45.296974 -68.544907 158.118317 -4.482035 -33.028492 194.477768 94.387154               3146 
4.270543 214.088928 -55.026100 -16.168764 185.785492 45.282433 -68.726501 158.241440 -4.582425 -33.046280 194.453323 94.372871               3157 
3.902143 214.690277 -54.700409 -16.846355 185.832611 45.386250 -68.812004 157.678406 -5.086060 -34.239452 193.947083 94.364029               3176 
3.538935 214.739136 -54.554977 -17.280310 185.886673 45.519714 -68.830246 157.296478 -5.323301 -35.004890 193.649506 94.435616               3185 
1.995566 210.862518 -55.572838 -17.334787 185.892395 45.690815 -69.432312 157.501526 -5.583985 -35.199680 193.256912 94.590034               3204 
1.214690 208.412170 -56.089504 -17.305891 185.849518 45.760368 -69.695763 157.640488 -5.749984 -35.230255 192.973709 94.673424               3213 
-0.185688 203.761215 -56.857094 -17.422579 185.887146 45.829433 -70.134232 157.787521 -6.092940 -35.511425 192.681244 94.701668               3233 
-0.729019 201.599991 -57.086613 -17.491804 185.904953 45.869419 -70.251183 157.726151 -6.216998 -35.662689 192.531372 94.734238               3242 
-1.371332 199.095444 -57.238220 -17.564701 185.904236 45.934093 -70.253395 157.489960 -6.299683 -35.809776 192.298843 94.774918               3252 
-1.826980 197.158569 -57.256451 -17.626400 185.890671 46.010460 -70.186150 157.185745 -6.324382 -35.934643 192.065567 94.855911               3262 
-2.088265 195.944565 -57.194576 -17.669523 185.857834 46.092594 -70.100494 156.882904 -6.324242 -36.011642 191.806381 94.926201               3274 
-2.374649 195.214874 -57.025627 -17.782768 185.735611 46.233276 -69.943680 156.413177 -6.270030 -36.155411 191.314880 95.098984               3292 
-2.575346 195.126221 -56.891685 -17.799356 185.527100 46.337608 -69.859505 156.150421 -6.227863 -36.120037 190.774582 95.232368               3302 
-2.742361 195.094269 -56.760960 -17.918692 185.412262 46.417313 -69.778229 156.011642 -6.222966 -36.219822 190.377319 95.348877               3312 
-2.851783 195.561981 -56.533154 -18.131392 185.294983 46.536709 -69.439186 155.844452 -6.199321 -36.420372 189.828949 95.487495               3331 
-2.886682 195.731583 -56.440762 -18.200012 185.262360 46.588184 -69.254349 155.723328 -6.128513 -36.467609 189.647186 95.560539               3341 
-2.889330 196.077087 -56.280346 -18.335670 185.267288 46.667778 -68.999023 155.616501 -5.997419 -36.561234 189.453934 95.646019               3351 
-2.681850 196.585922 -56.104122 -18.221699 185.156754 46.714371 -68.804352 155.594376 -5.839929 -36.267574 189.050674 95.783203               3370 
-2.199742 197.195724 -55.919369 -18.159948 185.094635 46.703220 -68.627907 155.534561 -5.754268 -36.085613 188.807755 95.803070               3392 
-0.910456 199.243942 -55.641735 -17.856266 185.057587 46.459839 -68.648361 155.936630 -5.754757 -35.481884 188.719650 95.672020               3410 
0.387752 201.464157 -55.200394 -17.892593 185.219757 46.297600 -68.819603 156.368576 -5.819753 -35.428299 188.991516 95.506653               3422 
2.008604 203.658539 -54.835339 -17.979319 185.768631 46.028759 -69.229767 157.038742 -5.671941 -35.376987 190.264893 95.225945               3440 
2.711454 204.976456 -54.608231 -17.798058 185.975769 45.966415 -69.271301 157.205338 -5.357790 -34.977001 190.864716 95.176048               3451 
3.425833 205.286453 -54.781651 -17.631598 186.499100 45.755634 -69.532166 157.347946 -4.830973 -34.547657 192.464096 94.937660               3473 
3.592355 204.999878 -55.026070 -17.488964 186.575485 45.587337 -69.480705 157.286331 -4.796590 -34.324722 192.843460 94.732269               3484 
3.762354 204.828903 -55.172009 -17.489347 186.623505 45.452915 -69.416092 157.307434 -4.952774 -34.380016 193.043457 94.559380               3495 
3.706292 204.617554 -55.296009 -17.466103 186.552017 45.402897 -69.397797 157.390579 -5.220932 -34.436722 192.934128 94.459717               3518 
3.486006 204.089203 -55.452869 -17.544506 186.517746 45.364353 -69.358772 157.286179 -5.379456 -34.613930 192.906326 94.386040               3529 
2.882449 202.645645 -55.765358 -17.573507 186.464920 45.347809 -69.498169 157.483276 -5.617207 -34.708797 192.867981 94.317589               3540 
2.109435 200.574905 -56.109203 -17.664268 186.453247 45.326511 -69.687630 157.681107 -5.877222 -34.904209 192.950775 94.247086               3552 
1.193792 197.869171 -56.405830 -17.945568 186.440109 45.300892 -69.767616 157.386276 -6.084271 -35.370457 193.154327 94.099480               3564 
0.582311 195.917999 -56.518864 -17.993645 186.393433 45.324310 -70.131371 158.021866 -6.411051 -35.475372 193.181946 94.092278               3577 
0.184005 194.577469 -56.555801 -18.023729 186.283096 45.348274 -70.411087 158.414352 -6.705487 -35.557106 193.081985 94.069099               3590 
-0.130212 193.728958 -56.529541 -18.168303 186.224274 45.395477 -70.471016 158.271408 -6.828548 -35.799339 193.013977 94.082329               3602 
-0.496902 193.259064 -56.478470 -18.550335 186.094009 45.427662 -70.427231 157.536255 -6.916155 -36.350517 192.752853 94.043831               3615 
-0.806921 193.161087 -56.388630 -18.709991 186.013382 45.527588 -70.393700 157.137863 -6.841586 -36.536003 192.519485 94.154968               3627 
-1.107937 193.139786 -56.332573 -18.891941 186.017059 45.599308 -70.418091 156.854248 -6.756112 -36.717827 192.439026 94.210739               3640 
-1.358123 193.126846 -56.307037 -19.057922 186.034531 45.634975 -70.473778 156.661743 -6.694630 -36.874470 192.412201 94.255661               3652 
-0.390163 195.221298 -55.881508 -19.230114 186.133835 45.646694 -70.580124 156.470367 -6.558453 -37.017067 192.679688 94.228676               3690 
0.014481 196.312302 -55.694054 -19.279602 186.155838 45.647339 -70.610733 156.425232 -6.528381 -37.061008 192.746780 94.225250               3703 
0.482827 197.698944 -55.468338 -19.374901 186.189377 45.646156 -70.679466 156.393890 -6.493935 -37.140514 192.853134 94.192726               3715 
0.792478 198.802231 -55.254520 -19.650833 186.298401 45.657257 -70.901329 156.494339 -6.458107 -37.432060 193.135162 94.174042               3728 
0.947045 199.399902 -55.121849 -19.875698 186.390579 45.675335 -71.066879 156.615860 -6.418840 -37.649166 193.376709 94.146461               3742 
0.975681 199.636063 -55.050167 -20.136433 186.512192 45.690887 -71.192688 156.807831 -6.392494 -37.914360 193.668289 94.135574               3755 
0.974637 199.680923 -55.029785 -20.099974 186.490356 45.721188 -71.138962 156.857697 -6.326496 -37.809162 193.673752 94.159782               3768 
0.921886 199.620575 -55.005558 -20.008015 186.430161 45.777168 -71.156563 156.911880 -6.204886 -37.623478 193.629929 94.247498               3781 
0.896273 199.515259 -55.029884 -19.958700 186.395737 45.799030 -71.169067 156.925919 -6.142570 -37.518867 193.616272 94.259132               3795 
0.805606 199.000107 -55.132595 -19.796486 186.260010 45.837307 -71.076180 156.738907 -6.008219 -37.285397 193.517334 94.317680               3809 
0.544110 197.828995 -55.330620 -19.594301 186.095230 45.886295 -70.946877 156.397842 -5.811294 -37.001434 193.469086 94.351326               3822 
0.035050 195.800491 -55.583504 -19.396921 185.948914 45.956120 -70.863152 156.108337 -5.617929 -36.754791 193.540573 94.405190               3835 
-0.520723 193.679138 -55.734776 -19.244173 185.792679 46.041336 -70.865509 155.958145 -5.478014 -36.556126 193.591461 94.446732               3849 
-0.952713 192.035965 -55.755722 -19.265858 185.688629 46.129261 -70.871635 155.838165 -5.404440 -36.599636 193.642090 94.501663               3863 
-1.243646 190.806976 -55.714001 -19.304073 185.581146 46.226532 -70.860779 155.625473 -5.294588 -36.655376 193.658859 94.544815               3878 
-1.459991 189.974777 -55.550949 -19.237253 185.189941 46.431126 -70.770958 155.179214 -5.114176 -36.574993 193.187714 94.767578               3893 
-1.538763 189.691147 -55.434158 -19.299442 184.985291 46.552635 -70.781174 154.954132 -5.041058 -36.662487 192.944351 94.886383               3907 
-1.584730 189.573685 -55.348137 -19.349394 184.840698 46.641304 -70.799675 154.781387 -4.966585 -36.719257 192.772873 94.977028               3922 
-1.539993 189.698135 -55.280746 -19.403805 184.741455 46.698597 -70.839699 154.689148 -4.906991 -36.763081 192.674011 95.038063               3936 
-1.178105 190.416458 -55.160446 -19.425806 184.699356 46.731693 -70.903008 154.681580 -4.844226 -36.754738 192.668304 95.076065               3950 
-0.437788 192.036819 -54.909573 -19.452740 184.685806 46.748081 -70.935532 154.682938 -4.792579 -36.755825 192.716110 95.091553               3966 
0.349115 193.923737 -54.565063 -19.506163 184.694519 46.778824 -70.975494 154.687714 -4.684605 -36.767105 192.854843 95.115585               3980 
0.992186 195.054245 -54.249493 -19.611315 184.732544 46.826458 -71.110718 154.709076 -4.506310 -36.819046 193.150848 95.137947               3994 
1.345138 195.437546 -54.087242 -19.688171 184.759369 46.859398 -71.213379 154.745026 -4.384901 -36.859642 193.382706 95.147621               4009 
1.522564 195.481003 -54.007584 -19.767778 184.776215 46.882465 -71.275124 154.771683 -4.301504 -36.916798 193.568253 95.148239               4025 
1.530979 195.294464 -53.970093 -19.878609 184.770981 46.912380 -71.356140 154.788040 -4.242921 -37.021576 193.694168 95.156227               4038 
1.471067 195.255447 -53.868889 -19.867146 184.647873 47.020332 -71.366226 154.735840 -4.128469 -36.959873 193.529190 95.289726               4053 
1.402638 195.201797 -53.790249 -19.937599 184.588806 47.100807 -71.385780 154.737000 -4.117368 -37.044197 193.378586 95.382042               4067 
1.211053 194.820251 -53.776558 -20.007828 184.546692 47.175522 -71.396309 154.735657 -4.104974 -37.130173 193.253525 95.466209               4082 
0.714080 193.646271 -53.815639 -20.013897 184.510193 47.314056 -71.339577 154.676926 -4.007993 -37.139248 193.152710 95.615227               4096 
0.092649 191.921982 -53.864460 -20.043983 184.500000 47.437168 -71.302551 154.705902 -3.970850 -37.197178 193.130539 95.730598               4110 
-0.488857 190.254211 -53.853794 -20.070324 184.487228 47.553974 -71.270721 154.809631 -3.965387 -37.244488 193.104263 95.842369               4125 
-0.897789 189.209549 -53.765594 -20.048557 184.436905 47.702389 -71.239563 154.938431 -3.944694 -37.220848 192.972260 96.005943               4139 
-1.103700 188.797806 -53.715778 -20.077408 184.431976 47.777214 -71.237976 155.066162 -3.974334 -37.258869 192.884415 96.092094               4154 
-1.221888 188.635178 -53.714455 -20.110712 184.424713 47.789177 -71.248680 155.130646 -4.009190 -37.287636 192.801056 96.118919               4167 
-1.319619 188.616089 -53.704636 -20.100536 184.400787 47.814537 -71.255394 155.228058 -4.025039 -37.246758 192.663254 96.174774               4182 
-1.458634 189.192932 -53.508331 -20.324097 184.614670 47.981983 -71.313011 155.646194 -4.042131 -37.516327 192.638992 96.365982               4195 
-1.603166 189.773544 -53.434303 -20.471947 184.636047 48.032230 -71.163803 155.807327 -4.049788 -37.620674 192.377197 96.477760               4209 
-1.682103 190.342880 -53.339520 -20.611744 184.699402 48.092949 -70.940536 155.866165 -3.994903 -37.732601 192.206512 96.585152               4222 
-1.736439 191.222504 -53.104881 -20.885180 184.878494 48.253635 -70.831947 156.224152 -3.877441 -37.984802 192.105118 96.795914               4236 
-1.631602 192.295319 -52.797195 -21.188068 185.134659 48.451492 -70.715073 156.651459 -3.697816 -38.273781 192.093903 97.037712               4249 
-1.261406 193.511124 -52.515690 -21.451036 185.379700 48.575127 -70.635780 157.035095 -3.601088 -38.550213 192.134933 97.185402               4263 
