57.250336 36.999435 -88.852463 57.757393 72.636581 1.709880 -9.878384 24.762878 0.085621 56.779938 102.023811 42.015793                  0 
57.780384 35.723282 -88.526161 57.250916 73.143654 1.305079 -10.063278 24.790199 0.072247 55.740284 103.306389 41.017277                 20 
57.854328 36.105434 -88.621315 57.244267 73.200089 1.341367 -10.077415 24.836885 -0.094576 55.699791 103.220062 41.160294                 38 
58.176224 36.195545 -88.742706 57.249218 73.360252 1.180434 -9.908742 24.755690 -0.331338 55.532001 103.394798 40.981293                 58 
58.538979 36.678082 -89.088318 57.386715 73.561607 0.943628 -9.599774 24.710649 -0.755442 55.526222 103.471352 40.831936                 79 
58.722290 37.132492 -89.310738 57.518974 73.595871 0.881156 -9.450781 24.697075 -0.985251 55.640766 103.343384 40.889767                 96 
58.883484 37.615719 -89.460609 57.613735 73.632652 0.896577 -9.356018 24.697687 -1.151622 55.714970 103.208862 41.031021                115 
59.075203 37.953125 -89.528099 57.643703 73.698433 0.921553 -9.263702 24.664732 -1.271340 55.672806 103.179024 41.122814                135 
59.250786 38.257454 -89.559494 57.681507 73.718430 0.981027 -9.319929 24.698334 -1.315357 55.673798 103.117462 41.240150                154 
59.445999 38.584793 -89.561714 57.693916 73.729721 1.073466 -9.357661 24.687332 -1.324019 55.634560 103.052040 41.385895                174 
58.770111 40.165340 -90.341034 58.704330 73.199249 1.077376 -9.205662 24.998781 -1.260246 57.561947 101.642548 42.050594                193 
58.561668 40.852131 -90.759552 59.409595 72.979362 0.948176 -9.133222 25.317835 -1.086957 58.799732 101.095627 42.157818                213 
58.497356 41.169880 -90.974770 59.867340 72.823921 0.873336 -9.227299 25.613293 -0.974011 59.579830 100.762383 42.207226                237 
59.128952 41.254135 -92.251450 61.004089 72.816269 -0.399584 -9.128986 26.816345 -2.116030 61.188889 100.757561 40.932987                293 
59.406738 41.544743 -92.564217 61.204227 72.830795 -0.622112 -9.172821 27.114037 -2.564311 61.411789 100.662086 40.784500                313 
60.189693 41.081627 -93.170448 61.530632 72.767654 -1.363311 -9.251546 27.642395 -3.609597 61.660351 100.792755 39.912689                332 
61.170929 40.632355 -93.794006 61.838432 72.783745 -2.143310 -9.181169 28.041948 -4.800413 61.747547 101.024200 38.985752                354 
61.777561 40.546421 -94.142815 61.905590 72.802704 -2.528146 -9.213449 28.229475 -5.593884 61.610989 101.095947 38.563663                371 
62.261265 40.692692 -94.535141 62.063805 72.806557 -2.870476 -9.144655 28.387062 -6.297956 61.655487 101.039978 38.261486                390 
62.478561 40.847134 -94.803535 62.137676 72.798607 -3.080615 -9.124893 28.472351 -6.721640 61.683578 100.962296 38.098648                409 
62.310467 40.954006 -95.049789 62.271839 72.609764 -3.222227 -8.915213 28.246065 -6.727164 61.976879 100.645271 38.045856                428 
62.185928 41.006283 -95.046524 62.246048 72.590660 -3.193316 -8.844745 28.135420 -6.617301 62.000328 100.598480 38.093884                447 
61.844002 40.992416 -94.957756 62.113148 72.549065 -3.095430 -8.920645 28.011114 -6.326550 61.962616 100.547699 38.198460                466 
60.572300 41.527889 -93.805443 61.236118 72.685143 -1.808988 -9.479795 27.611132 -4.730000 61.161858 100.502602 39.607368                486 
59.658577 41.269943 -92.357704 60.023872 73.096451 -0.589677 -10.518263 27.728962 -3.301488 59.766903 101.215637 40.621685                505 
59.357327 40.417103 -91.394234 59.070938 73.716141 -0.152316 -11.375924 28.175451 -2.561752 58.503529 102.500977 40.593758                525 
59.310234 40.091457 -90.761406 58.477604 74.069641 0.220246 -12.104729 28.724577 -2.297145 57.722092 103.176514 40.733826                545 
59.247135 40.072041 -90.678123 58.425377 74.112022 0.270615 -12.388402 29.038576 -2.202499 57.739880 103.279060 40.742149                567 
59.244602 40.020298 -90.720627 58.483212 74.122169 0.195611 -12.544917 29.298620 -2.192740 57.882137 103.345276 40.628021                583 
59.380882 40.036896 -90.850800 58.588860 74.144775 0.057936 -12.701905 29.680943 -2.428112 58.046013 103.379028 40.483112                600 
59.825245 40.005173 -91.301697 58.917885 74.205620 -0.431809 -12.778722 30.385303 -3.179808 58.453625 103.482903 39.963196                619 
61.307735 37.340359 -93.067894 60.047058 73.415031 -2.934316 -12.626170 31.241890 -5.754548 59.772095 103.486725 36.874588                636 
63.463261 38.239952 -95.835312 61.558155 73.184731 -5.266847 -11.766434 32.363693 -9.650116 61.257156 102.741890 34.925377                654 
65.991821 39.555939 -98.729233 62.958473 72.834389 -7.559510 -10.348880 32.536854 -13.816729 62.257843 101.644768 33.166431                671 
68.735283 40.667789 -100.767342 63.936195 72.689140 -9.192983 -8.487976 31.554907 -17.284460 62.243851 100.930672 31.900606                688 
70.758110 39.633057 -101.150131 64.681351 72.248909 -9.791167 -6.500757 29.963490 -18.790483 62.113495 100.668495 31.133942                705 
72.336357 37.941357 -102.278427 65.365387 71.515930 -11.228730 -4.792278 28.788597 -21.289795 62.147152 100.159470 29.493767                719 
73.333092 35.693417 -102.828499 65.414925 70.562767 -12.218936 -2.840382 27.051094 -23.750502 61.382114 99.400871 28.293179                732 
73.015625 33.324352 -102.848442 65.339333 69.963509 -12.665959 -0.620759 25.698551 -25.373423 60.804024 99.099312 27.579126                746 
72.308907 32.107380 -102.575554 65.118835 69.767303 -12.529883 2.434665 24.429098 -26.397318 60.266064 99.008720 27.601418                760 
71.571487 30.970636 -102.037025 64.657204 69.482613 -12.124778 4.936884 23.177729 -26.912498 59.441170 98.905899 27.827625                773 
68.602745 31.209105 -99.392548 63.962460 70.608589 -9.489921 5.928596 24.021372 -23.802576 59.400543 100.397186 30.271362                811 
65.942978 30.424919 -96.958595 62.921040 71.356430 -7.597738 4.951504 24.626457 -20.331226 59.038605 101.834267 31.710779                836 
65.031158 30.323156 -95.919556 62.556614 71.434227 -6.561477 4.474665 24.943552 -19.028854 58.921223 102.100006 32.624298                848 
63.674160 30.466120 -95.706963 62.528435 71.442314 -6.192667 4.436002 24.981127 -17.734341 59.476685 102.295021 32.896057                860 
61.972977 30.757856 -94.293655 61.825367 72.423485 -5.055354 3.527771 25.421574 -14.384618 59.331448 103.800987 33.653351                872 
60.533665 30.681574 -92.872551 61.213249 73.277733 -4.065162 3.073043 25.251951 -10.742590 59.209972 105.102348 34.305553                896 
58.648239 29.709976 -91.986519 61.099766 71.788414 -2.961636 1.685408 25.034451 -8.965004 60.239101 103.449318 35.586750                908 
57.051289 31.692743 -92.043694 61.832989 71.974709 -2.291632 1.625095 25.882563 -7.445455 62.229271 102.911316 36.847866                920 
56.223068 32.942436 -92.066887 62.256264 72.082245 -1.904851 1.714231 26.193964 -6.383417 63.376110 102.582253 37.561932                931 
55.758400 33.667377 -92.130814 62.466618 72.286110 -1.843545 1.841517 26.212946 -5.306153 64.070679 102.681519 37.687172                945 
55.875748 35.595951 -90.204262 59.358906 73.576492 0.356079 -1.109448 27.019966 -3.965579 59.865841 104.136917 39.788738                974 
56.783836 36.798351 -88.462120 56.895363 74.763084 2.046718 -3.231192 27.623581 -3.455673 56.051258 105.569313 41.281837                990 
57.654686 37.425701 -87.684204 55.836708 75.440033 2.679960 -4.245499 27.974447 -3.197072 54.289909 106.481339 41.707851               1001 
58.443378 38.032524 -87.213272 55.193336 75.851440 3.064799 -5.234876 28.242647 -2.893448 53.221748 107.034897 41.959995               1015 
59.136345 37.989773 -88.392876 56.081020 75.744431 1.808806 -5.643701 29.155993 -3.712584 54.631283 107.093506 40.593658               1037 
61.494926 36.897915 -91.313614 57.704239 75.135086 -1.427612 -5.269439 30.003885 -7.279953 56.454731 106.886452 37.035629               1060 
64.881973 37.037598 -93.142921 58.114723 75.258369 -3.451955 -4.937129 30.362898 -11.229259 55.705227 107.097992 34.882938               1083 
66.228584 36.830364 -94.574394 58.810520 74.927330 -4.888742 -4.668109 30.698687 -13.387350 56.296768 106.753647 33.450508               1096 
68.315201 35.178413 -96.478149 59.672169 73.795807 -7.125678 -4.154700 30.144840 -16.517521 56.762802 105.842453 31.001467               1119 
69.133675 35.218525 -97.322166 59.976433 73.442360 -7.851480 -4.188020 30.426620 -18.146645 56.942341 105.319756 30.407600               1132 
69.539505 35.597729 -97.887939 60.640175 73.432625 -8.214657 -2.993148 29.517141 -18.056847 57.464413 105.233299 30.096731               1144 
69.748741 34.975307 -97.996696 61.033344 73.223526 -8.465006 -2.350399 28.867668 -17.853374 57.809174 105.232101 29.668802               1156 
69.893036 35.639519 -98.592194 61.219406 73.153618 -8.728058 -2.348228 29.203722 -18.630013 58.060513 104.940849 29.595882               1168 
69.974205 36.104931 -98.998375 61.340424 73.108147 -8.899146 -2.325103 29.447567 -19.185955 58.222759 104.750511 29.547861               1180 
70.129257 35.604980 -99.236343 61.384129 72.733704 -9.167480 -2.352160 29.436470 -19.956171 58.204880 104.439400 29.222261               1205 
70.112617 35.347652 -99.243408 61.382641 72.635750 -9.214608 -2.291669 29.448456 -20.251516 58.147869 104.403893 29.118830               1218 
69.927818 34.670467 -99.020401 61.382210 72.323326 -9.088424 -1.967386 28.758331 -19.929644 58.063015 104.263733 29.094353               1231 
68.393425 35.029804 -98.349243 61.050304 72.392921 -8.176586 -2.023809 28.175926 -17.631020 58.045990 104.747147 29.682482               1257 
66.912056 34.130199 -96.964104 60.610764 72.129395 -6.963168 -2.228656 27.368580 -15.056495 57.892738 104.889687 30.566916               1270 
65.160149 33.265335 -95.573463 60.143108 71.955009 -5.777240 -2.470408 26.632509 -12.298518 57.812927 105.097588 31.441984               1285 
62.339573 32.664425 -93.163841 59.955227 73.138680 -4.043530 -1.838348 26.334255 -7.074029 58.320713 107.066315 32.499252               1312 
60.599537 33.200012 -89.168839 57.590504 74.029961 -0.227996 -3.013245 25.661327 -2.720862 55.260147 108.096275 36.147644               1326 
60.361431 32.513710 -86.071701 55.263481 76.615631 1.197040 -3.524538 25.908123 0.548314 51.456829 111.974068 36.188770               1341 
57.509823 34.185608 -86.782906 55.896309 74.623718 2.364072 -3.892861 24.844141 1.819510 53.784672 108.571678 38.863499               1370 
57.409283 34.245728 -86.051056 55.228168 74.862061 2.988262 -4.307685 24.646286 2.622550 52.780518 108.921684 39.362457               1383 
57.365898 34.620152 -85.460884 54.537453 75.146812 3.547284 -4.761311 24.491209 3.427690 51.759880 109.320305 39.790749               1396 
57.399933 34.977642 -85.151512 54.112732 75.275261 3.889732 -5.282964 24.479927 3.942611 51.154507 109.498062 40.072327               1409 
57.004608 36.969982 -84.283577 53.494453 75.599174 5.437065 -6.328532 25.049116 4.766525 50.566711 109.266121 42.139877               1422 
56.321243 39.024128 -84.139908 53.638985 75.402527 6.486324 -7.485744 25.698345 5.402516 51.280861 108.271957 43.945248               1448 
56.432232 39.485176 -83.904861 53.485828 75.647575 6.771386 -8.102769 26.158014 5.595022 51.065613 108.475533 44.262703               1461 
56.549122 40.124882 -83.805817 53.481281 75.816071 7.019067 -8.807324 26.744463 5.648077 51.099606 108.492424 44.645058               1474 
56.882496 40.723457 -83.650879 53.341576 76.096588 7.248265 -9.544773 27.354151 5.529073 50.822285 108.678886 44.946781               1487 
57.430122 41.131725 -83.540184 53.183861 76.523315 7.298015 -10.121074 28.014158 5.206121 50.414673 109.135605 44.953045               1500 
58.034843 41.583210 -83.511772 53.043026 76.860870 7.313132 -10.681921 28.641130 4.666507 50.014511 109.440437 44.976521               1513 
58.709877 41.953629 -83.690079 53.024967 77.141190 7.116798 -11.142922 29.277256 3.865809 49.775005 109.692329 44.786312               1526 
60.691540 41.690937 -84.203911 52.877254 77.909729 6.031781 -11.531135 30.313742 1.721652 48.816612 110.893631 43.243404               1539 
64.917404 39.491341 -91.587692 57.223469 75.737022 -1.354402 -10.637128 33.398952 -7.936380 54.624050 108.741661 35.969421               1564 
70.823242 41.542725 -99.309998 60.844242 73.600128 -7.717770 -8.019003 33.814537 -18.892076 57.788845 104.803009 31.091713               1590 
73.100639 43.231510 -101.234665 62.025009 73.467346 -9.136076 -6.567381 33.609207 -21.905415 58.340664 103.869583 30.249971               1604 
75.031479 38.369850 -103.829651 63.419788 70.954185 -12.566658 -6.367096 33.442474 -26.237209 59.937138 102.173294 26.193756               1617 
79.768288 44.070850 -105.868423 65.148178 71.972977 -13.456333 -3.466583 33.893745 -31.330791 59.736576 101.095451 26.689989               1642 
81.768234 44.543808 -106.713806 65.399002 71.498192 -14.278947 -2.727750 33.743103 -34.646576 58.916912 100.060875 26.110245               1666 
82.582382 40.489563 -106.830788 65.550713 69.894005 -15.209536 -1.286761 30.665627 -35.760181 58.394108 99.180641 24.542282               1690 
82.797714 41.247932 -106.863464 65.630219 70.025017 -15.018612 0.169665 30.249813 -36.766991 58.145569 98.768639 25.067739               1716 
82.738281 41.060925 -106.503677 65.587669 69.914154 -14.645452 2.079388 28.084393 -36.225697 57.645660 98.512619 25.456711               1741 
81.905594 40.502045 -106.317162 65.320763 69.760139 -14.421244 2.819173 26.841913 -35.625034 57.285229 98.369125 25.654779               1756 
79.858032 39.156696 -105.572990 64.722160 69.542946 -13.683702 3.464457 25.004299 -33.466488 56.848530 98.470711 26.195131               1767 
75.023621 37.285648 -103.158127 63.732346 70.095184 -11.240834 2.918162 24.461752 -28.133806 56.880352 99.960136 28.132587               1778 
65.882568 34.184666 -96.628777 61.678349 71.467430 -5.555364 -0.750306 26.353628 -16.556248 57.788853 103.351768 32.620434               1794 
59.236683 35.192219 -87.959679 57.259895 74.723991 2.393755 -4.363694 27.693953 -5.325095 53.690594 107.585594 39.763615               1827 
57.923225 34.363579 -83.809319 53.892963 77.054321 5.065871 -7.159347 28.951382 -1.895775 49.247559 111.196548 41.147167               1849 
57.073448 35.053993 -83.630318 54.207672 76.545639 5.861730 -7.346916 28.729248 -0.917697 50.086254 110.206589 42.455242               1858 
56.560310 36.013042 -82.821777 53.620361 76.808395 6.997920 -8.252846 28.729183 0.276470 49.393734 110.180290 43.843323               1878 
56.476807 36.315903 -82.299850 53.129337 77.196129 7.472057 -8.994442 28.933544 0.872853 48.694939 110.609886 44.255047               1897 
56.485649 36.493530 -82.120857 52.962257 77.374954 7.645248 -9.373722 29.091740 1.107307 48.452991 110.800194 44.408695               1907 
56.631161 36.418671 -81.941933 52.809269 77.680687 7.637311 -9.774412 29.355408 1.323331 48.177612 111.279778 44.226654               1917 
57.312088 36.712486 -81.535446 52.022133 78.358574 7.789577 -10.866259 30.118982 0.853449 46.826859 112.127365 44.146263               1937 
59.737984 35.743179 -89.156555 56.772076 76.785965 0.516551 -9.989613 33.772362 -6.969347 53.953991 110.729927 36.971958               1979 
60.825939 34.747837 -91.000481 57.572243 76.205521 -1.530613 -9.771023 34.085953 -9.372648 54.887081 110.372574 34.725883               1989 
62.558491 34.639107 -93.837776 58.608292 75.007362 -3.896608 -9.347298 34.073288 -13.202702 55.910450 108.765610 32.739895               2000 
64.898315 34.663616 -96.429260 59.356079 73.932663 -6.083423 -8.830320 33.795994 -17.324434 56.134663 107.255257 30.907904               2011 
66.961761 35.363960 -98.852936 60.149761 73.050179 -7.920177 -8.065564 33.539665 -21.041199 56.432804 105.724068 29.599583               2022 
69.971107 37.271156 -101.154655 61.689312 72.620468 -9.395278 -6.033160 33.122414 -24.625088 57.130173 104.310143 28.868414               2042 
71.549934 35.990246 -102.261047 62.544537 71.606194 -10.651191 -5.152093 32.546673 -26.704966 57.676262 103.391037 27.495300               2058 
73.095474 34.897629 -103.304962 63.522194 70.637260 -11.745011 -3.717657 31.615208 -28.678244 58.225956 102.425926 26.341230               2084 
73.288452 34.372387 -103.812294 63.800365 70.293541 -12.255009 -3.030322 31.239023 -29.631149 58.319584 102.095543 25.793974               2104 
73.244148 34.075550 -104.027870 63.913864 70.153297 -12.463097 -2.641429 31.165283 -30.161915 58.357777 101.960106 25.570940               2114 
72.414803 33.504635 -103.472748 63.772671 69.737305 -11.811450 -1.461892 28.886101 -28.745331 57.830353 101.552010 26.157547               2136 
71.445740 32.734970 -102.622383 63.473801 69.617310 -11.095952 -0.847824 27.205849 -26.932417 57.318584 101.669945 26.638292               2148 
67.536133 31.361580 -99.236191 62.302315 69.984253 -8.116753 -0.834063 25.267704 -20.699783 56.607437 102.772461 29.053572               2173 
64.758049 32.304726 -97.796219 62.175713 70.272346 -6.248769 -1.164999 25.546989 -17.243908 57.472500 103.044403 31.074194               2186 
61.462036 34.982807 -94.185555 60.938896 70.675285 -1.663477 -2.254711 25.600079 -11.900557 56.845570 102.838455 36.256260               2197 
59.179935 36.780140 -92.033638 59.893513 71.705719 0.802512 -3.309252 26.338684 -8.593138 56.163101 103.807259 38.811806               2209 
57.905743 36.446129 -91.558197 60.162609 71.957375 1.043141 -3.226563 26.413128 -6.833512 57.039818 104.357536 38.853306               2220 
55.009651 37.572895 -88.847290 57.450966 73.105423 3.742051 -5.581217 26.414438 -3.115657 54.126907 105.548378 41.498329               2243 
53.886219 38.410866 -88.241409 56.921764 73.050484 4.662488 -6.539863 26.328705 -1.773151 53.838833 105.183372 42.703312               2254 
53.241917 39.184273 -87.373131 56.163761 73.813454 5.527154 -7.418173 26.367411 -0.032255 52.917564 105.954834 43.547215               2265 
52.672470 39.952854 -87.325394 56.080528 73.950516 5.772553 -8.108638 26.256893 1.099887 53.036747 105.874527 43.991978               2288 
52.580494 40.130932 -87.327339 56.062672 74.000069 5.801782 -8.383706 26.251717 1.426995 53.065941 105.888214 44.054852               2298 
52.571472 40.364845 -87.316994 56.041252 74.059509 5.836843 -8.752797 26.250980 1.828632 53.101128 105.904663 44.130093               2310 
52.577049 40.743782 -87.227402 55.971321 74.278511 5.939353 -9.082734 26.417707 2.186121 53.073055 106.067993 44.282017               2321 
52.681770 41.122009 -87.162704 55.985809 74.341026 6.051152 -9.473989 26.561626 2.453722 53.179028 106.003342 44.505680               2333 
53.336979 42.033573 -86.855965 55.610588 75.097130 6.359391 -9.950282 27.112076 2.428090 52.470737 106.648582 44.879234               2354 
54.116470 42.594803 -87.006607 55.475060 75.490898 6.232084 -10.308280 27.772459 1.650442 52.134075 106.934601 44.823051               2371 
55.022522 42.445381 -87.743225 55.667931 75.790382 5.300607 -10.656028 28.789051 0.330294 52.322193 107.423714 43.735870               2382 
56.895897 40.347519 -90.835472 57.187637 75.564224 1.465401 -10.943883 31.128447 -3.572649 54.526634 108.086029 39.206390               2395 
58.836658 39.835861 -92.429085 57.756824 75.564583 -0.353306 -10.997152 32.197590 -6.456810 54.896019 108.319771 37.170616               2406 
60.573193 39.549797 -94.941727 58.949638 75.046204 -2.802529 -10.698193 33.344662 -9.955400 56.382542 107.717789 34.815407               2420 
63.264778 41.759323 -100.328522 61.612587 73.633133 -6.881786 -8.549057 33.399906 -16.115988 59.378624 104.751488 32.051346               2442 
64.307724 42.260994 -101.776970 62.380253 73.165085 -8.002335 -7.282806 32.297115 -17.680042 59.854118 103.804726 31.290949               2454 
65.095589 40.865604 -102.225403 62.943348 72.493820 -8.675267 -6.441770 31.487463 -18.565527 60.262672 103.209610 30.548265               2466 
65.580353 39.473095 -102.145348 63.193768 72.129761 -8.915936 -5.688721 30.796446 -19.020519 60.276974 102.989487 30.177551               2478 
65.764351 38.652496 -101.962822 63.351974 72.027817 -8.943432 -4.503991 29.813877 -18.996109 60.191444 103.012604 30.032013               2490 
65.642677 38.138409 -101.851288 63.356503 71.946487 -8.935624 -3.765417 29.508671 -19.205887 60.162418 102.998489 29.983553               2504 
65.478836 37.727589 -101.698013 63.350380 71.884819 -8.871737 -3.254932 29.251617 -19.155821 60.156582 103.038292 29.966288               2515 
64.986298 36.902809 -101.262512 63.133701 71.692726 -8.630404 -2.877553 28.826939 -18.705679 59.977898 103.077271 30.024252               2527 
64.146042 35.201336 -100.096130 62.809769 71.593735 -8.042950 -2.492770 28.284241 -17.242289 59.779339 103.612419 30.098261               2540 
62.806976 35.038933 -99.435440 62.526825 71.503761 -7.385756 -2.335700 28.007238 -15.604380 59.941830 103.756058 30.591059               2553 
61.633171 34.573650 -98.287018 62.024036 71.549965 -6.434369 -2.385617 27.786747 -13.657638 59.725189 104.203033 31.216976               2566 
60.260250 34.197243 -97.716675 61.876774 71.373291 -5.939461 -1.491452 26.931875 -11.226143 60.152374 104.274284 31.526287               2605 
56.714256 31.182989 -97.965172 62.385368 70.072487 -7.059703 -1.626973 26.596252 -8.935814 62.681637 103.727539 29.769371               2619 
55.803692 29.609526 -97.521057 62.297585 70.791550 -7.696919 -0.545237 25.844500 -6.976081 62.614323 105.425758 28.212729               2631 
55.378952 31.337204 -94.697365 59.772617 71.587151 -4.355330 -2.500450 25.794008 -4.746198 59.112251 105.930771 31.827686               2645 
53.436089 33.191692 -93.507332 59.535355 70.889717 -2.213578 -3.276659 25.702118 -2.588267 59.833317 104.271835 34.863056               2657 
53.926575 33.539314 -90.111954 57.035664 73.160034 0.450309 -5.171205 26.924582 -0.102298 55.956997 107.354225 36.764565               2669 
54.072334 34.086750 -87.961021 55.460533 74.142937 2.390827 -6.598862 27.429800 1.541380 53.664566 108.533348 38.490761               2681 
54.083317 36.266109 -86.249817 54.400024 75.136330 4.541425 -8.387516 28.913589 2.708789 52.441418 109.097885 41.036743               2705 
54.276012 36.660618 -85.772858 54.088093 75.601593 4.941915 -9.034201 29.484137 3.021004 52.005135 109.594704 41.400944               2718 
54.800476 36.972057 -85.261871 53.776783 76.256088 5.241895 -9.742370 30.255289 3.137307 51.437569 110.372986 41.569523               2729 
55.662701 37.172253 -84.832672 53.581207 76.948212 5.363069 -10.789427 31.464155 2.742434 50.974968 111.217117 41.529091               2754 
56.112835 36.700363 -84.965057 53.725033 77.211357 4.872520 -11.109656 32.155315 2.258209 51.123825 111.767059 40.764977               2763 
57.368465 34.723557 -85.965195 54.482094 77.369576 2.832389 -11.508953 33.739037 0.252516 52.104568 112.769630 37.908230               2775 
60.684456 31.810585 -89.349548 56.609394 77.292091 -2.040065 -10.861684 35.948296 -5.395713 54.451607 113.815109 31.879604               2798 
61.927334 31.321037 -91.290535 57.363235 76.112030 -3.659878 -10.672196 35.883789 -8.380028 55.310661 112.343636 30.577368               2811 
63.278114 32.479870 -93.343788 58.144978 75.601494 -4.917038 -9.780042 35.423584 -10.926126 55.836933 111.159462 30.003374               2822 
67.795349 35.101620 -99.189774 61.173336 73.956268 -8.902133 -6.296346 33.786945 -18.097265 58.106503 107.781364 27.643572               2856 
69.766815 34.576138 -101.302696 62.208458 72.807854 -10.812670 -5.066249 32.926914 -21.497862 58.727432 106.319725 25.983633               2879 
70.271782 34.865307 -101.951210 62.557648 72.496857 -11.209450 -4.255831 32.270199 -22.435301 58.818588 105.742325 25.802565               2890 
70.301079 34.365421 -102.258774 62.728146 72.000603 -11.460329 -3.153848 31.041756 -22.993603 58.706551 105.200745 25.562754               2904 
70.150063 34.495747 -102.628281 62.881191 71.645149 -11.506639 -1.409126 29.210340 -23.264923 58.447002 104.676949 25.619755               2923 
69.895531 34.617374 -102.864365 62.946342 71.490150 -11.522718 -0.529042 28.448980 -23.525976 58.339432 104.440140 25.655304               2935 
68.703224 34.295185 -103.117722 62.971977 70.822708 -11.393309 1.594728 25.581963 -22.729603 58.046532 103.674599 25.830667               2957 
67.838142 34.427746 -103.275429 62.889252 70.538612 -11.231425 2.698280 24.283453 -22.277548 57.866856 103.312614 26.048216               2970 
66.606346 34.392376 -103.277634 62.635555 70.329346 -10.990916 3.350930 23.409924 -21.689100 57.659668 103.167313 26.238644               2982 
64.332985 34.011055 -102.691811 62.162865 70.123306 -10.328341 3.402295 22.693256 -19.893768 57.677505 103.119064 26.823950               2995 
61.391136 33.554779 -100.247696 61.781288 71.212151 -8.429209 3.088668 23.554644 -15.655501 58.287411 104.893478 28.210829               3008 
58.146244 32.123791 -98.405357 62.148487 71.701149 -7.453702 3.028898 24.319944 -11.506913 60.257229 106.221329 28.517273               3037 
56.732719 31.715748 -97.929581 62.437195 71.816666 -7.285533 3.207922 24.490749 -9.856579 61.312511 106.583855 28.479092               3071 
55.533714 31.372486 -96.992554 62.504276 72.432259 -6.864017 2.827444 25.470390 -8.027867 62.063339 107.632072 28.490053               3097 
54.021896 32.313114 -96.631134 62.750992 72.313896 -6.184150 2.648834 25.551041 -6.629934 63.075298 107.112373 29.566263               3111 
53.858280 33.286064 -94.193466 61.263226 74.623497 -4.258824 -1.219704 29.913542 -4.968646 61.777962 110.057976 30.859039               3164 
54.043941 33.480186 -94.067627 61.121586 74.874352 -4.138629 -1.652897 30.388170 -5.031459 61.581924 110.333649 30.954924               3171 
55.233089 34.057159 -94.733803 61.049660 75.060951 -4.568365 -2.334652 31.086189 -6.538820 61.221657 110.316429 30.732531               3188 
56.473900 34.498058 -95.720810 61.287888 75.116318 -5.338086 -2.426400 31.592512 -8.343698 61.231560 110.184845 30.148909               3200 
58.014496 35.062862 -97.122002 61.593761 75.060104 -6.418817 -2.404514 32.042831 -10.794453 61.220795 109.846237 29.343140               3214 
59.698215 35.341732 -98.795204 62.039745 74.708923 -7.780198 -2.086381 32.033447 -13.470387 61.278103 109.223030 28.238232               3227 
62.558846 36.474789 -100.735916 62.907413 74.611382 -9.163548 -1.266305 32.409592 -17.100533 61.459740 108.588615 27.341015               3254 
63.527733 36.750359 -101.263649 63.229153 74.576767 -9.555410 -0.775327 32.484180 -18.327627 61.526688 108.400826 27.080172               3268 
64.260208 36.824253 -101.633171 63.495785 74.512932 -9.847348 -0.147554 32.387260 -19.350056 61.540867 108.233345 26.871086               3280 
65.250443 36.864880 -102.335487 63.761135 74.112534 -10.340250 1.713428 31.728802 -21.856329 61.215607 107.613670 26.542337               3307 
65.359535 36.619793 -102.468216 63.772362 73.825012 -10.423087 2.631348 31.142288 -22.640160 60.961388 107.310295 26.454618               3321 
65.083366 36.318398 -102.503967 63.728191 73.508614 -10.377885 3.505236 30.416401 -23.035715 60.702171 107.009682 26.468454               3336 
64.472687 35.876915 -102.409691 63.607643 73.199600 -10.243947 4.060356 29.437290 -22.563065 60.458145 106.808708 26.493500               3350 
63.462101 35.263107 -101.868835 63.371758 72.962975 -9.768873 4.500159 28.467726 -21.329594 60.230854 106.805069 26.754797               3364 
59.449730 34.215714 -98.618172 62.803818 73.731689 -7.280097 4.036669 28.811417 -15.508891 60.997700 108.463737 28.490755               3392 
57.239906 34.667305 -96.869026 62.873245 74.268143 -5.663261 3.459190 29.895359 -12.481128 62.141872 109.114937 30.034040               3407 
55.781391 34.938267 -95.661430 62.919399 74.624763 -4.588418 3.040550 30.375536 -9.933825 62.901661 109.543915 31.045603               3421 
55.038502 35.061455 -95.016464 62.943302 74.809479 -4.031703 2.756594 30.414886 -8.109786 63.294727 109.764862 31.565046               3435 
54.278843 35.147007 -94.750755 62.924671 74.778099 -3.780891 2.323590 30.265745 -6.708808 63.597015 109.693039 31.850927               3449 
53.768017 34.936123 -94.418739 62.708218 75.003471 -3.685339 1.450314 30.318411 -5.195341 63.519054 110.095703 31.768976               3463 
53.308826 35.082794 -94.058167 62.443176 75.164009 -3.387899 0.808621 30.189363 -3.886923 63.311897 110.259117 32.062206               3476 
52.667465 35.344669 -93.430145 61.951180 75.443207 -2.838727 -0.336605 30.534578 -2.547039 62.946323 110.532562 32.613750               3489 
52.277710 34.908497 -91.249649 60.239765 77.002747 -1.567793 -3.369091 32.384636 -0.043060 60.880756 112.851898 33.124546               3530 
52.419720 35.015713 -90.704102 59.852665 77.489861 -1.200351 -4.146855 32.956535 0.487067 60.336731 113.479347 33.348938               3544 
52.838211 35.116798 -90.226028 59.480690 78.012909 -0.932932 -5.171710 33.741199 0.843350 59.771160 114.167122 33.446129               3557 
53.247944 35.324684 -90.017616 59.325371 78.251709 -0.769069 -5.961729 34.317120 0.944959 59.534359 114.416084 33.599892               3571 
53.758778 35.364307 -89.861786 59.129128 78.517311 -0.738788 -6.810222 34.956951 0.815739 59.188381 114.755646 33.552769               3585 
54.170422 35.352806 -89.944519 59.142673 78.571548 -0.881835 -7.442295 35.504150 0.494619 59.194035 114.822723 33.396160               3599 
56.200901 35.106182 -91.192184 59.367611 78.686310 -2.265917 -8.332915 36.939137 -2.457718 59.082684 115.076813 31.862974               3627 
57.651718 35.049511 -92.736687 59.818439 78.191475 -3.575737 -8.530319 37.480606 -5.188995 59.419434 114.420204 30.723698               3640 
59.962334 35.276005 -94.568649 60.211681 77.835899 -5.111142 -8.530773 37.959129 -8.976548 59.224747 113.806412 29.447210               3654 
62.082954 35.705166 -97.322502 60.900383 76.679459 -7.135407 -8.299003 38.223839 -13.757851 59.568314 111.993263 28.082369               3669 
64.730080 36.318119 -100.375885 61.922691 75.249565 -9.313595 -6.839592 36.894184 -18.506886 59.691505 109.690346 26.713974               3696 
65.786392 35.904716 -101.704208 62.354797 74.298965 -10.426766 -6.295461 36.204208 -20.656431 59.806717 108.507927 25.800098               3709 
67.318474 36.084900 -102.822060 62.931557 73.846321 -11.283317 -5.387846 35.851738 -22.963779 59.813190 107.761353 25.174572               3722 
68.254044 36.265598 -103.460976 63.353817 73.611931 -11.713783 -4.617105 35.777161 -24.636095 59.810078 107.286606 24.927576               3736 
68.418091 35.500015 -103.707024 63.534424 73.354988 -12.083447 -3.753662 35.352875 -25.647497 59.703712 107.113243 24.451971               3749 
68.274681 36.035652 -104.095284 63.690670 73.052460 -12.042715 -2.950765 35.029591 -26.478136 59.700298 106.409439 24.842514               3762 
67.667091 35.974049 -104.369705 63.821045 72.413216 -11.984591 -2.160036 34.062431 -26.787003 59.785309 105.452736 25.180367               3775 
67.274376 35.772865 -104.466965 63.732956 72.248711 -12.016858 -1.475665 33.400013 -27.189928 59.498100 105.258476 25.152378               3787 
66.644577 35.746029 -104.554489 63.570419 71.983986 -11.916324 -0.791994 32.502235 -27.437258 59.152897 104.882057 25.330605               3800 
65.778641 35.587563 -104.542686 63.385986 71.812149 -11.801161 -0.358552 31.725094 -27.232145 58.915749 104.709946 25.439718               3814 
64.419525 35.133457 -104.048660 63.112686 71.642395 -11.331990 0.013771 30.678085 -25.995083 58.759052 104.694489 25.785873               3827 
62.437363 34.187515 -102.504715 62.765751 71.839813 -10.180245 0.358264 29.669785 -23.156113 58.717701 105.418831 26.496641               3839 
59.416985 33.944820 -98.868851 62.442200 73.141991 -7.185509 0.710942 29.591127 -17.403492 59.088436 107.372658 28.955116               3855 
56.077637 33.197052 -96.451309 62.192863 73.874908 -5.535747 0.198929 30.132339 -12.748090 60.092857 108.831306 29.999746               3879 
54.978924 33.012363 -95.685616 62.113636 74.107803 -5.011503 0.141657 29.982286 -10.837646 60.405293 109.294548 30.317036               3904 
54.658585 32.989777 -95.485573 62.091644 74.172447 -4.866005 0.159758 29.741808 -10.008732 60.491375 109.423065 30.403870               3917 
54.377472 32.972164 -95.362190 62.093010 74.227142 -4.789665 0.422040 29.250084 -9.008309 60.587025 109.543083 30.418961               3929 
52.903667 33.895935 -94.847130 61.964451 73.918228 -3.844414 0.414286 28.522835 -7.080269 60.981037 108.780167 31.832041               3954 
51.929409 34.501858 -94.647232 62.030807 73.662445 -3.386360 0.388699 28.235605 -6.126879 61.482471 108.202881 32.610706               3967 
50.808861 35.110149 -94.445969 62.181313 73.475212 -3.033674 0.348260 27.925680 -4.832883 62.176968 107.713097 33.255417               3987 
50.292187 35.146534 -94.404655 62.325500 73.418571 -3.092328 -0.490638 28.247459 -3.797498 62.752895 107.638626 33.211063               4007 
50.218754 35.099609 -93.833458 61.946583 74.096016 -2.883199 -1.043610 28.464420 -2.393646 62.277607 108.585030 33.165787               4032 
50.155678 35.428291 -93.650276 61.942722 74.179840 -2.667829 -1.345975 28.559124 -1.786378 62.395645 108.548958 33.494164               4046 
50.260983 35.930080 -93.382912 61.947655 74.300667 -2.363475 -1.594590 28.618595 -0.972619 62.571774 108.481567 33.973938               4075 
50.375870 35.918461 -93.166359 61.792511 74.487740 -2.262185 -1.873990 28.881983 -0.649430 62.454380 108.727257 34.019329               4087 
50.716274 35.925529 -92.943489 61.699738 74.728546 -2.197804 -1.945482 28.966825 -0.221746 62.350754 108.978279 34.074268               4100 
51.389191 35.784801 -92.330360 61.157665 75.443985 -1.977266 -2.816118 29.986553 0.258693 61.713699 109.954048 34.048805               4127 
51.596485 35.875816 -92.250702 61.158588 75.473969 -1.924535 -2.960157 30.152388 0.458758 61.817196 109.924820 34.156433               4141 
52.106941 35.922382 -92.150215 61.183510 75.502083 -1.905260 -2.903228 30.107037 0.834433 61.914917 109.884804 34.239235               4169 
52.435242 35.883411 -92.098541 61.070164 75.569641 -1.928520 -3.077642 30.270529 0.854437 61.811859 109.963348 34.205318               4183 
52.828323 35.811611 -92.024940 61.071388 75.567520 -1.947309 -2.924947 30.124889 1.108005 61.844006 109.934319 34.211475               4199 
53.188419 35.879478 -92.031509 61.078304 75.575066 -1.994759 -2.835302 30.080297 1.229167 61.907665 109.891777 34.210308               4216 
53.470207 35.936485 -92.053787 61.097801 75.572624 -2.051467 -2.802022 30.107288 1.257833 62.000290 109.833572 34.204620               4234 
53.696377 36.025066 -92.103508 61.124241 75.558228 -2.113215 -2.804775 30.172009 1.247121 62.116199 109.758492 34.197788               4254 
53.847969 36.097668 -92.150558 61.132450 75.549507 -2.169200 -2.843950 30.251635 1.214306 62.197258 109.708794 34.178299               4270 
53.960304 36.073666 -92.147278 61.162415 75.516808 -2.229374 -2.913203 30.375010 1.247729 62.362885 109.653465 34.135151               4289 
54.025948 35.976727 -92.141121 61.196148 75.458801 -2.318451 -3.007294 30.510723 1.281259 62.569363 109.578621 34.055759               4309 
54.192059 35.865250 -92.050003 61.183628 75.435814 -2.337269 -3.101759 30.609039 1.354487 62.654572 109.566025 34.023376               4329 
54.367577 35.755650 -91.941666 61.170811 75.400444 -2.340625 -3.197002 30.688183 1.467357 62.744621 109.533005 34.013504               4349 
54.300640 35.394829 -90.841324 60.195587 75.886284 -1.652853 -4.374431 31.387312 2.191424 61.597935 110.348457 34.396046               4371 
54.373573 35.104599 -89.979103 59.465408 76.274002 -1.134763 -5.337851 31.938419 2.719465 60.693962 110.990028 34.676121               4391 
54.551559 34.862457 -89.336967 58.994370 76.589203 -0.792875 -6.090981 32.367393 3.136187 60.077946 111.516403 34.816784               4412 
54.816822 34.847397 -88.912979 58.691513 76.818436 -0.518235 -6.714197 32.760090 3.285885 59.661987 111.833046 35.008751               4433 
55.141438 34.861233 -88.691452 58.525833 76.980988 -0.398917 -7.170520 33.096073 3.187656 59.418201 112.038780 35.087505               4453 
55.401711 34.830978 -88.681305 58.500584 77.027496 -0.449962 -7.397042 33.315956 2.981294 59.379467 112.105469 35.016842               4473 
55.934532 34.720016 -88.900887 58.531322 77.105621 -0.768807 -7.757006 33.896969 2.203163 59.384613 112.252151 34.630688               4493 
56.860462 33.533939 -90.102020 59.121288 76.727554 -2.374783 -8.435513 35.418400 -0.104732 60.380333 112.194611 32.691353               4513 
57.762043 32.473137 -91.454903 59.803398 76.250679 -4.029655 -8.829829 36.646431 -2.447849 61.450901 111.938080 30.796003               4533 
58.549782 31.823318 -92.516701 60.243950 75.943817 -5.263566 -9.004533 37.359318 -4.329897 62.021011 111.754837 29.428560               4553 
59.054852 31.684786 -93.162926 60.447102 75.748940 -5.878238 -9.118804 37.739883 -5.577156 62.231941 111.529495 28.844917               4571 
59.394920 31.630409 -93.588959 60.584793 75.637222 -6.274302 -9.143414 37.987293 -6.468967 62.359112 111.389946 28.478045               4588 
59.609451 31.608292 -93.859947 60.627468 75.591972 -6.533445 -9.138957 38.136513 -7.143433 62.366333 111.333282 28.232433               4606 
59.761299 31.616575 -94.042007 60.649734 75.567627 -6.699944 -9.149362 38.303593 -7.721560 62.361614 111.298111 28.078405               4623 
59.928802 31.672318 -94.155403 60.579041 75.549126 -6.774836 -9.141821 38.333790 -8.218962 62.197952 111.254288 28.033955               4639 
60.078362 31.746937 -94.253288 60.519508 75.566010 -6.842578 -9.142627 38.420746 -8.656770 62.053085 111.259666 27.981874               4656 
60.264519 31.384817 -94.159027 60.383881 75.611725 -6.949143 -9.174683 38.548893 -9.182410 61.766506 111.460762 27.721687               4674 
60.365967 31.177286 -94.123489 60.293533 75.646637 -7.032290 -9.154519 38.682125 -9.636950 61.581619 111.584503 27.550100               4691 
60.429550 31.054598 -94.088615 60.220024 75.661156 -7.062985 -9.100829 38.816475 -10.061902 61.442513 111.646461 27.472427               4707 
60.483532 31.112591 -94.125015 60.163452 75.714752 -7.091846 -9.047422 38.964741 -10.429057 61.326740 111.708969 27.436317               4725 
60.544994 30.992596 -94.061905 60.101925 75.758438 -7.108006 -8.964160 39.040977 -10.722451 61.200607 111.811798 27.360525               4742 
60.653191 31.073576 -94.069939 60.002781 75.886948 -7.136741 -8.896676 39.123589 -11.058537 60.986000 111.966751 27.307600               4759 
60.751526 31.156908 -94.079247 59.912342 76.013298 -7.165372 -8.827120 39.190948 -11.361763 60.788780 112.117256 27.256529               4776 
60.952820 30.629635 -93.766357 59.706142 76.255013 -7.250016 -8.740503 39.223873 -11.641565 60.353725 112.652321 26.866669               4794 
61.062988 30.186016 -93.484970 59.515327 76.397339 -7.273510 -8.675413 39.279366 -11.982998 59.995430 113.002007 26.623383               4811 
61.151947 29.957102 -93.278664 59.322487 76.543663 -7.263588 -8.618288 39.335899 -12.343645 59.641727 113.279938 26.492523               4830 
61.267918 29.838423 -93.105644 59.139229 76.719597 -7.248170 -8.548610 39.387653 -12.667857 59.284428 113.564247 26.390825               4849 
61.407566 29.861155 -92.969727 58.964512 76.888344 -7.192318 -8.497807 39.434460 -12.996843 58.936142 113.787132 26.387585               4869 
61.631580 30.054546 -92.866714 58.796478 77.122032 -7.115415 -8.223279 39.197746 -13.173298 58.494427 114.043289 26.438433               4889 
61.850628 30.199871 -92.730309 58.559322 77.379807 -7.046022 -8.211387 39.263733 -13.509255 58.017082 114.346321 26.454935               4910 
62.116570 29.923843 -92.455986 58.307285 77.640160 -7.071303 -7.960362 38.951130 -13.658868 57.411079 114.803856 26.203133               4931 
62.324768 29.958336 -92.317886 58.050816 77.833504 -7.022252 -7.989028 38.997566 -14.056340 56.911083 115.045029 26.191212               4953 
62.485935 29.964264 -92.219940 57.900982 77.949768 -6.979658 -7.762161 38.701138 -14.198049 56.513622 115.194481 26.187162               4973 
62.637035 29.986830 -92.116768 57.705982 78.083954 -6.934889 -7.770123 38.675091 -14.463890 56.110840 115.363983 26.182875               4993 
62.786072 29.983374 -92.006081 57.571419 78.162720 -6.859542 -7.523003 38.341087 -14.552092 55.738323 115.469017 26.216299               5015 
