999.000000 999.000000 999.000000 999.000000 999.000000 999.000000 999.000000 999.000000 999.000000 999.000000 999.000000 999.000000                0.0 
999.000000 999.000000 999.000000 999.000000 999.000000 999.000000 999.000000 999.000000 999.000000 999.000000 999.000000 999.000000                8.0 
999.000000 999.000000 999.000000 999.000000 999.000000 999.000000 999.000000 999.000000 999.000000 999.000000 999.000000 999.000000               18.0 
999.000000 999.000000 999.000000 999.000000 999.000000 999.000000 999.000000 999.000000 999.000000 999.000000 999.000000 999.000000               25.0 
999.000000 999.000000 999.000000 999.000000 999.000000 999.000000 999.000000 999.000000 999.000000 999.000000 999.000000 999.000000               34.0 
999.000000 999.000000 999.000000 999.000000 999.000000 999.000000 999.000000 999.000000 999.000000 999.000000 999.000000 999.000000               53.0 
999.000000 999.000000 999.000000 999.000000 999.000000 999.000000 999.000000 999.000000 999.000000 999.000000 999.000000 999.000000               60.0 
999.000000 999.000000 999.000000 999.000000 999.000000 999.000000 999.000000 999.000000 999.000000 999.000000 999.000000 999.000000               69.0 
999.000000 999.000000 999.000000 999.000000 999.000000 999.000000 999.000000 999.000000 999.000000 999.000000 999.000000 999.000000               78.0 
999.000000 999.000000 999.000000 999.000000 999.000000 999.000000 999.000000 999.000000 999.000000 999.000000 999.000000 999.000000               95.0 
999.000000 999.000000 999.000000 999.000000 999.000000 999.000000 999.000000 999.000000 999.000000 999.000000 999.000000 999.000000              121.0 
999.000000 999.000000 999.000000 999.000000 999.000000 999.000000 999.000000 999.000000 999.000000 999.000000 999.000000 999.000000              147.0 
999.000000 999.000000 999.000000 999.000000 999.000000 999.000000 999.000000 999.000000 999.000000 999.000000 999.000000 999.000000              173.0 
999.000000 999.000000 999.000000 999.000000 999.000000 999.000000 999.000000 999.000000 999.000000 999.000000 999.000000 999.000000              198.0 
999.000000 999.000000 999.000000 999.000000 999.000000 999.000000 999.000000 999.000000 999.000000 999.000000 999.000000 999.000000              224.0 
999.000000 999.000000 999.000000 999.000000 999.000000 999.000000 999.000000 999.000000 999.000000 999.000000 999.000000 999.000000              250.0 
999.000000 999.000000 999.000000 999.000000 999.000000 999.000000 999.000000 999.000000 999.000000 999.000000 999.000000 999.000000              276.0 
999.000000 999.000000 999.000000 999.000000 999.000000 999.000000 999.000000 999.000000 999.000000 999.000000 999.000000 999.000000              302.0 
999.000000 999.000000 999.000000 999.000000 999.000000 999.000000 999.000000 999.000000 999.000000 999.000000 999.000000 999.000000              327.0 
999.000000 999.000000 999.000000 999.000000 999.000000 999.000000 999.000000 999.000000 999.000000 999.000000 999.000000 999.000000              354.0 
999.000000 999.000000 999.000000 999.000000 999.000000 999.000000 999.000000 999.000000 999.000000 999.000000 999.000000 999.000000              379.0 
-18.243870 185.374664 -77.552826 -14.140734 184.468185 21.332094 -76.506210 151.490570 -22.118683 -18.295109 174.661484 70.434021                405 
-17.909170 181.443619 -78.005913 -14.589969 184.448166 20.866941 -78.201187 152.826630 -21.778542 -19.593176 176.910309 70.289383                431 
-17.746489 181.755035 -77.918549 -14.549284 184.422012 20.987263 -77.710945 152.038895 -21.775045 -19.520557 176.757782 70.393494                456 
-17.463295 182.217712 -77.014526 -14.531562 184.348358 21.919306 -76.827507 150.693924 -21.165232 -19.438576 176.298523 71.270607                474 
-17.631006 182.697220 -75.519051 -14.382677 184.225052 23.415365 -76.566933 150.173615 -19.642302 -19.060600 175.825378 72.730598                491 
-17.725319 182.957474 -74.677956 -14.101469 183.864517 24.244318 -76.357582 149.729218 -18.767061 -18.586334 175.143677 73.521721                508 
-17.954039 182.998978 -74.050278 -13.879179 183.477997 24.838594 -76.123657 149.135971 -18.014061 -18.186214 174.559784 74.096535                525 
-18.243061 182.873703 -73.359406 -13.806643 183.090683 25.476934 -75.989220 148.350677 -17.193905 -18.002510 174.061111 74.724174                542 
-18.481321 182.606888 -72.881790 -13.759514 182.835114 25.889017 -75.858086 147.634338 -16.567707 -17.863834 173.795410 75.142113                558 
-18.813274 182.391388 -72.524269 -13.696387 182.549164 26.176376 -75.872749 146.963333 -15.978755 -17.644543 173.466812 75.434395                575 
-19.212482 182.183365 -72.217339 -13.731790 182.287140 26.421976 -75.945900 146.420135 -15.468992 -17.533627 173.180923 75.687096                591 
-19.617908 181.921463 -71.995659 -13.775553 182.113266 26.575260 -76.021942 145.843933 -14.997662 -17.397615 173.026413 75.857498                607 
-20.036783 181.583710 -71.772194 -13.776798 182.003937 26.723730 -76.018082 145.337219 -14.463552 -17.178617 172.997696 76.036453                623 
-20.602367 181.186600 -71.477516 -13.774649 181.823761 26.932241 -76.156075 144.856369 -13.763141 -16.877558 172.897644 76.279236                639 
-21.030260 180.678970 -71.198730 -13.791538 181.677734 27.116682 -76.162621 144.317444 -13.155531 -16.660284 172.873535 76.499733                656 
-21.811255 180.002975 -70.510811 -13.923175 181.307602 27.696541 -76.573624 143.897095 -12.015543 -16.491972 172.651108 77.122200                672 
-22.503330 179.183609 -69.752335 -14.128004 180.846710 28.359636 -76.930702 143.352249 -10.885852 -16.499468 172.388824 77.829521                688 
-22.988129 178.480164 -69.093758 -14.252615 180.519424 28.936735 -77.258324 142.968704 -9.925327 -16.473768 172.259750 78.447075                702 
-23.459440 177.546463 -68.247536 -14.380219 180.238495 29.701681 -77.530075 142.521759 -8.700440 -16.466068 172.329651 79.275146                715 
-23.997038 176.514389 -67.206100 -14.497018 179.919846 30.652311 -77.913162 142.106628 -7.199951 -16.412245 172.407333 80.294266                728 
-24.465166 175.469650 -66.303833 -14.624811 179.639496 31.468584 -78.239380 141.639175 -5.865247 -16.395096 172.540527 81.176735                742 
-24.924219 174.549454 -65.526184 -14.798219 179.297943 32.174736 -78.269165 140.869385 -4.798607 -16.437281 172.507584 81.930481                755 
-25.401335 173.646408 -64.785591 -15.092340 178.956482 32.848679 -78.588173 140.316376 -3.802143 -16.656015 172.470200 82.647400                768 
-25.864647 172.773224 -64.106873 -15.297280 178.617493 33.449802 -78.818909 139.743805 -2.843152 -16.741907 172.415817 83.288361                782 
-26.231180 171.993134 -63.564293 -15.450786 178.346863 33.918106 -78.904816 139.207077 -2.076850 -16.792942 172.409729 83.791733                795 
-26.522913 171.338852 -63.105156 -15.545856 178.095016 34.310120 -79.077232 138.866150 -1.418506 -16.796970 172.372101 84.211143                808 
-26.726595 170.679688 -62.632607 -15.637895 177.547348 34.743282 -79.320045 138.477493 -0.881771 -16.856239 171.901535 84.653900                822 
-26.712875 170.118607 -62.260597 -15.583082 177.190323 35.072601 -79.349144 138.212051 -0.473447 -16.797146 171.657608 84.995987                835 
-26.559067 169.706070 -62.004612 -15.470584 176.955109 35.296074 -79.303314 138.066956 -0.229800 -16.715565 171.516876 85.229080                849 
-26.301752 169.356583 -61.806156 -15.284010 176.806030 35.453217 -79.159042 138.003525 -0.075394 -16.565905 171.463318 85.395599                862 
-25.956938 168.963638 -61.650143 -14.969864 176.752991 35.554268 -78.885506 137.984543 0.097695 -16.269920 171.581909 85.514244                876 
-25.444763 168.511642 -61.512737 -14.495460 176.756119 35.625160 -78.500648 138.054886 0.275351 -15.822108 171.818390 85.608040                889 
-24.744923 168.057480 -61.439892 -13.905211 176.790161 35.642433 -77.968285 138.182877 0.349983 -15.304710 172.115540 85.648621                903 
-23.808823 167.578796 -61.382408 -13.166432 176.846436 35.640564 -77.246841 138.400650 0.335129 -14.685648 172.457809 85.669167                916 
-22.553892 167.020432 -61.427025 -12.279794 176.971375 35.535732 -76.464005 138.790222 0.171990 -14.018291 172.951706 85.588196                930 
-21.104040 166.537720 -61.560043 -11.350054 177.106827 35.368378 -75.637550 139.299622 -0.187849 -13.400995 173.437683 85.435936                944 
-19.600130 166.144211 -61.695911 -10.386965 177.235703 35.211662 -74.831017 139.875549 -0.576047 -12.767767 173.876541 85.286377                957 
-17.961046 165.737137 -61.805134 -9.282185 177.350845 35.079823 -73.795441 140.331451 -0.942843 -11.983018 174.295471 85.157761                972 
-16.445782 165.388519 -61.927830 -8.254162 177.510925 34.930428 -72.777901 140.662506 -1.271919 -11.233955 174.745544 85.009392                989 
-15.109751 165.150513 -62.027657 -7.309115 177.715378 34.797195 -71.816483 140.933716 -1.517534 -10.498932 175.201263 84.876465               1005 
-13.868196 164.997955 -62.181133 -6.339015 178.039642 34.591835 -70.882057 141.340683 -1.738010 -9.673077 175.805206 84.674973               1021 
-12.613276 164.950119 -62.309582 -5.361190 178.405136 34.417522 -69.974304 141.899597 -1.953445 -8.842108 176.438339 84.501900               1038 
-11.292700 164.958649 -62.415218 -4.427437 178.757645 34.282845 -69.129211 142.569321 -2.225213 -8.114855 177.039078 84.361572               1054 
-9.863864 164.997772 -62.502167 -3.505691 179.121307 34.180687 -68.251732 143.213501 -2.526711 -7.457402 177.657364 84.247345               1071 
-8.300393 165.084473 -62.571835 -2.575865 179.532059 34.106087 -67.331070 143.923752 -2.869469 -6.853480 178.350861 84.153427               1087 
-6.758693 165.223572 -62.631138 -1.747432 179.924957 34.058170 -66.461067 144.596283 -3.241503 -6.381840 179.013550 84.079376               1104 
-5.315618 165.338104 -62.637245 -1.044113 180.251648 34.063755 -65.683174 145.190460 -3.609309 -6.054541 179.569809 84.052353               1120 
-3.934427 165.474213 -62.607815 -0.364787 180.552094 34.106865 -64.966103 145.855957 -3.954281 -5.743030 180.075989 84.059616               1137 
-2.523657 165.571762 -62.530258 0.279455 180.881287 34.181137 -64.303246 146.636993 -4.319211 -5.509058 180.629532 84.089645               1153 
-1.157219 165.626602 -62.397610 0.866389 181.209213 34.295380 -63.700439 147.430252 -4.659196 -5.348294 181.185776 84.153244               1169 
0.114380 165.685013 -62.271442 1.389979 181.520462 34.399746 -63.171928 148.209869 -4.994260 -5.233301 181.715286 84.204605               1185 
1.323163 165.753555 -62.146873 1.888310 181.807205 34.502220 -62.643356 148.936264 -5.319523 -5.120488 182.203461 84.253090               1201 
2.402620 165.903320 -62.059120 2.315417 182.076233 34.588356 -62.166988 149.564011 -5.607483 -5.031667 182.658752 84.288559               1217 
3.364566 166.017044 -61.982952 2.699183 182.329483 34.652840 -61.707859 150.075775 -5.861242 -4.942561 183.090469 84.306175               1233 
4.176310 166.122452 -61.914974 3.034432 182.550064 34.710213 -61.275536 150.454926 -6.051716 -4.841745 183.471161 84.324188               1249 
4.923763 166.225281 -61.838848 3.323929 182.796661 34.768600 -60.857029 150.749710 -6.199955 -4.768647 183.889282 84.344254               1266 
5.652831 166.375839 -61.777538 3.636333 183.078766 34.811085 -60.453621 151.060608 -6.307642 -4.640438 184.348694 84.352097               1283 
6.485172 166.546158 -61.677784 3.986804 183.580597 34.853027 -59.959747 151.433273 -6.373141 -4.498603 185.129379 84.350792               1299 
7.298663 166.817520 -61.547298 4.313384 184.236908 34.911880 -59.483429 151.931198 -6.397731 -4.379375 186.105042 84.362617               1316 
7.967218 167.088959 -61.453510 4.580695 184.846313 34.937424 -59.078674 152.416595 -6.426558 -4.272399 187.009644 84.347664               1333 
8.564264 167.341614 -61.358231 4.737724 185.659943 34.912743 -58.787785 153.042801 -6.466998 -4.299489 188.218231 84.270752               1350 
9.129897 167.743866 -61.278286 4.811061 186.801712 34.832348 -58.581844 153.954437 -6.531856 -4.436051 189.858719 84.123070               1368 
9.508513 168.477707 -61.177071 4.649333 188.146103 34.799026 -58.574001 155.064651 -6.566157 -4.819492 191.716827 84.013054               1385 
9.665406 169.509583 -61.191437 4.466518 189.529205 34.719852 -58.703156 156.329117 -6.550091 -5.111391 193.562302 83.877022               1403 
9.657544 170.857651 -61.318378 4.123182 190.972824 34.584480 -58.984917 157.706192 -6.645765 -5.559387 195.371719 83.689743               1420 
9.363446 172.548981 -61.412518 3.578085 192.413910 34.571358 -59.391308 159.034256 -6.656370 -6.169938 197.019897 83.644676               1438 
8.804733 174.475220 -61.402206 2.777910 193.942230 34.681934 -60.023769 160.689758 -6.702985 -7.055698 198.620575 83.731323               1456 
8.075491 176.148468 -61.443733 1.992714 195.345596 34.716755 -60.698025 162.243011 -6.725671 -7.844219 200.115417 83.756668               1474 
7.269444 177.493729 -61.512756 1.261701 196.524017 34.708256 -61.454769 163.512299 -6.651122 -8.513913 201.407440 83.749245               1492 
6.382633 178.858856 -61.601170 0.532583 197.607300 34.706902 -62.211655 164.695099 -6.547113 -9.134986 202.548492 83.763527               1510 
5.416479 180.236435 -61.579437 -0.197386 198.685654 34.819481 -63.018044 165.891190 -6.276595 -9.714895 203.684082 83.899643               1527 
4.457786 181.650772 -61.467079 -1.020236 199.627136 35.047314 -63.875854 167.017075 -5.993377 -10.435733 204.629623 84.146736               1544 
3.549116 183.020706 -61.422215 -1.777649 200.385956 35.232510 -64.392532 167.837677 -5.787948 -11.074087 205.376724 84.355804               1560 
2.521587 184.408905 -61.227909 -2.616624 201.177231 35.549889 -65.097198 168.877197 -5.451591 -11.776340 206.165283 84.699135               1576 
1.433138 185.752975 -60.957901 -3.539290 201.932419 35.929798 -65.670937 169.796753 -5.084700 -12.579239 206.936340 85.099602               1592 
0.382096 186.809509 -60.691544 -4.326273 202.424423 36.301643 -66.297424 170.482666 -4.622838 -13.190849 207.455811 85.500565               1607 
-0.441645 187.852844 -60.555458 -4.986486 202.852325 36.545399 -66.724953 170.871490 -4.246237 -13.702579 207.957397 85.763252               1623 
-1.197612 188.907043 -60.369438 -5.566064 203.234894 36.844341 -67.227112 171.272446 -3.782302 -14.120625 208.405731 86.083672               1638 
-1.943527 190.014374 -60.242085 -6.115056 203.575867 37.102230 -67.763382 171.630692 -3.330229 -14.501077 208.822479 86.362526               1653 
-2.679102 191.087891 -60.132877 -6.669579 203.894638 37.335629 -68.345146 171.975647 -2.882367 -14.894042 209.256882 86.610710               1668 
-3.372764 192.036026 -60.037624 -7.150498 204.115875 37.545464 -68.787132 172.173813 -2.450461 -15.200150 209.590591 86.837044               1683 
-4.008804 192.824615 -59.925201 -7.538469 204.288971 37.753590 -68.885437 172.135620 -2.015279 -15.406096 209.891205 87.060226               1698 
-4.583332 193.538544 -59.776623 -7.883998 204.445190 37.989986 -68.827621 172.042053 -1.535545 -15.568719 210.234955 87.303810               1713 
-5.060492 194.105011 -59.625790 -8.211719 204.669830 38.206654 -68.695435 171.872055 -1.016638 -15.743629 210.787994 87.504402               1728 
-5.388184 194.697617 -59.515347 -8.460143 204.862030 38.384003 -68.726974 171.802505 -0.579956 -15.874018 211.260345 87.664070               1743 
-5.780118 195.770050 -59.307663 -8.724775 205.618896 38.682766 -68.569061 171.520035 0.349394 -15.977207 212.655380 87.899834               1788 
-5.877433 196.055939 -59.223675 -8.794700 205.814636 38.796856 -68.454071 171.463333 0.566716 -16.022188 212.983490 87.998489               1804 
-6.022772 196.324341 -59.050282 -8.888914 206.132690 38.989906 -68.178352 171.484451 0.804040 -16.104076 213.438904 88.173134               1820 
-6.121869 196.549683 -58.812958 -8.939509 206.505035 39.225044 -67.777031 171.435226 1.067719 -16.160009 213.880554 88.397148               1835 
-6.150423 196.952148 -58.567097 -8.970038 206.895660 39.482960 -67.397285 171.538376 1.229638 -16.233238 214.229111 88.655067               1851 
-6.236746 197.360855 -58.366318 -8.902463 207.223663 39.720863 -67.031715 171.605652 1.419997 -16.165976 214.473694 88.905289               1867 
-6.348237 197.801132 -58.211742 -8.828436 207.472061 39.941231 -66.741730 171.736984 1.536393 -16.104906 214.591354 89.142838               1884 
-6.471155 198.409332 -58.095272 -8.785460 207.644684 40.151211 -66.534050 171.958817 1.535657 -16.098114 214.527176 89.381134               1900 
-6.555202 198.975937 -58.012474 -8.746810 207.821320 40.317745 -66.359863 172.213867 1.495820 -16.111887 214.511887 89.566307               1917 
-6.601092 199.697968 -57.944378 -8.720046 207.986786 40.474976 -66.298065 172.635849 1.397236 -16.139084 214.437897 89.747383               1934 
-6.627653 200.445648 -57.872711 -8.659632 208.147415 40.627853 -66.124214 173.101898 1.311081 -16.102957 214.381134 89.924576               1949 
-6.577557 201.252670 -57.740955 -8.589895 208.285538 40.832581 -65.824707 173.563980 1.240971 -16.069237 214.280060 90.153519               1965 
-6.448703 202.194962 -57.564880 -8.483186 208.488831 41.082317 -65.363571 174.038147 1.229175 -16.012379 214.269608 90.421181               1980 
-6.233828 203.253540 -57.401127 -8.352806 208.689285 41.322884 -65.059952 174.600327 1.193349 -15.963278 214.298599 90.669067               1994 
-5.920344 204.729034 -57.253853 -8.157578 208.880768 41.565941 -64.820473 175.247101 1.156484 -15.863521 214.355881 90.912384               2009 
-5.481812 206.480301 -57.128044 -7.940094 209.078171 41.766529 -64.543518 175.820663 1.118815 -15.752313 214.483994 91.103897               2023 
-4.920922 208.423584 -57.010273 -7.696890 209.257980 41.931465 -64.278473 176.346161 1.107728 -15.612711 214.690613 91.249367               2037 
-4.271754 210.273102 -56.886391 -7.484919 209.371262 42.066601 -64.080498 176.779388 1.088089 -15.509208 214.876373 91.358932               2051 
-3.426946 211.976563 -56.749634 -7.242857 209.549057 42.148842 -63.846943 176.987457 1.212079 -15.390454 215.451752 91.374893               2065 
-2.476537 213.953629 -56.538925 -7.020573 209.728424 42.225658 -63.599773 176.944809 1.516388 -15.266058 216.269470 91.354630               2079 
-1.564079 215.093414 -56.370636 -6.828390 209.846832 42.278637 -63.317711 176.859711 1.774175 -15.168526 217.068024 91.296242               2093 
-0.987950 215.410156 -56.270824 -6.695035 209.892380 42.343140 -63.054184 176.973175 1.895619 -15.103789 217.677979 91.262535               2107 
-0.538557 215.320206 -56.161392 -6.544165 209.915024 42.444324 -62.788151 177.178253 2.012939 -14.999969 218.234253 91.267670               2121 
-0.169992 215.160950 -56.000828 -6.445357 209.870941 42.597542 -62.649971 177.500061 2.051342 -14.974027 218.590378 91.338310               2133 
0.113468 214.871628 -55.825951 -6.321301 209.832092 42.780891 -62.557972 177.826553 2.129230 -14.913506 218.922485 91.442665               2146 
0.338587 214.536453 -55.601482 -6.194746 209.742401 43.018253 -62.395065 177.905396 2.275079 -14.857976 219.114670 91.613914               2157 
0.453355 214.181915 -55.414425 -6.112352 209.666061 43.220955 -62.329922 177.960236 2.410627 -14.829665 219.250610 91.765511               2170 
0.469628 213.805130 -55.278675 -6.047163 209.605530 43.376045 -62.289272 177.988831 2.520517 -14.800266 219.337143 91.884895               2181 
0.490762 213.400574 -55.148972 -6.000191 209.531998 43.528767 -62.320179 178.097260 2.596170 -14.788902 219.365692 92.010582               2193 
0.513014 212.557602 -55.020203 -5.944324 209.440704 43.693394 -62.355202 178.172577 2.702294 -14.747973 219.337540 92.159645               2205 
0.518559 210.369507 -54.850349 -5.895003 209.326080 43.862053 -62.414505 178.152313 2.839999 -14.707073 219.256332 92.319939               2222 
0.025264 205.389603 -54.335133 -5.824030 209.111038 44.190350 -62.270790 177.522644 3.322524 -14.597283 219.069214 92.649551               2253 
-0.248258 203.493958 -54.067162 -5.784407 208.995834 44.366444 -62.178181 177.187927 3.571449 -14.533160 218.930054 92.834984               2268 
-0.439781 202.494064 -53.824833 -5.765910 208.864700 44.570808 -62.101120 176.859665 3.818383 -14.503712 218.750732 93.051178               2278 
-0.627629 201.686462 -53.507637 -5.764317 208.677139 44.871937 -62.103210 176.574799 4.111876 -14.501496 218.471909 93.370941               2290 
-0.748090 201.272095 -53.273689 -5.768673 208.512985 45.108349 -62.048183 176.244751 4.352954 -14.505626 218.216003 93.625839               2302 
-0.860349 201.063904 -53.084927 -5.803911 208.310944 45.307419 -62.029869 175.971481 4.510107 -14.540640 217.875977 93.852341               2314 
-1.070351 200.954117 -52.812664 -5.884074 207.941345 45.610207 -62.131523 175.731720 4.741241 -14.571058 217.300079 94.204239               2326 
-1.348818 200.979843 -52.578289 -6.045864 207.585129 45.879383 -62.392521 175.755707 4.900026 -14.655668 216.760269 94.522133               2337 
-1.645026 200.980942 -52.405876 -6.161537 207.292953 46.082993 -62.640682 175.858841 5.064576 -14.648034 216.350220 94.769485               2349 
-1.898984 200.889648 -52.250568 -6.254158 207.068253 46.261082 -62.827984 175.971832 5.243901 -14.621695 216.092270 94.974335               2361 
-2.107304 200.894760 -52.111771 -6.362559 206.893738 46.428669 -62.922085 176.015671 5.434933 -14.628456 215.943680 95.154465               2373 
-2.255650 201.358383 -51.973270 -6.487768 206.687729 46.610332 -62.978115 176.066513 5.651256 -14.631920 215.790009 95.346878               2385 
-1.976133 203.482437 -52.065243 -6.602529 206.485291 46.549629 -62.815449 176.037247 5.685254 -14.619888 215.817627 95.263680               2411 
-1.651616 205.161102 -52.044029 -6.639618 206.482117 46.515331 -62.691528 176.025894 5.700975 -14.624734 215.966171 95.205368               2424 
-1.151319 207.056046 -51.990387 -6.711500 206.471237 46.433571 -62.764980 176.280914 5.666781 -14.655321 216.259583 95.070114               2438 
-0.658974 208.032455 -51.966110 -6.801547 206.487427 46.310520 -62.952065 176.584930 5.635746 -14.700235 216.676620 94.872032               2452 
-0.320731 208.436264 -51.994061 -6.864655 206.593292 46.185421 -63.110477 176.916183 5.603384 -14.717051 217.136230 94.678879               2465 
-0.083972 208.534790 -52.048801 -6.938234 206.718277 46.078297 -63.226990 177.264389 5.518260 -14.776840 217.544495 94.511536               2478 
0.062789 208.532196 -52.137753 -7.012179 206.893265 45.960876 -63.349102 177.701553 5.380268 -14.848669 217.955795 94.341034               2491 
0.177387 208.453140 -52.234329 -7.142447 207.230164 45.845905 -63.462410 178.257431 5.161587 -15.059505 218.530380 94.157959               2504 
0.319636 208.623047 -52.395054 -7.251308 207.622772 45.648937 -63.584877 178.870087 4.807489 -15.265189 219.006119 93.925499               2517 
0.316259 208.740112 -52.641014 -7.317362 208.069870 45.366661 -63.692474 179.418503 4.490799 -15.346658 219.509445 93.627365               2530 
0.167698 208.512970 -52.877934 -7.415740 208.529251 45.091179 -63.807697 179.860916 4.236099 -15.439713 220.019562 93.340714               2543 
-0.150418 207.504059 -53.039742 -7.505887 209.048370 44.847515 -63.907154 180.228653 4.076114 -15.503706 220.559799 93.096367               2556 
-0.639276 205.817322 -53.153320 -7.632679 209.445129 44.629818 -63.966286 180.366913 3.938029 -15.618972 220.944763 92.883385               2569 
-1.256756 203.630814 -53.159962 -7.733508 209.814240 44.461681 -64.014168 180.394165 3.907981 -15.695122 221.334579 92.714394               2582 
-1.754248 201.333252 -53.039051 -7.800672 210.007874 44.353832 -64.183937 180.554169 3.851286 -15.751993 221.533325 92.607018               2596 
-2.057314 199.917389 -52.955887 -7.859248 210.132919 44.279743 -64.283920 180.642563 3.798824 -15.811576 221.657883 92.532875               2609 
-2.240374 199.250122 -52.929268 -7.914734 210.196518 44.233131 -64.325653 180.638275 3.769845 -15.865760 221.715088 92.488007               2623 
-2.348760 199.048370 -52.932358 -7.965146 210.238846 44.212513 -64.350220 180.608093 3.767795 -15.915278 221.757248 92.467575               2637 
-2.433325 199.029068 -52.938030 -8.029523 210.236099 44.207985 -64.409424 180.632263 3.758090 -15.970735 221.754242 92.464577               2649 
-2.548970 199.047638 -52.941254 -8.134082 210.217529 44.229897 -64.474472 180.756027 3.722406 -16.066664 221.742065 92.486382               2662 
-2.680802 199.469345 -53.006798 -8.235233 210.180161 44.264706 -64.522430 180.915329 3.680254 -16.161409 221.731003 92.515953               2675 
-2.780794 200.472260 -53.157684 -8.309844 210.130280 44.288368 -64.499512 181.023087 3.636116 -16.235973 221.745422 92.524185               2688 
-2.781638 202.072754 -53.342224 -8.330347 210.095734 44.299839 -64.448151 181.071213 3.616669 -16.257511 221.787964 92.516861               2701 
-2.705607 204.190918 -53.516251 -8.327803 210.003967 44.314255 -64.437408 181.186050 3.595210 -16.253078 221.845901 92.495041               2713 
-2.593042 206.301529 -53.651478 -8.297143 209.930115 44.327290 -64.385422 181.268570 3.607203 -16.217260 221.979019 92.457581               2726 
-2.184733 209.208755 -53.714966 -8.246613 209.806412 44.350922 -64.397408 181.407898 3.646823 -16.190123 222.302094 92.363297               2752 
-1.922941 209.943588 -53.722591 -8.219616 209.715408 44.364136 -64.430946 181.459137 3.662474 -16.191628 222.467865 92.304214               2765 
-1.538281 210.034729 -53.697514 -8.144097 209.576782 44.402561 -64.400383 181.432022 3.719285 -16.172049 222.726959 92.225716               2778 
-1.189510 209.781799 -53.636543 -8.067862 209.462646 44.473324 -64.326164 181.385025 3.773708 -16.174812 222.951050 92.188835               2791 
-0.815943 209.196228 -53.549534 -7.918056 209.331802 44.562614 -64.126472 181.148392 3.890310 -16.113653 223.150192 92.168427               2804 
-0.441937 208.633835 -53.428257 -7.777631 209.152710 44.673615 -63.884216 180.854263 3.950330 -16.101791 223.174194 92.197670               2816 
-0.200761 208.289322 -53.386967 -7.665231 209.045563 44.734112 -63.801025 180.804825 3.922597 -16.100298 223.177658 92.205818               2828 
-0.047198 207.821152 -53.361801 -7.573435 208.969940 44.806030 -63.746864 180.773849 3.892424 -16.128771 223.152298 92.241211               2840 
-0.003274 206.355728 -53.305325 -7.456556 208.904251 44.890602 -63.616734 180.650803 3.861891 -16.153963 223.052536 92.310120               2851 
0.083766 204.236191 -53.149933 -7.193537 208.803955 44.989170 -63.419373 180.482040 3.835232 -16.046906 222.797287 92.425804               2862 
0.309478 202.106125 -52.892582 -6.832280 208.742447 45.121937 -62.980396 180.093384 3.869502 -15.858099 222.508133 92.592659               2874 
0.705212 199.589279 -52.514694 -6.461499 208.747498 45.205448 -62.488308 179.671158 3.883694 -15.672331 222.332138 92.692787               2885 
1.262999 197.149292 -51.982006 -6.073582 208.785858 45.288467 -61.998821 179.270340 3.914950 -15.469175 222.219040 92.782700               2897 
1.908366 195.775497 -51.522484 -5.653148 208.816132 45.442036 -61.417797 178.867294 4.012115 -15.214148 222.089981 92.948051               2908 
2.505049 195.154633 -51.292786 -5.300059 208.830246 45.514557 -60.933403 178.566956 4.037893 -14.992356 222.026276 93.015648               2920 
3.019170 195.002136 -51.182373 -4.976084 208.834213 45.564224 -60.475243 178.332993 4.050127 -14.758847 221.970001 93.063469               2931 
3.456080 194.990540 -51.136517 -4.709304 208.785583 45.579201 -60.170334 178.310211 3.986071 -14.536381 221.862076 93.085655               2942 
4.035952 195.088806 -51.059208 -4.435964 208.758850 45.596668 -59.910503 178.403351 3.946035 -14.280165 221.852219 93.094925               2953 
4.894597 195.741959 -51.105087 -4.095129 208.745010 45.502712 -59.610802 178.598633 3.799967 -13.946388 221.952087 92.968018               2964 
5.934727 196.815338 -51.251995 -3.670700 208.723114 45.316036 -59.326115 178.908783 3.600919 -13.494071 222.165817 92.720932               2975 
7.126486 198.470657 -51.435932 -3.294673 208.712723 45.086189 -59.116798 179.265869 3.352193 -13.112198 222.484970 92.397614               2986 
8.354795 199.766510 -51.606991 -2.923421 208.829269 44.812874 -58.881802 179.554962 3.154812 -12.771237 223.169998 91.948776               2997 
9.369042 200.780716 -51.763485 -2.586368 208.912888 44.567619 -58.663143 179.747406 3.031446 -12.446313 223.869110 91.509315               3008 
10.171533 201.536133 -51.916039 -2.258216 208.925385 44.371349 -58.384247 179.844742 2.944502 -12.132086 224.488342 91.112450               3019 
10.971172 202.864227 -52.639439 -2.164437 209.134827 44.710354 -58.193729 180.254227 2.811542 -12.045241 225.216095 91.301529               3030 
11.770155 202.235291 -52.708641 -1.837995 209.536652 45.301910 -57.616657 180.849655 2.728422 -11.781084 226.399261 91.602692               3052 
12.048728 201.955948 -52.687885 -1.644773 209.684128 45.588951 -57.221916 180.956497 2.691692 -11.673856 226.729782 91.831627               3063 
12.601165 200.765686 -52.860516 -1.202394 209.652512 46.051311 -56.430885 180.879517 2.590744 -11.396420 226.671310 92.267799               3084 
12.845087 199.509827 -52.947010 -1.008602 209.649948 46.215622 -56.054050 180.711456 2.544289 -11.319169 226.621964 92.451035               3095 
13.289333 197.497742 -52.789917 -0.668971 209.747284 46.519642 -55.444469 180.406860 2.627859 -11.160698 226.602402 92.757057               3106 
13.850447 195.501984 -52.380848 -0.252089 209.809479 46.863316 -54.729382 179.959091 2.765964 -10.953574 226.466232 93.152092               3117 
14.400838 193.925323 -51.939308 0.112879 209.861328 47.134167 -54.120911 179.556717 2.864613 -10.772101 226.371887 93.432526               3128 
14.932070 192.916458 -51.560162 0.464097 209.852936 47.372322 -53.551109 179.134918 2.971142 -10.565466 226.231522 93.710876               3139 
15.466788 192.415985 -51.284756 0.806030 209.789658 47.590084 -53.038483 178.729736 3.050399 -10.351816 226.045731 93.941063               3150 
15.904156 192.164764 -51.110954 1.086746 209.697754 47.768005 -52.519520 178.229706 3.137420 -10.181838 225.890121 94.142021               3161 
16.280689 192.393066 -51.090038 1.376286 209.576294 47.930523 -52.011074 177.808136 3.190914 -9.977762 225.686142 94.312431               3172 
16.424620 193.423737 -51.315701 1.595366 209.426926 48.066578 -51.481827 177.285675 3.260781 -9.828731 225.509354 94.468315               3183 
16.389219 194.430817 -51.607872 1.727487 209.310730 48.149189 -51.019058 176.750992 3.349238 -9.731545 225.410095 94.536438               3194 
15.904610 196.324570 -52.131779 1.844448 209.203278 48.236500 -50.392292 175.963745 3.610413 -9.594851 225.366577 94.633919               3205 
15.278670 198.047012 -52.643162 1.901184 209.162964 48.291458 -49.886292 175.299667 3.858311 -9.521592 225.434067 94.655258               3216 
14.647127 199.603104 -53.068478 1.967316 209.147583 48.378220 -49.314926 174.561707 4.232834 -9.429816 225.595596 94.713463               3227 
14.113256 200.861221 -53.406094 2.031463 209.141037 48.465580 -48.944744 174.026001 4.560199 -9.336260 225.754745 94.748909               3239 
13.848436 201.678665 -53.587593 2.112181 209.142929 48.570126 -48.644344 173.539261 4.906348 -9.234944 225.907898 94.831581               3250 
13.901150 201.922638 -53.569210 2.242703 209.169632 48.713989 -48.344440 173.085007 5.281573 -9.095958 226.055527 94.933525               3261 
14.126291 202.111969 -53.485607 2.392280 209.239563 48.861656 -48.103283 172.710678 5.614663 -8.970043 226.184067 95.081604               3272 
14.486698 202.110626 -53.357372 2.530960 209.309830 49.003693 -47.878349 172.303238 5.887865 -8.906610 226.237869 95.211113               3283 
14.992508 201.500305 -53.049885 2.728153 209.478958 49.212616 -47.599655 171.947830 6.232352 -8.813059 226.389389 95.428406               3294 
15.584413 200.551300 -52.576405 2.963957 209.678558 49.501019 -47.245548 171.571304 6.649230 -8.706402 226.562622 95.694016               3306 
16.073618 199.604004 -52.067436 3.152879 209.871735 49.806217 -47.008717 171.221039 7.102719 -8.642902 226.777832 95.987022               3317 
16.420279 199.005692 -51.656620 3.274451 209.997681 50.072426 -46.849625 170.873932 7.495908 -8.616773 226.878876 96.237862               3329 
16.678787 198.611328 -51.346462 3.361646 210.087036 50.278156 -46.745258 170.575409 7.826326 -8.599597 226.957031 96.457344               3342 
16.863346 199.455307 -51.350925 3.360806 210.102005 50.322842 -46.632862 170.061203 8.241266 -8.544197 227.096039 96.471077               3378 
16.908268 200.328552 -51.411640 3.353460 210.109131 50.341862 -46.588505 169.919174 8.372087 -8.540565 227.169357 96.496277               3391 
16.931187 201.587631 -51.491985 3.325347 210.124359 50.384842 -46.587029 169.739731 8.600307 -8.539974 227.333847 96.491203               3403 
16.922218 202.275467 -51.527988 3.305513 210.119934 50.434349 -46.572758 169.582336 8.795463 -8.541053 227.455338 96.526184               3417 
16.954638 202.158112 -51.465294 3.267462 210.096237 50.503445 -46.603821 169.425232 8.965566 -8.579530 227.512192 96.564789               3430 
17.057348 201.655991 -51.306877 3.231927 210.099945 50.615345 -46.662258 169.303696 9.144234 -8.635102 227.543549 96.688919               3442 
17.293751 200.011414 -50.937565 3.201245 210.131363 50.731079 -46.645031 169.105713 9.313951 -8.720363 227.541061 96.803398               3456 
17.509485 198.222610 -50.459885 3.178294 210.196762 50.887348 -46.620323 168.930252 9.505229 -8.813860 227.547226 96.991554               3469 
17.678314 197.503937 -50.145557 3.148213 210.312378 51.023693 -46.613689 168.798859 9.648232 -8.925206 227.550049 97.148987               3482 
17.776003 197.265152 -49.953697 3.108762 210.396210 51.125771 -46.625252 168.648376 9.774288 -9.028502 227.528091 97.301537               3495 
17.856213 197.468201 -49.895226 3.070272 210.454681 51.170750 -46.678211 168.508972 9.868757 -9.099458 227.516266 97.364006               3508 
18.036106 198.197937 -49.914829 3.037151 210.498062 51.160122 -46.702560 168.391068 9.952742 -9.140591 227.589752 97.367950               3522 
18.143833 199.650452 -49.996204 2.929133 210.604324 51.105854 -46.777306 168.306992 10.103131 -9.225461 227.895401 97.245544               3535 
17.995962 200.785156 -50.111797 2.776909 210.676331 51.048973 -46.951302 168.280060 10.285791 -9.319338 228.271469 97.116859               3549 
17.817135 201.388657 -50.191761 2.626642 210.702164 51.016926 -47.093063 168.270508 10.417248 -9.411150 228.516357 97.015892               3562 
17.653997 201.360382 -50.213451 2.483888 210.704666 50.998592 -47.224499 168.301773 10.473189 -9.516592 228.660538 96.980171               3576 
17.535091 201.198944 -50.205891 2.372150 210.708389 51.000736 -47.323948 168.383743 10.457726 -9.597913 228.676453 96.985481               3589 
17.469852 200.817429 -50.094738 2.253005 210.787109 51.053967 -47.404785 168.547333 10.436488 -9.707170 228.682816 97.097450               3602 
17.428890 200.020905 -49.892155 2.110659 210.947372 51.122124 -47.454350 168.738876 10.398748 -9.864896 228.698837 97.217422               3615 
17.335432 198.867233 -49.612778 1.969296 211.154587 51.205223 -47.486519 168.892059 10.392097 -10.054356 228.764496 97.370171               3628 
17.214447 198.046249 -49.387886 1.843806 211.351547 51.270527 -47.516708 168.995285 10.405599 -10.219624 228.837555 97.472176               3641 
17.100306 197.779770 -49.275249 1.729434 211.518753 51.302608 -47.541191 169.067657 10.410078 -10.365525 228.906128 97.561096               3655 
16.984074 197.952042 -49.280804 1.629780 211.646240 51.296227 -47.569454 169.115295 10.399832 -10.471516 228.953934 97.582924               3668 
16.855984 198.316711 -49.383678 1.554836 211.756393 51.226971 -47.593933 169.126617 10.404189 -10.532071 229.082809 97.538269               3681 
16.627577 199.090775 -49.604763 1.418216 211.944565 51.080280 -47.735294 169.182739 10.466960 -10.627439 229.496414 97.317368               3694 
16.219471 200.052414 -49.908516 1.261287 212.060272 50.918072 -47.960918 169.254150 10.580584 -10.703059 229.995544 97.056915               3708 
15.872121 200.632492 -50.116726 1.113659 212.152939 50.808537 -48.180206 169.391891 10.683842 -10.771589 230.457275 96.822723               3721 
15.566368 200.681686 -50.267647 0.924891 212.189987 50.691891 -48.421528 169.692444 10.652317 -10.881849 230.880096 96.599121               3748 
15.584915 200.366791 -50.258099 0.871289 212.171936 50.648415 -48.503334 169.847794 10.538524 -10.928385 230.912521 96.565002               3761 
15.680142 199.574371 -50.150043 0.815714 212.172348 50.601212 -48.563210 169.971970 10.400463 -11.004482 230.915436 96.511497               3775 
15.772568 196.526566 -49.535801 0.792827 212.197906 50.583851 -48.756390 170.222809 10.244884 -11.074060 230.965530 96.500198               3801 
15.764485 195.467834 -49.301826 0.787245 212.204071 50.578930 -48.841228 170.320480 10.185658 -11.091338 230.967026 96.494164               3813 
15.735676 194.961746 -49.202881 0.783043 212.209747 50.573406 -48.932072 170.388870 10.146498 -11.110843 230.972351 96.512955               3826 
15.705359 194.938293 -49.225014 0.775541 212.219025 50.555149 -48.931480 170.352112 10.148717 -11.127004 230.981125 96.492661               3840 
15.610806 195.443039 -49.384380 0.765690 212.233658 50.521915 -48.897442 170.286133 10.175984 -11.140984 231.045319 96.466225               3853 
15.364671 196.765198 -49.729641 0.737210 212.253387 50.476242 -48.876244 170.225739 10.253082 -11.139046 231.194870 96.375069               3869 
15.081548 197.910278 -50.037479 0.685529 212.278687 50.426659 -48.918343 170.214767 10.351944 -11.151585 231.439987 96.272499               3880 
14.720167 198.987320 -50.333763 0.611646 212.337967 50.417557 -48.943947 170.296417 10.502507 -11.156533 231.778015 96.163689               3893 
14.423553 199.394058 -50.424538 0.479729 212.377289 50.489708 -49.046574 170.457123 10.677072 -11.224381 232.099777 96.159599               3907 
14.281988 199.423584 -50.416157 0.392472 212.358047 50.562771 -49.091270 170.581161 10.765897 -11.262376 232.229416 96.180702               3921 
14.201965 199.244537 -50.383186 0.314429 212.321014 50.614254 -49.114967 170.656525 10.786839 -11.328583 232.271255 96.229156               3934 
14.130860 198.472809 -50.260052 0.279766 212.301971 50.653965 -49.091515 170.719589 10.772346 -11.359903 232.248917 96.271172               3947 
14.097978 196.372284 -49.853439 0.271701 212.296600 50.680565 -49.043892 170.735229 10.760603 -11.386047 232.234680 96.325409               3959 
14.093944 193.402847 -49.136982 0.272722 212.296127 50.697254 -49.002037 170.742706 10.748301 -11.399478 232.218277 96.345360               3971 
14.146338 191.083679 -48.428307 0.287908 212.304214 50.728271 -48.985569 170.757614 10.738918 -11.423936 232.220764 96.397049               3984 
14.197912 189.815613 -47.987003 0.325060 212.309097 50.770542 -48.922009 170.712067 10.757762 -11.431039 232.201233 96.438599               3996 
14.264922 189.243286 -47.761745 0.364218 212.309906 50.810684 -48.857147 170.662064 10.772439 -11.441748 232.181000 96.503410               4008 
14.370235 189.103516 -47.668602 0.448538 212.296417 50.864147 -48.677227 170.520691 10.822857 -11.401477 232.103317 96.573341               4021 
14.481728 189.263260 -47.692234 0.533109 212.295502 50.900486 -48.515289 170.412796 10.848581 -11.368063 232.057755 96.644089               4033 
14.629952 189.825317 -47.884331 0.656703 212.266357 50.891747 -48.349220 170.295166 10.853475 -11.278598 232.025681 96.627724               4045 
14.816816 191.011292 -48.215351 0.786243 212.225525 50.876713 -48.178856 170.199844 10.846157 -11.194860 232.045593 96.602806               4057 
14.948610 192.486221 -48.638111 0.910325 212.200195 50.821228 -48.052044 170.122147 10.874279 -11.086469 232.196442 96.466438               4069 
15.049320 194.302490 -49.103748 1.020570 212.194397 50.775219 -47.966957 170.114441 10.927136 -10.988243 232.463684 96.325180               4085 
15.077177 195.162689 -49.327290 1.049617 212.175171 50.761635 -47.938873 170.138138 10.925801 -10.963145 232.556641 96.260460               4093 
15.155809 196.086044 -49.533073 1.093278 212.154404 50.801689 -47.879280 170.227600 10.957386 -10.924074 232.702881 96.252716               4105 
15.537907 196.493225 -49.535194 1.262432 212.075150 50.937576 -47.810467 170.534485 10.918652 -10.756886 232.757813 96.327179               4130 
15.727016 196.541824 -49.510559 1.352902 212.039474 50.992931 -47.721279 170.657822 10.881664 -10.675968 232.751007 96.395470               4141 
16.026520 196.491119 -49.444912 1.545376 211.965652 51.100510 -47.530670 170.835800 10.798518 -10.501040 232.616913 96.525841               4152 
16.290434 196.153397 -49.355316 1.748405 211.908493 51.190487 -47.260567 170.937820 10.678526 -10.353375 232.403168 96.700569               4164 
16.577316 194.916214 -49.083675 1.960174 211.870789 51.265289 -46.946365 170.895767 10.622019 -10.218125 232.226303 96.817406               4175 
16.999224 193.194412 -48.621746 2.229200 211.850922 51.335018 -46.547001 170.782761 10.585727 -10.051010 232.057053 96.954796               4186 
17.423719 191.680344 -48.162350 2.542700 211.798508 51.407684 -46.103432 170.551102 10.614270 -9.823580 231.851135 97.071922               4198 
17.756090 190.486496 -47.748535 2.722926 211.789474 51.464371 -45.780132 170.316147 10.667608 -9.755691 231.792572 97.148277               4209 
18.167908 189.799011 -47.401558 2.983504 211.755417 51.589893 -45.382008 170.061371 10.764464 -9.615703 231.675461 97.276985               4221 
18.595228 189.609497 -47.253899 3.259855 211.661026 51.669029 -45.029213 169.828094 10.797401 -9.442658 231.513718 97.385330               4233 
19.032959 189.394913 -47.197353 3.559551 211.537430 51.666634 -44.741184 169.607635 10.801329 -9.212494 231.424911 97.348427               4245 
19.498898 189.490417 -47.191055 3.811817 211.441727 51.651138 -44.551994 169.457611 10.841388 -9.010593 231.492661 97.275864               4256 
19.947084 190.218063 -47.300022 3.997493 211.395401 51.635132 -44.441200 169.403137 10.881491 -8.865372 231.662827 97.152679               4268 
20.254156 191.876526 -47.545860 4.132216 211.387558 51.684284 -44.372784 169.415298 11.002973 -8.746289 231.896088 97.117989               4280 
20.522148 193.266403 -47.730522 4.249171 211.353455 51.779305 -44.325130 169.478271 11.117836 -8.637094 232.076385 97.113403               4293 
20.697832 193.890152 -47.807110 4.324110 211.328781 51.860771 -44.293922 169.536240 11.215338 -8.571402 232.241776 97.133690               4305 
20.898186 194.336517 -47.786686 4.384316 211.269653 52.006321 -44.292294 169.690750 11.262206 -8.517495 232.275360 97.234505               4318 
21.078056 194.655640 -47.778427 4.419240 211.193863 52.106220 -44.271599 169.817596 11.219893 -8.509412 232.216599 97.347679               4330 
21.247578 194.867599 -47.760456 4.461063 211.113922 52.196278 -44.207294 169.909119 11.158054 -8.496222 232.096207 97.448318               4341 
21.369753 194.974854 -47.736633 4.545695 211.067551 52.290794 -44.099525 169.992661 11.138043 -8.422016 231.982422 97.599876               4353 
21.397346 194.555191 -47.667202 4.623791 211.053558 52.363213 -44.005604 170.072433 11.120554 -8.339075 231.868652 97.719604               4365 
21.235126 193.231857 -47.470169 4.679908 211.026535 52.429428 -43.911045 170.088593 11.093541 -8.293377 231.681610 97.884682               4376 
21.057592 191.091003 -47.029228 4.728572 211.004013 52.505695 -43.795334 170.034012 11.095315 -8.270061 231.474808 98.037010               4388 
20.975950 189.076477 -46.479710 4.785410 211.006592 52.576534 -43.705513 169.940811 11.120764 -8.259576 231.301620 98.201881               4400 
20.964874 187.833359 -46.061668 4.839659 210.995880 52.649246 -43.617489 169.807098 11.161468 -8.247586 231.113495 98.341011               4412 
20.998976 187.171860 -45.796436 4.889686 210.976654 52.710476 -43.576981 169.676468 11.200970 -8.242249 230.951675 98.480530               4425 
21.068232 186.947922 -45.674068 4.925827 210.952469 52.751076 -43.545567 169.544235 11.238664 -8.238368 230.819000 98.559067               4437 
21.135983 187.047485 -45.678741 4.965454 210.917404 52.770016 -43.572948 169.455368 11.243675 -8.228255 230.705597 98.631943               4449 
21.248106 187.312698 -45.729919 4.995405 210.888840 52.763977 -43.599224 169.369232 11.244432 -8.220366 230.644470 98.633591               4461 
21.410528 188.504776 -45.983543 5.020962 210.871964 52.732315 -43.646442 169.306656 11.258568 -8.204028 230.682098 98.604301               4473 
21.532980 190.810913 -46.392448 5.022099 210.861404 52.726284 -43.743324 169.373062 11.240370 -8.194053 230.723740 98.578239               4485 
21.491390 192.619034 -46.754608 5.014545 210.848328 52.722767 -43.836063 169.446396 11.220853 -8.198072 230.779938 98.574234               4497 
21.378744 193.615753 -46.956142 4.944492 210.811386 52.754902 -43.964085 169.474518 11.288919 -8.244214 230.877792 98.554428               4509 
21.242489 194.449097 -47.087048 4.805079 210.762100 52.842777 -44.189777 169.567963 11.374928 -8.360620 230.970337 98.615158               4521 
21.131121 195.233337 -47.173798 4.624185 210.686234 52.961288 -44.446182 169.708786 11.400007 -8.527239 230.937759 98.718636               4533 
21.042770 195.849319 -47.239079 4.473914 210.615204 53.055672 -44.649689 169.832718 11.387478 -8.673120 230.861008 98.845459               4545 
20.973480 196.304825 -47.280762 4.334791 210.571426 53.128799 -44.808025 169.956207 11.339362 -8.814914 230.762268 98.942070               4556 
20.901114 196.615356 -47.337162 4.245092 210.568466 53.159557 -44.889256 170.030136 11.307344 -8.905823 230.715591 99.020325               4568 
20.806274 196.802612 -47.400948 4.191574 210.565796 53.178314 -44.923409 170.055740 11.300553 -8.941852 230.652496 99.070595               4579 
20.681206 196.428787 -47.424870 4.158442 210.564285 53.194279 -44.918148 170.029327 11.311428 -8.960311 230.561646 99.158302               4591 
20.422180 194.582687 -47.182549 4.097598 210.560349 53.203453 -44.958427 170.000031 11.296930 -9.005369 230.405975 99.237694               4603 
20.144344 192.219910 -46.769054 4.059453 210.557587 53.206539 -44.978924 169.897537 11.315775 -9.044973 230.276184 99.323395               4615 
19.867226 190.094681 -46.321007 4.028454 210.561066 53.210732 -45.016727 169.774521 11.348503 -9.081119 230.156342 99.378662               4627 
19.634171 188.496948 -45.922276 4.009858 210.562958 53.225704 -45.061180 169.673523 11.385612 -9.111180 230.067520 99.457184               4639 
19.483006 187.632095 -45.692181 3.992594 210.564453 53.239697 -45.102749 169.579010 11.419094 -9.136073 229.980713 99.506172               4651 
19.416378 187.388107 -45.623745 3.978928 210.561920 53.252048 -45.150158 169.501877 11.443326 -9.162873 229.909912 99.571754               4663 
19.378197 187.408508 -45.627563 3.961557 210.556198 53.258923 -45.184898 169.426743 11.459342 -9.187854 229.838165 99.603996               4674 
19.351210 187.635101 -45.701420 3.949706 210.545944 53.255466 -45.247261 169.381439 11.461156 -9.209241 229.795212 99.639778               4686 
19.349619 188.903275 -46.038593 3.932094 210.493225 53.222866 -45.326477 169.297226 11.454692 -9.218207 229.731125 99.614342               4698 
19.305466 191.399780 -46.557556 3.865517 210.428589 53.182518 -45.461388 169.211380 11.514294 -9.251041 229.801712 99.555626               4710 
19.148142 193.497131 -46.963699 3.762474 210.346634 53.168808 -45.634754 169.139618 11.637234 -9.295321 229.949921 99.461700               4722 
18.928585 194.198242 -47.092319 3.553091 210.224289 53.215046 -45.937927 169.070770 11.846475 -9.453858 230.209152 99.387360               4734 
18.685650 194.467346 -47.083035 3.261347 210.083923 53.339218 -46.329971 169.094910 12.052756 -9.691003 230.405502 99.379723               4746 
18.503506 194.948547 -47.111679 2.958777 209.845505 53.471924 -46.708420 169.151672 12.056240 -9.982789 230.247650 99.508423               4758 
18.420069 195.176773 -47.083855 2.692437 209.624893 53.594772 -46.973148 169.138443 12.035193 -10.279745 230.063217 99.606598               4769 
18.385994 195.474197 -47.101589 2.525634 209.426605 53.670719 -47.129635 169.147171 11.929646 -10.480131 229.789536 99.735092               4780 
18.361786 195.666687 -47.130074 2.401587 209.273941 53.705948 -47.234974 169.151352 11.816295 -10.625347 229.543243 99.805618               4791 
18.320978 195.791565 -47.186897 2.305210 209.140930 53.726528 -47.305119 169.155182 11.682175 -10.746715 229.267181 99.910316               4802 
18.246460 194.854034 -47.124062 2.246289 209.058899 53.741398 -47.304569 169.085297 11.609203 -10.826978 229.033890 99.984779               4813 
17.624670 189.582382 -46.152660 2.219936 209.042435 53.801392 -47.236233 168.870071 11.679130 -10.906104 228.892090 100.112251               4836 
17.255198 187.159439 -45.608231 2.211904 209.032074 53.840126 -47.207787 168.771240 11.708346 -10.940888 228.798141 100.179138               4847 
16.994123 185.943253 -45.289543 2.201953 209.012268 53.904232 -47.180103 168.615250 11.742191 -11.010402 228.637741 100.314468               4858 
16.887617 185.630371 -45.182274 2.194098 208.983322 53.970188 -47.145435 168.445938 11.781007 -11.067634 228.453629 100.431671               4869 
16.880957 185.756119 -45.167751 2.199800 208.947006 54.033836 -47.107162 168.272842 11.825715 -11.110968 228.275604 100.568810               4880 
16.881002 185.826263 -45.176643 2.210089 208.917389 54.066711 -47.065376 168.126389 11.863696 -11.128195 228.159637 100.629578               4890 
16.904604 186.132095 -45.279148 2.233074 208.877869 54.085388 -47.023876 167.979248 11.918323 -11.125379 228.107300 100.676125               4901 
16.690363 190.547287 -46.308933 2.225431 208.867340 54.052639 -46.943783 167.884476 12.060390 -11.076168 228.333252 100.561363               4934 
16.561850 191.746124 -46.609020 2.213434 208.835159 54.050896 -46.916126 167.858826 12.120324 -11.065581 228.431320 100.539764               4945 
16.368546 192.147125 -46.811741 2.182416 208.745193 54.051872 -46.866554 167.830994 12.228287 -11.031819 228.598923 100.449837               4957 
16.165014 192.189590 -46.951984 2.130035 208.557999 54.064831 -46.863857 167.785446 12.292884 -11.025358 228.646545 100.406891               4968 
15.942807 192.044830 -47.067623 2.089645 208.347794 54.066189 -46.794689 167.707199 12.310135 -11.001143 228.565796 100.370232               4979 
15.678280 191.945663 -47.210419 2.103167 208.138901 54.058575 -46.654243 167.578842 12.302818 -10.924932 228.357910 100.408386               4990 
15.124006 191.624939 -47.398460 2.163876 207.975616 54.077942 -46.431137 167.486786 12.296971 -10.773877 228.047699 100.516838               5000 
