-29.006729 175.780609 114.203285 35.841503 197.822617 117.225777 -2.731791 175.838287 99.772964 68.302475 166.205338 114.331184                  0 
-29.061897 176.065689 114.805260 35.874870 197.788239 117.752594 -2.875331 176.954483 99.916641 68.164917 166.239929 112.873810                 11 
-28.678308 175.265793 115.699638 36.219055 197.065552 118.492416 -2.340842 176.505600 100.641121 68.516678 165.584229 113.244980                 22 
-28.599613 174.821335 115.909897 36.169132 196.972748 118.462646 -2.048818 176.491364 100.608627 68.599815 165.680557 112.913239                 33 
-28.519690 173.486832 115.719818 35.799320 196.799881 118.464798 -1.550458 175.874405 100.293236 68.783463 166.057770 113.106201                 44 
-28.549168 172.703690 116.178940 35.448647 196.833694 118.646416 -1.256691 175.831818 100.499298 68.780708 166.470856 113.278275                 55 
-14.867372 166.630310 116.915680 35.076370 196.388474 119.308228 -0.929307 175.170898 101.046562 69.029961 166.788132 113.588142                 66 
-7.117047 162.402008 118.027542 34.790043 195.888245 120.376999 -0.201183 174.336075 102.390083 69.789742 167.596161 114.349960                 77 
-4.770679 161.271286 123.729424 32.511650 197.653748 119.641403 -0.923115 173.339066 105.136070 68.856277 170.877396 114.758675                 88 
-2.910740 161.127060 127.730347 31.275564 198.991974 119.372307 -0.471889 172.904510 106.773056 68.739845 173.695206 115.100693                 98 
-1.639784 161.322662 130.312057 30.557915 199.734207 118.820061 -0.200397 172.555634 107.788246 68.680908 175.386810 114.872017                108 
-0.756399 161.402802 131.532837 30.366625 200.028671 118.627045 0.086330 172.436829 108.156891 68.824989 176.186249 114.853584                116 
-0.130017 161.405960 132.291702 30.167692 200.224747 118.514275 0.235331 172.366577 108.335968 68.886780 176.800568 114.787949                125 
0.527893 161.405716 132.418381 30.325632 200.354599 118.287231 0.568622 172.366226 108.284683 69.245789 177.221970 114.845116                133 
1.351926 161.350922 132.310883 30.605812 200.433792 117.706474 1.125650 172.169510 108.022171 69.851868 177.756744 115.014954                142 
2.150714 160.972977 132.079041 30.681074 200.223511 116.745422 1.423451 171.651123 107.835648 70.340981 178.194443 114.859161                151 
2.417709 160.619827 132.562363 30.295807 199.813080 116.110962 1.020391 171.058655 108.317329 70.215271 178.226593 114.625786                160 
-26.443476 209.151535 108.838120 40.348972 199.850098 112.091148 2.383011 174.174210 115.124130 78.088646 175.955017 120.245186                168 
-30.119793 223.640045 88.088394 44.117065 199.938263 108.472649 0.105462 177.412140 114.727646 79.662178 175.857437 123.251160                177 
-28.038065 226.935486 77.206322 45.740429 199.063492 106.249840 -1.484118 178.497208 111.608551 79.484886 174.619141 124.292313                186 
-22.523184 204.377335 83.112900 44.909714 199.616638 103.929611 -3.681012 179.517700 108.486275 77.689423 176.238388 124.922325                195 
-21.007774 191.878998 91.494301 43.564270 200.213120 102.979118 -5.279310 179.989395 107.396019 76.529808 175.868484 122.533104                203 
-21.227945 187.354294 94.449173 42.256012 200.760757 102.347557 -6.759765 180.689819 106.551003 75.227852 175.511032 120.706604                211 
-21.825975 184.847977 95.444962 41.075237 200.945679 102.007423 -7.905509 180.697433 105.953003 74.136169 175.434174 119.836693                221 
-22.493526 184.561615 95.633072 40.300724 201.350220 101.466049 -8.803739 181.388916 105.388420 73.252907 175.401138 118.859863                229 
-22.916956 184.478165 95.699593 39.837147 201.610092 101.103203 -9.134725 181.646179 104.875641 72.716331 175.409653 118.256653                238 
-23.592825 185.402939 96.187714 39.290413 202.292603 100.972450 -9.567137 182.610352 104.856728 71.962494 175.844131 118.140984                246 
-24.282820 185.158829 95.794243 38.606339 202.109833 100.426979 -9.908056 182.277954 104.001808 71.110245 175.724701 118.007271                255 
-25.110600 185.827698 95.674934 37.877155 202.505539 100.078735 -10.539106 182.957565 103.687340 70.038658 176.288254 118.518829                263 
-26.054873 185.991791 95.680199 36.996750 202.487808 99.972694 -11.287565 183.051178 103.452324 68.938560 176.283356 118.808647                272 
-26.771725 186.324036 95.806602 36.363380 202.574310 99.910675 -11.800216 183.272232 103.337234 68.097305 176.385803 119.116547                281 
-26.871035 186.366867 95.872887 36.270950 202.652695 99.827774 -11.461775 183.031540 102.920113 67.930962 176.591507 119.326599                290 
-27.112642 186.674240 96.544937 36.093742 202.860886 99.930122 -11.203772 182.998734 103.024254 67.720757 176.998322 119.744400                298 
-27.991306 186.661438 98.562508 35.244019 203.007294 100.373138 -11.360095 182.521149 104.045372 67.209824 177.693466 120.351707                307 
-28.526033 186.515350 100.513206 34.727077 202.901169 101.085068 -10.219549 180.679306 103.796082 66.925812 178.017349 121.229126                316 
-30.056446 185.749680 102.832504 33.288643 201.784897 102.051926 -9.686817 177.716248 103.486809 65.522865 177.581573 122.954086                324 
-19.864832 179.539658 111.975548 31.370016 199.212021 100.172440 -9.732718 173.354767 105.372185 64.657608 179.578552 124.009567                333 
-13.761564 177.951813 117.041542 30.796583 198.646072 99.597488 -9.111810 171.673325 106.440720 64.816910 181.026001 123.967468                342 
-9.036222 176.613205 120.378960 30.588568 198.440765 99.388924 -8.797028 170.943253 106.747246 64.879478 181.553329 123.897972                350 
-7.053771 175.726563 123.040924 29.624287 199.297714 100.711105 -9.064800 170.846573 107.724060 64.597824 182.058563 123.979301                359 
-5.431635 174.994476 125.530495 28.412924 199.996094 101.195793 -9.082177 170.428101 109.469894 64.920105 183.016815 122.188065                368 
-4.452135 173.173691 129.231918 27.325640 199.483521 103.896996 -8.472256 168.449585 111.972076 64.934204 182.717606 123.034531                377 
-2.797716 172.482559 129.918350 28.310209 200.417694 105.700615 -6.965234 168.660950 111.731628 66.175369 182.520721 123.241257                385 
-1.842684 170.541122 130.558334 28.006752 200.543777 107.384552 -6.534209 167.960327 111.679657 66.564880 181.692841 122.205421                394 
-0.294158 168.955093 131.513687 27.000656 203.001373 111.038773 -5.765840 168.659744 111.810646 66.936363 183.815414 120.977783                403 
1.296695 166.400772 131.834122 26.670609 203.501556 114.530441 -4.189528 167.964493 111.378281 67.527275 185.150482 121.994774                411 
2.155982 165.334320 131.899384 26.520327 203.729309 116.120338 -3.267256 167.861237 110.793396 67.798920 185.927383 122.516762                420 
3.497731 164.436905 132.236816 26.811039 203.582077 116.797943 -2.213601 167.216705 110.378944 68.513153 186.715134 122.977409                428 
5.711258 161.470886 134.368256 25.695654 202.643890 119.622864 -0.501304 164.810104 110.841919 68.634392 188.825867 124.825989                437 
7.048072 159.758560 135.775421 25.420021 201.391556 120.303604 -0.005119 163.304337 110.814743 68.838089 188.623398 123.990265                446 
5.883667 160.962509 137.791107 26.866144 200.469650 120.256325 -2.477381 165.216171 111.760971 69.164436 184.071838 122.182945                454 
6.227832 163.373001 139.724548 28.399097 201.778366 121.253555 -3.138066 168.642822 112.653481 69.829506 183.197006 121.256714                463 
3.682909 164.488266 142.132401 29.407694 196.985352 117.859322 -7.809285 169.315567 114.839996 67.097816 171.761795 115.629395                472 
2.738746 165.881332 143.474457 29.978371 194.273407 115.938820 -9.711335 170.328979 115.671349 64.938278 165.411148 113.385185                480 
2.297637 166.572556 143.632172 30.164944 193.125488 114.926216 -10.525735 171.179733 115.453804 63.682011 162.615158 112.192810                489 
2.152876 166.878143 143.692368 30.243444 192.642517 114.500160 -10.807866 171.603622 115.113007 63.137299 161.464554 111.729774                498 
1.605521 171.760605 143.626343 32.588749 191.240906 112.561127 -10.533978 175.042542 114.342484 61.828808 156.514572 113.481438                507 
1.538475 174.665100 143.187317 33.917706 190.446686 111.462379 -10.111141 176.986099 113.557922 60.997952 154.146423 114.732895                515 
1.620307 173.479767 139.170609 36.811337 193.381760 113.307106 -7.118804 180.006958 109.205742 63.834675 156.905548 114.292274                524 
4.543649 173.710907 138.960175 39.311062 197.846222 116.408066 -3.884016 182.827789 110.688446 68.645889 163.193344 115.782555                533 
5.874744 172.590424 138.227554 39.293354 200.036163 117.878723 -2.961886 182.779617 110.577522 70.888458 167.453491 116.513191                541 
6.463466 172.238739 137.482635 38.980396 201.150314 118.065903 -2.749411 182.719223 110.058746 71.679016 169.680176 116.590530                550 
6.517277 171.428818 136.933426 38.517513 201.120636 118.131706 -2.892826 182.065826 109.548851 71.851654 170.315811 116.849701                559 
6.629705 171.240204 136.787811 38.395111 201.177322 118.216522 -3.018809 181.989563 109.470726 71.977325 170.633377 117.192543                567 
7.044915 171.134277 136.328079 38.735126 201.239883 118.110405 -3.311666 182.499023 110.162415 72.482040 170.868118 117.441856                576 
7.404236 171.045593 135.931488 39.030617 201.294250 118.018188 -3.759897 183.116943 111.287926 72.915039 171.070679 117.660721                585 
7.690312 170.980789 135.634613 39.252911 201.335159 117.948807 -3.898164 183.421158 111.799522 73.237297 171.222168 117.826614                594 
7.856435 170.842499 135.398865 39.393185 201.320587 118.015053 -3.834203 183.451096 111.779198 73.455650 171.295746 118.068085                602 
7.959967 170.470428 135.067780 39.465340 201.308167 118.408859 -3.737022 183.465561 111.645958 73.659805 171.433701 118.429565                611 
8.220211 164.679230 132.879700 36.514862 198.417847 116.193642 -4.231360 175.490952 109.063103 74.070045 173.111038 119.497986                620 
7.965459 161.265488 130.880035 34.571712 196.629211 114.905693 -5.244525 172.033875 107.941605 73.443787 173.522018 119.000198                630 
7.697895 160.415054 129.738602 33.710644 196.386368 114.251549 -6.124068 171.706100 107.774811 72.955688 173.905151 118.272324                639 
7.740500 159.610840 128.571930 33.225414 196.233902 113.845924 -6.566454 171.502228 107.508461 72.778381 174.238052 117.518967                649 
7.726054 159.333191 127.896042 32.646011 196.480576 113.612335 -6.931798 171.468567 107.357216 72.517319 175.041183 117.130455                658 
7.450621 159.185013 127.506828 32.202518 196.547043 113.584213 -7.356686 171.607742 107.360374 72.162842 175.269318 117.073700                668 
7.367692 159.175552 127.328224 32.070171 196.587677 113.533142 -7.545421 171.816208 107.469429 72.043877 175.332932 117.009346                677 
7.273698 159.086716 127.265579 31.963505 196.535248 113.622238 -7.692203 171.899689 107.586449 71.933037 175.272293 117.096298                686 
7.374978 158.922394 126.679573 31.583401 196.692657 113.135216 -7.656883 171.516708 107.069359 71.876968 176.261795 117.690834                695 
6.907313 160.680588 127.935020 31.887260 197.214432 112.588974 -7.859979 172.660141 107.811493 71.746109 176.244339 118.357246                705 
6.204313 162.200851 128.658234 32.169434 197.512146 112.182793 -8.121135 173.908142 108.121315 71.437248 175.698868 118.813431                715 
5.861217 162.994797 129.212540 32.320198 197.590363 112.067535 -8.074138 174.453247 108.386047 71.268692 175.378418 119.236183                724 
5.548715 164.077423 130.300034 32.636883 197.385086 111.694412 -8.125988 174.998276 109.147453 71.139999 174.672089 119.655273                734 
5.302089 164.859238 131.020172 32.621334 197.367554 111.405678 -8.273181 175.377319 109.739006 70.929161 174.498383 119.847061                744 
5.064255 165.358765 131.481766 32.440578 197.373657 111.182465 -8.421323 175.560974 110.185699 70.693962 174.602859 120.122009                754 
4.913651 165.414108 131.552444 32.254086 197.377899 111.155952 -8.447596 175.630249 110.410141 70.524673 174.688522 120.227905                764 
4.535840 166.135376 132.029907 32.503422 196.811401 110.565147 -8.558486 176.203979 110.904434 70.249413 173.389267 119.966705                774 
4.405739 170.557114 133.878189 34.491142 195.183075 107.970619 -8.563846 180.404770 112.806290 69.496964 167.861969 117.451942                784 
4.951985 174.590302 134.933060 36.050446 193.905701 105.935303 -7.783789 184.041733 113.808205 68.571945 163.940399 116.239571                816 
5.722439 173.914078 135.333298 36.507763 193.459442 106.165932 -7.225478 183.955139 114.720917 68.818848 162.859985 115.188782                828 
7.089159 171.161438 135.767685 37.751053 194.289627 109.226097 -5.401368 181.269409 115.085243 71.774681 165.731934 118.638649                839 
7.983025 170.876022 135.439209 38.620773 195.331726 110.105759 -4.055065 181.347977 115.121742 73.273102 167.775864 120.187256                850 
10.299002 170.950668 136.422028 39.178730 192.516647 106.783295 -3.080707 182.985397 118.604263 72.856789 162.820862 113.543060                862 
17.514896 169.131287 140.876556 40.741642 189.470154 105.899094 1.859246 182.907227 127.023926 73.034058 157.561478 105.015282                872 
21.416235 167.932343 143.093964 42.212650 188.203979 106.584450 5.816803 183.505005 131.904724 71.964890 154.363815 100.981491                883 
24.273539 166.561615 145.052719 45.160618 189.909592 110.486481 9.279521 183.635010 135.963242 73.836327 156.051804 100.837631                895 
26.670483 164.294800 148.483704 46.621479 189.536682 114.706139 11.756296 181.754639 140.789673 75.559204 156.605896 102.877457                905 
30.072252 163.563828 149.749588 46.980755 189.092819 114.558571 15.213006 181.123444 144.811661 74.488609 156.180008 99.665253                915 
29.899824 165.786072 151.127731 44.623444 190.210007 114.187706 15.474107 183.258652 147.594376 70.726547 156.685577 98.172539                925 
30.964005 168.520264 150.715256 41.503929 191.527206 111.483315 16.773846 185.901230 148.748581 65.394409 157.286896 93.634171                936 
31.781401 168.894150 150.999268 41.204815 191.627594 111.308754 17.668278 186.000290 149.591080 64.478500 157.273758 92.872505                945 
33.538033 167.892990 151.917847 42.001850 192.014511 112.819702 19.268190 184.525772 151.546906 65.281631 158.586594 92.760513                955 
34.607185 167.469131 152.588074 42.548527 192.645782 114.036049 20.243795 183.698425 152.925629 65.914406 159.972122 92.864983                965 
34.773029 166.091888 153.611206 42.664379 192.697800 116.008720 20.422310 182.042709 154.674271 66.061989 160.907227 93.566406                974 
34.734543 165.370911 154.220337 42.797749 193.123322 117.482277 20.534269 181.192398 155.898834 65.934654 161.939346 93.945313                984 
34.576607 165.667053 154.353729 42.959183 193.690491 117.884010 20.588816 181.459167 156.308975 66.058792 162.626724 94.152252                994 
34.486687 165.562714 154.157333 43.019455 193.774673 117.859406 20.963848 181.440109 156.737976 66.225578 162.866730 94.028305               1003 
34.283318 165.512573 153.673676 43.158298 193.995239 117.662216 21.535372 181.705383 157.136337 66.485641 163.256226 93.731209               1013 
32.839832 165.739426 152.497360 42.461662 194.409714 116.820656 20.024321 181.832870 155.884918 66.822327 164.013321 93.489075               1022 
31.182713 167.027451 151.407486 42.109749 196.092499 116.425873 18.381838 183.105316 154.598419 66.970436 165.848328 93.426270               1032 
29.487278 168.380386 150.791031 41.360126 196.974854 115.723312 16.725365 184.462006 153.452515 66.084396 166.181107 93.313461               1042 
28.612404 168.984497 150.620529 40.927933 197.357819 115.519974 15.334027 184.550247 152.261429 65.565620 166.314072 93.361115               1051 
27.540527 170.295502 149.834473 40.675228 197.825943 114.355965 13.619086 185.251434 150.015320 66.229652 166.440689 93.772408               1061 
26.786333 169.956589 148.701859 40.872272 197.374878 113.497437 12.275592 184.321259 147.435242 67.499390 166.150177 94.061378               1070 
26.259972 169.275787 148.433731 41.013680 196.884720 113.649368 11.508308 183.310989 146.383453 68.312576 165.904709 94.761421               1080 
25.797026 169.125732 148.236008 40.911732 196.813278 113.665108 10.979833 183.027527 145.781067 68.444756 165.904877 95.000977               1090 
25.193634 168.924347 147.962418 40.737083 196.845825 113.767448 10.252622 182.589844 144.870712 68.548241 166.095337 95.255486               1099 
24.635441 168.900040 147.882538 40.585667 196.953873 113.980286 9.619379 182.376556 144.210800 68.666496 166.307251 95.704689               1109 
24.444820 168.828171 147.868378 40.599838 196.902786 114.076462 9.363823 182.133728 143.780869 68.960022 166.350723 96.075974               1119 
24.202475 168.657974 147.734863 40.568134 196.816635 114.110840 9.084222 181.819138 143.356903 69.298584 166.432739 96.415466               1128 
24.058245 168.566483 147.641846 40.560944 196.783218 114.130051 8.928011 181.648849 143.100998 69.506340 166.503189 96.607803               1138 
23.907419 168.502914 147.589447 40.556736 196.736404 114.160896 8.768045 181.505707 142.889206 69.743752 166.549271 96.880829               1148 
23.769938 168.446182 147.541885 40.552921 196.693909 114.188896 8.628980 181.371902 142.684006 69.957047 166.591370 97.130745               1158 
23.648880 168.397659 147.500504 40.549580 196.656723 114.213394 8.511875 181.232635 142.454605 70.141891 166.628403 97.350960               1169 
23.536076 168.329132 147.384766 40.623241 196.685486 114.272995 8.420033 181.098480 142.170563 70.439224 166.775635 97.595039               1181 
23.091196 167.906296 146.812500 40.434097 196.642914 114.161758 8.001654 180.621948 141.464325 70.678886 167.077255 97.642975               1193 
22.698902 167.534805 146.298737 40.265190 196.604904 114.062431 7.764903 180.324005 140.890625 70.889008 167.345322 97.697701               1205 
21.143476 167.958954 145.206390 38.856335 197.152359 113.399475 6.209733 180.754486 139.681091 70.068054 168.180450 97.645027               1217 
20.722536 167.628159 144.531067 38.247112 197.188690 113.175629 5.807156 180.535416 139.187759 69.944305 168.671356 97.561676               1230 
20.797659 167.476898 144.046585 37.945705 197.206650 113.064880 5.726557 180.505646 138.958359 69.880424 168.914795 97.524940               1242 
20.913332 167.388855 143.705353 37.754227 197.218079 112.994530 5.752288 180.558060 138.860413 69.838890 169.069595 97.503136               1255 
20.812706 166.878479 143.211319 37.273964 196.673737 112.517319 5.591581 180.148102 138.566483 69.490692 168.632065 97.106514               1268 
21.111128 166.668610 143.162216 36.613819 196.026291 111.748398 5.709743 179.852783 138.687119 69.057755 168.129272 96.553223               1281 
21.371483 166.759827 143.287811 36.618004 195.808777 111.588707 6.110733 180.199539 139.093262 68.912018 167.729050 96.410706               1295 
21.951691 166.491714 143.489349 36.718853 195.030930 111.207214 6.995482 180.471024 139.770920 68.783089 166.692841 96.022240               1308 
22.005154 166.487854 143.211075 36.376831 194.854294 110.684967 7.281537 180.869675 139.832794 68.674400 166.677994 95.694687               1321 
21.417395 166.580566 142.505188 35.608234 194.822098 109.903412 6.828174 181.226471 139.284683 68.236221 166.830582 95.287178               1334 
-0.391220 199.477921 154.260895 51.765255 199.197037 112.798439 9.816612 188.963867 139.860275 85.882103 169.480927 116.637672               1350 
-12.353824 204.862747 145.272263 56.239727 196.846359 115.727623 5.930811 185.591568 134.761703 88.398979 167.210144 127.943321               1365 
-14.666938 205.845673 142.984451 56.207172 196.526520 115.407196 4.789928 185.000977 133.269913 88.008057 167.001404 128.775726               1374 
-16.167154 205.505142 140.419373 55.902721 195.404907 114.737106 3.688911 184.033875 131.563675 87.310448 166.124176 129.499878               1383 
-15.974461 204.373291 139.920654 56.287785 194.494446 114.464951 3.820218 183.050262 131.018265 87.592789 165.137833 129.295044               1391 
-16.153852 203.647522 137.958755 56.695206 193.875854 114.093178 3.807818 182.388824 129.525162 87.697563 164.592773 129.684860               1400 
-16.886778 207.719116 135.459991 56.797760 194.479141 113.550812 3.150935 184.273224 128.014297 86.754791 164.635468 130.094009               1409 
-17.487223 208.989532 134.718231 56.796532 194.626312 113.566757 2.891047 184.435471 127.574432 86.529991 164.566055 130.121155               1417 
-17.945801 210.109055 134.255615 56.544022 195.090866 113.097107 2.562511 184.960709 127.254929 86.269089 164.964264 129.545624               1426 
-17.669636 209.111786 133.169586 57.317997 194.360275 112.902489 3.065889 183.865341 126.707726 87.135689 164.531830 129.722549               1435 
-16.055281 208.757050 134.124466 58.684608 193.792267 112.782784 4.307009 183.497665 127.209747 88.505463 163.483963 128.716049               1444 
-13.235306 209.107315 136.925735 60.992775 194.137238 113.852356 6.383540 184.154663 128.518036 90.421944 162.404343 127.588928               1452 
-12.803515 208.286606 137.129623 61.445145 194.167542 113.586166 6.740103 183.875473 128.497818 91.096436 162.364456 126.667091               1461 
-12.987447 209.289383 134.027374 61.296249 194.193863 111.207382 6.252746 185.735092 127.833206 90.992653 163.093307 125.789063               1469 
-12.815977 209.792709 129.981155 61.294441 193.458420 107.448036 5.969082 187.297546 125.806274 90.825089 162.642670 122.942406               1478 
-12.026726 210.126266 126.321007 62.051781 193.082825 104.168304 6.513346 188.675720 123.696075 91.474457 162.492981 120.302528               1487 
-12.009760 208.967667 122.143005 62.389400 192.346741 100.711571 6.570938 188.930252 120.491310 91.710075 161.683533 116.892151               1495 
-10.356485 210.506470 119.137009 63.643005 192.359238 97.517700 7.654136 191.055374 117.708977 92.052559 160.511627 113.021660               1504 
-9.591443 209.854538 114.898918 64.226105 191.127243 93.111755 8.314035 190.887329 113.709579 92.480736 159.159821 108.652184               1513 
-8.262198 211.754562 109.985344 64.895607 190.894165 87.874329 9.265738 192.759613 109.052162 92.611229 158.672348 103.853828               1522 
-7.182114 214.433807 105.458099 64.444679 190.266022 81.725563 9.820525 195.463577 104.723198 91.663422 157.792328 98.045631               1530 
-5.729720 215.160828 97.307220 66.022972 189.227005 75.899902 11.131891 196.651245 97.491608 92.234894 156.633316 93.572845               1539 
-3.933958 216.390167 89.438080 67.568985 188.596436 69.547638 12.860147 198.598923 90.567085 92.997124 156.037338 88.390686               1547 
-3.575075 217.096832 79.606102 68.884621 190.247894 61.972248 13.864475 200.756592 82.073761 94.875984 159.306534 82.680382               1556 
-2.939143 216.796478 70.005287 70.306816 190.573471 54.806763 14.784253 201.329956 73.329079 96.133018 160.378052 76.783783               1565 
-1.713264 216.422836 61.095665 72.030518 190.464462 47.944225 16.042336 201.202072 64.658699 97.191338 160.046005 70.380722               1573 
-1.752759 214.239258 50.524788 73.137573 190.190857 40.557869 16.381876 199.670547 54.563797 98.103889 160.446457 64.088699               1582 
0.743971 215.281204 40.134293 75.801987 190.507980 33.157135 18.768854 200.644272 44.761948 99.655022 160.733002 57.778851               1591 
2.478742 215.397247 28.530218 78.127495 191.481430 25.643528 20.537600 201.088287 34.120583 101.060211 162.194199 51.683773               1599 
2.305413 214.865173 15.281608 78.549149 192.719635 15.873774 20.539936 201.246414 21.807047 101.113434 164.562515 43.437790               1608 
2.394754 216.652222 1.236279 78.712616 195.303345 6.212412 20.438082 203.359863 8.739422 99.931870 167.279724 34.955498               1617 
2.078329 218.728729 -13.531001 78.309456 197.673645 -4.705929 19.982599 205.379471 -4.837769 98.472816 170.082901 25.192822               1625 
2.362732 221.992279 -29.263811 77.831177 200.202667 -15.667290 19.728292 208.280853 -19.337538 96.019608 172.376740 15.262373               1634 
3.065986 224.644913 -44.776508 77.657661 202.776917 -26.846882 19.984308 210.635040 -34.112377 94.049652 174.422729 4.602882               1643 
1.784468 227.396683 -60.926186 75.388382 205.876389 -38.819786 18.368282 212.858566 -50.021278 90.153152 176.073029 -7.908509               1651 
0.758791 230.954819 -78.772278 73.201073 210.023529 -52.528645 17.134991 215.399246 -68.071381 86.668068 178.369202 -22.891010               1660 
0.876358 234.531113 -94.457077 72.090057 213.349075 -65.148300 17.137817 217.295563 -84.080345 84.342796 180.972687 -35.764877               1669 
1.720729 234.198120 -107.563362 72.633171 215.229599 -76.023613 18.428129 216.299179 -96.910683 84.836388 183.958511 -45.446728               1677 
2.100424 233.794373 -118.854996 73.116295 218.185181 -85.691246 19.731863 216.340439 -108.045097 86.083885 187.660065 -54.678268               1686 
4.867117 239.641541 -135.603668 73.119095 222.164642 -97.839058 21.597124 221.375412 -123.973999 83.295479 191.146133 -66.278976               1695 
4.347117 237.766235 -146.617538 73.439285 226.085022 -108.112167 22.211550 220.958038 -134.142624 85.293518 197.429871 -74.944336               1703 
4.728439 238.326324 -157.847778 74.082375 230.107254 -118.886337 23.128136 222.519028 -144.710968 86.686501 203.202591 -84.549461               1712 
6.566915 239.362793 -166.462479 75.710526 233.764709 -126.640427 25.428865 224.341812 -153.055649 88.883461 207.447067 -92.062958               1721 
9.817978 242.493118 -173.864304 78.970772 235.171066 -134.310455 28.374674 227.263351 -160.583939 91.799324 208.180222 -100.124664               1730 
12.704624 247.025864 -180.224152 81.370636 236.004684 -140.653564 30.728203 231.266983 -167.390625 93.276367 207.075424 -107.743126               1738 
14.076876 250.600952 -192.751862 80.134270 239.391220 -148.991043 31.597544 235.018234 -179.177658 90.361763 209.580780 -116.303406               1747 
16.451269 255.169586 -203.105698 79.608986 242.321121 -155.649445 33.589939 239.653366 -189.233627 88.245239 210.667084 -124.261833               1756 
31.589643 294.852692 -221.126236 78.005714 251.198883 -171.595825 37.369328 242.252029 -202.956284 85.901146 220.128860 -139.438995               1764 
38.296726 314.278473 -232.311798 77.980362 257.245941 -184.003113 38.997986 244.950348 -214.388672 86.723114 225.049454 -153.202209               1773 
43.405594 323.036346 -238.031662 78.552910 259.848969 -191.250122 39.039864 248.367874 -221.265778 86.341400 226.566391 -161.361084               1782 
45.395802 326.169678 -243.590546 78.839561 261.674194 -196.141174 39.673393 249.186172 -226.255692 86.334015 228.510483 -166.045547               1790 
49.434547 327.413208 -249.167801 79.424492 261.530945 -200.771896 40.396832 249.856918 -231.398956 85.357040 228.322113 -170.379059               1799 
49.732128 323.539612 -259.853516 80.258675 261.415802 -206.779251 39.965073 247.665634 -234.775803 86.839462 230.947525 -173.762238               1808 
61.566277 325.750397 -264.939178 83.194466 261.236115 -210.236191 41.682659 252.123260 -238.337906 85.518562 230.904648 -176.526474               1816 
62.118137 323.185242 -271.502380 84.409592 261.922272 -213.357773 41.743408 251.593399 -239.068222 87.451042 233.915176 -177.747391               1825 
64.431267 323.640198 -273.080597 85.885300 263.374969 -213.547104 43.656349 252.414383 -239.595947 88.472710 236.022079 -177.396469               1834 
65.665779 323.880066 -273.903076 86.659515 264.137146 -213.646439 44.715202 252.831421 -239.879074 89.006439 237.129333 -177.220963               1842 
65.779381 323.734955 -275.101837 86.372276 264.578552 -213.942139 44.471352 252.641861 -239.796432 89.034401 238.069260 -177.173721               1851 
65.935959 323.648254 -275.985840 86.165810 264.895844 -214.154678 44.329750 252.547424 -239.747269 89.054878 238.747375 -177.145813               1860 
67.075455 323.693817 -277.300140 85.882935 265.216248 -214.507904 44.076984 252.541428 -239.775940 88.927200 239.554749 -177.172058               1868 
71.870125 325.002106 -278.392731 86.423370 265.463806 -215.283264 43.483341 255.931900 -239.470291 88.293221 239.941879 -177.774857               1877 
75.288719 325.617828 -279.280975 86.806587 265.639374 -215.833069 43.480240 258.065033 -239.231125 87.882805 240.309631 -178.163559               1886 
76.859772 325.996307 -279.614075 86.915970 265.927795 -215.908234 43.734638 259.110352 -239.115219 87.668007 240.722168 -178.147720               1895 
76.297302 325.284637 -281.038452 86.348198 266.236023 -216.320328 42.843369 259.912384 -238.528595 87.477692 241.760361 -178.091919               1903 
77.731689 325.922119 -280.666443 86.444565 266.214325 -216.307129 43.179413 260.908630 -238.826904 87.092743 241.443130 -178.258301               1912 
79.269989 328.546539 -278.139709 86.415283 266.352081 -215.934433 43.214703 262.949188 -238.571854 86.526878 240.229355 -178.795029               1920 
80.571335 330.437592 -276.209778 86.333923 266.459290 -215.654312 43.262115 264.668365 -238.394180 85.953613 239.362808 -179.221054               1929 
82.075699 331.390289 -275.357513 86.072922 266.697510 -215.385910 43.295624 266.309113 -238.400589 84.982674 239.262268 -179.221497               1938 
82.958107 331.570862 -275.328857 85.949997 266.765900 -215.391068 43.498409 267.272583 -238.667694 84.467293 239.309113 -179.256973               1946 
83.493652 331.496216 -275.784729 85.598732 266.966522 -215.485092 43.552444 268.590607 -239.028519 83.803787 239.720596 -179.205872               1955 
83.964836 331.998077 -275.660248 85.449661 267.274170 -215.527451 43.931919 269.757355 -239.640732 83.343735 239.914963 -179.350342               1964 
82.956879 332.464417 -275.897217 84.700310 267.887665 -215.590683 43.484165 270.579468 -239.968277 82.727135 240.598816 -179.352982               1972 
82.295883 332.777374 -276.061279 84.196228 268.300354 -215.633209 43.361320 271.849518 -240.310455 82.311432 241.059387 -179.354797               1981 
81.248985 333.416565 -275.887756 83.584610 268.816223 -215.588516 42.934292 272.341248 -240.473022 81.896812 241.474442 -179.376312               1990 
80.570503 333.837036 -275.779175 83.179680 269.157776 -215.558929 42.643093 272.744934 -240.571442 81.623291 241.750946 -179.390015               1998 
80.398842 335.154480 -274.360443 82.633423 269.665283 -214.991043 42.244888 273.736176 -240.139252 80.904907 241.777756 -179.199387               2007 
73.972832 334.140106 -276.012421 80.158936 270.042450 -215.395798 39.266342 271.953613 -239.944122 80.330261 242.842819 -179.037903               2033 
71.867081 332.291046 -277.980408 78.732613 269.429138 -216.148300 37.567760 270.881104 -240.261856 79.327148 242.970642 -179.251953               2042 
71.936584 332.124084 -277.205688 77.822845 268.816681 -215.715973 36.527195 271.330841 -239.505997 78.109299 242.169601 -178.951920               2051 
70.485703 333.325714 -274.365753 77.385765 268.860687 -214.187042 35.900585 271.467163 -237.628479 78.196831 241.489380 -177.966888               2059 
63.485710 334.549500 -276.029816 74.787025 271.342743 -215.174591 34.218365 269.865295 -240.285141 77.064178 244.306503 -178.765778               2068 
60.355183 334.465057 -277.297791 73.495232 271.672150 -216.373093 33.122269 269.384796 -241.829681 76.481194 244.706802 -179.962921               2076 
52.557697 333.021179 -278.838043 70.857994 271.999084 -217.437683 30.745361 267.089813 -243.103882 76.004951 245.609955 -180.847137               2085 
45.637142 333.688721 -278.312439 67.390434 272.752930 -217.952118 27.543531 266.812805 -244.015778 73.967941 246.019516 -181.843872               2094 
39.497894 334.585327 -277.075378 64.175667 273.483429 -218.013489 25.246037 266.064484 -245.224731 71.821304 246.157867 -182.564865               2103 
32.961655 333.545380 -275.165649 61.377632 272.800659 -217.421478 23.102058 263.738586 -245.188339 70.630554 245.158859 -182.606827               2111 
32.507172 328.674835 -278.822510 58.505058 269.327179 -218.534149 20.895832 260.096649 -247.214630 66.402840 242.598526 -182.687958               2120 
23.296406 325.370117 -280.323761 54.908821 269.284912 -219.588821 18.124842 256.563110 -248.074554 65.378288 243.746887 -183.534058               2128 
10.903473 321.597809 -277.488922 49.867836 267.524902 -219.244583 13.396544 251.994446 -246.723907 64.026199 242.367477 -184.196182               2137 
3.688914 318.820404 -275.265106 46.551682 265.962616 -218.659714 10.402261 249.010498 -245.641144 62.719173 241.079819 -184.291061               2146 
-5.183886 313.326355 -273.415558 42.237419 263.594727 -217.611389 7.610227 243.797623 -244.244919 60.712769 239.927734 -183.548492               2154 
-16.348263 305.558411 -270.996674 37.421860 260.792297 -216.759583 4.371107 237.298096 -241.891479 59.275955 239.288620 -183.267242               2163 
-17.240982 303.224670 -266.755554 34.878368 255.783585 -213.178329 3.299311 233.274307 -240.566589 55.743969 232.680557 -180.123489               2172 
-18.466860 300.941467 -264.196747 33.110291 252.156570 -211.299225 1.732630 230.342392 -239.322220 53.690018 228.308197 -178.596390               2181 
-25.356070 292.483307 -263.103271 29.205814 247.231613 -210.053604 -1.098410 223.074982 -237.043015 51.385536 225.102142 -177.188858               2189 
-26.006495 285.298706 -264.420807 26.765114 241.567291 -208.263184 -1.956102 215.787720 -235.265625 48.360287 220.874054 -174.099106               2198 
-28.269522 277.789001 -262.116730 24.461918 235.906952 -204.484406 -1.977656 207.424484 -230.673340 46.954910 217.062241 -169.833466               2206 
-28.842192 273.659851 -256.710205 22.850618 231.159698 -198.576111 -2.643164 201.350342 -223.895279 45.839767 212.975800 -163.897720               2215 
-36.661156 229.721146 -226.133453 22.391378 225.409882 -191.620926 -2.450058 193.120361 -214.242813 46.270233 209.890579 -156.255722               2224 
-38.266510 215.672058 -212.478394 22.399067 221.146317 -185.891983 -2.987342 189.505554 -208.783600 45.095829 204.961700 -150.049820               2232 
-28.791275 202.010849 -189.260910 20.672493 218.259125 -180.803085 -3.069849 185.869736 -204.340988 42.809875 202.495255 -144.427505               2241 
-27.600105 195.750610 -172.898758 19.197723 212.386063 -171.329742 -6.326835 181.409241 -194.856918 41.380714 194.869049 -135.793640               2250 
-26.433388 190.870895 -159.186447 20.285112 204.264160 -157.649338 -6.623270 175.705002 -182.609070 39.063953 184.531967 -121.321098               2263 
-26.613531 189.064514 -155.759232 19.974533 202.261536 -153.909088 -6.705000 173.955399 -179.376419 38.088722 182.143250 -117.455330               2268 
-27.874964 182.588516 -153.162521 16.815334 197.383636 -142.366760 -3.672436 172.412323 -175.778519 30.603165 172.205612 -107.185677               2285 
-26.729687 181.953644 -152.027832 16.581741 196.420761 -136.427383 -0.498508 174.126328 -173.442719 27.998293 168.403748 -102.568054               2294 
-25.125765 179.693710 -152.036163 15.371828 195.519760 -131.154907 3.694499 174.559555 -170.936142 24.875294 166.119934 -97.882103               2302 
-21.070892 176.047256 -152.071671 15.141522 193.979324 -125.764259 10.426133 172.786072 -166.827698 21.722975 164.756180 -91.640396               2311 
-17.385151 176.734711 -150.857300 14.962609 194.560593 -119.878281 15.728689 175.279861 -162.124756 18.933405 163.860947 -86.659157               2319 
-18.104773 178.029480 -141.977097 13.991368 195.231735 -110.404373 15.098935 176.859344 -153.045471 17.766932 163.814819 -77.839539               2328 
-16.179813 177.225677 -133.795731 13.807713 193.652328 -99.838463 17.531166 177.714035 -143.302032 17.133104 160.597183 -68.886169               2337 
-13.426857 178.157089 -126.220802 15.521781 193.988266 -91.108345 20.476240 179.521622 -134.961380 18.762751 160.000122 -61.174290               2345 
-6.760683 177.147049 -115.325790 20.820126 191.704086 -78.605606 27.606718 177.176483 -122.191818 21.059166 157.512878 -48.728359               2354 
8.717757 167.008072 -105.114311 30.133324 185.274857 -66.021942 43.741840 165.634964 -105.845718 24.003109 154.788208 -32.935230               2362 
29.227943 146.103958 -84.848335 42.766724 174.513824 -48.383850 63.163540 143.608475 -76.416565 26.221794 155.319839 -10.706250               2371 
9.797633 149.946228 -55.591022 52.346531 177.222717 -23.842642 29.477098 144.176270 -56.289127 52.790512 165.350998 19.982134               2380 
2.679794 152.645844 -33.269600 55.547592 175.672699 -10.556251 8.258752 149.920425 -29.777821 69.099312 163.332504 30.986694               2388 
5.613999 145.584198 -8.363733 57.653896 173.793106 0.713049 7.089290 151.905060 -3.023714 81.693695 163.022873 37.697315               2397 
5.682855 155.461945 -12.662908 62.919041 171.054840 11.147148 8.794504 159.247360 16.436188 93.646065 165.488770 44.110985               2406 
-3.708548 157.690674 8.553824 70.805252 170.455734 32.762733 13.222033 176.136597 59.667164 107.251595 168.134308 59.744595               2414 
-3.377442 157.067581 26.901953 78.181580 168.391693 47.031963 21.727673 178.009827 85.189095 117.533913 166.924561 69.636993               2423 
-0.943841 159.435623 38.794552 84.009209 166.720428 56.896523 29.426270 178.407349 100.109291 124.693779 165.240448 77.004265               2432 
-0.120840 160.448334 47.885426 86.455650 164.061096 65.117218 33.464443 173.998795 111.814896 127.960876 161.869736 83.399994               2441 
9.084188 149.594315 52.637760 75.399109 167.691040 58.391708 25.516630 158.383102 81.304321 113.884064 160.764511 81.471519               2449 
8.663312 148.468552 57.536179 69.947685 168.211884 57.403828 17.358198 160.022125 71.477814 104.987480 156.823471 83.941772               2458 
5.212040 143.743240 55.858070 65.559525 167.363831 61.924759 20.975237 143.385941 65.247841 102.674095 154.100677 84.471214               2467 
10.092395 145.100784 56.075027 60.133617 169.327271 55.906918 12.908941 149.087708 62.394581 94.926697 156.855545 82.281967               2475 
11.392495 154.230545 60.325390 69.034279 172.452423 63.414021 18.241955 157.677429 71.229568 102.600632 157.061050 89.836571               2484 
3.657201 159.704010 60.337101 70.156761 173.752380 68.478020 17.798285 161.644333 77.249939 103.358841 156.950119 94.498230               2493 
-0.409988 163.360794 62.167194 70.241608 174.216476 72.924362 16.929882 164.453217 81.854431 102.769188 156.593262 99.251625               2501 
-2.465987 168.156082 66.405579 70.888489 173.538330 77.104347 16.706339 168.220428 87.179520 102.567024 154.072556 103.167725               2510 
-3.693865 170.910034 69.386230 70.823654 173.556564 80.295326 16.049164 170.945313 90.941597 101.960846 153.338043 106.437859               2519 
-4.690213 173.800735 72.525200 70.597099 173.949936 83.015350 15.318696 174.074707 94.651047 101.381775 152.890839 108.910606               2528 
-5.539830 174.579208 74.466576 70.131165 174.176559 85.123840 14.229304 176.279663 97.596565 100.817345 153.053864 111.084106               2536 
-5.803849 175.713455 75.805336 70.169838 174.161591 86.628983 13.747042 178.647400 99.858101 100.544609 152.952087 112.883049               2545 
-6.390348 176.612915 77.818130 69.905472 174.439148 88.074806 13.263844 180.304916 102.365913 100.360229 153.238571 114.243279               2553 
-7.224640 176.486786 80.191063 69.310997 174.823608 90.386978 12.414213 180.843994 105.138824 99.982857 153.977783 116.586884               2562 
-7.698452 178.146500 82.438286 69.009529 175.723267 92.589050 11.926426 183.003403 107.953194 99.538322 154.684586 118.801872               2571 
-8.281737 179.518890 84.435707 68.552322 176.589264 94.703781 11.196145 185.415512 110.963165 98.945114 155.440567 120.986031               2579 
-9.324259 178.718964 86.765999 67.730942 177.324188 96.746254 10.061603 185.290771 113.792152 98.697586 156.628448 122.717384               2588 
-9.620130 180.137009 90.125160 67.674576 178.022156 99.020706 10.225199 186.181122 117.212395 98.878746 156.632080 124.130669               2597 
-9.865281 181.043518 92.738823 67.653984 178.632034 100.499336 10.440479 187.012451 119.739571 99.177620 157.059799 125.048149               2605 
-10.731606 182.467239 95.704170 66.944572 179.035873 102.434204 10.055919 188.009155 122.606483 98.540070 156.888901 126.371239               2614 
-11.963958 183.094452 98.456856 65.851334 181.108139 105.219467 8.757174 189.066696 125.486443 97.868126 159.566620 129.149231               2623 
-12.977826 182.879395 100.909576 65.029106 182.112122 106.522850 8.098293 188.945969 127.760910 97.761574 160.886429 129.756470               2631 
-13.004247 183.053223 101.914810 65.087204 182.150650 107.424141 8.148757 188.827286 128.911438 97.847755 160.648758 130.362335               2641 
-13.130548 183.119781 102.567146 65.029823 182.267807 108.055405 8.038640 188.810791 129.717163 97.834534 160.684006 130.853119               2649 
-12.754250 184.371307 104.011566 65.435471 182.359055 109.680321 8.430513 189.307846 131.411209 97.898178 159.941925 132.161209               2657 
-12.378602 185.561798 105.312424 65.845078 182.595032 110.938660 8.886584 190.121033 132.826965 98.064255 159.690842 133.278503               2666 
-12.192835 185.360672 106.712624 66.107605 182.576126 111.767326 9.162626 190.417114 133.786148 98.130112 159.207657 133.908218               2675 
-11.659648 184.113129 109.423485 66.347496 182.843292 112.549316 9.462184 191.242798 135.075500 98.249687 159.105011 134.469406               2684 
-11.208428 182.031494 111.515121 66.193871 182.733536 113.252113 9.186871 191.062515 135.691376 97.867302 158.481323 134.940140               2692 
-11.262613 181.961227 113.035851 66.023491 182.896896 113.592545 9.045644 191.476379 136.310776 97.600319 158.328430 135.064392               2701 
-11.704075 182.899185 115.307808 65.541107 183.313782 114.169525 8.793010 192.492279 137.440384 97.102974 158.558960 135.448456               2709 
-12.481301 183.458786 116.449654 64.690422 183.856842 114.216446 8.031655 193.360657 137.787338 96.291710 159.150330 135.493011               2718 
-14.025161 185.227386 117.514206 63.087326 184.672714 114.477875 6.672615 195.279007 138.290497 94.435486 159.731110 135.854370               2727 
-15.822205 185.861694 117.916283 61.237373 184.939880 114.249084 4.969996 195.917297 138.350571 92.502617 159.761810 135.469238               2736 
-16.554325 184.933182 118.599922 60.443924 184.675064 113.986206 4.267847 194.718506 138.646774 92.057297 159.361603 134.518326               2745 
-16.930815 184.643478 119.247696 60.017132 184.592499 114.022163 3.919797 194.140381 138.972321 91.763237 159.085037 134.104477               2753 
-17.246513 184.433914 119.940544 59.649029 184.569351 114.125824 3.639371 193.664246 139.312637 91.523819 158.922974 133.823730               2762 
-17.664141 184.104385 120.340080 59.195080 184.530380 114.175980 3.189769 192.888016 139.309814 91.175713 158.731750 133.499939               2771 
-18.082972 183.620438 120.701462 58.741859 184.499756 114.246712 2.719183 191.969727 139.240768 90.877335 158.643402 133.233704               2781 
-17.750130 182.408234 121.955818 58.417858 184.583405 114.233101 2.478735 191.671860 139.256836 90.614838 158.597000 132.936218               2791 
-17.562672 180.729034 122.576691 57.974770 184.478806 114.240547 1.976485 189.521332 137.579742 90.182098 158.380142 132.768723               2802 
-17.482922 180.445679 123.364578 57.633186 184.606705 114.076233 1.864702 188.593536 136.395660 89.825691 158.455093 132.555435               2812 
-17.829813 180.885742 124.260048 57.006027 184.663147 113.958473 1.563800 188.343735 136.015213 89.060898 158.092010 132.074921               2823 
-18.334026 180.905914 124.500542 56.163712 183.638290 113.008728 1.161926 187.467407 134.713394 87.862900 156.485352 130.886780               2833 
-18.556864 180.746307 124.807945 55.687977 183.741241 112.748177 1.003342 186.503204 133.735077 87.409637 156.508469 130.464203               2844 
-18.786564 182.442841 126.537743 54.775013 182.720551 111.062561 1.324734 187.036499 133.741058 86.196281 154.544022 127.811668               2855 
-18.839193 183.263779 127.552856 54.210331 182.269165 110.201546 1.519104 186.937973 133.516449 85.507202 153.693588 126.501472               2866 
-18.993261 183.370789 126.857544 54.194695 182.754379 110.379860 1.329331 186.297073 132.337952 85.321655 154.180695 127.005203               2877 
-19.088524 183.995895 125.472481 54.420059 183.925995 110.740936 1.209999 185.962448 130.538986 85.236565 155.360596 127.948669               2888 
-18.772324 184.941803 125.123009 54.740929 184.034576 110.680954 1.581260 185.992874 129.698883 85.057640 154.936722 127.884384               2899 
-18.505083 185.767059 125.014252 54.936485 183.986435 110.492958 1.899109 186.162109 129.165985 84.899635 154.625778 127.868439               2911 
-18.262678 186.052155 124.941498 55.211411 184.527496 110.731377 2.170982 185.934875 128.724594 85.129745 155.155563 128.164902               2923 
-18.144020 186.941757 124.512062 55.391087 184.932068 110.843712 2.285539 186.185638 128.069992 84.907814 155.213638 128.374359               2935 
-18.035940 187.643173 124.276855 55.506065 185.212677 110.857307 2.371302 186.468491 127.688911 84.708572 155.137863 128.306213               2946 
-17.896862 188.570465 123.999886 55.697258 185.767929 111.083412 2.483849 186.785797 127.183716 84.542206 155.349792 128.531952               2958 
-17.761103 189.333145 123.923241 55.847015 186.223846 111.285301 2.604983 186.906815 126.754669 84.413918 155.481476 128.622681               2970 
-17.645397 189.919937 123.732391 55.966080 186.448822 111.327789 2.715988 186.562546 126.043762 84.264488 155.441040 128.632797               2983 
-17.525747 190.394043 123.722755 56.055878 186.677429 111.319405 2.749013 186.542938 125.736038 84.190987 155.451874 128.498657               2995 
-17.253120 191.356445 123.804916 56.249146 186.915802 111.269279 2.909348 187.245728 125.762100 84.047981 155.295410 128.272858               3008 
-17.090673 192.181137 123.604645 56.394089 187.321976 111.213722 2.945840 187.884827 125.591698 83.929138 155.450790 128.178207               3021 
-16.966192 192.778275 123.464256 56.500565 187.620361 111.172905 2.971579 188.310577 125.437019 83.840797 155.566177 128.107681               3035 
-16.285557 193.975555 123.241081 57.096340 187.724930 111.029823 3.476588 189.135818 125.247528 83.900101 155.208527 127.941010               3049 
-15.765787 194.860367 123.079361 57.539761 187.802750 110.923332 3.826020 189.731110 125.141556 83.938652 154.948410 127.818199               3062 
-15.416368 195.430298 122.979416 57.830776 187.853821 110.853447 3.992287 190.130081 125.192429 83.961456 154.780579 127.738174               3076 
-15.168637 195.816864 122.915154 58.032959 187.889313 110.804893 4.022372 190.498215 125.490570 83.976166 154.665375 127.682854               3090 
-14.980055 196.098633 122.871109 58.184216 187.915848 110.768570 4.016923 190.752243 125.770798 83.986580 154.579926 127.641609               3104 
-14.835047 196.306290 122.840828 58.298752 187.935959 110.741058 4.072567 190.838699 125.737808 83.994133 154.515656 127.610458               3119 
-14.717558 196.467621 122.819099 58.390270 187.952011 110.719086 4.098038 190.904938 125.739906 83.999969 154.464569 127.585625               3134 
-14.619340 196.597031 122.803169 58.465801 187.965271 110.700943 4.113912 190.958069 125.766930 84.004646 154.422592 127.565155               3149 
-14.532874 196.706329 122.791046 58.531502 187.976807 110.685165 4.101240 190.874496 125.723808 84.008614 154.386215 127.547386               3166 
-14.460688 196.793869 122.782463 58.585724 187.986328 110.672142 4.034393 190.450897 125.526009 84.011826 154.356277 127.532730               3183 
-13.711917 197.973511 122.399750 59.066616 187.360504 110.168678 4.514403 190.877792 125.049850 83.688446 153.160095 127.075569               3199 
-13.118396 198.856110 122.102882 59.428825 186.889145 109.789467 4.883810 191.226883 124.722214 83.433868 152.275116 126.741547               3216 
-11.690690 200.269318 121.755585 59.866222 184.215851 108.382263 5.823297 191.515884 124.202515 82.414619 148.912949 125.904259               3232 
-10.322715 199.600830 121.385185 59.607246 180.171021 105.677528 6.518478 190.191147 123.105453 81.457924 145.079010 124.461670               3247 
-10.337594 197.956940 121.208748 59.706409 180.326920 105.479996 6.237587 188.785675 122.445648 82.277504 146.060852 124.925514               3262 
-10.148721 197.225952 121.233406 59.730721 180.148102 105.443924 6.075690 187.886002 122.023026 82.390312 146.136032 125.229454               3278 
-10.254974 196.546371 120.643478 59.622364 179.687698 105.160370 5.775602 186.761765 121.354980 82.483337 146.298218 125.758057               3322 
-10.440869 196.027557 120.227180 59.508011 179.392899 104.864105 5.629865 186.296555 121.090210 82.710968 146.660583 126.123558               3336 
-10.713678 195.175476 119.671722 59.333263 179.000580 104.401573 5.397341 185.348907 120.630905 83.041496 147.174332 126.464096               3351 
-10.667660 194.528580 119.182983 59.426170 178.674606 104.001404 5.432503 184.615738 120.231033 83.483253 147.563599 126.697380               3366 
-5.878763 188.851669 118.751167 65.773361 179.002365 106.028412 11.058139 179.142075 120.049637 91.723961 150.541107 130.075623               3380 
-4.565506 183.724808 118.328758 67.754555 178.805191 106.659554 14.111864 170.922836 118.140274 95.291473 152.458832 131.344223               3395 
-4.140035 181.607605 118.392731 68.325203 178.856110 106.929840 15.976794 166.076599 117.065910 96.656555 153.677414 131.932098               3406 
-3.946752 181.356995 118.275894 68.635201 179.019806 107.140236 17.028633 163.870224 116.500694 97.158165 154.389343 132.468613               3418 
-3.749987 181.267944 118.557495 68.832382 178.888748 107.228851 17.552120 162.745621 116.410355 97.477295 154.335358 132.494370               3429 
-3.680954 181.410294 118.594780 69.005760 178.781418 107.290848 17.809443 162.352203 116.549477 97.734306 154.288116 132.519699               3439 
-3.554313 181.626968 118.770210 69.182816 178.682999 107.379608 17.997137 162.302917 116.865517 97.968178 154.243866 132.596207               3450 
-3.378873 181.727188 119.083023 69.346130 178.591324 107.489319 18.153635 162.227936 117.180458 98.190933 154.167862 132.653137               3460 
-3.270564 182.411270 118.937668 69.570404 179.000183 107.831223 18.268200 162.671448 117.273911 98.241615 154.572678 133.188751               3471 
-3.278486 182.530807 118.628738 69.733772 179.270096 108.253639 18.332098 162.661819 117.052078 98.230835 154.667786 133.638474               3481 
-3.174799 182.762604 118.583740 69.872261 179.616806 108.389008 18.300564 162.961319 117.166504 98.361000 155.144791 133.908768               3492 
-3.151468 182.885757 118.422989 69.927101 179.742523 108.411736 18.115370 163.239868 117.298943 98.382530 155.429413 134.119858               3503 
-3.128868 182.959702 118.325615 69.964813 179.828979 108.427376 17.147329 165.770538 118.952080 98.397110 155.625763 134.264450               3514 
-3.114900 183.024536 118.238663 69.995689 179.899750 108.440170 16.317837 168.882690 121.120544 98.408913 155.786835 134.382446               3525 
-3.315118 183.414673 117.862083 70.020676 179.957031 108.450523 15.739223 171.351913 122.730507 98.418373 155.917450 134.477722               3536 
-3.545101 183.846405 117.447952 70.042503 180.007080 108.459572 15.312125 173.150848 123.858940 98.426575 156.031738 134.560791               3546 
-3.636836 184.034485 117.247765 70.061539 180.050720 108.467468 14.972663 174.412430 124.617432 98.433678 156.131516 134.633087               3557 
-3.670457 184.117996 117.147308 70.077988 180.088425 108.474281 14.720749 175.408813 125.172234 98.439781 156.217834 134.695450               3567 
-3.658399 184.235306 117.008430 70.133583 180.172913 108.466827 14.538410 176.268066 125.561172 98.453651 156.228058 134.665359               3578 
-3.667717 184.506866 116.457733 70.216476 180.514908 108.558647 14.257665 177.247574 125.602203 98.272758 156.078491 134.586548               3588 
-7.266084 185.338348 113.959297 67.028831 183.963333 109.743568 10.368435 177.703964 123.359215 94.433098 157.819641 134.788712               3599 
-9.331004 185.996857 112.883339 65.016762 186.553467 110.700996 8.123672 178.499969 122.326530 92.303467 159.953506 135.391556               3609 
-8.893999 186.131851 112.507668 65.129898 186.891037 110.771072 7.983651 179.247559 121.585083 91.900185 160.079361 135.795700               3620 
-8.955997 184.355820 110.970055 64.647423 186.443207 110.129265 7.300048 178.652588 119.895470 91.062729 160.455231 136.370499               3630 
-8.931728 184.144180 110.498955 64.425323 186.400772 109.839874 6.913665 178.918182 119.124969 90.501755 160.479950 136.483383               3641 
-8.946353 184.072006 110.173599 64.292213 186.375336 109.666435 6.665967 178.981766 118.569023 90.164284 160.496857 136.549255               3651 
-8.952053 184.210098 110.132553 64.250122 186.381348 109.605392 6.546584 179.141983 118.432320 90.027527 160.467682 136.545197               3662 
-9.816410 184.272171 108.243240 63.347584 186.799301 108.437950 5.576659 179.282776 116.636520 88.950035 160.856186 135.515884               3673 
-12.081698 183.909790 103.793541 60.927631 187.859848 106.871368 2.976220 179.138779 112.704498 85.971886 161.720551 134.280640               3684 
-13.162081 183.745911 101.568123 59.706581 188.394974 106.080902 1.525875 179.397141 111.010841 84.469139 162.139664 133.634857               3696 
-13.544810 183.792847 100.560577 59.262409 188.636749 105.762009 0.778634 179.972549 110.632187 83.851585 162.299316 133.392746               3708 
-13.738933 183.842941 100.054031 59.043438 188.755951 105.604790 0.443683 180.186813 110.386810 83.547226 162.377151 133.271896               3719 
-13.870475 183.887604 99.714874 58.898029 188.835114 105.500397 0.214971 180.325226 110.230026 83.345169 162.428528 133.191116               3731 
-13.968446 183.914795 99.465141 58.790375 188.893707 105.423103 0.074401 180.377487 110.064201 83.195595 162.466400 133.131027               3743 
-14.040700 183.802979 99.132080 58.577435 188.991791 105.383919 -0.180784 180.458099 109.691841 82.831902 162.512802 133.174744               3754 
-14.111668 183.503815 99.010765 58.168655 188.997574 105.245468 -0.631588 180.608597 109.210587 82.185242 162.403229 133.132568               3765 
-14.248425 183.201248 98.697884 57.744877 189.047897 105.008331 -1.080068 180.687103 108.618256 81.573723 162.374619 132.980972               3777 
-14.211039 182.795410 98.685562 57.463196 189.081360 104.850708 -1.368412 180.737457 108.230309 81.167038 162.355255 132.879089               3788 
-14.899032 182.058945 98.555122 56.557903 188.925552 104.284332 -2.019485 180.125931 107.668007 80.409065 162.226959 132.213760               3800 
-15.364701 182.197784 98.166389 56.070492 187.930405 103.740791 -2.384544 180.178207 107.122726 79.275711 161.440491 132.403458               3812 
-15.383154 181.986710 98.489601 55.831638 186.961243 103.323509 -2.438221 180.129486 106.909050 78.558640 160.514603 132.406235               3824 
-15.321107 181.740540 98.797302 55.696342 186.412262 103.087151 -2.297050 180.002670 106.831558 78.156921 160.002167 132.409058               3836 
-15.353074 181.370102 98.934441 55.502029 186.201248 102.900024 -2.369274 179.994415 106.888313 77.906219 159.857162 132.324280               3849 
-15.358479 180.826172 99.057945 55.281868 186.113434 102.724403 -2.346155 179.742111 106.834175 77.711159 159.828827 132.182724               3861 
-15.530504 180.983276 99.650833 54.978706 185.446915 102.396637 -2.438356 179.961090 107.071541 77.164185 158.976440 131.873154               3873 
-15.505108 180.890884 100.332443 54.742733 184.928101 102.141510 -2.498820 180.201355 107.321503 76.736115 158.317764 131.636032               3886 
-15.747184 181.304626 100.734673 54.437405 184.668869 101.969543 -2.628050 180.678299 107.642982 76.245056 157.860397 131.422516               3900 
-15.760542 181.055176 100.893974 54.182560 184.457413 101.853569 -2.682693 180.741150 107.604858 75.798729 157.519379 131.329468               3913 
-15.644169 180.659958 101.296974 53.958111 184.384445 101.772171 -2.686276 180.851212 107.700798 75.479118 157.373398 131.250885               3928 
-15.747985 179.286728 101.653999 53.533390 184.400208 101.530884 -2.624561 179.773666 107.688278 75.544945 157.594040 130.833893               3942 
-15.652036 179.295135 102.102554 53.481106 184.092606 101.466354 -1.956318 179.334900 107.752167 75.359833 157.137939 130.732605               3956 
-15.632004 179.175339 102.237732 53.426487 184.218384 101.589622 -1.244556 178.673355 107.711632 75.322334 157.251282 130.831604               3970 
-16.638306 179.146957 102.836761 52.361050 184.224899 101.206718 -1.477917 178.243713 107.987633 74.546005 158.726074 131.528046               3986 
-18.135727 177.582703 102.730247 50.579948 185.004944 101.419815 -2.461518 176.763107 107.778595 73.351616 160.408691 132.050217               4003 
-17.935568 177.722473 102.921425 50.674500 184.745255 101.351540 -1.836018 176.409500 107.623245 73.214928 160.096848 132.110779               4020 
-17.554867 178.215057 102.898865 50.969242 184.912491 101.479263 -1.341447 176.796051 107.497238 73.122131 160.540771 132.736496               4036 
-16.175285 180.155945 102.005684 52.521412 182.676834 101.343155 -0.063068 177.658157 106.563805 72.638115 156.774582 132.745972               4053 
-15.461035 179.557999 101.780518 53.097824 183.064865 102.001480 0.719022 177.117279 106.312134 73.065559 156.824631 133.218231               4070 
-15.184054 179.418945 101.805016 53.273548 183.210190 102.045906 1.022497 177.033829 106.185265 73.221863 156.761978 133.099121               4086 
-15.045577 180.975296 103.447365 53.418259 181.388458 101.581573 1.192404 177.771423 107.204079 72.868973 153.919342 132.058823               4102 
-14.822808 182.057571 104.518600 53.507542 180.232269 101.302750 1.400718 178.319412 107.855629 72.548447 152.081223 131.414352               4119 
-14.773966 182.113998 104.562935 53.488613 179.828125 101.272903 1.435161 178.304031 107.817703 72.282394 151.425903 131.303772               4135 
-14.747197 182.163254 104.527298 53.499897 179.683075 101.266838 1.541687 178.320938 107.816254 72.175407 151.171844 131.268188               4151 
-15.434993 181.124115 104.576202 52.814274 179.354156 101.075378 1.051357 177.783585 108.060036 71.891579 151.267410 131.223953               4167 
-16.639593 178.563766 105.216026 51.650078 179.100525 101.127747 0.200700 175.973938 108.842659 71.988800 151.938278 131.298828               4183 
-17.680731 176.880127 106.770737 50.512215 178.783646 101.013748 -0.512851 174.821732 110.184494 72.198563 152.705322 131.202637               4199 
-19.122742 179.552200 109.160011 48.938759 177.069382 100.266914 -1.594596 176.170822 112.131546 70.594048 149.838013 129.443069               4214 
-19.578987 181.909744 110.317879 48.302071 176.050842 99.765877 -1.766015 177.380096 113.223808 69.668343 148.056229 128.428223               4228 
-19.848131 181.317978 110.672707 48.234596 176.035568 99.887329 -1.494631 176.355469 113.652885 70.195313 148.323380 128.374283               4241 
-20.001198 179.018295 112.230156 48.017776 175.640488 100.233139 -0.762957 173.189529 114.388229 71.311440 148.770432 128.466995               4254 
-16.076509 169.212433 115.184128 51.957378 174.382050 103.433723 4.953357 164.392776 117.141335 78.523521 152.212952 132.836395               4266 
-15.462723 171.826797 117.028503 52.452637 177.318253 104.857101 5.612346 167.385666 119.008606 79.297913 155.488022 134.259781               4278 
-17.502228 168.476181 120.688789 49.678013 177.359985 106.681000 3.824772 164.723373 121.597000 78.284821 154.183487 133.256287               4289 
-18.170753 166.979050 121.817307 48.699524 176.971436 107.094185 3.410274 163.211380 122.159462 77.924492 153.166565 132.411667               4299 
-18.716805 166.806396 121.653496 48.203537 176.655884 107.053963 3.115559 162.685699 121.623375 77.280304 151.778549 131.495850               4309 
-20.973036 169.982101 118.283516 47.421612 175.804550 106.656250 1.328634 163.854919 119.437958 74.436478 148.831207 131.240417               4318 
-23.303703 169.836075 114.325035 46.106312 175.447769 106.430809 -0.139629 164.051620 116.945732 72.316315 147.597717 130.908478               4328 
-24.661346 168.394241 110.694557 45.064293 174.704025 105.780609 -1.210326 164.364441 114.519455 70.623596 146.498337 130.537567               4337 
-25.365496 165.533615 108.700211 44.204052 174.017487 104.710327 -1.682926 163.866684 113.215103 70.307388 146.864258 130.069031               4347 
-25.899654 164.940277 107.958298 43.657539 173.676666 104.241089 -2.102697 164.512924 112.778938 69.742744 146.950089 130.067383               4356 
-26.861189 164.568390 109.089821 42.672543 169.760544 100.899498 -2.775901 163.995636 112.703484 69.108154 144.942856 128.230545               4365 
-27.236658 164.789627 109.482048 42.155022 168.179565 99.238747 -3.067244 164.568146 112.543686 68.816200 143.449814 126.430031               4374 
-27.799696 165.622940 109.883667 41.566448 167.906998 98.736351 -3.517876 166.333191 112.984077 68.269165 142.839294 125.575150               4383 
-26.568401 167.322632 110.095856 43.078236 170.482315 100.813316 -2.644323 169.422485 114.068512 69.432480 146.052704 128.569290               4392 
-24.960119 169.045532 112.533379 44.702366 174.284317 102.809929 -1.127374 171.844467 116.436073 72.197678 150.722656 130.207047               4401 
-24.542147 168.603363 113.059776 45.213867 175.882446 104.052315 -0.981361 172.191742 117.362617 73.314018 152.315002 130.823624               4410 
-25.190788 170.904785 113.202240 45.196365 177.009964 104.658409 -1.318570 174.159454 118.196602 73.300522 152.953278 130.986679               4419 
-25.759352 172.342133 113.004753 45.143219 177.127777 104.839554 -1.613853 175.298340 118.532532 73.098946 152.718735 131.001007               4428 
-25.829231 173.243774 112.707458 45.389328 177.274429 104.954056 -1.500168 175.776917 118.544106 73.180992 152.526138 130.971191               4437 
-25.868715 172.469131 112.318878 45.392551 177.161530 104.672646 -1.508235 175.162125 118.152214 73.454536 152.696518 130.667526               4446 
-26.088818 171.913239 112.201225 45.215240 177.024887 104.544296 -1.457026 174.573349 117.871445 73.511436 152.738510 130.452652               4455 
-26.435511 171.565033 112.259087 44.874756 176.720093 104.407417 -1.591866 174.268143 117.711113 73.295174 152.596634 130.332001               4464 
-26.706985 171.318527 112.285225 44.618004 176.490250 104.304192 -1.608414 173.992615 117.540771 73.132050 152.489639 130.239990               4474 
-26.685102 171.347778 112.235893 44.642838 176.542923 104.264786 -1.499205 174.095947 117.437202 73.166489 152.569122 130.214828               4482 
-26.612225 171.879288 112.021187 44.775932 176.503098 104.188629 -1.372562 174.413300 117.253838 73.061272 152.209183 130.101791               4491 
-24.317663 173.368301 109.298737 47.332222 179.025696 105.544785 0.614027 175.676804 115.964737 74.507668 153.176605 131.139023               4501 
-23.172260 174.855209 107.827682 48.581913 180.203400 106.108147 1.604772 176.673859 115.164696 74.969521 153.090698 131.214737               4511 
-22.813681 174.866608 107.377037 48.915768 180.602234 106.229584 1.885926 176.636841 114.867828 75.268631 153.174286 131.028381               4520 
-22.710220 175.339554 107.522240 49.024357 180.609344 106.125259 1.949025 176.996185 114.907028 75.254730 152.981964 130.832367               4529 
-22.679926 175.383820 107.567078 49.033096 180.623032 106.109573 1.817222 177.223373 114.993675 75.246597 152.959824 130.794479               4538 
-22.850801 175.707962 107.521133 48.897461 180.397400 105.990410 1.434385 177.666031 115.074402 74.920631 152.608337 130.735275               4548 
-23.829872 176.340607 107.442535 47.952724 180.120712 105.211182 0.388297 178.347046 114.916557 73.855721 152.387146 130.143677               4558 
-24.964222 175.764099 108.028328 46.730042 180.193985 104.537308 -0.708506 178.081680 115.159454 73.316811 152.741623 129.057861               4568 
-25.507162 176.202866 108.637825 46.168324 179.679092 104.264389 -1.226217 178.348663 115.514900 72.674881 152.196823 128.838226               4578 
-25.980143 175.267883 108.855019 45.651020 178.941299 104.046501 -1.825225 177.950043 115.832390 72.393852 152.265625 129.245209               4588 
-26.081081 175.253723 108.715584 45.544987 179.057983 104.019073 -2.050141 178.384155 116.173698 72.295822 152.519806 129.354095               4598 
-26.201813 174.817810 108.389465 45.346291 179.141342 103.847786 -2.321829 178.379318 116.181541 72.168480 152.777359 129.289017               4609 
-26.617924 175.470001 108.318924 44.928471 179.395889 103.498863 -2.671721 178.895004 116.205421 71.697990 152.904739 128.863342               4620 
-26.559208 175.020584 107.738068 45.006336 179.057602 103.451462 -2.693295 178.788239 116.087898 71.620300 153.008148 129.429703               4631 
-26.779482 173.047501 106.661659 44.735321 178.277084 102.979149 -3.044525 177.503571 115.407799 71.540146 153.246323 129.750549               4642 
-26.916143 172.720932 106.741837 44.545574 178.449417 102.960327 -3.191083 177.637360 115.771332 71.543800 153.906845 129.988159               4653 
-26.917896 172.732178 106.704536 44.519485 178.586273 102.965813 -3.216929 177.990143 116.124954 71.527222 154.222427 130.145416               4665 
-28.542152 176.445419 107.819328 42.990486 180.425049 103.329651 -4.439764 180.334686 117.340286 69.641747 153.767990 128.644821               4677 
-28.753881 178.581085 108.580948 42.827049 180.934235 103.458328 -4.306073 181.553268 118.071083 69.104179 153.312271 128.121780               4688 
-28.916290 179.192902 109.044327 42.633690 181.111832 103.436470 -4.210180 181.661453 118.436279 68.899887 153.248795 127.838997               4700 
-28.956934 179.811310 109.340805 42.571400 181.232498 103.417297 -4.003328 181.603653 118.606178 68.740501 153.114212 127.630630               4712 
-29.132936 180.334152 109.739639 42.310276 181.681732 103.279228 -3.845046 181.174347 118.574158 68.571182 153.253021 127.026215               4723 
-29.007822 181.139954 110.227234 42.377216 181.975220 103.452477 -3.542611 181.002060 118.710373 68.481506 153.128189 126.865311               4735 
-28.818474 181.743118 110.471001 42.511364 181.899918 103.406044 -3.259447 180.526581 118.517990 68.401337 152.768524 126.704483               4747 
-28.514360 182.971405 110.680840 42.780575 182.187958 103.580788 -2.899726 180.140900 118.160309 68.228119 152.383377 126.512344               4759 
-27.521547 185.761246 110.611420 43.734318 182.637115 104.022751 -1.928846 180.838791 117.675072 67.951729 151.692169 126.775177               4770 
-27.131670 187.071014 110.734718 44.056110 183.396027 104.042244 -1.358190 180.030762 116.729301 67.985840 151.966446 126.431877               4807 
-26.926434 187.832932 110.814476 44.228920 183.731094 104.128586 -1.174542 180.311020 116.639023 67.937759 152.041321 126.386055               4820 
-26.563297 188.549683 110.879089 44.524719 183.649765 104.189407 -0.903720 180.429810 116.542259 67.849213 151.630600 126.381447               4833 
-26.153336 189.436249 110.803658 44.843548 183.434113 104.209381 -0.628142 180.450302 116.285477 67.619797 151.040329 126.427193               4846 
-25.958529 189.992615 111.150391 44.977417 183.585052 104.435204 -0.514079 180.667908 116.510612 67.590218 151.053802 126.619095               4859 
-25.835779 190.359253 111.369148 45.056305 183.686401 104.586197 -0.456334 180.732864 116.617546 67.558006 151.082870 126.776939               4872 
-25.852564 190.334961 111.722916 45.016365 183.694855 104.792702 -0.530963 180.722275 116.955528 67.620842 151.351807 127.258461               4885 
-25.864038 190.313934 112.012978 44.984211 183.701675 104.958961 -0.575451 180.679367 117.204903 67.673012 151.570694 127.642982               4898 
-25.884190 190.286240 112.222191 44.942196 183.707092 105.022911 -0.651521 180.101990 117.043884 67.706711 151.701324 127.807838               4911 
-25.898268 190.262543 112.389534 44.909122 183.711365 105.073250 -0.787757 179.792603 117.020638 67.733612 151.804489 127.936768               4925 
-25.586376 188.077621 112.738182 44.611691 178.852402 102.941399 -0.655056 177.163528 117.182182 67.745140 148.779526 127.885574               4938 
-24.915567 183.260101 114.021965 45.319027 176.748367 102.463295 0.597285 173.359192 118.112091 70.563591 149.046326 128.096375               4952 
-24.353470 183.409866 113.876854 45.725945 175.725800 102.190231 0.983316 173.015274 118.000328 70.679466 148.180344 128.273071               4966 
-24.245377 180.980209 114.961540 45.844971 175.128922 102.249649 1.488273 170.790375 118.641716 71.956856 148.458267 128.106781               4980 
-24.241680 180.705185 115.128113 45.893509 175.072464 102.289047 1.703951 169.977478 118.673325 72.233658 148.583618 128.101517               4993 
-23.570900 178.011368 118.106926 46.195740 174.961929 103.054321 3.732739 165.161148 119.255272 74.081993 148.828598 127.572701               5006 
-22.367302 179.451508 120.495773 47.019932 175.747437 104.301743 5.453713 164.399963 120.378639 75.073540 149.741150 128.764236               5019 
-21.950583 180.091461 121.256287 47.285042 175.122314 104.754189 6.179168 163.389771 120.948975 75.243568 149.678528 129.907333               5032 
-22.065966 178.612442 121.165009 47.582813 176.216019 105.634346 7.094088 161.973541 120.866104 76.149117 151.610443 130.938049               5045 
-22.031660 180.962753 119.492409 47.508854 172.730255 104.929344 6.537235 162.183273 121.545792 74.810204 150.006592 133.213913               5056 
-21.815884 180.797073 117.520432 48.266499 173.017776 105.281250 6.957344 162.256577 120.890144 74.985909 151.180695 134.793289               5069 
-21.510643 182.447449 117.174568 48.007645 171.080490 104.359970 6.229935 162.694855 120.583214 73.984787 148.334702 133.848312               5081 
-20.864170 181.613632 115.352188 49.420410 172.342361 105.076180 6.515282 163.893448 120.060196 75.014427 150.201462 135.349472               5093 
-20.946077 180.831924 113.935143 50.223694 177.445313 106.549301 5.896348 167.850189 119.902481 76.060425 155.141235 136.494873               5105 
