24.572918 175.124527 106.110710 64.034920 215.805908 109.817329 10.050033 200.364151 96.794647 91.855286 197.634277 141.316132                  0 
24.747765 175.170609 105.880241 64.265427 215.792175 109.857468 10.208751 200.501633 96.832520 92.122322 197.333771 141.156616                  9 
24.750286 175.412537 105.833214 64.302101 215.988251 109.933945 10.189156 200.813522 96.804878 92.036705 197.447449 141.292938                 18 
24.784416 175.740280 105.767578 64.512634 216.145172 109.870613 10.306029 201.236008 96.737152 92.143402 197.456009 141.233185                 27 
24.930326 175.835190 105.644295 64.801102 216.105179 109.766747 10.457061 201.403549 96.760071 92.435059 197.221710 141.009903                 36 
25.029224 175.960922 105.751839 64.929489 216.221542 109.747993 10.548800 201.528809 96.794395 92.535683 197.406387 141.056839                 45 
25.061682 176.172455 106.092911 65.010109 216.414810 109.869560 10.633380 201.709274 96.874054 92.484398 197.807068 141.417480                 54 
25.087437 176.231262 106.426399 65.213486 216.320175 110.075554 10.771681 201.807693 97.131325 92.613274 197.687027 141.673233                 63 
25.144060 176.340027 106.883156 65.433144 216.311630 110.167526 10.932075 201.891693 97.375275 92.784927 197.836380 141.899231                 72 
25.279633 176.301666 107.420303 65.694321 216.214569 110.212097 11.133349 201.796432 97.737236 93.138588 197.934601 141.977036                 81 
25.305828 176.260300 107.723160 65.749756 216.170105 110.214607 11.185561 201.721680 97.840553 93.189034 198.077728 142.091049                 90 
25.280931 176.268112 108.035316 65.777145 216.149338 110.257797 11.310386 201.672195 97.887299 93.230896 198.196930 142.200851                 99 
25.203714 176.138031 108.935608 65.810417 215.949005 110.452339 11.500816 201.415756 98.268639 93.375725 198.333191 142.486588                108 
25.683260 175.126480 110.514427 65.959373 215.381699 110.657303 11.910955 200.062134 99.203735 94.071014 198.806274 142.771896                117 
25.892647 174.342026 111.912750 65.966461 214.917145 110.963493 12.218506 198.968185 99.788559 94.209076 199.503708 143.538574                126 
25.333265 174.472748 112.536026 65.723312 214.832733 111.114357 12.071682 199.154984 99.860970 93.747566 199.856461 144.079605                135 
25.112783 174.574890 112.777451 65.728577 214.796524 111.145828 12.204728 199.418274 99.789970 93.665642 199.985565 144.259445                144 
24.999184 174.251526 112.943024 65.590721 214.635284 111.275879 12.266345 199.185150 99.743958 93.454567 200.216644 144.623520                154 
24.880711 174.171829 113.045471 65.651222 214.513443 111.332329 12.339301 199.430023 99.819717 93.465561 200.260956 144.792526                163 
24.767727 174.128448 113.198952 65.671089 214.449173 111.424843 12.411294 199.636490 99.891914 93.441772 200.372086 144.995377                171 
24.504541 173.938705 113.191162 65.493614 214.246384 111.574463 12.270798 199.745300 99.865395 93.120338 200.234741 145.290833                180 
24.062683 173.972672 112.987335 65.209419 214.289780 111.325653 11.950938 199.876617 99.590958 92.637779 200.739975 145.390945                189 
23.861113 173.820007 112.623428 64.941338 214.350021 111.268112 11.699217 199.921127 99.524071 92.432068 200.813522 145.288391                198 
22.881882 174.859970 111.799660 64.463425 215.082642 110.709381 11.055613 200.985901 98.844887 91.647331 201.574280 144.986420                207 
22.261835 175.440903 111.298981 64.096199 215.476974 110.699173 10.624205 201.473572 98.587326 91.089401 201.661819 145.004639                217 
22.177212 175.714081 110.724068 64.123222 215.666931 110.606018 10.517537 201.688416 98.396019 91.040649 201.475540 144.817307                227 
21.997013 176.082977 110.151016 64.014824 215.992569 110.525192 10.356405 201.972183 98.094009 90.799706 201.524139 144.724472                236 
21.844458 176.381989 109.714684 63.934483 216.241318 110.467247 10.189835 202.192856 97.908394 90.612686 201.561783 144.659943                244 
21.693447 177.006927 108.856972 63.948387 216.737808 110.317703 9.888713 202.530090 97.673393 90.428406 201.627975 144.476990                253 
21.749584 177.767014 108.014725 64.306534 217.150513 110.089111 9.978181 203.118454 97.311569 90.595726 201.390427 144.101669                262 
21.851448 177.995483 107.405182 64.570213 217.153381 110.073349 10.033121 203.283936 97.161987 90.745171 200.744705 143.866577                271 
22.223366 178.276245 106.643898 65.174217 217.117294 110.017975 10.367006 203.579147 97.067650 91.316879 199.828552 143.394852                280 
22.503193 178.438293 106.247269 65.491241 217.142654 110.039063 10.525876 203.656372 97.007324 91.589005 199.319931 143.169312                289 
22.549091 178.497116 106.167336 65.558853 217.152100 110.067513 10.550000 203.435501 97.029320 91.702736 199.083542 143.027802                298 
22.748198 178.572540 106.140076 65.669998 217.248734 110.033546 10.612425 203.374680 96.972267 91.804596 199.059097 142.934540                307 
22.905901 178.945145 105.905785 65.778130 217.549530 109.849831 10.447096 203.073532 96.721779 91.631302 199.311951 142.946060                316 
22.951576 179.084305 105.848465 65.917351 217.536850 109.882996 10.425799 202.881622 96.707611 91.632935 199.091293 142.971146                325 
23.124338 179.161667 105.858147 66.139969 217.474335 110.037834 10.553108 202.930115 96.715195 91.701431 198.757019 143.092773                334 
23.348446 179.177414 106.019524 66.348991 217.433670 110.203621 10.729912 202.897934 96.791702 91.834488 198.567993 143.232880                343 
23.486826 179.154282 106.156509 66.550423 217.333191 110.285393 10.857908 202.845093 96.978836 92.082474 198.324478 143.196472                353 
23.619955 179.198212 106.408699 66.703804 217.364075 110.355469 10.981153 202.855728 97.138779 92.244858 198.423080 143.298599                361 
23.748169 179.227066 106.639473 66.835670 217.390610 110.415718 11.089732 202.849686 97.272430 92.384705 198.507919 143.386108                370 
23.861198 179.158035 106.981987 66.944695 217.349045 110.532097 11.212749 202.650558 97.507675 92.568718 198.581589 143.510086                379 
23.897160 179.139130 107.165314 66.984703 217.342743 110.536354 11.282221 202.517639 97.551956 92.623085 198.707901 143.578323                388 
24.007786 179.021484 107.608528 67.128540 217.220764 110.599770 11.444264 202.260590 97.780785 92.826019 198.814545 143.723862                397 
24.021641 178.785583 108.350189 67.136650 217.032272 110.838013 11.612794 201.788559 98.049873 92.835571 199.071472 144.204620                407 
24.123688 178.444092 109.138893 67.230492 216.780304 111.098106 11.822308 201.256210 98.464577 92.989326 199.312134 144.679367                415 
24.157047 177.999237 110.078583 67.280907 216.394272 111.359039 12.046601 200.635941 98.869110 93.072495 199.551575 145.233414                424 
24.090830 177.829193 110.555847 67.309883 216.232269 111.409027 12.192084 200.419022 98.979034 93.059471 199.887054 145.557938                434 
23.977303 177.700104 110.868011 67.289024 216.112732 111.465736 12.231656 200.329529 99.102226 93.018822 200.114197 145.793274                442 
23.825705 177.687912 111.018112 67.255798 216.068726 111.483711 12.302514 200.351242 99.065262 92.935982 200.294571 145.951965                452 
23.794575 177.484680 111.484398 67.188248 215.908401 111.640526 12.379250 200.132507 99.211075 92.869553 200.455627 146.253220                461 
23.573191 177.542847 111.470642 67.153885 215.903793 111.653374 12.433802 200.238724 99.154144 92.785759 200.618317 146.376801                470 
23.328703 178.044449 111.658066 67.413162 215.962402 111.930801 12.674566 200.774719 99.093506 92.568008 200.887283 147.092285                479 
23.254917 177.760574 112.058983 67.696869 215.581680 112.438835 12.975716 200.573288 99.663048 92.844490 200.704758 147.689789                488 
22.512480 177.651855 111.631615 67.089760 215.619904 112.136971 12.468433 200.350189 99.262489 92.092255 201.324554 147.730148                497 
22.264389 177.045975 111.383568 66.815025 215.163727 111.964691 12.204052 199.801590 99.134636 91.847275 201.055710 147.611649                506 
22.315918 175.061417 110.164055 66.741501 213.517303 112.146423 12.034458 198.380630 99.520477 92.494759 198.039932 146.694595                515 
21.938303 175.512512 109.660835 66.471634 213.932236 111.682388 11.702977 198.896057 99.191177 92.296028 198.430740 146.166580                524 
22.074411 175.283447 108.951813 66.463860 213.860489 111.204987 11.643135 198.839340 98.929901 92.616631 197.962875 145.258682                533 
22.029135 175.271423 108.509636 66.206749 214.087662 110.973053 11.378339 198.990341 98.835884 92.610970 197.996140 144.740433                542 
21.621737 175.792023 107.725761 65.513611 214.918472 110.597893 10.750368 199.648697 98.299461 91.958000 198.782013 144.312347                551 
21.337925 175.972717 107.205315 65.076401 215.255219 110.489502 10.369758 199.900726 98.069916 91.619682 198.876358 144.008804                560 
21.247187 175.965210 106.669746 64.788956 215.432144 110.416946 10.165905 199.965179 97.771194 91.356079 198.873825 143.828995                569 
21.177204 176.122665 106.250244 64.739738 215.532913 110.315079 10.052884 200.217270 97.586685 91.277321 198.714218 143.620377                578 
21.312006 176.357880 105.877960 64.862473 215.699814 110.217751 10.067959 200.593262 97.466896 91.395309 198.562912 143.364258                587 
21.547409 176.359879 105.752335 64.915894 215.702591 110.187424 10.016430 200.784180 97.392044 91.400848 198.318787 143.243530                596 
21.973909 176.871323 105.531937 65.151581 216.066071 110.070763 10.150359 201.500656 97.009666 91.406647 198.282181 143.097427                605 
22.228735 177.525757 105.349594 65.446770 216.431961 110.034424 10.292986 202.288452 96.777451 91.462982 198.199600 143.005524                614 
22.647018 177.882187 105.227844 65.850067 216.646194 110.116302 10.576883 202.671326 96.764160 91.786278 197.998871 142.917923                623 
22.817518 178.192749 105.228973 66.136833 216.761017 110.273834 10.781391 202.919586 96.858154 92.014450 197.767517 142.922760                632 
22.926882 178.487411 105.276024 66.362236 216.896439 110.412392 10.955660 203.032394 96.923409 92.175140 197.678925 142.981339                641 
23.155117 178.807175 105.296181 66.774368 216.999878 110.451721 11.241785 203.210693 96.989944 92.503845 197.593735 142.974808                651 
23.331575 179.020462 105.333168 67.047089 217.083344 110.515076 11.427606 203.328140 97.033585 92.687843 197.564026 143.040512                660 
23.441916 179.136307 105.434181 67.196587 217.141342 110.649643 11.525251 203.304260 97.118301 92.756996 197.586945 143.217209                670 
23.466192 179.264877 105.634819 67.102669 217.374924 110.781792 11.513938 203.252213 96.985901 92.449364 198.107376 143.685623                677 
23.561987 179.333817 105.948013 67.161697 217.427765 110.990295 11.595631 203.152893 97.002472 92.307426 198.296738 144.127151                687 
23.613674 179.479233 106.418549 67.228561 217.519684 111.166946 11.635653 203.132904 97.144463 92.215843 198.588699 144.537720                696 
23.589705 179.501953 106.724037 67.299446 217.422592 111.319183 11.739048 202.925461 97.197563 92.163315 198.560822 144.821091                704 
24.122307 178.343735 107.429443 67.622124 216.582214 111.309639 12.066789 201.477386 97.789444 92.935539 198.134888 144.705490                714 
24.165033 178.204224 107.661919 67.581963 216.560516 111.290482 12.131003 201.159607 97.809685 92.956299 198.364136 144.777649                723 
24.150503 178.087326 108.091118 67.469276 216.580536 111.358841 12.142131 200.858078 97.882217 92.815903 198.831207 145.105927                732 
24.335712 177.546295 108.878052 67.452751 216.304688 111.536797 12.338366 200.213348 98.152374 92.835114 199.276962 145.627090                741 
24.296696 177.507217 109.198189 67.415245 216.276627 111.545967 12.430268 200.323578 98.144623 92.756226 199.562286 145.821640                750 
24.193850 177.551407 109.458916 67.360634 216.277679 111.504578 12.466389 200.531387 98.079025 92.608444 199.874054 145.998413                759 
23.721090 177.904526 109.897171 67.041740 216.478394 111.359787 12.274948 200.800674 97.755409 91.889847 200.856201 146.500565                768 
23.031055 178.130920 110.135178 66.834251 216.384094 111.544258 12.123904 200.810806 97.843010 91.390549 201.319031 147.130600                777 
21.972727 178.402115 109.887802 66.402527 216.282135 111.694824 11.842420 200.761063 97.625404 90.523033 201.760101 147.801163                786 
22.335196 177.763855 110.226501 66.676765 215.879135 112.071877 12.203349 200.165833 98.130623 90.941933 201.669785 148.205673                795 
22.340229 177.551025 110.381737 66.617165 215.763641 112.257996 12.162863 200.096405 98.342590 90.898491 201.707581 148.440872                804 
22.352276 177.252975 110.302383 66.521576 215.627930 112.259087 12.088552 199.916000 98.397224 90.885803 201.659561 148.420181                813 
22.176113 177.349319 110.124901 66.414238 215.674210 112.060127 11.911180 200.051834 98.382835 90.929550 201.568039 148.065292                822 
21.248796 174.048111 108.366196 63.510338 214.612869 108.738029 9.400803 196.238647 97.080727 90.022919 201.882446 143.828979                832 
20.755739 174.061279 107.427940 62.751549 214.914063 108.416801 8.607841 196.464417 97.064964 89.929901 201.338043 142.671509                840 
20.743982 174.221207 107.114304 62.874401 214.946228 108.351990 8.651935 196.710419 97.092262 90.217720 200.970779 142.313522                849 
20.969828 174.565323 106.738716 63.127094 215.249649 108.299141 8.840436 197.175095 97.095177 90.653427 200.821671 141.921906                858 
21.111013 175.447311 106.526093 63.406563 215.898880 108.277557 9.004257 198.186569 97.065125 90.954109 201.050293 141.699234                867 
21.476284 176.164505 106.204216 63.781517 216.382965 108.429924 9.289937 199.125839 96.807487 91.071640 201.059998 141.848663                876 
21.929895 176.827560 105.970215 64.275635 216.690826 108.704704 9.667727 200.082825 96.658775 91.340004 200.594681 141.943069                886 
22.337481 177.314896 105.980209 64.616272 216.951782 108.890892 9.913099 200.804596 96.575233 91.495346 200.360687 142.036133                895 
22.578520 178.091202 106.077713 64.903343 217.408478 109.023956 10.093264 201.651505 96.345657 91.389030 200.525482 142.338043                903 
22.774006 178.997925 106.055443 65.392670 217.795929 108.977898 10.319144 202.519745 96.124634 91.460243 200.574722 142.448303                912 
22.816607 179.532654 105.974518 65.755363 217.914032 109.049011 10.493486 202.849442 96.056839 91.543564 200.357620 142.561646                922 
22.850809 179.978134 105.951492 66.031464 218.055618 109.123718 10.663615 203.041214 95.976250 91.575577 200.313171 142.725189                931 
23.204672 180.272430 105.970673 66.643196 218.023117 109.320824 11.117907 203.176682 96.083672 92.004341 199.946426 142.882721                940 
23.711491 180.253677 105.963348 67.387184 217.681595 109.653664 11.693264 203.144989 96.353104 92.660324 199.048569 142.976852                949 
24.039375 180.152542 105.958626 67.745041 217.512772 109.786957 12.006408 202.938629 96.400009 92.952065 198.722656 143.071991                958 
24.127310 180.145432 106.006271 67.884483 217.438599 109.887169 12.110362 202.835205 96.459808 93.036743 198.588135 143.179504                967 
24.302515 179.961914 106.162186 68.049065 217.294388 109.918060 12.226464 202.545044 96.685982 93.339005 198.444199 143.106079                976 
24.249863 180.019806 106.351326 67.971504 217.392151 109.993454 12.270153 202.347870 96.602577 93.164421 198.770264 143.383545                985 
24.613689 179.607208 108.024078 68.318619 217.102798 110.359329 12.697702 201.405167 97.651268 93.833214 199.324799 143.964432               1012 
24.627230 179.410797 108.611580 68.538597 216.696564 110.355934 12.867689 201.113892 97.928818 94.054176 199.200424 144.107925               1021 
24.528250 178.835632 109.004440 68.613533 215.939865 110.105438 12.878440 200.529434 98.144836 94.328514 198.586517 143.779724               1030 
24.186272 179.179459 109.314468 68.511147 216.013062 109.418549 12.730810 200.699020 97.892426 94.219688 199.280594 143.410477               1039 
24.211864 179.144531 109.616234 68.550865 215.958069 109.163597 12.786206 200.647827 97.922882 94.357407 199.601410 143.263992               1048 
23.960098 178.935822 109.448547 68.321541 215.747452 109.138847 12.698022 200.520889 97.660973 94.046669 199.453751 143.330780               1057 
23.757954 178.776260 109.324249 68.144867 215.564682 109.143097 12.618824 200.651291 97.450241 93.765732 199.300323 143.427170               1066 
23.637131 178.744629 109.374191 68.056671 215.492294 109.218529 12.537230 200.925858 97.488258 93.641586 199.230789 143.530792               1075 
23.217983 179.305237 109.125122 67.952774 215.693069 109.078964 12.403287 201.705551 97.122429 93.237816 199.437790 143.615723               1085 
22.985947 179.313904 108.780373 67.708984 215.691879 109.101723 12.185660 201.883545 96.823524 92.797600 199.311005 143.722290               1093 
22.989397 179.270004 108.277420 67.437843 215.871231 108.983719 11.954515 201.984131 96.527451 92.568611 199.236221 143.452209               1103 
22.382248 179.605530 107.399315 66.575279 216.479980 109.046631 11.309681 202.368210 95.825661 91.438919 199.594086 143.586777               1111 
22.388149 179.658630 106.920944 66.454330 216.647232 109.153099 11.187443 202.535782 95.754929 91.382767 199.287003 143.410233               1121 
22.445330 179.627884 106.687508 66.395409 216.686172 109.281029 11.111710 202.569824 95.771950 91.362450 199.004715 143.345215               1130 
22.516401 179.608749 106.581947 66.405632 216.687714 109.268501 10.998237 202.517990 95.831268 91.391182 198.874115 143.250168               1138 
22.657518 179.552368 106.577278 66.404976 216.694366 109.269241 10.890281 202.437134 95.889442 91.403923 198.779678 143.187851               1147 
22.943941 179.538239 106.122971 66.431419 216.820999 109.215134 10.862328 202.351364 95.652596 91.434540 198.495773 142.910614               1157 
23.238516 179.604935 105.691277 66.527496 216.964615 109.234222 10.845677 202.425873 95.519234 91.529678 198.123627 142.644760               1166 
23.709743 179.600037 105.177383 66.764236 217.075409 109.343376 10.991576 202.492813 95.383171 91.746201 197.678024 142.449234               1175 
24.425167 180.271790 104.802765 67.390114 217.834915 109.200470 11.480857 203.052170 95.444267 92.617088 198.082840 141.908432               1184 
24.752090 180.555908 104.531494 67.755959 218.067383 109.176041 11.699960 203.222382 95.508026 93.067093 197.973038 141.609344               1193 
24.956474 180.554504 104.369110 68.004196 218.015015 109.314674 11.848885 203.141525 95.654327 93.381172 197.557846 141.468506               1202 
25.318853 180.675156 104.502869 68.388718 218.152100 109.423569 12.117025 203.152344 96.031853 93.974297 197.499756 141.285995               1211 
25.563509 180.700470 104.594383 68.627884 218.235214 109.531433 12.289216 203.057755 96.289566 94.350113 197.471375 141.210861               1220 
25.665817 180.688599 104.639717 68.766754 218.231720 109.610626 12.387131 202.916748 96.406700 94.527176 197.384735 141.204300               1229 
25.693392 180.513016 104.585869 68.865875 218.008514 109.789474 12.480527 202.716171 96.406357 94.520454 197.028015 141.380875               1238 
25.737940 180.478424 104.749115 69.051666 217.946274 109.959999 12.630952 202.613617 96.640320 94.729752 196.923828 141.504379               1247 
25.871256 180.358688 104.975914 69.210480 217.900009 110.083481 12.777928 202.392136 96.859329 94.939270 196.976227 141.652130               1256 
25.875420 180.286072 105.198326 69.243584 217.865082 110.171883 12.838788 202.165405 96.978256 94.989693 197.051331 141.799103               1265 
25.724581 180.244247 105.589981 69.166672 217.872025 110.386940 12.812078 201.993759 97.219612 94.904465 197.258804 142.151962               1274 
25.635305 180.194901 105.879402 69.189949 217.822693 110.454460 12.875814 201.833786 97.370491 94.948776 197.379120 142.311935               1283 
25.552219 180.117325 106.453918 69.219872 217.710724 110.614822 12.934344 201.666672 97.684471 94.981491 197.538589 142.642624               1292 
25.623363 180.090317 107.204216 69.399773 217.675369 110.627457 13.210103 201.479523 97.980209 95.241310 197.973877 142.883026               1302 
25.559893 179.996933 107.727234 69.386276 217.600327 110.675789 13.329936 201.338348 98.097969 95.213432 198.306793 143.188461               1310 
25.316004 179.739868 108.266518 69.161156 217.395020 110.692383 13.385299 200.935822 98.087669 95.013199 198.550659 143.447800               1319 
24.982019 179.284363 108.760422 68.882065 216.932373 110.750320 13.199492 200.434036 98.147377 94.593124 198.594421 143.901733               1328 
24.391432 179.089249 108.963615 68.464005 216.627396 110.411140 12.809454 200.153519 97.942726 94.052750 198.809845 143.938843               1337 
23.919436 179.279144 109.119614 68.195000 216.629868 110.190857 12.512478 200.562286 97.798073 93.607193 199.168076 144.038483               1346 
23.513374 179.294769 109.265694 67.834023 216.621292 110.193649 12.307327 200.549805 97.558090 93.021889 199.542923 144.402664               1355 
23.175436 179.272995 109.409317 67.470947 216.666779 110.361099 12.031460 200.522659 97.521461 92.471298 199.893341 144.857330               1364 
23.063097 179.244446 109.486732 67.394905 216.692078 110.378143 11.874495 200.668350 97.707161 92.405388 200.139130 144.973389               1374 
23.054720 179.112091 109.506950 67.304893 216.710068 110.345764 11.707876 200.797363 97.836952 92.337852 200.396973 145.038544               1383 
22.854828 179.057037 109.403717 67.221504 216.589523 110.387848 11.568648 200.981049 97.935944 92.286659 200.152191 144.998657               1392 
22.640991 178.765045 109.064323 67.201355 216.276443 110.437218 11.511649 200.857010 98.072487 92.413712 199.584061 144.818283               1401 
22.527325 178.216568 108.531143 67.241707 215.780396 110.448380 11.465344 200.593369 98.258507 92.701347 198.694504 144.451828               1410 
22.541126 177.679260 108.173187 67.247879 215.388062 110.504829 11.434607 200.379150 98.502144 93.006485 197.947525 144.100647               1419 
22.305758 177.819595 107.875366 66.814049 215.748276 110.345856 11.040466 200.723419 98.330040 92.659416 198.301498 143.871704               1428 
22.003206 177.994431 107.329330 66.373604 216.072220 109.923637 10.550954 201.141113 98.044609 92.377052 198.481781 143.251602               1437 
22.193302 174.800583 106.359650 63.891800 215.810715 108.571495 9.011701 198.315384 97.616501 91.594620 199.788635 141.315994               1446 
21.703707 174.569550 105.337494 62.841938 216.126770 107.836670 8.061123 199.054993 97.390427 91.207329 199.851639 139.881638               1455 
21.500404 174.507126 105.008804 62.403259 216.296112 107.682358 7.775788 199.764999 97.399315 91.070587 199.885895 139.387955               1464 
21.298260 174.794128 104.857849 62.151314 216.625534 107.632652 7.591664 200.412430 97.235161 90.767654 200.236725 139.395340               1473 
21.590368 174.946762 104.649574 62.596073 216.579132 107.807587 7.955378 200.745102 97.290176 91.168884 199.724518 139.365021               1482 
21.766228 175.534363 104.566925 62.986046 216.891907 107.854141 8.248589 201.436218 97.174911 91.375031 199.743698 139.419312               1491 
21.886070 175.980713 104.692291 63.179604 217.077881 108.402573 8.571177 201.833069 96.992058 91.219505 199.483414 140.034119               1500 
21.922699 176.920258 105.220116 63.466648 217.628815 108.855179 8.945372 202.585114 96.764549 90.945389 199.975296 140.942993               1509 
22.128574 177.483154 105.579597 63.894588 217.873718 109.060516 9.345046 203.023499 96.637779 90.999435 200.164627 141.434448               1518 
22.283880 177.718689 105.790169 64.190475 217.891327 109.398735 9.652026 203.144073 96.539970 90.923668 200.096069 142.033386               1527 
22.592972 177.925827 105.845062 64.952286 217.607803 109.750069 10.302657 203.377609 96.633377 91.394630 199.367813 142.376144               1536 
22.694902 178.385330 106.073341 65.489822 217.610153 109.918602 10.721841 203.727524 96.798477 91.795860 199.067886 142.484421               1545 
22.882286 178.608292 106.605614 65.965332 217.577393 110.041359 11.104482 203.719131 97.162521 92.313080 199.038391 142.575287               1554 
23.431576 178.264740 107.181236 66.604263 217.242645 110.078568 11.676123 203.122803 97.850006 93.450211 198.662857 142.179077               1563 
23.548069 177.937485 107.496223 66.766701 216.994781 110.142403 11.927374 202.560318 98.060867 93.769753 198.652130 142.247513               1572 
23.716518 177.046799 107.422211 66.645325 216.433167 110.128555 11.949761 201.585999 98.112854 93.952332 198.087738 141.973938               1581 
23.688379 176.622055 107.612854 66.407639 216.245026 110.242302 11.860870 201.071259 98.255295 93.916626 198.001129 141.971970               1590 
23.856613 173.872437 107.112244 65.214012 214.788727 109.560211 11.307373 198.554993 97.716331 93.570679 197.115921 140.863983               1599 
24.132469 172.365189 107.598770 64.370567 214.294418 109.554413 11.179248 197.410309 97.881271 93.511909 197.254852 140.486450               1608 
24.123283 171.443512 107.680199 63.542641 214.103546 109.596977 11.044559 196.953354 97.625313 93.044662 197.535492 140.443146               1618 
24.229992 171.309708 107.836243 63.556847 214.060394 109.642334 11.280403 197.234573 97.660660 93.254318 197.498688 140.303802               1627 
24.083153 171.512360 108.609917 63.325489 214.353851 110.095108 11.270198 197.600235 98.039635 93.050041 198.085068 140.886887               1636 
23.939196 171.721130 109.234016 63.177349 214.580322 110.442810 11.255947 197.934952 98.360001 92.904533 198.517471 141.339981               1645 
23.870127 171.809494 109.564217 63.169823 214.615524 110.643524 11.288275 198.142487 98.555466 92.891670 198.587128 141.563721               1654 
23.782324 171.913223 109.836143 63.148727 214.659637 110.780045 11.281770 198.310547 98.714500 92.866249 198.664673 141.721695               1663 
22.889748 173.580261 110.438118 62.721088 215.885406 110.531540 10.891509 199.707565 98.145775 91.733032 200.656845 142.512070               1672 
22.222113 175.232117 110.852615 62.711067 216.886078 109.974960 10.729935 201.007660 97.555763 91.107887 202.307419 142.799316               1681 
22.249311 175.462784 110.912292 63.021378 216.795486 109.931816 10.922704 201.311111 97.559204 91.352562 201.989792 142.711243               1690 
23.063725 175.722092 111.226257 64.002121 216.968460 109.835312 11.885739 201.488861 98.090080 92.879135 202.023636 142.070786               1699 
23.406593 175.458801 111.339928 64.274033 216.774033 110.172295 12.515794 201.269882 98.212807 93.419472 201.520447 142.019226               1708 
23.958784 175.032410 111.434601 64.515747 216.671585 110.337677 13.159905 200.844376 98.331512 94.083313 201.373749 141.771591               1717 
24.075270 174.757675 111.491974 64.468330 216.551636 110.544250 13.255815 200.709854 98.519157 94.225212 201.139481 141.742798               1726 
24.198259 174.108459 111.159943 64.289383 216.194992 110.698631 13.210412 200.282806 98.518639 94.196762 200.602829 141.662949               1735 
24.191660 174.130280 111.172760 64.287338 216.209793 110.688881 13.024699 200.507202 98.720390 94.172218 200.663406 141.697891               1744 
24.187855 174.138245 111.169334 64.286179 216.209122 110.688210 12.836800 200.630173 98.903496 94.158272 200.663116 141.709747               1753 
24.058992 174.272827 111.118637 64.244461 216.259995 110.724861 12.680187 200.790054 98.944191 94.035713 200.635056 141.784454               1762 
24.065178 174.324173 111.025993 64.255302 216.281281 110.752548 12.529528 200.869949 99.014404 93.976967 200.575668 141.838104               1771 
24.174694 174.366806 110.953903 64.270699 216.317993 110.793282 12.425497 200.913574 98.978317 93.863480 200.540588 141.965332               1780 
23.982325 174.876678 110.680115 64.289986 216.601120 110.922287 12.393037 201.181381 98.698349 93.559677 200.549042 142.258728               1789 
23.729000 175.895264 110.161072 64.527756 217.127121 110.891151 12.376969 201.621323 98.221733 93.228104 200.686844 142.551270               1798 
23.698294 177.136856 109.618256 65.003098 217.863953 110.645798 12.541231 202.402206 97.734383 93.215088 201.116394 142.582596               1807 
23.680363 178.071854 109.180672 65.389221 218.418808 110.425690 12.640721 202.970276 97.382942 93.220505 201.469482 142.589264               1817 
23.559244 178.411591 108.702431 65.553673 218.452805 110.433495 12.567904 203.146515 97.153229 93.056961 201.114532 142.671814               1825 
24.003006 178.774353 108.070290 66.229370 218.591705 110.256355 12.932568 203.461853 97.144653 93.810890 200.601151 142.067596               1835 
24.254370 178.954758 107.493950 66.720345 218.556946 110.100281 13.166237 203.575226 97.013519 94.221703 200.129776 141.730499               1843 
24.712919 178.749207 106.893982 67.386856 218.218506 109.992393 13.593822 203.325821 97.035637 94.967728 199.297958 141.260010               1853 
24.982124 178.320084 106.447266 67.454544 218.022919 110.010811 13.662168 202.797012 96.836487 94.975166 199.118820 141.341400               1861 
25.249504 177.723206 105.865913 67.680542 217.473343 110.004333 13.832116 202.219177 96.695694 95.224777 198.253937 141.121613               1871 
25.307735 177.301102 105.276794 67.763168 217.123093 109.766823 13.897612 201.746658 96.381218 95.306023 197.863342 140.860382               1880 
25.186090 177.273865 105.164406 67.756020 217.121262 109.763466 13.901131 201.652908 96.398598 95.325668 197.924759 140.872375               1889 
25.122547 177.199051 105.178993 67.665993 217.203110 109.775536 13.712064 201.588516 96.595535 95.279861 198.220810 140.976532               1898 
25.124689 177.082840 105.173904 67.660500 217.155594 109.769035 13.617528 201.579544 96.716560 95.293709 198.247192 140.997772               1907 
25.146753 176.936050 105.204239 67.640030 217.104263 109.771049 13.538629 201.473129 96.844810 95.320702 198.299286 141.020187               1916 
25.340679 176.368317 105.046265 67.667130 216.719330 109.775200 13.653211 200.871353 96.755478 95.409248 197.960907 140.997818               1925 
25.406996 176.153809 104.951927 67.611618 216.649307 109.764359 13.688774 200.605423 96.624565 95.348564 198.005264 141.059998               1934 
25.099047 175.970535 104.581604 67.326912 216.596695 109.715347 13.545289 200.328705 96.264717 94.916946 198.144333 141.253510               1943 
24.609100 175.875290 104.109612 67.060677 216.557632 109.671387 13.394133 200.123703 95.948196 94.500130 198.277710 141.440491               1953 
24.492401 175.933701 104.120239 66.889313 216.685425 109.616882 13.282635 200.141495 95.771332 94.202896 198.622131 141.617523               1961 
24.291273 175.938431 104.031105 66.708916 216.654816 109.563156 13.113360 200.188248 95.567093 93.872719 198.617798 141.705795               1970 
24.113869 176.123184 104.073708 66.661392 216.746078 109.522476 12.939026 200.678787 95.663200 93.750298 198.752167 141.752380               1979 
23.919733 176.313049 104.033157 66.585197 216.818909 109.469223 12.704104 201.132599 95.713593 93.568855 198.808655 141.778183               1988 
23.751987 176.450089 104.180740 66.385231 217.001480 108.890770 12.233971 201.557785 95.747459 93.505562 199.201599 141.201874               1997 
23.546156 176.753311 104.282829 66.185287 217.210144 108.424492 11.811551 202.112030 95.622520 93.311966 199.377701 140.712311               2006 
22.946661 177.242569 104.088104 65.763634 217.400299 108.120941 11.170554 202.815155 95.253227 92.578224 199.380447 140.565018               2015 
22.305361 177.773239 103.664902 65.265869 217.692047 107.788986 10.597376 203.452423 94.573639 91.656898 199.593246 140.535019               2024 
22.010319 178.072678 103.504547 64.930420 217.888657 107.565269 10.125528 203.824646 94.196625 91.034393 199.740448 140.513428               2033 
22.185911 178.133957 103.737885 64.710838 218.017349 107.418831 9.817743 204.012833 93.942291 90.626236 199.838470 140.498672               2042 
22.462959 178.114319 104.051628 64.556290 218.107941 107.315758 9.569246 204.084366 93.789619 90.338661 199.908249 140.487991               2051 
22.693586 178.083344 104.316322 64.440994 218.175522 107.238869 9.399297 204.111710 93.658516 90.123970 199.960724 140.479843               2060 
22.748835 178.064743 104.202850 64.482155 218.100357 107.164368 9.349163 204.122452 93.567307 90.107994 199.705811 140.350388               2069 
22.776278 178.082443 104.167046 64.571777 218.005936 107.208420 9.343309 204.155655 93.627579 90.177834 199.348450 140.262680               2078 
22.893478 178.057663 103.964981 64.881889 217.751419 107.238235 9.522175 204.113129 93.697914 90.496666 198.635666 140.022797               2087 
23.087275 178.114410 103.933434 65.258873 217.597015 107.391663 9.770129 203.993118 93.875832 90.848190 198.135406 139.992096               2097 
23.225561 178.200043 103.929192 65.456223 217.613113 107.454369 9.891341 203.844711 93.936211 91.009872 198.049774 140.021881               2106 
23.352230 178.287125 103.974762 65.627754 217.651871 107.525269 10.021990 203.626038 94.002380 91.172607 198.015274 140.055573               2115 
23.546169 178.332794 104.186089 65.821678 217.711868 107.737747 10.173032 203.394363 94.223251 91.358170 198.078506 140.276550               2124 
23.895014 178.165344 104.464989 66.163681 217.607224 108.154007 10.536251 202.918900 94.607285 91.776398 197.866394 140.567657               2133 
24.103251 178.263077 105.235840 66.714844 217.644867 108.838730 11.046898 202.715668 95.434036 92.357529 197.996170 141.284637               2160 
24.335464 178.278137 105.493141 66.978691 217.854218 108.870193 11.326756 202.543976 95.741287 92.810509 198.523285 141.356934               2169 
24.891396 178.206467 106.174072 67.407875 218.234970 108.979645 11.806033 202.178345 96.446320 93.662125 199.553589 141.507736               2178 
25.200521 177.999725 106.555481 67.816010 218.403442 109.051659 12.271699 201.640411 97.084030 94.474518 200.314377 141.585724               2187 
24.631609 177.897308 106.102707 67.870796 218.381866 109.091095 12.387343 201.216599 97.320213 94.712402 200.561615 141.622955               2196 
23.896961 177.981018 105.523605 67.878227 218.384567 109.120956 12.439612 201.008148 97.436157 94.804649 200.721329 141.668365               2205 
23.500162 177.822372 105.472641 67.863228 218.458801 109.301300 12.640994 200.430527 97.753174 94.975449 201.338425 141.984253               2214 
23.844870 176.220535 106.709030 67.636070 217.782837 110.468437 12.884108 198.437256 98.877808 94.926865 201.709702 143.532349               2223 
24.049219 175.110947 107.740372 67.385841 217.335770 111.380692 13.011216 197.094238 99.744156 94.777245 202.034012 144.726196               2232 
23.913996 174.611771 108.933640 67.329254 217.036987 112.068008 13.295108 196.509781 100.606247 94.905800 202.338928 145.532272               2241 
23.379272 174.227539 109.061523 67.015419 216.715576 112.496376 13.387009 196.074234 100.631760 94.539772 202.230423 146.096161               2250 
23.119015 173.442917 109.130989 66.848351 216.048203 112.858543 13.599922 195.515442 100.717705 94.534943 201.556000 146.321732               2259 
22.630610 173.090820 108.790352 66.782417 215.517700 112.865784 13.744141 195.421417 100.565872 94.638268 200.780197 146.080429               2268 
22.222958 172.776428 108.148354 66.796997 214.877869 112.625542 13.719481 195.321869 100.245789 94.742645 199.662766 145.548141               2277 
21.588943 172.962006 107.520950 66.355949 214.991241 112.318954 13.500407 195.874985 99.552444 94.146149 199.843552 145.403809               2286 
21.010502 173.307465 107.213806 65.814072 215.305084 112.052124 12.929840 196.813248 99.144127 93.377747 200.329315 145.403687               2295 
20.058544 174.314957 107.174088 65.248245 215.899551 111.791435 12.078043 198.429626 98.941650 92.455963 201.039627 145.485336               2304 
19.627701 174.869812 107.127312 65.072624 216.106033 111.666733 11.632551 199.438431 98.901588 92.087219 201.129623 145.464279               2314 
19.357609 175.459167 107.082291 65.017113 216.313232 111.515434 11.347796 200.289383 98.770073 91.831947 201.149445 145.388428               2322 
19.449667 175.729095 107.088203 64.949799 216.431244 111.379410 11.153393 200.792435 98.560776 91.616592 201.086014 145.287552               2332 
19.653242 175.981796 107.200874 64.908508 216.536057 111.254440 10.974772 201.234985 98.369377 91.435097 200.952560 145.163895               2341 
20.050308 175.910767 107.121666 64.851280 216.507660 111.107178 10.903666 201.327194 98.020271 91.284866 200.680557 144.976395               2350 
20.252935 176.043777 107.132805 64.920464 216.537827 111.032265 10.804019 201.512772 97.975128 91.281097 200.505417 144.861755               2359 
20.337427 176.398895 107.111343 65.024651 216.653061 110.958534 10.681748 201.791260 97.940445 91.269775 200.317413 144.732712               2368 
20.410599 176.715469 107.033943 65.102570 216.782120 110.885963 10.629058 201.992889 97.775063 91.188904 200.214127 144.669983               2377 
20.475702 177.288589 106.752548 65.564789 216.850067 110.729828 10.824360 202.470016 97.667938 91.504524 199.792953 144.383087               2386 
20.611387 177.633972 106.345016 66.053780 216.765503 110.540855 11.042459 202.737411 97.574394 91.905968 199.218155 144.008911               2395 
20.701525 177.826965 106.209770 66.373024 216.680023 110.502449 11.192305 202.744797 97.674065 92.261597 198.749146 143.738297               2404 
20.732487 178.097397 106.221664 66.443588 216.894119 110.501671 11.237697 202.659973 97.610649 92.256691 198.971893 143.800812               2413 
20.787580 178.242584 106.167732 66.625290 216.876923 110.501526 11.370418 202.511658 97.570526 92.387810 198.796753 143.754440               2424 
20.865578 178.416489 106.121292 66.838158 216.890564 110.444511 11.505357 202.514618 97.562393 92.581635 198.680298 143.641129               2431 
20.916399 178.614075 106.235382 67.040520 216.919083 110.445236 11.585794 202.557068 97.726799 92.808266 198.600555 143.563370               2440 
21.008215 178.838669 106.273758 67.187233 217.092636 110.406219 11.649953 202.582855 97.740746 92.896759 198.848404 143.610504               2450 
21.026976 178.962341 106.395782 67.237114 217.194107 110.446754 11.653686 202.555969 97.828369 92.918579 199.028198 143.715622               2458 
20.975737 179.297073 106.550797 67.207558 217.518204 110.352882 11.605564 202.646545 97.749016 92.778488 199.641739 143.862808               2467 
21.101110 179.224457 106.738556 67.311386 217.477615 110.408142 11.691025 202.403732 97.906601 92.939934 199.667328 143.909286               2476 
21.196800 179.037216 106.941505 67.231697 217.503738 110.552055 11.700034 202.099335 98.007614 92.880775 199.929688 144.162079               2486 
21.246700 178.929504 107.151024 67.163696 217.544968 110.640984 11.713497 201.879150 98.041664 92.772903 200.256882 144.429245               2494 
21.242794 177.875916 107.216278 66.729210 217.177597 110.918945 11.605377 200.461304 98.179703 92.457367 200.616318 144.979797               2503 
21.160852 177.851410 107.493004 66.696014 217.209045 111.035072 11.597132 200.322464 98.437668 92.464577 200.969254 145.219955               2512 
21.081099 177.331955 107.888588 66.573395 216.900452 111.659988 11.604322 199.872055 98.928612 92.268700 201.051682 146.082703               2521 
21.249001 176.781586 108.475380 66.449905 216.694794 112.160110 11.632260 199.536819 99.302299 92.056786 201.326447 146.865402               2530 
21.433792 176.513123 108.980614 66.395760 216.703934 112.435928 11.797543 199.783371 99.483696 91.989746 201.761734 147.336273               2539 
21.191792 176.546631 109.293343 66.515671 216.455627 112.740913 12.176052 200.377396 99.549812 92.042419 201.514542 147.690948               2549 
20.982931 176.409943 109.376221 66.683075 215.925751 112.944664 12.349603 200.988510 99.648170 92.108788 200.728088 147.857697               2557 
20.792753 176.372864 109.433792 66.704971 215.674622 112.994667 12.323769 201.462250 99.752625 92.117020 200.365952 147.869125               2566 
20.639557 176.325806 109.420158 66.490837 215.702820 112.963943 12.097180 201.500626 99.714317 91.864716 200.523972 147.922852               2576 
20.364862 176.530212 109.600426 66.274368 215.861023 112.892693 11.862710 201.669830 99.730133 91.626305 200.869720 147.948303               2585 
19.666801 177.216705 109.291206 65.896126 216.158157 112.625763 11.437606 202.391190 99.253548 90.953300 201.098328 147.863464               2594 
19.600336 177.320816 108.898605 65.839027 216.204330 112.428894 11.369876 202.556808 98.935783 90.828819 200.985489 147.646118               2603 
19.474379 177.570084 108.764359 65.750969 216.303696 112.365700 11.243785 202.862091 98.777504 90.652496 200.901443 147.565704               2612 
19.365013 178.034103 108.462807 65.740273 216.507004 112.167168 11.111349 203.109558 98.464508 90.471367 200.846924 147.373566               2621 
19.239534 178.537933 108.058769 65.772385 216.668304 111.968742 10.920343 203.378281 98.177803 90.288811 200.642517 147.160721               2630 
19.199089 179.013458 107.685715 65.846207 216.804230 111.807274 10.597472 203.566483 98.071030 90.140419 200.379654 146.969467               2639 
19.320791 179.689224 107.429108 66.035828 217.115921 111.608559 10.485078 203.252075 97.870766 90.102798 200.295059 146.739685               2648 
19.331444 180.256897 107.217148 66.193916 217.337051 111.509567 10.405388 202.886383 97.757301 90.084717 200.157608 146.587372               2657 
19.360920 180.658676 106.950394 66.449005 217.397980 111.436745 10.537728 202.584412 97.631218 90.255486 199.810806 146.369522               2666 
19.376635 181.149704 106.816048 66.641739 217.590591 111.350975 10.700978 202.500076 97.426674 90.334908 199.741089 146.227676               2675 
19.477852 181.404495 106.746925 66.879570 217.618317 111.278465 10.851415 202.407776 97.401886 90.581970 199.500839 146.010422               2685 
19.515162 181.604965 106.820923 67.044037 217.622131 111.319328 10.998545 202.327820 97.461021 90.781265 199.273300 145.905731               2693 
19.548716 181.932816 107.045113 67.171234 217.770889 111.380516 11.166814 202.277664 97.493652 90.899170 199.325073 145.921692               2703 
19.660440 182.188431 107.219398 67.396629 217.822891 111.395882 11.354252 202.322815 97.559654 91.123520 199.251373 145.870361               2711 
19.814939 182.469772 107.537605 67.594406 217.956802 111.466576 11.512744 202.387146 97.705399 91.320488 199.335693 145.914841               2720 
20.096066 182.437057 107.799149 67.725655 217.959412 111.541046 11.682053 202.172409 97.748268 91.463669 199.327698 145.975357               2729 
20.328228 182.573318 108.256424 67.923645 218.052032 111.631630 11.872448 202.080856 97.992767 91.736130 199.482651 146.048187               2738 
20.529171 182.584473 108.583443 68.015411 218.123856 111.703529 11.994845 201.906372 98.128326 91.869179 199.678940 146.158401               2747 
20.726427 182.546982 108.970375 68.153702 218.172226 111.888336 12.162260 201.709763 98.426704 92.090614 199.880981 146.367462               2756 
20.869640 182.338501 109.198082 68.353508 217.902969 112.016991 12.323647 201.491135 98.650299 92.313553 199.624969 146.487076               2765 
21.039042 181.754349 109.514366 68.542397 217.386429 112.228256 12.492768 200.844879 99.093742 92.693207 199.151566 146.587875               2774 
21.120237 181.612869 109.701035 68.620880 217.290604 112.194435 12.577520 200.655289 99.204636 92.837006 199.249802 146.610474               2784 
21.096945 181.503830 109.940399 68.715637 217.071671 112.204292 12.640582 200.544449 99.414337 93.037804 199.038025 146.549240               2792 
21.028578 181.483994 110.195313 68.757133 216.953827 112.219978 12.716981 200.482819 99.564117 93.164932 198.992386 146.542007               2802 
21.115597 181.464539 110.611206 68.791740 217.059860 112.100677 12.856936 200.343445 99.766747 93.436508 199.474777 146.448257               2811 
20.723019 180.901794 110.951988 68.520348 216.680649 112.211143 12.772186 199.424896 100.263718 93.488007 199.746643 146.652557               2820 
20.212420 180.842407 111.252518 68.600471 216.228775 112.371857 12.881203 199.064270 100.852806 93.817162 199.506790 146.735336               2829 
20.054649 180.667542 111.896652 68.719337 215.851974 112.461876 12.961816 198.729538 101.562317 94.282623 199.367142 146.683563               2838 
19.679104 180.815079 112.059097 68.446022 215.889343 112.325104 12.715697 198.910751 101.519676 93.966949 199.741882 146.738724               2848 
19.568316 180.402954 112.264252 68.263313 215.579285 112.341446 12.554087 198.810898 101.677048 93.893730 199.591232 146.748138               2856 
19.475649 177.769714 111.687126 67.808846 213.460724 112.529907 12.170608 197.468567 101.899979 93.939415 196.757416 146.212967               2865 
18.736740 177.257736 111.450279 66.724731 213.443253 112.527626 11.526119 197.468033 101.429985 92.790169 197.295883 146.530731               2874 
18.706623 176.992798 111.059860 66.455093 213.493011 112.362396 11.488402 197.944061 101.167824 92.717323 197.330780 146.206650               2883 
18.622498 176.684082 110.469444 66.143410 213.472580 112.171692 11.191658 198.170044 100.964996 92.524994 197.232925 145.885803               2892 
18.409286 177.534424 110.078041 66.009331 214.180923 111.778763 10.978264 199.321777 100.534882 92.229248 198.027618 145.660065               2901 
18.117674 177.742020 109.019516 65.445107 214.584198 111.607918 10.495028 199.961411 99.734787 91.366669 198.223648 145.619110               2910 
18.189703 177.895920 108.420685 65.124069 215.025085 111.693703 10.282952 200.462494 99.345879 90.894989 198.529495 145.754105               2920 
18.463297 178.251144 108.112305 65.085266 215.527130 111.771385 10.324751 200.936188 99.121468 90.797653 198.861404 145.793182               2928 
18.941744 178.538437 108.044128 65.285713 215.893951 111.897545 10.561954 201.288544 99.098030 91.017586 199.025482 145.804504               2937 
19.309443 178.870132 107.645226 65.466690 216.305634 111.811859 10.491129 201.662094 98.974266 91.017097 199.410126 145.842346               2946 
19.591446 179.429550 107.514297 65.722946 216.813965 111.863777 10.624788 202.041763 98.929108 91.145081 199.810913 145.936737               2955 
20.572275 179.148422 107.473763 66.458061 216.760025 112.206818 11.336650 201.595749 99.336357 92.182182 199.336929 145.838074               2964 
20.929873 179.353271 107.387512 66.796631 216.959991 112.326576 11.681024 201.595184 99.309654 92.474945 199.426804 145.935608               2973 
21.159019 179.507278 107.284943 67.092941 217.003647 112.374939 11.929939 201.603195 99.270996 92.711609 199.308548 145.944611               2983 
21.439060 179.474792 107.205765 67.377174 216.952240 112.429718 12.181891 201.448746 99.273132 92.972473 199.176559 145.974640               2991 
21.632778 179.408493 107.235741 67.562332 216.881302 112.567093 12.363127 201.260529 99.360573 93.163742 199.022095 146.062943               3001 
21.748663 179.365005 107.220993 67.654785 216.865295 112.597649 12.483435 201.123016 99.329758 93.235229 199.045319 146.130402               3009 
21.863985 179.350418 107.201775 67.781311 216.834198 112.604240 12.611983 201.068726 99.298447 93.326172 199.035995 146.175659               3018 
21.947506 179.434509 107.233482 67.938446 216.839981 112.578545 12.743781 201.120209 99.301208 93.457779 199.062729 146.180466               3028 
21.897430 179.584518 107.232323 67.933876 216.934875 112.557205 12.741635 201.249298 99.209770 93.352150 199.226959 146.272141               3037 
21.971611 179.467697 107.185562 67.999428 216.857788 112.538956 12.833531 201.044159 99.234123 93.482933 199.212921 146.237701               3046 
22.004631 179.392395 107.099442 68.114700 216.779160 112.515701 12.971633 200.790314 99.339775 93.724846 199.239777 146.173477               3055 
22.077721 179.313446 107.112793 68.175552 216.731674 112.488838 13.028510 200.678497 99.398003 93.849373 199.258575 146.132568               3064 
22.723381 179.066315 107.577698 68.389824 217.210358 111.260391 13.217748 200.300705 99.566330 94.900200 200.868378 144.823685               3073 
23.100916 178.939270 107.974648 68.465759 217.536942 110.550247 13.208333 200.358337 99.906700 95.558159 201.916260 143.992020               3082 
23.104137 178.583725 107.939186 68.375977 217.298981 110.425240 13.122176 200.275635 99.986275 95.671463 201.684402 143.704315               3091 
23.197500 178.334778 107.920052 68.249855 217.308044 110.294624 13.084632 200.182007 99.970055 95.711044 201.882050 143.525299               3100 
23.081551 176.118378 106.487190 67.180069 216.060089 110.267128 12.351516 199.212158 99.390251 94.832855 200.399399 143.228043               3109 
22.670776 176.283554 106.259773 66.574036 216.441437 110.110779 11.809382 200.041779 99.159462 94.122833 201.173080 143.341736               3118 
22.356215 176.320313 106.118317 66.227982 216.480560 110.282875 11.515320 200.310837 99.131973 93.723732 201.115829 143.513351               3127 
22.261770 176.365219 105.986305 66.127365 216.500549 110.361786 11.402734 200.527344 99.113060 93.589149 201.008942 143.561432               3136 
22.252865 176.405853 105.876625 66.099167 216.525955 110.417511 11.342889 200.699860 99.124580 93.549477 200.920929 143.573486               3145 
22.285357 176.512085 105.809776 66.067627 216.588760 110.487038 11.290564 200.888245 99.111923 93.487556 200.843323 143.601746               3154 
22.362278 176.613281 105.769707 66.026596 216.665100 110.557182 11.254025 201.030441 99.058884 93.403694 200.783813 143.642456               3163 
22.504194 176.723892 105.719101 65.975075 216.780792 110.591301 11.209017 201.185760 98.927681 93.282509 200.771164 143.672287               3172 
22.689030 176.870804 105.778976 65.932938 216.930435 110.672676 11.172849 201.350922 98.841202 93.171265 200.777954 143.741196               3181 
22.813963 176.925507 105.784042 65.974991 216.940903 110.774559 11.170867 201.418518 98.860870 93.178825 200.597305 143.777496               3190 
22.896807 176.962418 105.736404 66.024918 216.924637 110.871536 11.172000 201.451035 98.877670 93.192223 200.389389 143.809036               3199 
22.969414 176.992889 105.657356 66.127525 216.874466 110.986015 11.219127 201.465454 98.928650 93.272667 200.118912 143.830322               3208 
23.042397 177.074951 105.675842 66.172104 216.941925 111.054886 11.240996 201.469025 98.941795 93.287239 200.113220 143.886581               3218 
23.219404 177.009232 105.816498 66.360519 216.852402 111.206329 11.426030 201.292435 99.130562 93.554161 199.904755 143.911667               3226 
23.396172 177.027710 105.950226 66.560707 216.856064 111.286438 11.637427 201.195099 99.261108 93.827232 199.866425 143.909195               3236 
23.445482 177.035477 106.080376 66.648590 216.826141 111.371628 11.790558 201.066711 99.320213 93.969711 199.777634 143.917892               3245 
23.481344 177.074921 106.441467 66.686646 216.897766 111.461945 11.966311 200.877228 99.420021 94.084213 199.996841 144.020935               3253 
23.295061 177.130569 106.901665 66.492142 216.975540 111.676628 11.840776 200.779037 99.609085 93.844978 200.291962 144.384979               3263 
23.199556 176.842590 108.241638 66.431320 216.750534 112.203247 11.839228 200.272919 100.457336 93.852852 200.664413 145.152481               3272 
23.004911 176.631958 109.291130 66.148010 216.691574 112.718895 11.802566 199.797363 100.917999 93.520073 201.207657 145.996124               3282 
22.215349 175.696167 111.049850 65.997963 215.540939 112.923668 11.760568 198.323105 102.040886 93.634758 201.328186 146.547485               3308 
21.919905 175.625702 111.377815 65.905510 215.330994 112.908379 11.659301 198.184982 102.243378 93.598854 201.317001 146.569077               3317 
21.692966 175.224915 111.841393 65.896629 214.869888 112.970627 11.696886 197.620941 102.665909 93.779922 201.198639 146.615448               3326 
21.352459 174.872238 111.781792 65.944344 214.270203 112.746620 11.702858 197.230316 102.701103 93.919922 200.716949 146.362579               3335 
21.016855 174.746536 111.443649 65.819733 214.161774 112.725349 11.677887 196.966660 102.690933 93.866539 200.801910 146.359360               3344 
20.574366 174.811264 110.928200 65.784470 214.073303 112.692032 11.681262 196.953445 102.648590 93.865166 200.769669 146.320053               3353 
20.296068 174.673035 110.483658 65.659073 213.999619 112.567993 11.621993 196.747650 102.656036 93.937401 200.761215 146.055847               3362 
20.083431 174.544724 110.013664 65.349533 214.099655 112.310219 11.373187 196.678848 102.511871 93.795021 201.014297 145.716553               3371 
20.097288 174.250900 109.781616 65.147629 214.131516 112.220474 11.220950 196.535324 102.552856 93.731644 201.309631 145.610733               3380 
20.033054 174.090286 109.500458 64.970627 214.141342 112.192963 11.077909 196.491425 102.532806 93.628296 201.386963 145.545914               3389 
19.946575 174.139526 109.203171 64.905960 214.218018 112.158386 11.084365 196.594986 102.428154 93.602547 201.472534 145.481262               3398 
19.941622 174.122070 108.847755 64.767433 214.334656 112.105392 11.000045 196.708557 102.249321 93.483177 201.527954 145.388275               3407 
19.991341 174.087341 108.275414 64.657089 214.432312 111.946686 10.921757 196.950195 101.894302 93.349411 201.487473 145.196304               3417 
19.972546 174.165024 107.929657 64.562202 214.561188 111.891129 10.865351 197.184387 101.708130 93.278229 201.453629 145.056427               3425 
19.991493 174.168167 107.453926 64.436356 214.673035 111.847153 10.781048 197.358276 101.463219 93.147812 201.386703 144.945206               3435 
20.418684 171.790909 105.024429 63.157246 213.877457 111.085098 10.248293 194.963974 99.932663 92.363388 200.525681 143.720764               3443 
20.963961 170.539780 103.500351 62.245029 213.890350 110.281471 9.847908 193.770660 99.094688 92.100845 200.806915 142.434387               3452 
20.968000 171.120056 103.701767 62.289314 214.454376 110.092598 9.802405 194.509140 99.273643 92.305161 201.482269 142.141449               3461 
20.983652 171.164047 103.537979 62.277271 214.494308 110.045395 9.789289 194.732910 99.173210 92.292397 201.464981 142.071716               3470 
20.890593 171.852264 103.701424 62.429493 214.947327 110.092476 9.849362 195.527008 99.234505 92.358292 201.835373 142.165817               3480 
20.890245 172.387680 103.723145 62.726406 215.170700 110.163139 10.018153 196.160065 99.232681 92.512711 201.842026 142.279770               3488 
20.678179 173.935364 103.953407 63.294350 215.878662 110.436699 10.299148 197.916565 99.142929 92.490616 202.160843 142.929077               3498 
20.592043 174.935181 104.182091 63.744133 216.245239 110.663437 10.548578 199.076279 99.112671 92.520271 202.215744 143.396652               3507 
20.636951 175.732010 104.727142 64.252052 216.449936 111.088226 10.832876 199.983429 99.473915 92.770264 202.053986 143.887970               3516 
20.694399 176.399277 105.239189 64.698349 216.657333 111.397491 11.134900 200.679810 99.782845 93.048843 202.035110 144.242523               3525 
21.164986 176.979797 105.961151 65.572411 216.816483 111.504364 11.750918 201.314987 100.335426 93.965965 202.082031 144.261917               3534 
21.344078 176.970474 106.325439 65.669815 216.880661 111.492157 11.849495 201.254700 100.454971 94.082840 202.387558 144.340378               3543 
21.443308 176.773346 106.829979 65.849953 216.607040 111.693764 11.995140 201.001495 100.893196 94.396149 202.118439 144.428314               3552 
21.828293 176.614120 107.522705 66.305092 216.409927 111.715263 12.371489 200.788025 101.382378 95.038933 202.157730 144.389359               3561 
22.025085 176.397125 108.128441 66.466484 216.271179 111.875549 12.558938 200.483185 101.747787 95.270164 202.351379 144.631348               3570 
22.122297 176.263901 108.789490 66.496765 216.232742 112.118034 12.666401 200.246887 102.131477 95.368515 202.644760 144.953156               3579 
22.181297 175.705002 109.047539 66.415932 215.566605 112.132378 12.589242 199.770309 102.005623 95.142319 201.980148 145.095367               3588 
22.303427 175.777328 109.464897 66.486465 215.551010 112.051140 12.725060 199.800934 102.001732 95.231583 202.147781 145.072754               3597 
22.094206 176.031769 109.694458 66.417641 215.659348 111.777863 12.656530 199.963776 101.794640 95.028343 202.654556 145.074387               3606 
21.767143 170.634384 111.934319 61.998566 214.221451 108.953903 9.757651 192.769333 102.279610 92.666573 206.901108 142.153931               3615 
20.838808 171.264816 111.935387 61.429024 214.436707 108.986137 9.049932 193.446289 102.094948 91.868919 206.934723 142.355118               3624 
20.827513 171.703949 111.845276 61.690964 214.559982 109.151131 9.203439 194.021576 102.012115 91.997841 206.699310 142.558594               3633 
20.184507 174.630417 111.903069 62.962540 215.581207 111.019341 9.981999 197.483459 101.490952 91.318832 206.490494 145.799164               3642 
20.111649 175.588089 111.786125 63.753723 215.582062 112.046135 10.615705 198.790253 101.180862 91.019897 205.865463 147.521454               3651 
19.989756 176.064499 111.521484 64.441551 215.102493 112.712311 10.993750 199.737793 101.299652 91.278435 204.287476 148.197144               3660 
19.918180 176.131165 111.183136 64.355278 215.146835 113.021706 11.011208 199.840271 101.154999 90.978737 204.157593 148.613617               3669 
19.729166 176.413559 110.962440 64.277306 215.267853 113.368309 10.994311 200.132095 101.142250 90.732910 204.018082 149.003952               3679 
19.688740 176.553482 110.670517 64.332275 215.274918 113.470734 11.060026 200.288635 101.042000 90.687248 203.832153 149.119507               3687 
19.621271 176.638351 110.373779 64.329025 215.254700 113.522758 11.050573 200.423660 100.946869 90.617126 203.612991 149.156494               3696 
19.831865 175.034042 108.514702 63.501015 214.653717 113.370659 10.630536 198.911469 100.329308 90.302612 202.165176 148.328720               3705 
19.949183 174.439362 107.956879 63.103176 214.549896 113.246803 10.402943 198.365616 100.287834 90.297272 201.912048 147.846252               3714 
20.077864 174.012909 107.127525 62.861641 214.441147 112.949547 10.205129 198.128906 100.057777 90.339127 201.549362 147.229935               3723 
20.309736 173.251633 106.012535 62.493855 214.183731 112.580643 9.983215 197.541595 99.698219 90.437973 200.896912 146.328857               3733 
20.833107 171.474182 104.213509 61.749603 213.488800 111.819489 9.656965 195.731720 98.849586 90.409653 200.018784 144.887848               3742 
21.269573 171.919647 103.885056 62.486698 213.679733 111.141426 10.051189 196.349014 99.236198 92.003700 199.536346 143.158096               3751 
21.259714 173.910324 104.221588 63.317577 214.822067 111.478157 10.644378 198.531235 99.161896 92.140137 200.406662 144.002167               3760 
21.997200 175.939392 105.059776 64.716568 216.205246 111.832314 11.738468 200.704361 99.774475 93.355667 201.607819 144.437103               3769 
22.182074 176.791550 105.276009 65.338699 216.523270 111.994904 12.154327 201.720062 99.949631 93.802803 201.523041 144.570114               3778 
22.324133 177.080322 105.352692 65.487434 216.598999 112.052582 12.242898 202.145096 99.819031 93.760567 201.344604 144.676025               3787 
22.635242 177.126846 105.408119 65.726318 216.511871 112.096771 12.412312 202.321259 99.714722 93.846832 201.021072 144.740738               3796 
22.932018 177.116638 105.631851 65.747665 216.551239 112.121979 12.409726 202.339645 99.625183 93.753036 201.041000 144.855576               3805 
23.343243 177.245819 105.783066 66.042610 216.628494 112.002640 12.622955 202.431351 99.472633 93.914749 201.128281 144.854477               3814 
23.564476 177.163422 106.049393 66.240578 216.572891 112.107536 12.796633 202.211487 99.655533 94.143074 201.147827 144.968979               3823 
23.811182 177.017288 106.232010 66.491158 216.441605 112.183342 13.012490 201.942535 99.791748 94.395599 201.099380 145.081879               3832 
24.133585 176.393753 106.430054 66.680763 216.092178 112.131279 13.273880 201.054993 100.032967 94.877686 201.045914 144.916946               3841 
24.671175 175.505920 106.563828 66.826118 215.742172 112.099785 13.780521 199.686218 100.038841 95.332550 201.241211 144.863510               3850 
25.056759 174.888748 106.738968 66.940277 215.494080 112.119797 14.186476 198.672577 100.102348 95.693253 201.390594 144.841568               3859 
25.356804 174.427399 106.847450 67.027039 215.286835 112.139641 14.489863 197.941849 100.114525 95.930855 201.443207 144.839478               3868 
25.530066 174.037888 106.864578 67.080101 215.063065 112.166626 14.723683 197.337616 100.065399 96.051422 201.404510 144.884552               3877 
25.449785 174.105789 106.910255 67.109413 215.065628 112.150864 14.720439 197.377869 100.106949 96.066315 201.452591 144.900497               3886 
25.294273 174.135895 107.033150 67.128716 214.951477 112.212440 14.678714 197.387085 100.216370 96.037582 201.345062 145.007248               3895 
25.139202 174.214020 107.063744 67.091797 214.921478 112.224709 14.613006 197.435577 100.204338 95.918274 201.349548 145.106201               3904 
24.966249 174.326920 107.153183 67.034592 214.919952 112.247047 14.496003 197.569443 100.221855 95.764252 201.373764 145.223740               3913 
24.887733 174.419418 107.178978 67.051292 214.922485 112.243889 14.459566 197.662796 100.255966 95.749603 201.376312 145.247894               3922 
24.585335 174.576309 107.044235 66.978943 214.866379 112.262253 14.331306 197.815399 100.163689 95.529190 201.245071 145.363602               3931 
23.800034 175.886642 107.214264 66.940552 215.424927 112.228775 14.039819 199.212936 100.028656 95.028175 201.701096 145.681702               3940 
23.670139 176.077560 107.230431 66.962845 215.440979 112.282784 13.932276 199.515167 100.073479 94.919945 201.638214 145.812469               3949 
23.583220 176.164627 107.248680 66.997047 215.390015 112.338654 13.777301 199.753433 100.216843 94.863724 201.505463 145.909821               3958 
22.867910 177.397339 107.241669 66.952888 215.867249 112.332558 13.429790 201.201767 100.011742 94.255455 201.808640 146.292542               3968 
22.765965 177.523880 107.189621 66.909828 215.885376 112.374786 13.281752 201.414627 99.985855 94.072769 201.719589 146.402145               3977 
22.744951 177.584183 107.198097 66.876785 215.888153 112.384705 13.141355 201.543625 99.975029 93.945183 201.610123 146.440475               3986 
22.808538 177.645172 107.246452 66.856377 215.917450 112.368156 12.997622 201.723129 99.945595 93.817612 201.534515 146.464767               3994 
22.728884 177.934021 107.057663 66.848915 215.997406 112.273651 12.776687 202.136215 99.774895 93.584007 201.355377 146.437973               4004 
22.719223 178.162628 107.016197 66.855133 216.080215 112.260925 12.563050 202.409500 99.765915 93.430122 201.210770 146.451935               4013 
22.812807 178.328583 107.016930 66.937080 216.121109 112.295044 12.446975 202.487976 99.788269 93.376793 200.989105 146.475723               4022 
22.880785 178.554337 106.890846 67.037277 216.165695 112.248108 12.358448 202.287109 99.699951 93.342873 200.693207 146.379807               4031 
22.965668 178.757111 106.810135 67.107399 216.210297 112.217667 12.277021 202.019302 99.561653 93.250549 200.421127 146.329163               4040 
22.973444 180.346069 106.442505 67.524109 217.189667 111.537529 12.230401 202.972382 99.164063 93.460861 200.966095 145.602707               4049 
23.017014 180.699280 106.370537 67.546242 217.358780 111.478699 12.023344 202.899719 99.020348 93.264305 200.818542 145.557388               4058 
22.997908 180.939133 106.311531 67.530312 217.489456 111.444458 11.880049 202.787781 98.897369 93.091019 200.785492 145.561661               4067 
23.130192 181.236984 106.268608 67.799934 217.536697 111.656326 11.935564 202.911530 98.995010 93.147606 200.480286 145.758087               4076 
23.088131 181.686020 106.199387 67.929916 217.677429 111.874985 12.012881 203.131180 98.795578 92.894653 200.353607 146.124115               4085 
23.112106 181.991333 106.264648 68.163864 217.666534 112.037743 12.193458 203.124680 98.778267 92.952492 200.033096 146.256775               4094 
23.173693 182.123352 106.270233 68.346893 217.607819 112.123695 12.361414 202.969299 98.722862 93.035400 199.750854 146.299164               4103 
23.211235 182.239426 106.279770 68.486511 217.575562 112.186920 12.489997 202.828857 98.670982 93.081894 199.586029 146.360016               4112 
23.305016 182.272156 106.307617 68.673653 217.490311 112.238762 12.646904 202.737152 98.686020 93.215736 199.414719 146.404755               4121 
23.449905 182.196228 106.481552 68.941139 217.311264 112.374985 12.837533 202.655899 98.958282 93.541901 199.127304 146.441116               4130 
23.695934 181.853928 106.581963 69.221329 216.991501 112.522179 13.106815 202.276749 99.195061 93.928154 198.744827 146.477844               4139 
24.211020 181.519394 106.991264 69.630333 216.953720 112.519760 13.502264 201.888123 99.682343 94.700371 199.035141 146.383804               4149 
24.517788 181.314896 107.223511 69.909233 216.927963 112.518105 13.801437 201.628525 99.987320 95.225273 199.234528 146.317459               4157 
24.496469 181.239868 107.247719 69.865868 216.887360 112.504028 13.781879 201.749878 99.962372 95.170723 199.266403 146.349594               4166 
24.372271 181.106049 107.261833 69.744171 216.816238 112.464600 13.713918 201.844681 99.913376 95.026909 199.386292 146.425400               4175 
24.296659 180.877670 107.374390 69.637360 216.690613 112.475601 13.703529 201.813629 99.919487 94.941238 199.469025 146.526825               4185 
24.022549 180.940002 107.540939 69.459045 216.693710 112.471375 13.578556 201.938431 99.885109 94.681412 199.682068 146.688202               4193 
23.702478 180.589813 107.903893 69.237457 216.267075 112.527061 13.375700 201.711624 100.092949 94.516884 199.386703 146.766800               4203 
23.434757 180.420074 108.272240 68.946915 216.202026 112.467903 13.189252 201.574951 100.155663 94.272903 199.758240 146.885223               4212 
23.261932 180.180313 108.596916 68.765732 216.042892 112.486824 13.085928 201.374542 100.291443 94.162666 199.891342 146.990143               4220 
23.080706 180.249939 108.698273 68.687241 216.019516 112.464714 13.049980 201.552216 100.238487 94.031113 199.951141 147.045792               4230 
22.945581 180.311615 108.741615 68.637131 215.986084 112.416649 12.966759 201.676346 100.204689 93.917419 199.968430 147.067734               4239 
22.490398 180.769608 108.632233 68.539452 216.135284 112.172234 12.802678 202.117035 99.976273 93.645279 200.254501 147.012650               4248 
21.998053 181.791107 108.531197 68.646713 216.541122 111.648781 12.795097 203.153412 99.522621 93.451942 200.931351 146.825363               4257 
21.682890 182.221802 107.966354 68.504478 216.814056 111.369987 12.705528 203.690308 98.859818 92.971703 201.287750 146.819168               4266 
21.558201 182.834518 107.290260 68.898941 216.818130 110.841011 12.955077 204.524246 98.325615 93.207977 200.878387 146.215454               4275 
21.250641 187.538925 107.485298 70.591721 218.871384 109.700211 13.912461 209.571106 98.055046 94.306175 202.739807 145.389877               4284 
21.167128 189.653244 106.370483 71.294128 219.773376 108.683517 14.478115 211.956390 96.706718 94.311539 203.482315 144.755051               4293 
21.032055 191.869202 105.590019 71.908516 220.711777 108.423286 15.046563 214.475174 95.795425 94.038483 204.061401 144.884033               4302 
20.752598 193.379776 104.517059 72.113754 221.267807 108.143204 15.362799 216.123688 94.625740 93.361580 204.227097 144.946732               4311 
20.981382 194.092194 103.282959 72.647453 221.296143 107.648392 15.951219 217.032593 93.636093 93.404633 203.530228 144.388931               4320 
21.059744 194.785492 101.477783 72.924240 221.408127 107.050583 16.384373 217.934799 92.219177 93.030861 202.782394 143.727036               4329 
21.993835 195.106827 97.098351 73.844856 221.475327 104.123344 17.360178 218.616547 88.967339 93.868698 201.196976 139.958954               4338 
23.949049 194.842850 93.983574 75.330383 222.069382 101.295311 18.640011 218.533569 87.079834 96.527107 200.672852 135.780716               4347 
26.307241 193.491577 90.529076 76.699501 222.447800 97.999748 19.945551 217.165909 84.611450 99.350044 200.652451 131.290451               4356 
26.205046 194.444550 86.137062 76.564583 223.203094 94.459450 19.820107 218.157333 80.951645 99.298470 200.386642 127.000740               4365 
27.035534 196.055435 83.034119 77.610886 224.456802 91.097679 20.768976 219.581070 78.095398 100.640747 201.126343 123.061272               4374 
27.435360 197.278442 78.443817 78.164101 225.221573 86.855415 21.371618 220.588455 73.804298 101.199448 201.133072 118.247658               4384 
27.200848 199.631821 73.234070 78.341164 226.617004 82.202759 21.765848 222.608429 68.576721 100.867973 201.771088 113.372917               4392 
28.209265 201.467865 68.960106 79.763260 227.700592 77.892120 23.110987 224.103333 64.526436 102.252968 202.277725 108.620720               4401 
28.448341 204.147552 62.721649 80.331352 229.659546 71.849495 23.817373 226.369659 58.100975 102.412079 203.933517 102.622360               4411 
29.047375 206.338028 56.163208 81.167107 231.184570 65.777809 24.897978 228.148636 51.282875 102.655739 205.219009 96.767876               4419 
29.573730 208.818512 49.008427 81.770576 233.640900 58.540211 25.679047 230.076935 43.684772 103.102119 208.176132 90.049995               4428 
31.817471 219.548691 17.262449 84.353188 240.343506 33.433167 30.504868 240.257233 11.584940 99.659134 214.090347 67.680138               4456 
32.051842 221.149796 9.103562 84.349457 241.428680 26.880205 31.129515 241.690720 3.559103 98.547920 215.007660 61.473404               4465 
33.204720 222.313507 -0.170865 85.117950 242.562134 19.232346 32.414120 242.508911 -5.199858 98.878769 215.811829 53.749249               4474 
33.975628 223.469574 -11.188353 85.318619 243.728149 10.236991 33.457478 243.118881 -15.902828 98.191910 217.030426 45.134926               4483 
35.121777 224.400711 -22.245096 85.560669 244.232681 2.132573 34.964123 243.440262 -26.250877 97.289963 216.828690 36.886002               4492 
35.812984 227.217285 -36.494759 85.382820 245.999924 -9.015915 36.681862 245.375549 -40.284447 94.852455 218.609665 26.430611               4501 
37.179874 229.617737 -47.329681 86.465500 246.669098 -17.684368 38.914757 247.073059 -50.498913 94.415207 218.656174 17.648813               4510 
38.629032 237.210724 -59.400322 88.493027 249.130936 -27.287806 42.321728 253.637787 -61.764595 92.490433 220.970871 8.592372               4519 
41.067844 242.248825 -70.943176 90.739777 249.802185 -35.778572 45.286343 258.424133 -70.908623 91.996750 221.031967 -0.182914               4528 
43.496552 245.020309 -83.880966 92.057472 250.404617 -45.505276 47.576508 261.592987 -81.478073 91.081131 221.919540 -9.672285               4537 
46.331486 246.106339 -95.068321 94.184898 250.577042 -54.802742 50.175716 263.277435 -90.691833 92.574379 221.839554 -19.194904               4546 
49.404381 246.787323 -107.668869 95.140556 249.576675 -64.080811 52.787952 264.408051 -101.027893 91.760826 220.005447 -29.288921               4555 
52.521084 246.735672 -119.905548 95.974953 249.212463 -73.113449 55.088451 264.484772 -111.451317 91.354156 219.469055 -38.612236               4564 
55.219414 246.553940 -130.460373 96.559311 248.464478 -81.106674 56.935513 264.661072 -120.433174 90.761627 218.409378 -47.056206               4573 
58.062557 247.270569 -140.754333 97.022545 247.905884 -88.846642 58.858772 265.473785 -129.107132 89.864403 217.263290 -55.587826               4582 
61.708649 246.181320 -151.796341 97.268112 248.021393 -97.137154 60.852959 265.162079 -139.343796 88.782295 217.638809 -63.952145               4591 
65.098167 246.720871 -160.707153 97.653641 248.076920 -103.736702 62.613995 265.996887 -147.004486 88.109772 217.130539 -71.370186               4600 
67.747635 245.115128 -168.509644 98.376465 247.352432 -110.156837 63.826340 265.127960 -154.054413 88.523041 216.511185 -77.782730               4609 
70.285255 244.169662 -177.575180 98.608162 246.971786 -117.699997 65.020622 265.001770 -162.404724 87.903427 216.413513 -85.327843               4621 
71.909363 243.503784 -182.106949 99.408585 246.435043 -121.724022 65.985054 264.838165 -166.502716 88.513474 215.839340 -89.450890               4627 
74.890434 242.309509 -189.636429 99.747772 245.923477 -128.012650 67.722717 264.515259 -173.882172 87.690842 215.609665 -95.886978               4636 
76.069725 242.133881 -195.849976 99.536850 244.694031 -133.307419 68.335701 264.140167 -179.493881 86.733498 214.156998 -101.685905               4645 
75.688835 240.867523 -200.170181 102.133621 244.738174 -138.383423 68.766487 262.989838 -183.606583 90.615349 215.594345 -105.001945               4654 
77.428726 239.724808 -207.976746 102.584778 244.718201 -145.425674 69.947052 262.233337 -191.549652 90.428978 216.404434 -111.559410               4663 
78.364738 238.434479 -212.602524 101.945045 242.363525 -149.162186 70.004288 260.297089 -195.640411 89.556946 213.176010 -116.132195               4672 
80.545830 236.711212 -217.277298 100.831566 240.350052 -152.536957 70.699379 258.004456 -200.330948 87.643608 210.483826 -120.436462               4682 
80.998245 229.125046 -216.771545 102.970123 237.802505 -154.589432 69.889076 251.841522 -201.633575 93.534836 207.457748 -121.626930               4691 
83.264793 222.286591 -220.924301 103.809708 236.095901 -160.231644 80.561615 239.143814 -209.668839 96.512527 206.138474 -126.384056               4699 
84.849190 217.739548 -224.729874 103.761169 234.411133 -164.763107 88.979744 230.637390 -215.186340 97.307480 204.822571 -130.423294               4709 
85.789108 214.408463 -227.794159 103.341866 232.622833 -168.150818 94.039711 223.811203 -219.008057 97.035324 203.298065 -133.558304               4718 
86.495514 213.310043 -229.272934 103.403496 231.955933 -169.754181 96.467690 221.419922 -220.804337 96.947273 202.647675 -135.175308               4727 
87.366295 213.001999 -230.122742 103.949074 231.826797 -170.703812 97.569450 220.701279 -221.958603 97.246185 202.536697 -136.156494               4736 
87.868965 212.381851 -230.683884 104.497131 231.593689 -171.499786 98.243126 219.945663 -222.768005 97.939049 202.401642 -136.841873               4745 
88.153748 209.838150 -234.969559 105.110504 230.097717 -176.315674 98.807968 217.412689 -227.367630 98.767891 201.447891 -141.168640               4754 
89.412483 207.775589 -238.705872 105.709419 229.597290 -180.498581 99.905869 215.730835 -231.339798 99.675728 201.555206 -144.811157               4763 
90.760910 206.063324 -242.125305 104.931610 228.566696 -183.682114 103.608284 213.162277 -233.513565 97.815277 200.808640 -147.972122               4772 
90.293655 205.575455 -243.094254 105.300735 227.418060 -184.661926 105.211563 211.774292 -233.906647 98.395805 199.328476 -149.170334               4781 
90.092537 205.331696 -243.481537 105.463051 226.912964 -185.092789 106.275635 211.069855 -233.939224 98.648026 198.677383 -149.699799               4790 
89.988602 205.179688 -243.658920 105.548576 226.646835 -185.319809 107.350143 210.445923 -233.686234 98.780151 198.334290 -149.979401               4799 
89.385254 204.683884 -244.235428 105.642197 226.575668 -186.282166 107.420769 209.643799 -234.258133 98.835106 198.676941 -150.621536               4808 
88.885559 204.507492 -244.934326 105.778061 226.472656 -187.225403 107.247437 209.351013 -235.098541 99.337517 198.601105 -151.475555               4818 
88.236992 204.417542 -246.009506 105.901390 226.257309 -188.513489 107.008141 208.944641 -236.229172 99.358063 198.525879 -152.673447               4826 
87.574303 204.259613 -246.757248 106.070770 226.354156 -189.651337 106.811348 208.666138 -237.108261 99.843643 198.845703 -153.583847               4836 
87.547279 204.542404 -248.339859 106.183846 226.837936 -191.381851 107.268532 208.855759 -238.525467 100.055489 199.432266 -155.219330               4844 
87.803558 204.538437 -249.164673 106.323410 227.175491 -192.328094 107.789742 208.877243 -239.192352 100.208153 199.928925 -156.043335               4853 
87.662109 204.407654 -249.471420 106.091591 227.227417 -192.700943 108.110565 208.460358 -239.068939 100.081406 200.009232 -156.377350               4862 
87.631279 204.248871 -249.475647 105.992424 227.267120 -192.784164 108.325745 208.132797 -238.723801 100.062988 200.105789 -156.404785               4872 
87.636925 204.104004 -249.441956 105.844894 227.341660 -192.809647 108.790642 207.360947 -237.606323 100.026527 200.217514 -156.384613               4880 
87.013176 197.310303 -248.611313 103.075798 224.527679 -193.132507 108.054840 203.000336 -236.590393 100.762512 198.266998 -155.697479               4889 
95.138107 194.649384 -242.288300 100.278694 228.645889 -196.233521 111.133850 205.992920 -241.308212 98.143616 200.982910 -159.811584               4899 
99.082260 191.900955 -238.722061 99.315758 228.655472 -197.620514 112.676857 205.517532 -244.102570 98.041954 200.043564 -161.898087               4907 
99.752701 189.411057 -235.755127 98.916435 227.646042 -197.115631 112.255020 203.640778 -244.399734 98.554115 198.965378 -161.427475               4917 
100.093231 187.582642 -233.857849 98.353951 226.298676 -196.154175 111.817474 202.201401 -243.989304 98.952827 197.461105 -160.595886               4926 
99.714584 188.234985 -234.243423 99.145378 227.266510 -197.041550 111.422005 202.594193 -245.291107 99.516052 198.344620 -161.548706               4935 
99.002205 188.629852 -234.659042 99.954185 227.608582 -197.519577 110.824821 202.671524 -246.231552 99.951317 198.442642 -162.225052               4944 
97.793007 188.823685 -234.833252 100.434822 227.648361 -197.685974 109.908791 202.545258 -246.676102 99.944519 198.266907 -162.574081               4953 
96.969498 188.866364 -234.797852 100.808441 227.604355 -197.715302 109.296776 202.313812 -246.851212 99.935387 198.131699 -162.687363               4962 
96.348984 188.984283 -234.583954 101.008553 227.660110 -197.571701 108.814240 202.230331 -246.768402 99.841797 198.131653 -162.599365               4971 
95.730164 189.015411 -234.337097 101.131386 227.600510 -197.363754 108.348412 202.041595 -246.586029 99.678642 198.013229 -162.451904               4980 
95.099602 189.012848 -234.243256 101.116142 227.889740 -197.700745 107.720810 201.791641 -246.728378 99.736198 198.579086 -162.553375               4989 
94.647484 188.848267 -234.041687 101.220062 227.945984 -197.856216 107.307190 201.393341 -246.709030 99.806458 198.866043 -162.519058               4998 
93.912262 188.608887 -234.070892 101.408836 227.749069 -198.132370 106.855667 200.800415 -246.760803 99.805824 198.806656 -162.690536               5007 
93.278015 188.569992 -234.117172 101.516930 227.676544 -198.323257 106.708992 200.389771 -246.579269 99.827339 198.778519 -162.849243               5016 
92.620117 188.537994 -234.227325 101.693718 227.686646 -198.698685 106.594963 199.917465 -246.470840 99.914711 198.938156 -163.107742               5025 
92.113052 188.515839 -234.298645 101.830360 227.694458 -198.988861 106.432487 199.581772 -246.432465 99.987312 199.063660 -163.306427               5034 
91.296288 188.204178 -234.275970 101.919334 227.413803 -199.275589 106.171303 198.799164 -246.223175 99.910225 198.983704 -163.441971               5043 
90.590569 187.940704 -234.239868 101.996262 227.171143 -199.523499 105.946030 198.118515 -246.033279 99.851906 198.919312 -163.556976               5053 
90.192421 187.791748 -234.208572 102.039726 227.034027 -199.663589 106.027611 197.671494 -245.788284 99.822456 198.884750 -163.621155               5061 
90.041199 187.544388 -234.105621 102.005707 226.952942 -199.802200 106.105354 197.260681 -245.587646 99.672638 199.006454 -163.609558               5070 
89.917725 187.299072 -233.914474 102.031631 226.840912 -199.827057 106.087196 196.891693 -245.380768 99.602539 199.071625 -163.504578               5079 
89.810989 187.087952 -233.746704 102.053902 226.744675 -199.848404 106.083511 196.570068 -245.179672 99.543289 199.128403 -163.414993               5088 
89.777634 186.868179 -233.741898 101.994125 226.641968 -199.979767 106.119308 196.300278 -245.128555 99.406120 199.145966 -163.460892               5097 
89.831306 185.901733 -233.537109 101.683128 226.128372 -200.191818 106.125969 195.344147 -244.943100 99.183533 199.003693 -163.390198               5106 
90.063683 185.202972 -233.501709 101.552132 225.693939 -200.357224 106.264893 194.723053 -244.835587 99.066811 198.757568 -163.416595               5116 
90.213181 184.843338 -233.488052 101.487785 225.479187 -200.454437 106.330437 194.498245 -244.748734 99.016281 198.637772 -163.443802               5124 
90.729507 184.611160 -233.622971 101.079536 225.460159 -200.556213 106.670212 194.674301 -244.720016 98.865364 198.586441 -163.552750               5133 
91.141533 184.433838 -233.719193 100.755173 225.445038 -200.637085 106.938515 194.947479 -244.588120 98.747658 198.552078 -163.635818               5142 
91.443497 184.226715 -233.759338 100.481529 225.402390 -200.725189 107.030487 195.254745 -244.378693 98.647255 198.542969 -163.690598               5152 
91.823555 184.248077 -233.603699 100.433441 225.519470 -200.580002 107.268723 195.625549 -244.008209 98.647934 198.671875 -163.534439               5160 
91.929596 184.292206 -233.594833 100.433937 225.553925 -200.536942 107.393669 195.907394 -243.806976 98.715721 198.656036 -163.524689               5169 
91.924355 184.336258 -233.585495 100.402161 225.583679 -200.507950 107.577736 196.151611 -243.553314 98.752365 198.644638 -163.522507               5179 
91.995056 184.697220 -233.500565 100.242752 225.729874 -200.103912 107.765991 196.810974 -243.161118 98.743553 198.482559 -163.338562               5188 
91.997849 185.088257 -233.412018 100.039063 225.884125 -199.681000 107.891670 197.486877 -242.792770 98.732460 198.309433 -163.153137               5197 
92.013008 186.579147 -233.011810 99.673958 226.668243 -198.361603 107.870346 199.378067 -242.015778 98.503395 198.263718 -162.470551               5206 
92.203957 186.809479 -232.983887 99.618881 226.709732 -198.067123 108.077972 199.796524 -241.807236 98.457527 198.068893 -162.364044               5215 
92.208900 186.664429 -233.124878 99.614182 226.653885 -198.311829 108.122032 199.672134 -241.940659 98.393440 198.103165 -162.538635               5224 
92.197762 186.518860 -233.241714 99.617943 226.605316 -198.547226 108.144798 199.540268 -242.062027 98.381607 198.150711 -162.698059               5233 
92.111023 186.409668 -233.319244 99.627640 226.538528 -198.698044 108.104202 199.429413 -242.143036 98.391403 198.133240 -162.809784               5242 
91.991859 186.203918 -233.287308 99.609459 226.433685 -198.808762 108.022980 199.202072 -242.146484 98.372459 198.140274 -162.832245               5251 
91.832794 186.001434 -233.187592 99.701927 226.336716 -198.892456 107.959938 198.905731 -242.087280 98.365036 198.195602 -162.800262               5260 
91.675858 185.840210 -233.130569 99.780296 226.247299 -198.978134 107.871964 198.661346 -242.080643 98.365822 198.220657 -162.799942               5269 
91.529884 185.682068 -233.060394 99.923492 226.153412 -199.057129 107.794609 198.393860 -242.072205 98.407303 198.247894 -162.789536               5278 
91.167435 186.109024 -233.011520 100.643089 226.520004 -199.224350 107.724876 198.398987 -242.119812 98.573296 198.817459 -162.828735               5287 
91.491440 186.142365 -233.606857 100.937752 226.580399 -199.846603 108.104057 198.400604 -242.676788 98.688721 198.926682 -163.424500               5296 
91.682167 186.162201 -233.988403 101.121384 226.617310 -200.249283 108.311646 198.420990 -243.037598 98.749458 198.996582 -163.809937               5305 
91.722809 186.180435 -234.016403 101.320793 226.662628 -200.357285 108.384811 198.382919 -243.085022 98.812355 199.120605 -163.867554               5315 
91.695267 186.399384 -233.877106 101.499489 226.859695 -200.253555 108.399963 198.533203 -242.974686 98.912369 199.344101 -163.749374               5323 
91.671844 186.585312 -233.756836 101.651466 227.027298 -200.165329 108.423424 198.662689 -242.869247 98.997711 199.534653 -163.648651               5333 
91.580673 186.681870 -233.300934 101.872520 227.160538 -199.850403 108.393440 198.632889 -242.481674 99.108971 199.789658 -163.250504               5341 
91.338852 187.014893 -232.743942 102.042694 227.331055 -199.228897 108.288292 198.844009 -241.895401 99.107925 199.901871 -162.686020               5351 
90.552284 187.940262 -231.909363 102.268745 227.336868 -197.649841 107.720131 199.659317 -240.894516 99.225891 199.172745 -161.679306               5360 
89.667892 188.385895 -231.658752 101.976280 227.195831 -196.942352 107.730690 199.931046 -240.157303 99.024353 198.535690 -161.358124               5369 
89.631508 190.975662 -233.035233 102.423141 228.406570 -197.006012 108.561020 202.271744 -240.785965 98.482460 198.721863 -162.370102               5377 
92.148849 193.924667 -237.120148 104.392006 230.353531 -199.688126 111.372093 205.234650 -243.941345 99.276634 199.873337 -165.907272               5386 
92.779526 196.962967 -238.869568 106.004547 232.290070 -200.363586 112.349228 207.799088 -245.069626 99.791847 201.357422 -167.183334               5396 
93.215332 196.406693 -238.973495 106.061363 232.127380 -200.406250 112.586899 207.478806 -245.034073 100.203163 201.334274 -167.032272               5404 
93.485741 196.324600 -238.878067 106.113457 232.417816 -200.278931 112.620384 207.541351 -244.877640 100.362442 201.862854 -166.668289               5414 
94.326515 195.743332 -238.286285 105.477425 233.008087 -200.101273 112.917679 207.587952 -244.220261 100.495483 202.962616 -165.913467               5423 
95.841057 194.626114 -236.972366 104.590263 233.731995 -199.802231 113.828812 207.169571 -242.883484 100.364319 204.748291 -164.610733               5432 
96.852692 195.676254 -232.351013 103.534950 235.387619 -195.120697 114.296585 208.852966 -237.829163 99.886292 206.577820 -159.722412               5441 
96.623390 197.710190 -229.115097 103.415131 237.679840 -192.074387 114.104752 210.788315 -234.558243 99.618126 209.157852 -156.459274               5450 
95.260582 200.008301 -226.791489 103.231606 238.998306 -188.875320 113.108742 212.671600 -231.901169 98.603302 209.887009 -153.840103               5459 
94.553658 200.103195 -224.768158 102.660461 239.412750 -187.205948 112.623840 212.477020 -229.812943 97.283409 210.765152 -151.896484               5468 
93.125458 199.573151 -222.770279 101.809723 239.687759 -186.197220 111.323105 211.628586 -228.154892 96.195114 211.975861 -150.184967               5477 
82.323524 258.498413 -227.707626 99.209023 235.651489 -164.427841 86.216011 199.749237 -204.473999 101.761581 215.687927 -123.302460               5486 
70.473679 267.999664 -222.915054 95.542183 231.505997 -151.495880 72.211380 194.080582 -189.764771 102.880264 213.010895 -110.259491               5495 
62.901146 267.604614 -214.191727 92.877151 229.572708 -141.273148 67.458336 190.741882 -177.285858 102.848412 212.231125 -100.088211               5504 
60.644333 270.251923 -205.809082 92.161118 230.620270 -133.269562 63.809765 192.501419 -167.975357 103.133461 213.177139 -92.383125               5513 
60.695072 273.552246 -199.949753 91.970428 233.621552 -127.265953 60.566372 198.704727 -160.565948 103.201004 216.313614 -86.392189               5523 
59.489223 274.086212 -194.936890 91.834053 235.668137 -121.856186 59.600666 201.770050 -153.458679 103.892738 219.315353 -80.825340               5531 
57.826351 274.519226 -190.199310 91.151833 237.384506 -116.918480 58.193378 204.172226 -147.413437 103.940666 221.745712 -75.830406               5540 
56.394104 274.556061 -186.713562 90.041763 238.624008 -113.047119 56.703766 205.847488 -142.877548 103.163429 223.608139 -71.831810               5549 
54.913071 276.010498 -181.350449 88.912552 239.643982 -108.108246 55.035744 208.113632 -137.730225 102.444565 224.456116 -67.089111               5558 
52.242634 274.313324 -174.713989 87.881126 240.088333 -101.266754 53.822056 208.221680 -129.672943 102.414459 226.038040 -60.184792               5568 
50.104328 274.964630 -168.906799 86.909363 240.434494 -96.222282 51.588604 209.535477 -123.888313 102.239204 226.253586 -55.476074               5576 
36.586105 201.678635 -123.166115 78.918602 236.169952 -85.928246 47.785603 194.967758 -104.176895 96.459763 235.437958 -43.641983               5603 
38.769924 201.873596 -103.032616 77.871597 236.806824 -82.606812 43.889244 197.534409 -100.449509 95.626389 235.499832 -40.423698               5612 
39.237854 201.195816 -91.203148 76.358337 236.771637 -78.327797 41.778912 197.825058 -96.028160 93.566994 235.884399 -35.908104               5622 
38.543835 201.127930 -78.863312 75.712433 236.495224 -70.722389 39.810738 197.872437 -86.602943 94.021194 236.224808 -28.757259               5631 
37.582062 201.415543 -66.826736 75.478302 236.123596 -61.465931 37.776543 198.450119 -75.788193 95.884758 235.079849 -20.492245               5640 
36.930016 201.872833 -55.379238 76.117935 235.317566 -51.526222 35.397644 199.826569 -64.622269 98.680618 232.269058 -11.802328               5649 
35.861404 201.528336 -45.768921 76.254150 233.838531 -42.119019 33.491882 200.323547 -54.754490 100.174515 228.598572 -3.431620               5658 
33.963959 200.172012 -37.467903 75.503342 232.506668 -33.868034 29.702124 201.232391 -44.386665 100.513649 226.676086 4.037694               5667 
32.168888 199.992569 -31.733011 74.938660 231.853134 -28.168991 27.796133 202.044983 -37.793324 100.315193 225.523224 9.411849               5676 
31.813101 198.198547 -20.749472 74.973816 230.440170 -18.898153 27.468807 200.570953 -26.233694 102.408661 223.765610 17.145365               5685 
31.285456 196.270905 -12.116127 74.322098 229.227753 -10.409211 27.117640 198.815079 -17.299902 102.286270 222.695068 25.251482               5694 
30.385197 194.155197 -2.116394 73.494881 227.359360 -2.208896 26.331799 196.749100 -7.012224 103.397125 220.409119 31.760288               5703 
29.812813 191.543579 6.154714 72.156036 225.887970 5.018503 25.825979 194.081940 1.363091 103.262535 219.407761 37.984367               5712 
30.169329 189.602982 14.490405 71.438515 225.306671 11.823890 26.791639 191.642899 9.502931 103.620895 220.193451 43.987617               5721 
29.397112 188.226349 22.898544 69.779816 224.865784 18.162548 24.805592 191.692245 18.944351 103.131165 221.101501 49.305344               5730 
30.276554 185.418030 30.856955 69.527725 223.300888 25.333265 25.797493 188.793976 27.030689 103.972504 220.014832 55.318516               5739 
30.593006 184.587128 38.917450 69.403015 222.856277 32.197166 28.469547 186.866989 34.339790 104.596100 220.115051 61.356869               5748 
29.660799 184.539169 44.735180 68.323547 222.954895 37.416790 28.052540 186.795380 40.130802 103.889267 220.367386 66.135078               5757 
28.549145 183.435257 48.878788 67.031570 222.168137 41.789913 28.055281 185.319305 43.891567 102.405235 219.858719 70.767944               5766 
27.826492 181.008316 53.886860 65.550423 220.583496 46.857132 28.316378 182.659607 48.462559 101.327202 218.496613 75.353142               5775 
26.832693 179.290802 58.670021 63.566517 219.791534 51.190384 29.208223 180.221680 52.314114 99.295654 219.015457 79.811745               5785 
26.289686 178.102585 63.084595 62.476990 219.117172 55.467388 28.814404 179.059265 56.703300 98.397057 218.742477 83.856903               5793 
26.265600 176.470413 67.838593 61.780479 218.128845 60.264469 29.304976 177.304443 61.220211 97.817688 218.216278 88.507484               5803 
26.297743 175.643509 72.080025 61.537907 217.510498 64.137260 30.100561 176.190308 65.009201 97.723358 217.948532 92.186806               5811 
25.714146 174.846191 76.068535 60.754017 216.923233 68.166847 30.163111 175.210510 68.609528 97.045464 217.404297 96.078415               5820 
25.754179 173.796173 80.356377 60.629684 216.148300 73.025368 31.312866 173.880692 72.288567 96.934639 216.396042 100.922409               5829 
25.433571 172.260132 83.103210 59.837723 215.174698 76.592514 31.004644 172.587311 75.145927 95.782471 215.626328 104.949638               5838 
24.771822 172.272629 85.343842 60.235085 214.357819 78.831757 30.071573 172.692429 77.358650 96.745155 213.317627 106.441330               5848 
23.495295 174.038177 87.734688 60.290165 215.123581 82.150841 29.107315 174.266159 79.911087 95.826866 213.293900 110.963181               5857 
22.619276 174.702011 90.077713 59.932148 215.364243 84.752937 28.380627 174.830963 82.284737 95.135300 213.241623 113.952057               5866 
22.722866 174.925293 92.264214 60.319237 215.365143 86.977074 28.394093 175.145599 84.401894 95.668518 212.726013 115.956703               5874 
23.465311 175.817383 94.585976 62.620430 214.999542 91.242256 29.098774 176.294189 86.703621 97.857521 209.464966 119.948906               5884 
23.567272 176.126312 97.197960 63.121300 214.921997 93.887337 28.876976 176.752243 89.487206 98.093079 209.110199 122.862389               5893 
21.893894 179.281860 96.966209 63.281219 216.189835 95.122955 27.239323 179.788712 89.572128 96.375931 209.165970 125.973579               5902 
20.477718 184.011734 96.872658 64.608177 217.605087 96.225258 25.577852 184.302719 89.954529 95.456398 208.833939 128.902618               5911 
19.655437 188.747162 96.290375 65.652824 219.633240 97.500862 24.726418 188.819794 89.776939 93.558731 210.204697 132.553940               5920 
19.228472 191.326462 96.067856 65.973122 220.930359 98.271904 24.186403 191.373444 89.707535 92.096008 211.548859 134.685333               5929 
18.775539 192.340454 96.101875 65.421028 221.938110 99.215508 23.678822 192.457031 89.826324 90.113548 213.301529 136.792694               5938 
18.712135 192.875656 96.810417 65.246918 222.579010 99.984169 23.768644 192.738174 90.458168 89.138321 214.862976 138.272797               5947 
18.811024 193.824371 97.738907 65.825737 222.729034 101.257011 24.011135 193.460251 91.333549 89.003517 214.839081 139.946732               5956 
18.664753 194.102097 97.925903 65.713455 222.940826 102.037262 24.299992 193.151535 91.582108 88.122513 215.313095 141.229187               5965 
18.276953 193.709869 97.758980 65.258781 222.837357 102.679802 24.731548 191.812500 91.757881 87.032623 215.428574 142.269760               5974 
17.182026 193.652603 97.370438 64.101082 223.241928 103.031990 24.789200 190.614990 91.970825 85.081772 216.636963 143.188446               5983 
17.041641 193.576492 97.761536 64.331047 222.988953 104.587585 25.605989 189.486465 93.057785 84.833435 215.844025 144.898361               5992 
16.691500 193.729752 97.807877 64.553680 222.675308 105.465195 25.778704 188.823410 93.681808 84.745789 215.010788 145.837082               6001 
16.264950 195.194778 97.409134 64.907501 223.223450 106.770325 26.113203 189.309769 94.209610 83.903076 215.167191 147.643555               6010 
16.352961 195.803665 96.978310 66.034157 222.571686 108.103981 26.937229 188.928543 94.780128 84.327110 213.566345 149.099442               6019 
15.673362 197.167770 95.888443 65.954262 223.017441 108.353821 27.195084 188.939804 94.519478 83.367622 213.670807 149.654800               6028 
15.287980 197.910751 95.376701 65.880325 223.177643 108.447426 27.501469 188.497269 94.451981 82.800682 213.637344 149.908737               6037 
14.999854 198.266769 95.140053 65.799431 223.249268 108.594055 27.807121 187.944397 94.635033 82.376427 213.721405 150.196686               6046 
14.585750 198.759964 94.863884 65.916489 223.107590 109.032471 28.086937 187.440735 95.105110 82.138931 213.475494 150.750702               6055 
14.147976 198.747543 94.383812 65.861702 222.933655 108.831047 28.093853 186.906525 95.248764 82.095802 213.483521 150.586349               6064 
