26.115681 182.250916 110.559456 66.639091 205.936386 111.720589 46.377354 256.092072 169.493423 99.575150 186.733109 137.074203                  0 
25.986364 182.604385 109.442253 66.744743 205.199127 111.283577 47.371407 254.274841 170.262909 98.984421 184.451721 136.313644                  9 
25.910458 182.765396 108.478256 66.739143 204.581100 110.954834 47.718689 252.851624 170.718445 98.297554 182.698380 135.886124                 18 
25.848009 183.036880 107.042313 66.749702 204.092285 110.139336 48.066578 251.526642 170.698959 97.621651 181.097656 134.928955                 27 
26.756861 183.071930 106.854660 66.714539 205.560928 110.211098 46.046680 251.918869 170.970566 98.221664 183.480713 135.032867                 36 
26.432154 182.935760 106.203934 66.504211 205.145172 109.931824 45.957508 250.828506 171.251678 97.830231 182.562500 134.529770                 45 
26.302111 183.015701 105.888794 66.457024 205.023956 109.841911 45.826340 250.662155 171.186142 97.572716 182.243744 134.524521                 54 
26.344032 183.122253 105.306648 66.582268 204.915314 109.572609 45.742599 250.557510 170.861176 97.408722 181.932739 134.429932                 63 
26.372265 183.213348 104.899590 66.678345 204.825134 109.404495 45.694489 250.472794 170.656311 97.274879 181.675217 134.390274                 72 
26.254751 183.403061 104.667969 66.534782 205.015900 109.464577 44.940826 251.001144 170.265472 96.876389 181.994858 134.876663                 81 
26.164715 183.437607 104.574417 66.517204 204.968369 109.452271 44.868153 251.055740 170.165268 96.786041 181.937805 134.942398                 90 
26.397133 183.477005 104.843704 66.697632 205.113922 109.657997 44.805473 251.621872 169.970337 96.941147 182.327652 135.396515                 99 
26.906649 183.321411 105.331276 66.546234 206.207855 109.725563 42.988781 253.793930 168.559372 97.254890 185.023697 136.269226                108 
26.969358 183.176086 105.602310 66.330650 206.646301 109.854210 41.831524 254.727707 167.890854 97.265991 186.320709 136.802872                117 
26.895039 183.066986 105.746559 66.313492 206.641937 109.978180 41.577202 254.919342 167.746384 97.365639 186.621017 137.020416                126 
27.108839 182.267456 106.216942 66.663727 206.042999 110.297356 41.865089 254.294983 168.058167 98.139626 186.462204 137.171432                135 
27.046618 181.609955 106.475380 66.631767 205.791595 110.297173 41.382771 254.242416 167.681808 98.668945 187.099228 137.140610                144 
27.153156 181.068390 107.072083 67.002571 205.182526 110.705330 42.055721 253.650024 168.204498 99.396538 186.725479 137.282089                153 
27.331310 180.441177 107.631477 67.326050 204.574799 111.085571 42.610180 253.006332 168.706558 100.006096 186.291428 137.431122                162 
27.299885 180.373657 107.849770 67.309563 204.524323 111.182884 42.574772 253.160309 168.609726 100.068626 186.424576 137.557083                171 
27.432602 180.326096 108.459038 67.520294 204.328934 111.512978 43.241032 253.173157 168.955154 100.378998 186.202194 137.744308                181 
27.090206 180.633194 108.677849 67.368034 204.312790 111.664909 43.445522 253.559036 168.919968 100.079842 186.032928 137.973450                189 
26.729101 180.861008 108.808067 67.317139 204.008224 111.814514 44.025768 253.520935 169.101807 99.800850 185.303238 138.106873                198 
26.454611 181.374207 109.130966 67.152893 204.281204 111.954849 44.201843 254.262238 168.975800 99.552139 185.540909 138.326157                207 
26.455620 181.645767 109.436401 67.209099 204.371841 112.035011 44.698887 254.589569 169.063583 99.618507 185.544205 138.331512                216 
26.350229 181.899063 109.465668 67.171753 204.465515 112.020065 44.922638 254.785141 169.083664 99.512756 185.494064 138.297424                225 
26.312445 182.153381 109.459618 67.154533 204.552277 111.946884 45.219769 254.964584 169.103653 99.386383 185.366852 138.202988                235 
26.553413 182.186691 109.641106 67.154274 204.583191 111.898247 45.493176 255.023972 169.177902 99.306976 185.204666 138.109558                244 
26.860693 182.140594 109.850967 67.162971 204.590073 111.881691 45.681152 255.020981 169.314941 99.260712 185.069351 138.054810                253 
27.056789 182.243881 109.929695 67.173653 204.511642 111.811279 46.187553 254.788773 169.697708 99.126595 184.558762 137.835266                262 
27.049765 182.436081 109.844444 67.133835 204.356888 111.709869 46.810341 254.330872 170.300201 98.879326 183.775940 137.497543                271 
27.116188 184.029205 109.503723 66.884674 206.415039 111.539764 45.787571 256.086212 170.261551 98.713211 186.094711 137.431534                280 
26.903387 184.222549 109.080048 66.975929 206.041977 111.282967 46.732143 255.330582 170.864792 98.560135 184.944427 136.850266                289 
26.614992 184.439133 108.788315 66.947632 205.717087 111.180534 47.432354 254.745300 171.468109 98.198059 183.889465 136.544327                298 
26.677071 184.456726 108.880310 66.936172 205.727051 111.204643 47.592094 254.805328 171.720337 98.112816 183.777313 136.553833                307 
26.717903 184.475494 108.924179 66.911400 205.717850 111.213860 47.696632 254.826904 171.895340 97.993713 183.635208 136.563461                316 
26.742495 184.508423 108.941444 66.926758 205.709244 111.213470 47.843258 254.859741 172.043961 97.942993 183.529648 136.559341                325 
26.826231 184.606384 109.016365 66.986786 205.705109 111.232941 48.164822 254.917099 172.231476 97.891258 183.348190 136.559570                334 
27.012926 185.286804 109.115685 66.930168 206.686234 111.146080 47.839638 256.245300 171.896698 97.897186 184.630524 136.659698                343 
27.212551 185.570801 109.325920 66.975410 207.101456 111.243713 47.787041 256.870972 171.851318 97.914986 185.142883 136.874146                352 
27.967430 185.944931 109.515259 67.180580 208.484131 111.324936 46.565147 258.443817 171.342697 98.548134 187.566269 137.303299                361 
28.040094 185.816406 109.538727 67.208717 208.443909 111.348145 46.507492 258.363892 171.386292 98.606415 187.570328 137.325699                370 
28.131329 185.702118 109.628937 67.113014 208.646713 111.303505 45.996304 258.834717 170.983856 98.626999 188.170776 137.456146                379 
28.175512 185.605652 109.655350 67.126305 208.646515 111.283913 45.930298 258.892975 170.895477 98.692139 188.277359 137.457397                388 
28.219084 185.266022 109.460915 67.044250 208.631348 111.029854 45.432976 258.991913 170.407898 98.754150 188.626007 137.309586                397 
28.346794 184.477905 109.484169 67.125603 208.129944 110.934784 45.464363 258.297791 170.484619 99.117546 188.335693 137.031891                406 
28.236982 183.747406 109.640564 66.914597 207.757813 110.843178 44.923176 258.252045 170.010162 99.184326 188.527863 137.020065                415 
28.948442 181.789917 110.052422 67.386559 206.446365 110.999245 44.974125 256.618530 170.297455 100.262688 187.888351 136.905151                424 
28.863197 181.337112 110.051689 67.241814 206.310074 111.157425 44.078102 256.483734 170.180328 100.248405 188.239609 137.241501                433 
28.748669 181.083435 110.020401 67.164948 206.221558 111.251160 43.603733 256.377747 170.146088 100.253044 188.418518 137.415741                442 
28.570042 180.964554 110.085083 67.157753 206.051178 111.386841 43.591599 256.267090 170.248123 100.272102 188.301147 137.554214                451 
28.320313 180.852249 110.121323 67.122505 205.790878 111.497398 43.712173 256.063843 170.397400 100.214638 187.962372 137.639526                461 
27.369759 181.778854 110.335899 67.199997 205.251480 111.873291 45.722889 256.203369 171.197723 99.636444 186.175644 137.956711                469 
27.125441 181.940903 110.437012 67.070160 205.303131 111.837181 45.889088 256.518951 171.231186 99.521729 186.232849 137.905869                478 
25.913050 182.898666 110.178581 66.600304 204.946152 111.771713 46.824295 256.875580 171.124741 98.277710 184.837448 138.011719                488 
25.716351 183.525345 110.296364 66.331558 205.539261 111.628426 46.652042 258.140869 170.495987 97.899399 185.587814 138.119308                497 
25.799498 183.681793 110.410194 66.152786 205.744598 111.552460 46.556652 258.391724 170.443115 97.663582 185.722656 138.058075                506 
26.104097 183.758087 110.556801 66.156120 205.866440 111.446655 46.771706 258.464020 170.528870 97.644135 185.708847 137.876419                515 
26.334394 183.734314 110.516251 66.109566 205.842270 111.277054 46.988239 258.075073 170.839600 97.562416 185.378784 137.512894                524 
26.368393 184.152634 110.083542 66.545334 205.347092 111.224861 48.647514 256.868408 171.884247 97.446999 183.603271 137.083115                533 
26.155151 184.515686 109.380424 66.519432 205.263947 110.996765 48.767559 256.418671 172.089233 96.953392 182.897324 136.878510                542 
26.032043 184.761459 108.838326 66.523109 205.238129 110.835907 48.769161 256.053345 172.273727 96.649872 182.458237 136.716614                551 
25.936516 184.967270 108.345161 66.554733 205.211868 110.691238 48.809864 255.681396 172.482239 96.422417 182.058517 136.540802                560 
25.883406 185.107895 107.807755 66.624908 205.187088 110.554367 48.764938 255.285782 172.689087 96.237015 181.700195 136.397064                569 
26.164162 185.345001 107.067474 67.142273 204.965317 110.343025 49.483345 254.382584 173.141754 96.343407 180.784378 136.012695                578 
25.865028 185.583740 106.465561 67.053780 204.997253 110.192177 49.150673 254.412460 172.957016 95.901848 180.605453 136.060791                587 
25.817390 185.647995 106.287697 67.112770 204.986969 110.180313 49.183189 254.337250 173.005035 95.848312 180.483734 136.068832                596 
25.836098 185.795288 106.068855 67.273964 204.949249 110.224487 49.283401 254.299698 173.066315 95.775528 180.275360 136.209396                605 
25.724310 185.834442 105.594734 67.404869 204.739090 110.167694 49.342533 253.884018 173.186218 95.641449 179.789627 136.178757                614 
25.908049 186.055466 105.654732 67.795090 204.650482 110.337608 50.038662 253.898331 173.474838 95.819366 179.478333 136.363724                623 
26.049831 185.911453 105.299927 68.167381 204.326950 110.324654 50.341770 253.358551 173.668198 96.058334 178.981064 136.325348                633 
25.782225 185.924347 105.037628 68.108719 204.491577 110.250961 49.931633 253.660538 173.432373 96.131615 179.414322 136.369995                641 
25.929651 185.240662 104.954437 67.769844 205.472473 110.038139 47.642376 254.802795 172.545639 96.815529 181.955444 136.489090                650 
26.234922 184.808487 105.196098 67.711243 206.302353 109.976997 46.180645 256.176270 171.621765 97.512962 184.196259 136.801132                659 
26.332170 184.691910 105.571396 67.541733 207.159439 109.969505 45.004894 257.677734 170.764160 97.932404 186.275543 137.110367                668 
26.441780 184.393890 105.777992 67.495110 207.330627 110.016655 44.438473 258.052032 170.484390 98.171730 187.022430 137.272446                677 
26.348715 184.322617 105.888695 67.481583 207.389084 110.087059 44.272678 258.228119 170.433456 98.321251 187.351654 137.359253                687 
26.335903 183.805817 106.358902 67.535500 207.154190 110.360672 44.162048 258.149200 170.544846 98.726280 187.596481 137.581741                695 
25.911825 182.240097 107.621643 67.062912 206.169312 111.317001 43.142624 257.329407 171.182114 98.860962 187.535797 138.483734                723 
25.698647 181.869812 108.067802 66.942520 205.726715 111.619789 43.189308 257.134460 171.345840 98.808952 187.196350 138.776962                732 
25.376776 181.688965 108.657768 66.863297 205.221252 112.004692 43.778259 256.737518 171.909180 98.836800 186.539230 138.931137                741 
24.890812 181.249191 110.022629 67.615059 202.641632 113.025787 48.465824 253.425766 174.811462 99.389076 181.765366 138.539505                750 
24.414824 181.863251 109.967445 67.430786 202.772537 112.976105 48.746918 254.036362 174.507492 98.980751 181.699356 138.605713                759 
24.062487 182.096008 109.921120 67.386032 202.439819 112.912460 49.550766 253.624374 174.776993 98.789948 180.881836 138.317245                768 
23.695555 182.272598 110.107430 67.311989 202.056458 113.203751 50.034752 253.376587 175.113815 98.449509 180.108139 138.602219                777 
23.723835 182.221771 110.409592 67.456032 201.740906 113.414528 50.700684 252.938965 175.563934 98.585228 179.547867 138.609726                786 
23.582253 182.034805 110.454704 67.285187 201.619492 113.439056 50.428326 252.853119 175.518127 98.485840 179.538055 138.643906                795 
23.395203 181.875259 110.419777 67.089699 201.482986 113.371132 50.237293 252.625931 175.513474 98.393669 179.452759 138.492569                804 
23.287571 181.834869 110.328651 66.979866 201.437027 113.249687 50.150566 252.547379 175.417313 98.342773 179.436356 138.323471                813 
22.646118 183.020294 110.021454 66.767807 201.739151 113.105209 50.617409 253.523468 174.899048 97.591064 179.299911 138.457993                822 
22.490892 183.153778 109.780579 66.670815 201.755554 112.826187 50.708508 253.596924 174.632111 97.460434 179.246124 138.157593                831 
22.169428 183.575684 109.411064 66.465393 201.884842 112.689980 50.581936 253.647751 174.603271 97.019989 179.117050 138.075012                840 
22.082830 184.333359 109.410080 66.574577 202.166336 112.692047 51.237572 254.137451 174.597122 96.875580 179.090912 138.103271                850 
21.882919 185.160172 109.251701 66.558975 202.445892 112.750145 51.587208 254.567490 174.648453 96.441101 178.975769 138.295547                858 
21.827843 185.992035 109.249199 66.649040 202.783295 112.890999 52.138592 254.977188 174.901794 96.154488 178.909683 138.500290                868 
21.896425 186.573151 109.080193 66.817245 202.963654 112.868805 52.635338 255.215378 174.982925 95.978096 178.755478 138.558594                876 
22.273438 187.806778 109.033119 67.079346 204.202469 113.109718 52.574806 256.394287 175.271545 95.947777 179.856659 138.998932                885 
22.548132 188.373535 108.696388 67.229744 204.750870 113.167053 52.270794 256.859619 175.332901 95.726936 180.234360 139.305283                894 
22.722618 188.533554 108.503029 67.356308 204.850143 113.119293 52.399048 256.749573 175.499527 95.646698 180.091736 139.254150                903 
22.907328 188.547195 108.246620 67.562347 204.713318 113.040070 52.787971 256.203888 175.849640 95.617004 179.559113 139.050812                912 
23.020298 188.501404 108.024208 67.676384 204.641342 112.985237 52.925655 255.851364 176.057617 95.537880 179.224426 138.948166                923 
23.220240 188.352081 107.817886 67.802773 204.570465 112.913498 52.959171 255.529327 176.193161 95.514435 178.969574 138.856018                931 
23.449821 188.162857 107.569733 67.947563 204.478210 112.820572 52.980080 255.133484 176.340530 95.505920 178.678711 138.729614                939 
23.751949 187.963867 107.371445 68.089684 204.615372 112.792946 52.617252 255.045746 176.377335 95.654457 178.877899 138.756790                949 
23.897659 187.786850 107.256073 68.157379 204.635468 112.806175 52.368343 254.844162 176.490891 95.747665 178.917831 138.762573                958 
24.146263 187.416992 106.996803 68.176125 204.815216 112.700829 51.564381 254.840790 176.324585 95.954498 179.409790 138.763870                967 
24.377247 187.025955 106.924202 68.336403 204.630768 112.595505 51.601353 254.401199 176.389999 96.281075 179.283295 138.536911                976 
24.592682 186.786102 107.078720 68.421333 204.716431 112.613190 51.469315 254.568314 176.290161 96.559052 179.617020 138.587112                985 
24.781258 186.485672 107.323830 68.481163 204.767105 112.731476 51.259892 254.661270 176.305984 96.855415 179.953552 138.722733                994 
26.214945 184.133957 108.495392 69.557541 203.494583 113.021049 52.824993 251.836288 177.886047 99.298149 179.014435 137.771286               1003 
25.888023 183.530258 108.485466 69.163841 203.048981 112.966805 52.363224 251.227203 177.934082 99.040169 178.640457 137.624146               1012 
26.727877 183.413528 109.818832 68.252419 206.565079 113.277138 47.177990 256.898682 175.296204 99.792328 186.079132 139.390640               1021 
27.501616 182.918457 110.805191 68.322571 207.385254 113.669090 46.134079 257.830048 175.208511 100.662872 188.211990 139.800430               1030 
27.539576 182.706268 110.906479 68.320946 207.315765 113.757591 45.992039 257.663086 175.312607 100.759979 188.256958 139.850250               1039 
27.348495 182.533112 111.032867 68.139099 207.148132 113.834732 45.847042 257.509979 175.376358 100.612816 188.107452 139.897461               1048 
26.724171 182.849197 111.184464 67.838959 207.081024 113.962959 45.945145 257.891815 175.275406 100.142494 187.878983 140.118622               1057 
25.637241 183.729111 111.383202 67.604507 206.669586 114.361336 47.073090 258.101990 175.647644 99.257126 186.515244 140.596237               1066 
24.947134 184.403442 111.293633 67.607285 206.080124 114.503090 48.451878 257.809296 175.997696 98.587425 184.879028 140.715683               1075 
25.943865 185.220764 111.336746 68.046280 208.031815 114.431656 47.276882 260.128296 175.107147 99.433319 188.009247 141.083221               1084 
25.669338 185.442581 111.202766 67.979828 207.923767 114.373901 47.598621 260.039490 175.205338 99.202904 187.596008 140.987015               1093 
25.029636 185.945526 110.701149 67.770309 207.604034 114.207077 48.121319 259.731995 175.316528 98.468834 186.510544 140.834518               1102 
24.687363 186.285233 110.397903 67.702965 207.436707 114.108620 48.550728 259.536530 175.487778 98.069603 185.850739 140.721954               1111 
24.526312 186.573715 110.221596 67.757149 207.347137 114.081841 48.983589 259.476929 175.624573 97.861649 185.411148 140.706787               1120 
24.406681 186.889832 110.027702 67.899879 207.197128 114.063774 49.626152 259.281647 175.904419 97.702881 184.811340 140.653488               1129 
24.260138 187.377396 109.924835 68.110313 207.079437 114.090515 50.605888 259.125336 176.292557 97.582939 184.144287 140.580124               1139 
24.143387 187.820358 109.831367 68.273773 207.034241 114.114807 51.369980 259.112549 176.624863 97.442322 183.685013 140.579224               1147 
24.072001 188.233047 109.785324 68.477234 206.971024 114.160049 52.219891 259.041229 177.032913 97.363098 183.208084 140.566223               1156 
24.019409 188.612183 109.795395 68.703835 206.834274 114.218254 53.251148 258.805054 177.639984 97.321083 182.606674 140.494339               1166 
23.954420 188.816193 109.800613 68.811958 206.756439 114.276573 53.814392 258.685455 178.024567 97.242683 182.253372 140.499649               1174 
23.917793 188.989670 109.876099 69.004044 206.520508 114.329964 54.719147 258.466278 178.413666 97.183952 181.644760 140.472763               1183 
23.915827 188.980774 110.047211 69.177689 206.257187 114.455894 55.467289 258.239044 178.825623 97.171196 181.116257 140.545227               1193 
23.947615 188.805649 110.202553 69.241219 206.087265 114.596237 55.739372 258.095154 179.094910 97.121170 180.830002 140.694794               1202 
23.734583 188.567078 110.145607 69.125679 205.772171 114.354866 56.163723 257.656860 179.191513 97.042908 180.355728 140.258316               1211 
23.537352 188.073059 109.877319 68.942200 205.331604 114.047516 56.096733 257.101715 179.055893 96.886986 179.863892 139.870773               1220 
23.495571 187.735123 109.779655 68.939545 204.997528 113.704681 56.618298 256.627625 179.076096 96.984200 179.423920 139.314133               1229 
23.510447 187.398315 109.853302 68.877502 204.886536 113.608101 56.605247 256.688660 178.993927 96.998878 179.440628 139.260605               1238 
23.571741 186.926758 110.322044 68.943962 204.521439 113.654510 57.223705 256.241425 179.318237 97.335785 179.094482 139.026352               1247 
24.124470 185.344345 110.969193 69.252937 203.605942 113.754181 57.676659 254.991760 179.768906 98.311478 178.511307 138.698456               1256 
24.153751 185.060440 111.162277 69.075203 203.785995 113.780098 56.996655 255.677536 179.323761 98.338043 179.183792 138.974808               1265 
23.914558 184.493805 111.476768 68.742111 203.497040 113.674995 56.884926 255.567352 179.182114 98.343407 179.167221 138.738495               1274 
23.742210 184.090256 111.757820 68.418602 203.531525 113.656563 56.168018 256.314240 178.593674 98.291351 179.812698 138.982269               1283 
23.653765 183.963669 112.059128 68.308212 203.475128 113.771378 56.174042 256.481415 178.680115 98.287201 179.911362 139.116287               1292 
23.378878 183.582779 112.251778 68.034943 203.105316 113.751282 56.144672 256.239868 178.708740 98.132278 179.623688 139.032074               1301 
23.008789 183.668015 112.409782 67.754601 202.994217 113.801392 56.130611 256.438660 178.714462 97.792732 179.522766 139.161957               1310 
22.628391 183.626099 112.526840 67.414612 202.816681 113.897438 55.934803 256.353058 178.894287 97.384583 179.294830 139.291901               1319 
22.479855 183.620117 112.686172 67.323761 202.655167 113.982727 56.159050 256.182007 179.222015 97.275932 179.044830 139.316025               1328 
22.227711 183.492859 112.614922 67.090981 202.445068 113.886726 56.068272 255.869308 179.318558 97.053955 178.766327 139.143280               1337 
21.984608 183.429428 112.602455 66.855515 202.311615 113.846764 55.915653 255.767883 179.358109 96.798782 178.611145 139.106308               1346 
21.874310 183.343170 112.632225 66.699043 202.195847 113.853363 55.795727 255.619064 179.485855 96.636642 178.473221 139.098831               1355 
21.884979 183.264771 112.658028 66.624321 202.105484 113.859947 55.710342 255.475830 179.602295 96.559647 178.367233 139.093399               1364 
21.944431 183.313416 112.682846 66.615959 202.092941 113.858086 55.761997 255.417496 179.798126 96.529663 178.317810 139.082458               1373 
22.027241 183.355057 112.719574 66.609451 202.083191 113.856636 55.826809 255.357544 180.036331 96.506317 178.279373 139.073944               1383 
22.040384 183.505219 112.704338 66.569992 202.168884 113.878838 55.755783 255.443527 180.153656 96.403671 178.337158 139.144547               1391 
22.474949 183.808182 112.848625 66.806351 202.527817 113.917068 55.961826 255.794510 180.280029 96.677574 178.740662 139.180420               1400 
23.827232 184.801468 113.430649 67.387268 204.717834 114.092255 55.255302 258.370178 179.995117 97.900505 181.984955 139.558197               1409 
24.286947 185.024796 113.392883 67.574310 205.015335 113.967499 55.562321 258.141266 180.383804 98.173378 182.120773 139.184402               1418 
24.706856 187.406219 113.621941 67.923271 207.068375 113.860168 56.424934 260.906128 179.853668 98.333870 184.142212 139.275558               1428 
24.669645 193.608612 114.173164 68.180473 212.175171 113.182632 58.118305 269.176025 176.962265 98.122696 189.674591 139.517838               1437 
25.101152 194.759918 113.508804 68.544731 213.022720 112.432434 58.730598 269.025452 177.393143 98.426857 189.929962 138.319473               1446 
25.582108 195.020691 113.270737 68.680824 213.181900 112.051849 58.045300 268.379791 177.387009 98.533569 189.755463 137.671600               1455 
25.972284 196.529297 112.526802 68.807899 214.063400 110.959480 55.885052 267.815552 176.048706 98.413940 189.855804 136.135468               1464 
25.787027 195.116623 109.916931 67.693558 214.276978 109.103638 50.623291 265.738556 172.037735 97.957108 190.298721 133.710876               1473 
25.553316 195.081177 107.482643 66.976334 215.035187 107.335640 47.108871 264.346313 166.939896 97.619530 190.653793 131.061127               1482 
18.739120 210.413757 91.821960 71.798271 223.195984 103.874672 18.626760 221.189850 117.538605 99.478592 197.689133 129.942963               1491 
14.849162 218.267654 80.908287 72.031075 227.738861 100.160187 11.932372 213.434860 97.520401 97.720657 201.823792 127.815384               1500 
13.156591 222.269043 74.271294 72.317116 230.380737 96.263130 12.959943 215.638168 87.738373 97.162903 203.611618 123.875748               1509 
11.254809 225.918777 68.411797 71.632614 232.257553 92.071571 12.516622 218.700073 81.502098 95.811234 204.645187 119.445045               1518 
9.449175 229.393890 64.083168 71.716408 232.746887 87.762756 12.693409 220.634445 77.078575 95.940338 203.697678 113.563927               1527 
7.270941 231.380707 58.694263 70.561104 233.929062 83.039459 12.180901 221.771378 71.380569 94.959496 204.457199 108.188690               1536 
5.067574 233.405975 52.087708 68.509216 236.336441 78.099457 10.855192 223.483032 64.836418 92.849174 207.067169 103.540199               1545 
3.287497 235.818359 45.624374 66.840134 239.406631 73.292130 9.660512 225.740204 59.080044 91.047478 210.916412 99.724464               1554 
0.947704 236.276657 38.519882 64.626122 242.152695 66.989792 7.927241 226.581802 52.836075 89.372665 215.290466 94.601120               1563 
-0.963730 239.163559 31.681858 62.806908 244.097504 60.689903 5.970619 229.452255 46.189964 87.040710 216.879822 88.407700               1572 
-3.026166 241.315659 24.647919 61.096844 244.869019 53.951015 4.176044 231.158096 39.152027 85.170578 216.866425 81.018814               1582 
-5.054704 243.261017 17.261843 59.094120 246.485382 47.593060 2.373856 232.978882 32.192249 82.936394 218.513596 74.896561               1590 
-7.084688 243.900314 10.068002 57.292976 247.290970 40.729370 0.807163 233.535019 25.131376 81.469353 219.346161 67.765396               1599 
-8.754860 245.158966 2.240670 55.130760 247.989899 34.311275 -0.902374 234.864899 17.318037 78.785667 219.633774 61.380283               1608 
-11.379960 245.294159 -7.292011 51.560749 248.467499 26.858728 -3.504050 235.437057 7.858422 74.775055 220.061890 54.255318               1617 
-14.426377 245.409485 -17.978521 47.524872 249.375320 18.519316 -6.345407 235.961716 -2.490185 70.457169 221.275009 46.462791               1627 
-16.727413 245.588974 -26.404806 44.768223 250.126923 11.263482 -8.388684 236.530136 -10.724682 67.775520 222.177429 39.296429               1636 
-19.135847 245.783295 -35.661747 41.526058 250.792191 3.762018 -10.691436 237.208481 -19.647478 64.187141 223.059891 32.288345               1644 
-21.782255 244.769287 -44.897030 38.321091 250.955322 -4.273356 -13.105289 236.849213 -28.459827 61.308735 223.680252 24.431952               1653 
-25.435986 246.766068 -56.518105 34.072094 251.868439 -13.851267 -16.650082 238.615936 -39.342144 56.091373 224.555298 15.568105               1663 
-28.444859 247.315948 -67.562386 30.357014 251.717087 -22.770302 -19.355791 238.703430 -49.706127 51.946316 224.371323 6.936045               1672 
-31.609922 249.227737 -78.785728 26.545509 250.370621 -32.023270 -22.591293 239.576431 -60.440540 46.836327 221.864029 -2.493406               1681 
-33.654217 249.129410 -89.149727 23.323532 248.535370 -40.130505 -24.628523 238.560120 -70.404350 43.139263 219.257507 -11.035839               1690 
-36.674034 249.323807 -100.657791 19.126703 247.112778 -49.564003 -27.741005 237.836014 -81.432022 38.282539 217.341888 -20.527754               1700 
-38.805195 249.272476 -110.300667 15.466605 245.210693 -57.004822 -30.102592 236.632568 -90.721161 33.873234 214.831528 -28.114365               1708 
-40.824974 248.956696 -120.573425 12.333496 243.923355 -65.436127 -32.025852 235.221115 -100.546272 30.470778 213.475525 -36.447773               1717 
-42.553646 249.871201 -130.790405 9.441347 242.509811 -74.045601 -33.857227 234.687561 -110.544067 26.867376 211.439407 -45.282452               1726 
-44.075512 250.340988 -140.656509 6.912815 242.077286 -82.180634 -35.074047 233.715500 -119.975746 24.253912 211.155472 -53.206791               1735 
-45.784393 250.773010 -150.651062 4.237003 241.209595 -90.464081 -36.435661 232.409027 -129.495880 21.327475 210.445908 -61.174713               1745 
-47.580475 251.171463 -159.502838 1.828055 240.231522 -98.055763 -37.796268 231.091904 -138.019196 18.789190 209.574158 -68.580322               1753 
-49.757568 251.086151 -168.751694 -1.255194 238.997238 -105.586357 -39.128674 228.748596 -146.926071 15.825332 208.762238 -75.745850               1762 
-52.166405 249.558914 -179.201462 -4.077978 237.634079 -114.402039 -39.982620 225.246964 -156.885376 13.712154 208.442932 -83.943161               1775 
-55.433403 248.423859 -189.424683 -6.251915 236.471985 -124.258110 -41.674988 222.250702 -166.561371 12.270052 208.407410 -93.182846               1789 
-56.972900 249.011642 -196.652420 -8.509189 234.722031 -130.619644 -41.696476 220.943237 -174.483124 10.014113 206.286362 -99.884392               1798 
-58.525646 249.097305 -202.768112 -10.374087 234.595016 -135.755463 -41.562004 219.832474 -180.332108 7.953613 206.874039 -104.259460               1807 
-59.380951 251.539978 -207.697540 -12.007251 233.680298 -140.115891 -41.198162 219.846817 -185.908417 5.465324 205.357559 -108.669319               1817 
-61.344261 251.650986 -209.822998 -13.105177 229.924713 -143.388901 -40.470795 218.079224 -190.566757 5.421254 200.310959 -113.789017               1825 
-61.659473 252.405975 -214.271179 -14.337259 227.281235 -147.827087 -39.445183 217.384171 -196.686813 4.374620 196.604080 -119.452209               1835 
-62.013374 252.298630 -216.734711 -14.928531 225.707474 -150.269669 -38.539261 216.611801 -200.026581 4.151313 194.739594 -122.461288               1843 
-68.179886 249.514725 -219.250320 -21.436447 216.448242 -155.016983 -39.467251 214.406036 -207.814560 0.624821 183.663589 -131.890747               1870 
-69.620308 248.762848 -219.142670 -22.846277 214.443115 -155.478531 -39.338921 214.361893 -208.815521 0.194519 181.569778 -133.459869               1879 
-67.439255 249.225281 -221.967636 -22.414982 215.065659 -156.818939 -37.062511 214.834137 -210.702621 0.088750 182.369827 -133.995255               1888 
-65.983650 254.445755 -221.116989 -20.684818 218.590759 -156.944855 -39.103027 217.124878 -209.744370 -0.514914 184.765228 -133.591843               1898 
-65.277428 257.112305 -220.460510 -19.526243 219.893646 -157.284149 -41.049950 218.383163 -208.880875 -0.589212 185.446655 -133.807571               1907 
-65.357590 257.952759 -220.149094 -19.192562 219.752258 -157.766052 -42.320358 218.442841 -208.558197 -0.995499 184.940842 -134.241837               1916 
-65.466270 258.444031 -219.820572 -19.145723 219.736359 -157.783188 -42.772537 218.680359 -208.227005 -1.230374 184.775742 -134.264008               1925 
-64.134094 259.820801 -219.813736 -18.339067 219.947113 -158.053360 -43.133846 219.205139 -207.731308 -1.814203 184.610977 -134.081665               1934 
-63.061131 260.801880 -219.883713 -17.695742 220.115204 -158.268829 -43.283253 219.633652 -207.310776 -2.261373 184.592651 -133.849884               1943 
-62.414848 261.376434 -219.947601 -17.300108 220.218567 -158.401337 -43.406250 219.840393 -207.060791 -2.519303 184.631927 -133.673325               1952 
-62.012341 261.747589 -219.991043 -17.046562 220.284805 -158.486267 -43.509548 219.944580 -206.905396 -2.675387 184.677185 -133.547913               1961 
-61.411530 262.252014 -220.328278 -16.775864 220.245560 -158.902771 -43.497589 220.095673 -207.021759 -3.051797 184.565079 -133.705368               1970 
-54.605160 239.177750 -202.332031 -2.900995 211.951401 -138.519028 -27.498459 194.005173 -177.416336 16.728285 187.862930 -104.891769               1979 
-53.750874 223.757706 -189.879715 4.941654 207.201050 -127.859505 -18.516581 179.854721 -159.112808 30.494770 191.273544 -93.367355               1988 
-54.245037 216.635010 -181.763138 8.748677 204.578049 -122.626144 -15.004096 173.670013 -149.449112 37.677574 192.156265 -89.381989               1997 
-54.220085 213.449738 -177.207138 10.810913 203.157181 -119.791267 -13.163172 170.732635 -144.329193 41.487663 192.281616 -87.588562               2006 
-54.085358 211.991440 -175.210037 11.744808 202.513748 -118.507484 -12.229745 169.461548 -142.107651 43.180584 192.250427 -86.840279               2015 
-53.934849 211.461426 -174.538727 12.106342 202.264648 -118.010498 -11.775457 168.956100 -141.305527 43.829681 192.223572 -86.559547               2024 
-53.781834 211.253632 -174.276184 12.293291 202.135849 -117.753502 -11.491230 168.682922 -140.919357 44.163891 192.206467 -86.416183               2033 
-53.657715 211.139481 -174.139481 12.412541 202.053680 -117.589577 -11.289336 168.503403 -140.685135 44.376553 192.194397 -86.325340               2042 
-53.549164 211.063309 -174.058716 12.498523 201.994446 -117.471382 -11.134292 168.371490 -140.521957 44.529629 192.185150 -86.260132               2051 
-53.482441 211.064987 -174.120438 12.491282 201.915802 -117.450516 -11.129785 168.255219 -140.450531 44.545856 192.116989 -86.260078               2060 
-53.439011 211.036438 -174.158524 12.485167 201.849380 -117.432899 -11.126623 168.157104 -140.390045 44.559570 192.059265 -86.260124               2069 
-53.449261 210.971741 -174.143173 12.479951 201.792740 -117.417870 -11.200839 168.088165 -140.297455 44.571274 192.009933 -86.260216               2078 
-53.472164 210.906113 -174.117508 12.475469 201.744064 -117.404953 -11.436527 168.032761 -140.133072 44.581337 191.967422 -86.260345               2087 
-53.496826 210.829208 -174.095322 12.471474 201.700668 -117.393448 -11.805495 167.987457 -139.905960 44.590309 191.929489 -86.260498               2096 
-53.521904 210.759247 -174.074799 12.468014 201.663086 -117.383476 -12.269459 167.964111 -139.634613 44.598080 191.896561 -86.260658               2106 
-53.692810 210.407593 -174.150070 12.418346 201.489899 -117.563148 -12.647867 167.747498 -139.561859 44.625069 191.798889 -86.496010               2115 
-53.910339 209.894440 -174.216476 12.364779 201.265091 -117.770462 -12.759904 167.430008 -139.689545 44.695618 191.696335 -86.794487               2123 
-54.187653 209.389893 -174.245956 12.276031 201.006195 -117.980858 -12.877939 167.085968 -139.848969 44.745243 191.545197 -87.116707               2133 
-54.354847 209.069519 -174.267410 12.226186 200.852066 -118.113289 -12.909877 166.874130 -139.995895 44.788849 191.460297 -87.326546               2142 
-54.616474 208.658295 -174.427094 12.031590 200.600052 -118.321602 -13.027983 166.563141 -140.274170 44.665375 191.277069 -87.589302               2151 
-54.830643 208.025803 -174.527603 11.902505 200.285767 -118.460350 -12.999194 166.115112 -140.448624 44.637074 191.131897 -87.784454               2160 
-54.921482 207.491104 -174.668564 11.828158 199.974243 -118.568542 -12.957709 165.693939 -140.571396 44.622135 190.961273 -87.914383               2169 
-54.951084 207.139496 -174.831940 11.812895 199.722519 -118.702599 -12.757237 165.358521 -140.863922 44.687672 190.812119 -88.105057               2178 
-55.020592 206.858139 -174.934692 11.803663 199.439529 -118.835236 -12.534462 165.012375 -141.196640 44.792324 190.607376 -88.337746               2187 
-55.162373 206.503601 -174.998795 11.784142 199.154953 -119.010887 -12.361351 164.676743 -141.539780 44.901115 190.390228 -88.633240               2196 
-55.301983 206.204910 -175.077820 11.695002 198.844238 -119.130836 -12.327125 164.352524 -141.804031 44.878712 190.098526 -88.820610               2205 
-55.343018 205.912521 -175.140762 11.672334 198.592621 -119.197609 -12.241778 164.080063 -141.983658 44.894211 189.876617 -88.920654               2214 
-55.375980 205.682434 -175.182068 11.655644 198.407379 -119.246765 -12.187699 163.879120 -142.111130 44.905586 189.713654 -88.994225               2223 
-55.444969 205.524307 -175.329041 11.535544 198.140884 -119.344604 -12.261047 163.660324 -142.355118 44.767578 189.383820 -89.090660               2232 
-55.498352 205.399872 -175.446075 11.441506 197.932205 -119.421219 -12.324162 163.488953 -142.542984 44.659786 189.125534 -89.166557               2241 
-55.534447 205.269791 -175.510513 11.385519 197.840988 -119.452415 -12.308697 163.390594 -142.658310 44.606907 189.046097 -89.197746               2250 
-55.521957 205.020172 -175.721924 11.279107 197.699387 -119.503059 -12.303377 163.225220 -142.807816 44.449955 188.938278 -89.183205               2259 
-55.512028 204.858505 -175.888260 11.203168 197.583923 -119.560326 -12.298989 163.130737 -142.995392 44.336277 188.797485 -89.206566               2268 
-55.511452 204.716141 -176.006866 11.147617 197.500290 -119.602669 -12.276438 163.054672 -143.144623 44.261391 188.707092 -89.229767               2277 
-55.511074 204.614380 -176.100983 11.103390 197.433701 -119.636383 -12.262185 162.994064 -143.261475 44.201809 188.635025 -89.248337               2286 
-55.566292 204.524063 -176.157593 11.082082 197.356232 -119.728699 -12.226337 162.926468 -143.440018 44.212612 188.550125 -89.377808               2295 
-55.613373 204.446732 -176.205734 11.063980 197.290405 -119.807121 -12.198106 162.868927 -143.590408 44.221886 188.478317 -89.487885               2304 
-55.693443 204.368942 -176.195847 11.039100 197.235672 -119.856491 -12.182973 162.818970 -143.699371 44.237881 188.422943 -89.582207               2313 
-55.824661 204.246872 -176.158905 10.970664 197.165970 -119.882431 -12.194190 162.742584 -143.784271 44.215187 188.369537 -89.653633               2322 
-55.957897 204.127060 -176.108109 10.906120 197.103958 -119.901001 -12.208721 162.675140 -143.855972 44.198307 188.322205 -89.720436               2332 
-56.066170 204.011719 -176.066620 10.855942 197.055740 -119.915443 -12.222063 162.622467 -143.910553 44.185165 188.285736 -89.772354               2341 
-56.166687 203.839417 -176.032639 10.818143 197.018295 -119.935936 -12.206313 162.562744 -143.961807 44.187790 188.284714 -89.827011               2350 
-56.436619 203.556000 -175.995499 10.577297 196.932465 -119.906410 -12.279025 162.441193 -144.051849 43.983753 188.265411 -89.819092               2358 
-56.704025 203.278778 -176.042343 10.334827 196.813126 -119.961479 -12.216650 162.326309 -144.408264 43.795364 188.184952 -89.923126               2368 
-59.613182 199.698975 -175.567261 6.207880 194.921799 -118.298180 -41.197514 169.921524 -121.388382 39.403950 185.664703 -88.153816               2377 
-44.160553 164.380875 -153.585983 4.526513 194.192795 -118.732147 -52.085728 170.752121 -114.649170 37.550140 184.412613 -88.563553               2386 
-38.902084 152.365463 -146.909531 3.858592 193.903198 -118.904541 -55.659466 170.654480 -112.704567 36.822308 183.916214 -88.738174               2395 
-37.446144 148.985626 -145.410507 3.531913 193.758591 -119.016121 -56.997974 170.418442 -112.163170 36.467709 183.693878 -88.845100               2404 
-36.954800 147.773041 -145.062637 3.322329 193.665817 -119.087708 -57.630524 170.211823 -112.017799 36.240829 183.551331 -88.914452               2413 
-36.773140 147.273926 -145.036240 3.177079 193.601517 -119.137321 -57.959278 170.044769 -112.014076 36.083878 183.452591 -88.962868               2422 
-36.316593 146.744034 -145.908783 2.747315 193.734253 -119.760788 -58.169895 169.249664 -112.871338 35.697338 183.926437 -89.520775               2431 
-35.977905 146.261139 -146.909180 2.177552 193.779541 -120.328087 -58.450466 168.312683 -113.823845 35.141560 184.277084 -90.005928               2440 
-35.461342 145.843338 -147.752396 1.765198 193.838470 -120.687241 -58.533306 167.378967 -114.637344 34.715698 184.653717 -90.252716               2449 
-35.148804 145.661469 -148.046021 1.626277 194.033890 -121.017632 -58.469254 167.042709 -114.931549 34.656456 185.152863 -90.579330               2458 
-34.919678 145.531021 -148.256851 1.526265 194.174591 -121.255486 -58.424076 166.801880 -115.141487 34.611366 185.512817 -90.813644               2467 
-34.771492 145.413315 -148.453232 1.430246 194.248550 -121.458534 -58.408882 166.585190 -115.320869 34.563065 185.738632 -91.025764               2476 
-34.810936 145.416016 -148.711655 1.313407 194.374207 -121.827377 -58.432240 166.512177 -115.479568 34.580185 185.956741 -91.515274               2485 
-34.840500 145.416458 -148.916748 1.220352 194.474274 -122.121147 -58.451832 166.454102 -115.604614 34.593201 186.131012 -91.905273               2494 
-34.858818 145.414368 -149.055038 1.157018 194.542389 -122.321083 -58.467381 166.414780 -115.687546 34.601738 186.249908 -92.170769               2503 
-34.871582 145.410797 -149.160629 1.108159 194.594925 -122.475327 -58.481361 166.384613 -115.749657 34.608150 186.341782 -92.375626               2512 
-34.880169 145.406799 -149.238434 1.071811 194.634018 -122.590073 -58.493168 166.362305 -115.794540 34.612820 186.410233 -92.528038               2521 
-35.437431 145.718262 -150.082123 0.508211 194.898209 -123.333458 -59.078835 166.631424 -116.609947 34.031204 186.612091 -93.268448               2530 
-35.611328 145.616470 -150.302948 0.022502 195.420258 -124.297455 -59.396198 166.885376 -117.138321 33.598099 187.790863 -94.117538               2539 
-35.329124 145.747086 -150.849930 -0.272347 196.263626 -125.437782 -59.195152 166.864120 -117.628403 33.650162 189.341751 -95.476021               2549 
-35.160923 145.820892 -151.153381 -0.435227 196.729523 -126.067711 -59.077816 166.854187 -117.899490 33.672379 190.201431 -96.227959               2557 
-34.981926 145.828720 -151.223373 -0.566376 197.093246 -126.433319 -58.965126 166.809219 -117.968208 33.681362 190.929062 -96.676788               2566 
-34.870113 145.833008 -151.264999 -0.645425 197.312469 -126.653694 -58.897179 166.782852 -118.008263 33.685028 191.368240 -96.947769               2575 
-34.898762 145.864227 -151.325455 -0.689783 197.401077 -126.809647 -58.920155 166.843933 -118.070389 33.670822 191.515091 -97.126999               2584 
-34.774487 145.725449 -150.962646 -0.685070 197.566620 -126.923790 -58.769386 166.842743 -117.763405 33.803486 192.017578 -97.324745               2593 
-34.526752 145.696121 -150.586472 -0.583851 197.868988 -127.060745 -58.456768 166.894745 -117.380737 34.098820 192.685242 -97.622726               2603 
-34.119770 145.637695 -150.081039 -0.424721 198.220276 -127.115387 -58.008209 166.881882 -116.863945 34.478474 193.489532 -97.862305               2612 
-33.784458 145.836395 -149.562912 -0.225647 198.724136 -127.101639 -57.599590 167.164276 -116.336777 34.863564 194.339691 -98.017632               2621 
-33.796345 146.140579 -149.073242 -0.138884 199.107574 -126.946541 -57.484467 167.606644 -115.835831 35.060837 194.824005 -97.981277               2630 
-33.754215 146.522858 -148.511612 -0.106239 199.601105 -126.636253 -57.434322 168.122986 -115.346397 35.116451 195.455368 -97.678856               2639 
-34.251530 146.930145 -148.020966 -0.215129 199.913834 -126.518242 -57.699432 168.839417 -114.884613 35.076012 195.696991 -97.654610               2650 
-34.837936 147.306763 -147.651276 -0.420269 200.178055 -126.479645 -58.061840 169.505676 -114.543404 34.927387 195.872345 -97.698410               2657 
-35.514614 147.779800 -147.896988 -1.302088 200.875992 -126.954735 -58.669231 169.833939 -114.635567 34.261108 196.799393 -98.406601               2666 
-35.902889 148.052612 -148.039413 -1.811694 201.279327 -127.229294 -59.018578 170.023758 -114.689316 33.874477 197.336258 -98.816177               2675 
-22.750515 155.286377 -157.862747 -7.325077 205.562393 -136.900909 -61.119507 166.702423 -138.717331 23.087631 202.065308 -102.853989               2684 
-12.173092 158.209457 -157.140015 -7.521286 207.653122 -142.712952 -56.394581 163.084122 -148.428070 20.002501 207.826309 -106.123787               2693 
-7.791824 161.991531 -154.589920 -8.763147 211.137207 -146.788895 -53.720230 162.313202 -148.556641 19.062321 216.205048 -110.783119               2702 
-7.438756 169.009277 -158.389511 -7.131069 216.412643 -147.071594 -54.448891 171.206512 -158.290222 17.486300 215.621048 -108.474777               2711 
-8.036885 172.005920 -160.908066 -6.619143 218.479294 -147.599701 -55.255817 176.156586 -163.475937 16.281269 214.282150 -108.174950               2720 
-7.275037 172.273071 -160.581818 -6.584823 218.634476 -147.607803 -54.752102 176.129044 -164.410767 15.789713 214.330780 -107.893654               2729 
-6.410360 172.554031 -160.076935 -6.861645 218.690201 -147.088287 -54.089302 175.931152 -165.814941 14.475245 214.032501 -106.846535               2738 
-5.872385 173.180267 -158.716263 -6.832987 219.218246 -146.173386 -53.879429 176.389938 -165.204163 14.489921 214.393906 -105.943855               2748 
-7.344660 172.718597 -156.255569 -8.831479 218.790009 -144.286652 -55.693111 175.680710 -163.145966 12.673225 214.087418 -104.139549               2756 
-9.873082 174.627869 -158.170624 -10.135025 220.749435 -146.318436 -57.971352 179.440369 -166.705948 9.969824 215.170456 -105.562744               2765 
-11.640615 175.433945 -159.629654 -10.518307 221.635620 -148.085632 -59.501682 181.797852 -168.683441 9.011971 215.649261 -107.108955               2774 
-12.835886 176.207672 -159.634094 -10.725986 222.525101 -148.629715 -60.456131 183.632324 -169.250809 8.253871 216.559708 -107.392181               2783 
-12.963786 176.400131 -159.693542 -10.447681 222.856689 -149.098984 -60.399506 184.355377 -169.924393 7.977396 217.073151 -107.584862               2792 
-12.506289 177.029312 -157.823624 -10.147584 224.039078 -149.526276 -59.597721 184.644913 -169.880035 6.970647 220.350525 -107.221230               2801 
-14.630085 178.606812 -154.566376 -10.268541 226.042953 -149.865189 -58.416679 186.151505 -169.673325 5.545126 224.936920 -106.911018               2810 
-32.611698 193.895966 -168.212143 -5.733168 235.031433 -136.307327 -49.140408 198.944275 -159.944397 12.202045 226.314880 -95.091972               2819 
-37.917309 202.367493 -166.769196 -2.328423 238.125168 -126.029289 -43.951061 201.861725 -151.869858 16.701591 226.074890 -86.166962               2829 
-39.464603 208.452164 -164.062729 -0.577506 239.613312 -118.989601 -41.458508 205.161072 -147.623016 17.672758 225.099747 -79.586052               2838 
-39.232281 209.873322 -158.853088 0.869550 239.595993 -112.238380 -39.692028 205.572144 -141.614914 18.954342 224.627228 -72.928940               2847 
-39.076111 210.651321 -152.862915 2.468457 239.383514 -105.912910 -38.752701 206.039215 -134.980621 20.347755 224.472504 -66.487694               2856 
-39.257870 210.105270 -147.121948 3.282671 238.434479 -100.578491 -38.364010 205.749176 -129.367996 21.066217 223.593445 -61.083614               2866 
-38.692833 207.675156 -139.598602 4.954925 237.653900 -95.160072 -36.925369 204.832169 -122.183960 23.391937 224.361343 -55.414131               2874 
-38.132702 207.412994 -130.921692 7.979236 235.891479 -88.012054 -35.289482 205.422760 -114.086258 26.951216 222.152878 -48.671616               2883 
-38.572647 205.786087 -119.383148 11.218197 233.999298 -80.623482 -34.267605 204.740860 -103.089447 32.107334 221.022491 -42.002213               2892 
-37.034115 207.318359 -110.288834 15.399561 232.046967 -72.687469 -32.208561 206.182266 -94.308632 36.416370 217.466614 -34.712967               2901 
-35.980591 206.465271 -102.016106 17.908802 230.078644 -65.850975 -30.687422 205.652603 -86.360153 39.423672 215.150681 -28.292727               2910 
-34.843002 204.920685 -92.065880 21.089626 228.560501 -59.311295 -28.955116 205.134842 -76.795006 43.645859 214.743149 -21.939480               2919 
-31.542738 187.231873 -75.595360 31.316380 198.041885 -49.456314 -22.576845 182.149094 -63.074333 60.390339 171.539063 -26.032799               2929 
-22.910418 192.951584 -53.854038 40.132206 205.724960 -30.577297 -13.469584 188.203720 -42.817356 72.213875 178.662460 -12.281313               2938 
-21.349222 192.200089 -47.507942 38.837940 210.740067 -21.777573 -12.870984 189.557449 -35.852711 71.083351 186.888611 0.306295               2946 
-20.202002 189.759644 -40.667622 38.043694 213.652084 -15.267482 -12.157204 188.923431 -28.704369 70.709404 193.479324 9.679802               2955 
-19.383177 186.473068 -32.258366 37.820732 215.455048 -10.051634 -11.265155 187.359573 -20.374613 71.573273 199.404953 16.396730               2964 
-19.790510 185.059631 -23.509832 37.860115 216.164246 -5.908342 -11.263882 187.035278 -12.062736 72.813667 202.520844 20.330229               2973 
-5.892578 183.120239 -3.550493 39.258434 216.862213 -0.511151 -10.518716 188.334106 -2.118269 75.021477 204.987335 25.495539               2983 
0.923525 182.958984 9.010711 40.061604 217.143478 3.912367 -10.015169 189.390335 6.123971 76.910233 206.111984 28.748644               2991 
7.116457 181.279556 36.425968 41.831776 212.613083 18.701181 -7.806505 187.341248 29.833958 80.369331 206.029022 42.531044               3018 
8.975271 182.840454 40.003212 44.335171 212.976898 22.503723 -5.932058 189.047409 32.035503 82.028282 205.388397 47.363331               3027 
13.701599 182.488297 46.039307 49.206120 212.625778 29.381687 -0.536093 188.515076 36.879425 86.716179 203.477173 53.991730               3036 
16.850094 183.379150 51.289124 52.947266 213.171387 35.780251 3.176666 189.752182 41.332844 90.070389 201.852936 60.072670               3046 
20.331465 187.816391 56.747894 58.872581 214.332428 41.434647 7.459517 195.145920 46.071613 94.507256 200.072815 66.398399               3055 
23.101839 191.269669 60.934448 64.314613 214.365005 47.071964 11.324913 199.716034 49.814735 97.674904 197.055542 73.222092               3063 
25.036995 193.104538 64.300446 67.557083 214.337921 51.386143 13.804823 202.710068 53.172119 99.501740 195.537445 78.264336               3073 
26.985620 193.003311 67.177704 70.315392 213.685394 56.141251 16.061897 204.117706 56.307304 100.850853 194.229370 84.166321               3082 
27.911356 192.477219 69.623474 71.691383 213.021667 60.157631 16.939320 205.488312 59.457485 101.201050 193.150009 88.978661               3091 
28.430038 192.443588 71.999664 72.946274 212.425034 63.387196 17.848515 206.840195 62.508530 101.742996 192.014053 92.550468               3100 
28.906157 191.410492 74.926048 73.636780 212.020981 66.755447 18.430218 206.492661 66.313057 102.712585 191.704086 95.706749               3109 
29.111917 189.755432 77.874985 73.766174 211.288528 70.195915 18.457520 205.520981 70.077263 103.157097 191.271469 99.037674               3118 
29.816910 187.908356 80.275681 74.560585 210.116318 72.832047 19.154976 204.070709 73.219666 104.305054 190.729446 101.741760               3127 
29.943266 187.143127 81.894173 75.116821 209.365921 75.347298 19.667765 203.532455 75.247833 104.549782 189.825272 104.471512               3136 
29.283230 186.918625 83.200020 75.196106 208.810379 77.614059 19.705732 203.425140 77.319855 104.410500 188.674728 106.552444               3145 
29.957226 185.056076 86.205750 74.912079 209.180862 80.480583 19.720661 201.312195 80.941948 105.431305 190.198471 108.846077               3154 
29.616421 184.402679 88.651474 74.990623 208.191971 83.193161 19.722740 201.010880 83.980171 105.457756 188.779297 111.322479               3163 
29.781572 183.613022 91.470566 75.390282 207.192642 86.623444 20.058226 200.617889 87.419830 105.721008 186.862320 114.247353               3172 
29.866480 183.478104 93.017586 75.631378 206.861298 88.318665 20.260153 200.812088 89.507423 105.995697 185.906555 115.434395               3181 
30.097614 182.692444 94.857597 75.474365 206.859024 90.004913 20.234606 200.043030 91.893867 106.508972 185.913818 116.358421               3190 
29.814213 181.703903 96.815437 75.172417 206.073456 91.884323 20.053606 199.100449 94.497627 106.665878 184.608047 117.256638               3200 
29.617584 181.247696 98.041046 74.999054 205.695038 93.172958 20.007790 198.720276 96.068916 106.675156 183.891830 118.024536               3208 
31.037270 180.983078 101.043922 76.544731 205.624130 96.444405 21.705023 198.417496 99.479759 108.436226 183.669922 120.884148               3217 
31.794325 179.215805 101.326561 75.754166 207.017166 97.451530 21.704880 195.925385 100.061081 109.040504 187.059357 121.742699               3226 
31.049532 179.197220 101.324989 75.366165 206.782028 97.786995 21.430962 195.923187 100.035439 108.452248 186.762177 122.299690               3235 
30.183075 179.750320 101.333031 75.226341 206.744614 97.952957 21.318872 196.469101 100.221962 108.127434 186.603180 122.614594               3244 
29.259731 179.926422 101.060905 74.837738 206.737930 98.175705 21.078876 196.487427 100.045898 107.563988 186.875092 123.291763               3253 
31.000317 182.760468 103.647110 78.164261 207.363785 102.676315 24.013727 199.739151 103.077667 109.337769 185.632599 128.216934               3262 
30.507267 182.521606 103.487190 77.755386 207.344131 102.379120 23.748875 199.382156 103.010353 109.209602 186.003769 127.905128               3271 
30.175634 182.924850 103.728996 77.991608 207.343491 103.138405 24.180569 199.528748 103.305534 109.249146 185.951019 128.861618               3281 
29.284798 183.081177 103.199059 77.822968 207.280075 103.453751 24.317877 198.839432 102.942009 109.135925 185.938278 129.151642               3290 
28.213787 183.658905 102.767441 77.723129 207.285049 104.183136 24.566284 198.022507 102.245979 108.788086 185.934052 130.172729               3299 
27.349604 184.417313 102.575462 77.687416 207.356430 104.482674 24.551044 198.345062 102.357010 108.644386 185.832733 130.458664               3308 
26.746973 184.944550 102.409569 77.664886 207.401459 104.671600 24.513475 198.645294 102.519516 108.553040 185.769333 130.639435               3317 
25.641943 184.937317 101.572525 77.175392 207.381790 104.772415 24.217979 198.015198 102.129349 108.139832 186.073120 130.916245               3326 
24.472694 185.422821 101.143410 76.983215 207.209549 105.194504 24.085972 197.863068 102.342773 107.917351 185.798309 131.290359               3335 
24.227888 186.521484 101.744469 77.324104 207.449158 106.203812 24.402575 198.617813 102.901146 107.868454 185.674194 132.457382               3344 
23.972767 187.348114 102.165672 77.541138 207.627350 106.921227 24.704660 198.903748 103.119621 107.843849 185.580811 133.228088               3353 
23.593023 187.949738 102.433998 77.531570 208.174530 107.066521 24.944393 198.695587 103.167259 108.148117 186.184021 133.054977               3362 
20.295326 185.138809 102.161041 74.258423 207.246460 105.213043 22.376366 194.852295 102.266464 106.023254 188.460922 132.313873               3371 
18.459158 185.709061 102.143127 73.225594 207.676666 105.350243 21.680334 194.348312 102.277145 104.941589 190.026947 133.259720               3380 
17.479914 186.265610 102.084663 72.727020 207.995041 105.814606 21.485722 193.901352 102.145454 104.191505 190.695267 134.223404               3389 
16.974463 187.066559 101.693344 72.765129 208.249496 105.934052 21.727251 193.530746 101.836693 103.988289 191.028915 134.655502               3398 
16.388262 187.425476 101.762619 72.272575 208.872238 106.125999 22.181704 192.080780 101.307503 103.437279 192.341705 135.312607               3407 
16.047590 187.485565 101.782127 72.164459 208.836960 105.991081 22.672338 190.479889 100.993057 103.340317 192.685577 135.377380               3416 
15.810682 190.090714 101.929199 72.671333 209.724518 106.406670 23.137447 191.351791 101.088150 102.850517 193.751541 136.909729               3425 
15.248816 190.702057 101.255653 72.064117 209.953735 108.246696 23.039589 190.505112 100.751060 100.640694 194.169449 140.349518               3434 
15.754474 191.723434 99.737854 72.637840 209.839813 109.414879 22.991148 189.065277 100.708946 99.496223 193.294357 142.599686               3443 
15.697716 192.258087 99.158180 72.836746 209.842285 109.790131 23.024658 187.194656 100.991882 99.131493 193.186539 143.368820               3452 
15.382524 193.105103 98.912918 72.688896 210.488907 110.148582 23.288780 185.878723 101.107071 98.573540 194.067688 144.158646               3462 
15.249477 194.212204 98.090416 72.495193 211.262207 110.552666 23.274782 185.643829 100.718803 97.443588 194.984695 145.322998               3470 
15.032647 195.200211 97.342628 72.001045 212.391464 111.207214 23.934109 184.483505 100.245476 95.803177 196.857483 147.103027               3479 
15.041214 196.376160 95.904869 71.912460 213.352737 110.830833 24.322447 184.271698 99.426178 94.332611 198.920807 148.051956               3488 
14.393059 197.490738 94.451416 71.033043 214.411407 110.330978 24.820448 183.385437 98.371635 91.602768 201.512466 149.149261               3497 
13.862839 198.371857 93.839378 70.389771 215.142365 110.128998 24.591877 183.339355 97.927399 89.727753 203.109528 149.848129               3506 
13.851823 199.491409 93.942139 70.677162 215.532608 110.101585 25.067860 183.270096 98.227249 89.520966 203.897827 150.175247               3516 
14.174444 200.682831 93.715828 71.152466 216.132309 110.024666 25.615467 183.685623 98.203690 89.413429 204.803284 150.454178               3525 
14.816031 201.552460 93.500992 71.932327 216.717300 109.622093 26.188206 184.455811 97.859123 89.741249 205.642685 150.322845               3534 
14.885130 201.219193 93.907486 71.938156 216.648361 109.552872 26.252148 184.240768 97.802086 89.415672 205.889114 150.481232               3543 
15.123616 201.508850 94.137169 72.053886 216.917648 109.726166 26.379332 184.591660 97.594780 88.834808 206.341309 150.992340               3552 
15.118413 201.304947 94.585655 72.030350 216.938141 109.702744 26.396482 184.513199 97.564011 88.692940 206.447281 151.038635               3561 
15.595732 201.489532 94.901863 72.590248 216.885223 109.847565 26.734262 184.830032 97.509697 88.937096 206.292343 151.283386               3570 
16.124487 201.445389 95.460899 73.156654 216.681503 110.603203 27.243376 184.840469 97.885193 89.218552 205.862991 152.092133               3579 
16.036222 200.629318 95.591957 73.014244 216.386536 110.542496 27.304064 184.192932 97.945457 89.139809 205.827866 152.073639               3588 
15.353418 198.540085 96.123543 72.348351 215.949036 109.161827 26.864775 182.556702 98.269310 89.913185 206.304977 150.330078               3597 
15.236685 198.436890 96.514198 72.234001 216.107071 109.245087 26.660976 182.574936 98.497345 90.041237 206.434067 150.302246               3606 
15.113206 198.291519 96.909683 72.164413 216.213776 109.420197 26.542074 182.573486 98.651604 90.163254 206.379211 150.355255               3615 
15.028763 198.110138 97.297516 72.132484 216.283783 109.547249 26.216265 182.771194 98.731659 90.217041 206.322296 150.413788               3624 
14.904144 197.953842 97.478065 72.049721 216.334549 109.569893 25.713112 183.061035 98.731613 90.215576 206.267593 150.374466               3633 
14.844066 198.061203 97.495583 72.034081 216.353226 109.565948 25.580526 183.260742 98.552795 89.928879 206.297195 150.492813               3642 
15.147707 199.473969 97.079147 72.519684 216.720627 110.051758 25.655127 184.453934 98.292267 89.345230 206.567474 151.405960               3651 
15.247150 200.213486 97.110992 72.749336 217.179550 110.118095 25.846619 184.971527 98.354950 89.363022 207.111771 151.578690               3660 
15.477568 200.137177 97.384743 73.069908 217.365311 109.893150 26.306175 184.815125 98.535690 90.004158 207.450073 151.260712               3669 
15.356738 199.773865 97.643616 72.963875 217.502335 109.798401 26.568333 184.384476 98.665855 90.029289 207.841537 151.172256               3678 
15.219848 199.497162 97.862076 72.835899 217.792313 109.649635 26.689661 184.246948 98.743118 89.980934 208.461884 151.066376               3688 
15.137224 199.801804 97.694687 72.827759 217.958511 109.779930 26.690519 184.487488 98.625641 89.601906 208.686691 151.361389               3696 
15.143483 200.110413 97.605324 72.932259 218.038559 109.929535 26.818748 184.610977 98.622528 89.362785 208.860428 151.668671               3705 
15.048084 200.249237 97.554985 72.930634 218.084213 109.944221 26.943970 184.552994 98.577454 89.183113 208.956085 151.763947               3714 
14.941678 200.292816 97.496948 72.910713 218.093567 109.940651 27.317509 184.189438 98.489594 89.005272 208.963089 151.820908               3724 
14.802277 200.406647 97.297394 72.862549 218.081039 109.944794 27.466629 184.030777 98.324722 88.712463 208.944672 151.916962               3733 
14.624260 200.606110 96.913635 72.771133 217.928864 109.969948 27.448900 183.928101 98.065277 88.159439 208.817139 152.118881               3742 
14.543338 200.856186 96.646042 72.777435 217.896347 110.014038 27.669594 183.791870 97.883987 87.784409 208.783997 152.300110               3750 
14.475591 200.861191 96.634338 72.780235 217.888763 110.001060 27.961123 183.533417 97.781349 87.610672 208.779007 152.349930               3759 
13.446619 200.335739 95.007263 71.292999 217.829330 109.727669 27.168245 183.038986 96.383492 84.806709 209.077332 152.589523               3768 
13.097343 200.008652 93.825874 70.595543 217.718369 109.537010 27.183050 182.550217 95.173248 83.045586 208.961792 152.718887               3778 
12.595225 199.270645 93.170631 69.615356 217.607895 109.322365 27.271780 181.584747 94.310608 81.276306 208.992874 152.752304               3787 
12.645970 198.166962 93.287613 69.382332 217.060837 108.885254 27.689873 180.521225 93.526894 81.074989 208.053833 152.227051               3796 
12.479910 197.529694 93.523529 68.811241 217.040451 108.592865 27.693663 179.991882 93.100250 80.202049 208.223068 152.053864               3805 
12.426752 197.180313 93.578728 68.491470 216.996506 108.373169 27.789358 179.634201 92.717224 79.585129 208.253052 151.925888               3814 
12.490172 196.698257 93.501091 68.434654 216.636688 108.096718 27.898239 179.191284 92.281906 79.428246 207.789322 151.653809               3823 
12.481488 196.157669 93.571274 68.433418 216.166595 107.713699 28.094959 178.608536 91.819450 79.792305 206.816345 151.071564               3832 
12.453490 196.078262 93.640594 68.471458 215.939316 107.525337 28.264091 178.360092 91.564232 80.015221 206.188416 150.745895               3841 
12.613044 195.849365 93.944771 68.593620 215.750366 107.236870 28.576078 178.105347 91.183090 80.389870 205.538284 150.282394               3850 
12.415301 195.691177 94.420761 68.427452 215.710953 107.143188 28.947882 177.577271 91.369858 80.628601 205.254593 150.016861               3859 
12.332687 195.644394 94.652161 68.376701 215.767929 107.047234 29.852983 176.884369 91.512123 81.000847 204.925095 149.701889               3868 
12.239074 195.513718 94.970688 68.543785 215.323013 106.663925 30.505009 176.307785 90.873863 82.270882 202.941727 148.552185               3877 
12.070036 194.928650 95.446068 68.394119 214.914993 106.592644 30.934315 175.742126 90.203972 83.167053 201.044769 147.650314               3886 
12.117651 194.620834 95.798225 68.357895 214.872162 106.529327 31.397234 175.385681 90.063423 83.559662 200.589188 147.287872               3895 
12.270391 194.296463 96.323364 68.323753 214.851974 106.514572 31.752932 175.114090 90.015816 83.819923 200.312378 147.070999               3904 
12.438118 193.826416 96.784592 68.245247 214.810654 106.433037 32.094746 174.827209 89.788673 84.143234 199.906082 146.700439               3913 
12.693676 193.454971 97.221130 68.236900 214.774170 106.395470 32.400562 174.619965 89.624504 84.350456 199.633286 146.488647               3922 
12.917089 193.077072 97.564102 68.201820 214.726913 106.358398 32.514656 174.529770 89.398895 84.519188 199.346100 146.277435               3932 
13.092533 192.795609 97.625191 68.195091 214.734085 106.234756 32.694366 174.446518 89.125931 84.706039 199.180344 146.006927               3940 
13.073997 192.531418 97.584648 68.062004 214.784470 106.029503 32.782543 174.331818 88.893494 84.860092 199.134384 145.643326               3950 
13.033478 192.027115 97.847763 67.909851 214.569366 106.106598 32.811329 174.059540 88.767494 85.118484 198.566818 145.402115               3958 
13.120569 191.451981 98.294098 67.859367 214.347092 106.270691 32.928150 173.747940 88.866104 85.508911 198.108200 145.272583               3967 
13.432788 191.098892 98.739243 67.907318 214.297623 106.270042 32.152626 174.349274 89.080437 85.762062 198.085892 145.189743               3977 
13.804243 190.144699 99.247253 67.794518 213.992554 106.471962 30.859575 174.966934 89.317879 85.921646 197.738617 145.247894               3985 
14.049171 189.521149 99.693481 67.729996 213.897552 106.475754 29.918783 175.396500 89.630638 86.188934 197.796844 145.158951               3995 
14.245996 188.900299 100.075691 67.739098 213.802643 106.316269 29.286375 175.531235 90.006287 86.682457 197.988068 144.883148               4003 
14.461467 188.272629 100.372078 67.781937 213.754120 106.064041 28.967510 175.414047 90.418510 87.273285 198.376602 144.534485               4013 
14.539686 187.790207 100.485466 67.765770 213.686478 105.909584 28.327324 175.524124 90.873360 87.566368 198.777435 144.406494               4022 
14.560177 187.279449 100.326759 67.736969 213.507553 105.911972 28.218290 175.236633 91.066666 87.671936 198.897446 144.454132               4031 
14.505111 187.050995 100.124580 67.692368 213.410965 105.902367 27.872885 175.274048 91.216393 87.687004 198.968887 144.476929               4040 
14.178000 187.786850 99.619316 67.679466 213.817963 105.053741 27.377029 175.794235 91.245689 87.613091 200.089218 143.919250               4049 
13.928130 188.290527 99.286491 67.915253 213.675339 104.795410 27.068262 176.101669 91.264297 87.927361 199.824249 143.577087               4058 
13.730800 188.761536 99.030586 68.300667 213.129257 104.980049 26.619041 176.576889 91.064796 88.373337 198.275696 143.357315               4067 
13.658528 188.959824 98.875763 68.281555 213.095154 105.271667 26.503531 176.851730 90.826485 88.184120 197.764069 143.549606               4076 
13.889781 188.233856 98.262146 68.541969 211.955688 105.771980 26.073647 177.088638 89.671944 88.537933 194.577911 143.115387               4085 
13.871567 188.149918 97.964836 68.305161 211.991089 105.923798 25.456842 177.723511 89.225349 88.199226 194.076859 143.067596               4094 
14.039756 188.125595 97.852020 68.134491 212.142029 105.945961 24.929323 178.409882 88.803612 87.915024 193.828201 142.955292               4103 
14.331656 187.951141 98.133102 68.132729 212.139008 105.941368 24.831762 178.538300 88.703293 87.898155 193.727982 142.910522               4112 
14.931724 187.444244 98.091599 68.103020 212.296677 105.776886 24.994230 178.664520 88.017403 88.093094 193.451706 142.405014               4121 
15.411439 187.406586 97.860535 68.103516 212.656723 105.451393 25.143147 179.113403 87.162354 88.236786 193.292984 141.728836               4130 
16.012693 187.170959 97.822952 68.199402 212.856506 105.137489 25.354008 179.368011 86.475624 88.472496 193.113373 141.131470               4139 
17.168455 186.979462 97.710335 68.499168 213.197403 104.201736 25.538544 180.166885 84.980492 88.933853 192.632324 139.639801               4166 
17.615257 186.686401 97.869774 68.469360 213.261581 103.879913 25.540035 180.275421 84.504189 88.990753 192.507889 139.157562               4175 
17.949562 186.303619 97.871933 67.849022 213.466843 103.311852 25.226484 180.437714 83.377937 88.074928 192.597549 138.691818               4184 
17.060820 187.036148 96.749107 66.207527 215.126816 102.477257 25.191153 180.543243 82.087738 85.597694 195.576782 139.058304               4193 
15.966695 187.770142 95.648994 64.644104 216.547882 101.840027 25.502235 180.284622 81.130409 83.261513 198.234467 139.448090               4202 
15.453856 188.133133 95.135994 63.898914 217.225220 101.536293 26.360481 179.719177 80.624985 82.128227 199.502090 139.614349               4211 
15.134046 187.815826 95.057404 63.262039 217.437836 101.355736 27.489590 178.526489 80.541222 81.532822 200.272751 139.668839               4220 
14.909455 187.692734 94.930817 62.882915 217.564407 101.248253 28.226677 177.790131 80.507889 81.173454 200.732193 139.699371               4230 
14.716217 187.566956 94.808365 62.535179 217.636093 101.186760 28.167921 177.557175 80.557030 80.797165 201.104752 139.781708               4238 
14.597412 187.184555 94.691360 62.119778 217.657074 101.118355 28.262367 177.086884 80.614578 80.357849 201.560242 139.907791               4248 
14.558907 186.477020 94.627884 61.845032 217.286713 100.941048 28.289728 176.385803 80.595398 80.192932 201.478012 139.797134               4257 
15.601696 186.094574 95.898582 62.887558 217.235397 99.914421 28.970831 175.587387 81.793625 82.411583 202.697052 138.693344               4266 
15.941254 185.648758 96.844727 63.281525 216.809494 99.558990 28.984425 174.930344 82.655136 83.565887 202.791061 138.138565               4275 
16.159952 185.092255 97.430031 63.516342 216.247757 99.440041 28.747400 174.371811 83.290344 84.238182 202.555786 137.904190               4284 
16.355915 184.716095 98.030396 63.714775 215.855667 99.516411 28.334511 174.122406 83.913391 84.780312 202.354813 137.861237               4293 
16.494179 184.258163 98.249344 63.764942 215.505783 99.550484 28.110100 173.804901 84.175812 84.989326 202.161926 137.862656               4302 
16.641628 183.994003 98.899902 64.009872 215.073029 99.917244 27.898056 173.587952 84.835541 85.383293 201.750076 138.153763               4311 
16.795538 183.852356 99.346741 64.191536 214.851654 100.119850 27.377836 173.709442 85.392624 85.669540 201.598709 138.322083               4320 
16.699169 184.236588 99.528915 64.290329 214.897995 100.347008 27.247532 173.935211 85.672722 85.553741 201.667145 138.676727               4329 
16.586786 184.626846 99.489525 64.426849 214.885315 100.575981 27.341864 174.035858 85.773438 85.424644 201.570648 139.022934               4338 
16.355822 185.015671 99.468643 64.359169 214.977814 100.900909 27.660679 173.979828 85.826500 85.027817 201.599670 139.503860               4347 
15.922987 185.521774 99.124550 64.041489 215.239365 101.094460 27.782124 174.119385 85.544388 84.230766 201.748642 139.911331               4356 
15.316784 186.385269 98.396225 63.541756 215.839310 100.936172 27.672886 174.592209 85.023811 83.047478 202.468353 140.142044               4365 
14.832784 186.985138 97.857651 63.120586 216.228348 100.869164 27.508785 174.950287 84.584938 82.148079 202.819458 140.296463               4374 
14.404901 187.581512 97.367897 62.792862 216.566437 100.788292 27.436911 175.255066 84.194138 81.392471 203.100037 140.399734               4383 
13.770515 189.026566 96.288017 62.548737 217.210892 100.358299 26.932560 176.339294 83.344818 80.493492 203.484940 140.182159               4392 
13.100018 190.604950 95.353676 62.345634 217.852066 100.085358 26.365511 177.468124 82.784004 79.634766 203.949524 140.137344               4401 
12.975763 191.442520 94.624359 62.442352 218.104797 99.806404 26.225159 178.125305 82.128036 79.351257 203.880386 139.907654               4410 
12.964553 191.987213 94.272850 62.579731 218.218613 99.744011 26.199921 178.571457 81.738373 79.293373 203.642365 139.800766               4421 
12.930394 192.489090 93.706543 62.507164 218.406265 99.534805 26.184626 178.943817 81.124237 78.871773 203.619293 139.658371               4437 
12.958733 192.592697 93.653168 62.496979 218.405655 99.528870 26.269951 178.951889 81.023064 78.792511 203.564560 139.660568               4447 
13.008265 192.734573 93.570053 62.460026 218.416000 99.510887 26.388004 178.968018 80.850853 78.641968 203.499420 139.660553               4455 
12.819961 192.987305 93.048592 62.018127 218.656815 99.460320 26.462351 179.090286 80.305031 77.767456 203.691360 139.763535               4465 
12.676690 192.922089 92.796532 61.610973 218.706528 99.541107 26.591269 178.967407 79.989677 77.148178 203.664215 139.898010               4474 
12.531141 192.975342 92.508179 61.226799 218.803268 99.533073 26.525009 178.963486 79.713058 76.500206 203.806458 140.007446               4483 
12.446395 192.954941 92.370758 60.997227 218.800476 99.576393 26.486811 178.901932 79.605293 76.118492 203.845978 140.123489               4492 
12.502374 192.789337 92.372879 60.908333 218.695328 99.620270 26.571566 178.689651 79.657150 76.057846 203.849258 140.196655               4501 
12.687214 192.832748 92.600037 61.176243 218.486053 99.578766 26.577593 178.612564 79.945824 76.457603 203.823349 140.172363               4510 
12.784081 192.939163 92.744743 61.310047 218.399765 99.597939 26.450216 178.742676 80.149216 76.636681 203.895981 140.231552               4519 
12.933538 192.839401 92.898140 61.439217 218.213486 99.600067 26.471149 178.569443 80.448944 76.858925 204.010590 140.304688               4528 
13.061724 192.537064 93.333427 61.480183 217.987686 99.725876 26.501362 178.234177 80.943222 77.124779 204.113541 140.458054               4537 
13.176414 192.298737 93.690857 61.511288 217.816238 99.821396 26.458141 178.057404 81.300514 77.325920 204.192383 140.572403               4546 
13.526635 191.613571 94.545174 61.776066 217.339157 99.916801 26.573122 177.400009 82.188423 78.024948 204.327621 140.697067               4555 
15.384834 190.015533 98.086250 63.880695 215.509064 101.397385 27.788376 175.754410 85.106400 82.144379 202.122955 141.191925               4565 
16.349577 188.740585 99.680382 64.578827 214.786072 101.905296 28.701187 174.380554 86.739792 83.768372 202.075272 141.485001               4573 
16.566479 188.569916 100.420166 64.745018 214.689301 102.418610 28.967520 173.974731 87.745094 84.064957 202.416763 142.073120               4582 
15.740667 189.479263 100.393600 64.364479 214.608017 103.381355 28.298363 174.226913 88.322281 82.400826 202.447723 143.669968               4591 
15.213964 191.157425 100.603348 64.489418 214.854095 104.559326 28.013741 174.946945 89.102036 81.368965 202.462051 145.276321               4600 
14.905418 192.180115 100.877518 64.557587 214.935837 105.675453 28.012558 175.249817 89.767097 80.627861 202.250168 146.628799               4609 
14.712836 193.303619 100.797356 64.650566 215.294861 106.241119 28.400114 175.468491 90.130280 80.011024 202.523300 147.439423               4618 
14.524959 194.354279 100.439926 64.640434 215.800385 106.429909 28.955215 175.613007 90.234276 79.378197 203.036102 147.857285               4628 
14.391860 195.062531 100.158417 64.649513 216.066055 106.525970 29.123272 175.822617 90.203957 78.938782 203.256607 148.096283               4636 
14.242393 195.678848 99.760841 64.627121 216.260941 106.486717 29.051201 176.163300 89.935303 78.524780 203.313675 148.147003               4645 
14.195416 196.271286 99.407410 64.685890 216.471558 106.422340 29.074780 176.506104 89.658684 78.259003 203.368637 148.140915               4654 
14.119658 197.121628 98.726555 64.673820 216.983444 106.106712 29.169462 177.062469 89.095589 77.842636 203.754837 147.915115               4663 
14.111915 197.768494 98.336891 64.727654 217.356873 105.916473 29.296335 177.464600 88.764671 77.648041 204.014297 147.766144               4672 
14.117840 198.585526 98.030327 64.878624 217.762558 105.709358 29.464462 177.915619 88.548782 77.610863 204.291519 147.575546               4682 
14.143809 199.095901 97.850243 65.010201 217.989410 105.585365 29.551476 178.221466 88.409279 77.629150 204.415863 147.452744               4690 
14.160138 199.319107 97.715248 65.075813 218.063721 105.533501 29.701323 178.259186 88.340942 77.577003 204.446899 147.422134               4699 
14.073087 199.316620 97.520309 64.924561 218.153824 105.410110 29.948019 178.020691 88.291130 77.277931 204.671356 147.385986               4708 
14.021389 198.891342 97.284531 64.635590 218.171356 105.008232 30.341030 177.417450 88.137863 76.974525 205.002563 147.087784               4718 
13.940845 198.338959 97.065613 64.275803 218.168900 104.625771 30.644321 176.796509 88.023232 76.608162 205.402527 146.831085               4727 
13.726329 197.877182 96.863495 63.791275 218.165939 104.347015 30.799566 176.234451 87.974419 76.016144 205.787643 146.698944               4736 
13.788073 197.745392 97.153824 63.768925 218.056656 104.338264 30.960451 175.923676 88.199959 76.024460 205.786850 146.712891               4745 
13.886513 197.429001 97.484688 63.722641 217.916565 104.366974 31.227877 175.470093 88.509239 76.046181 205.840942 146.777649               4754 
13.987476 196.976990 98.407318 63.832279 217.547989 104.827766 31.345510 174.955414 89.385674 76.482529 205.624939 147.185379               4763 
14.943020 195.409164 100.841202 64.782730 216.248825 106.368378 31.709314 173.934921 91.399384 78.339638 204.210663 148.411789               4772 
16.390663 193.665298 103.869194 66.257843 214.788223 107.865311 31.914082 173.161392 93.940735 81.135712 202.896408 149.501709               4781 
16.574406 192.666275 105.321190 66.661728 213.638077 108.569817 30.665962 173.378098 95.135506 82.271774 201.654083 149.910660               4790 
16.383833 192.179764 105.603905 67.021454 213.104263 108.950836 30.915512 172.766174 96.145782 83.292885 201.315414 150.092300               4800 
16.026146 192.249390 105.113251 67.021049 213.087845 108.914986 30.976274 172.658905 96.315758 83.370316 201.490372 150.079971               4808 
16.237637 191.484512 105.399849 67.293381 212.768265 108.961807 31.169981 172.373596 96.768585 84.169350 201.546280 150.018158               4817 
16.079346 191.035431 105.204308 67.419701 212.508270 109.032021 31.012505 172.494720 96.993103 84.659523 201.538971 150.005402               4826 
16.006458 190.906418 105.047867 67.425446 212.486801 109.022621 30.584772 172.944519 96.999626 84.776512 201.674042 149.990662               4835 
15.823316 190.920944 104.865013 67.397514 212.471115 109.036171 30.517883 172.933197 97.143661 84.787216 201.749176 150.011703               4844 
15.664217 191.150345 104.716209 67.382217 212.607239 108.950455 29.707232 173.528381 97.444061 84.735893 202.172195 150.015228               4853 
15.334256 193.185257 104.558632 67.640961 213.271545 109.093346 28.754627 175.201355 97.905762 84.264923 203.100632 150.524643               4863 
15.186546 194.585190 104.403366 67.850632 213.753815 109.181152 28.288998 176.320541 98.084740 83.987259 203.687927 150.830200               4871 
15.067363 195.763901 104.239120 67.903221 214.514816 108.989494 28.020424 177.352341 98.042435 83.939476 204.475479 150.683685               4880 
14.817842 197.782028 103.740288 67.937355 215.690414 108.710297 27.636160 178.926682 97.929047 83.483116 205.833450 150.633148               4889 
14.613341 201.873047 103.101524 68.505829 217.124008 108.700981 26.586388 182.266739 97.755356 82.895988 207.018082 150.975662               4898 
14.804966 205.142395 102.181107 69.198967 218.216949 108.498924 26.096054 184.963287 97.243446 82.506912 207.942001 151.086243               4907 
14.894662 207.201752 101.022331 69.509735 218.940155 108.103706 25.819971 186.674072 96.369919 81.927406 208.516403 150.923126               4916 
15.027244 208.302078 100.597595 69.767380 219.282211 108.001465 25.815292 187.548904 95.995384 81.820015 208.576141 150.855515               4926 
15.352188 209.446808 100.286224 70.263428 219.450546 107.879593 25.857784 188.487015 95.666435 82.016075 208.379379 150.724197               4935 
15.495385 210.381317 99.848793 70.505257 219.693329 107.669044 25.767485 189.302032 95.255272 81.955490 208.431946 150.545944               4944 
15.501866 210.779724 99.583450 70.555908 219.728592 107.578812 25.656158 189.663025 94.979439 81.819000 208.304184 150.462158               4953 
15.502083 211.139526 99.386726 70.602249 219.768021 107.478661 25.542896 190.007217 94.769890 81.742111 208.214172 150.359512               4962 
15.784657 211.463745 99.074974 70.956795 219.725540 107.113754 25.696472 190.310883 94.353638 82.102234 207.912720 149.922546               4971 
15.815237 211.087906 98.982651 70.964256 219.614838 106.961830 25.923803 189.992599 94.166466 82.264671 207.624390 149.680511               4980 
15.826205 210.873764 98.977638 70.962273 219.572891 106.912720 26.180492 189.714478 94.182228 82.357346 207.527863 149.590881               4989 
15.740395 210.723007 98.910812 70.858925 219.580795 106.846031 26.400202 189.441650 94.224594 82.294632 207.561646 149.520615               4998 
15.801387 210.443619 98.733459 70.923691 219.280014 106.715637 26.618172 189.103577 94.090706 82.337402 207.186020 149.374954               5007 
15.768389 209.603333 98.627586 70.831879 218.846283 106.605965 26.839449 188.357330 93.953926 82.371323 206.701355 149.216965               5016 
15.827602 208.480255 98.823921 70.899521 218.310333 106.560806 27.283554 187.371124 94.102509 82.827797 206.113678 149.049789               5025 
15.650496 204.758179 99.544479 70.406303 217.130554 106.745102 28.477938 184.050613 94.650513 83.506905 204.958557 148.894516               5034 
16.041994 199.644379 101.668289 70.172913 215.197662 108.048164 30.265949 179.858734 95.988213 84.996948 202.614914 149.500290               5043 
16.281914 196.948227 102.691574 70.084755 214.268097 108.205666 31.412542 177.575134 96.818985 86.098099 201.949646 149.293182               5052 
16.036886 193.985825 103.539307 69.537773 213.306259 108.391823 32.789738 174.951508 97.931267 86.735420 201.672928 149.199448               5061 
16.447889 190.430496 104.874298 69.610184 211.657089 108.862915 34.149967 172.367432 98.764580 88.356331 200.134872 149.014832               5070 
17.001074 187.894180 105.690605 69.827049 210.499130 109.068047 35.291946 170.685181 99.249046 89.683693 199.215042 148.751022               5079 
17.034712 186.863358 105.985405 69.739754 210.115524 109.102547 35.785564 169.961121 99.674477 90.084030 199.276031 148.662262               5088 
17.174938 185.642807 106.409576 69.763458 209.457886 109.284805 36.091526 169.289154 99.917870 90.613945 198.802292 148.630341               5097 
16.917521 185.505463 106.326958 69.588005 209.458694 109.268372 34.684502 170.968994 99.468491 90.508057 199.164093 148.673050               5106 
16.819033 185.518036 106.210579 69.574715 209.468948 109.276100 33.777462 172.242920 99.060448 90.514153 199.323639 148.709183               5115 
16.735031 185.640427 106.218529 69.718185 209.361710 109.351616 33.708847 172.279724 99.357048 90.722511 199.332611 148.779922               5124 
16.428555 185.941925 105.990776 69.590965 209.522781 109.388748 33.686886 172.324600 99.677979 90.484032 199.815918 148.956573               5133 
15.837212 187.097717 105.437881 69.480385 209.728333 109.431129 33.117161 172.891876 100.027321 89.804764 200.068970 149.305588               5143 
15.392387 189.165619 104.531845 69.793068 210.316986 109.023926 32.947819 173.865097 100.450333 89.572357 200.711304 149.184433               5151 
14.579433 192.054642 102.932449 69.725945 211.310074 109.130241 32.640839 175.210190 100.862419 87.932457 201.887680 150.070404               5161 
14.101779 195.350235 102.205101 69.986137 212.422058 109.517426 32.035950 177.248367 101.600883 86.987053 202.966141 150.965103               5169 
13.653285 197.214264 101.068779 69.756104 213.455185 109.542572 31.765446 178.406311 101.626884 85.776764 204.126419 151.407455               5178 
13.413605 198.469131 100.002800 69.588402 214.132355 109.498840 31.909210 178.952698 101.418053 84.824776 204.591431 151.607986               5188 
12.861953 200.624344 98.235634 69.191963 215.158203 108.812851 31.068468 180.623825 100.279404 83.355667 205.437393 151.253998               5197 
12.817935 202.678223 97.081856 69.369041 215.974670 108.276039 30.601107 182.301346 99.370964 82.724403 205.967331 150.912216               5206 
12.809500 203.967621 96.468910 69.489899 216.593765 107.946053 30.382572 183.433945 98.757065 82.385818 206.301788 150.655838               5215 
12.847344 205.100403 95.932976 69.638412 217.277878 107.644684 30.295027 184.509903 98.161865 82.202454 206.698624 150.383194               5224 
12.859896 205.719574 95.686211 69.811928 217.461197 107.397865 30.186460 185.119705 97.721603 82.222923 206.509186 150.087158               5233 
12.802280 206.252350 95.480499 69.910080 217.779022 107.007423 30.096161 185.707718 97.290962 82.293152 206.594070 149.644409               5242 
12.841022 206.828720 94.986076 70.052879 218.027695 106.538017 30.034489 186.321457 96.635788 82.155693 206.638779 149.201462               5251 
12.832574 207.250305 94.567352 70.152702 218.201523 106.209900 29.984791 186.792969 96.211739 82.058006 206.672562 148.891296               5260 
12.882712 207.345306 94.490265 70.312096 218.184128 106.066399 30.084726 186.965759 96.021248 82.172157 206.440918 148.701965               5269 
12.904133 207.355530 94.522675 70.412903 218.176178 106.033066 30.195698 187.063782 96.007866 82.249657 206.300827 148.638504               5278 
12.915460 207.212479 94.507240 70.496246 218.000290 106.078613 30.320221 187.000916 95.975571 82.285172 205.910767 148.637039               5287 
13.495914 203.061005 95.539413 70.701080 216.514862 106.689735 32.246017 183.748428 96.381752 83.698036 203.727051 148.688629               5314 
13.823552 201.157578 96.097809 70.828781 215.751038 106.981613 33.121826 182.231796 96.690552 84.423294 202.737671 148.721252               5323 
14.290868 198.542892 96.780350 70.995148 214.702728 107.380554 34.303787 180.211090 97.132652 85.380142 201.461609 148.782257               5333 
14.326612 197.003311 96.693390 70.761223 214.372971 107.561562 34.948318 179.126312 97.454750 85.301849 201.410980 148.997208               5341 
14.279420 195.357880 96.437286 70.311317 213.985657 107.655846 35.728222 177.786774 97.601120 84.979469 201.147232 149.085022               5350 
14.327127 194.097519 96.562492 70.022888 213.673889 107.941353 35.812969 177.159653 97.804962 84.819931 200.973511 149.367233               5359 
14.441902 192.464050 96.528641 69.697556 213.258652 108.030991 36.329811 176.011093 97.767029 84.741020 200.753143 149.427399               5368 
14.638816 191.733124 96.740318 69.767250 213.021027 108.166206 35.643879 176.449203 98.181679 85.038933 200.554138 149.490631               5377 
15.118357 190.564636 97.356583 70.165504 212.474670 108.744194 35.496338 176.523560 99.103394 85.842140 199.920700 149.890244               5386 
15.322106 189.750671 97.492722 70.522110 211.976608 109.230049 34.735062 177.147049 99.848701 86.480766 199.231873 150.208694               5395 
15.183489 189.556488 97.265251 70.487541 211.936691 109.340530 34.502239 177.315979 100.035385 86.442490 199.189148 150.319748               5404 
14.971491 189.460159 97.004227 70.370476 211.943832 109.581367 34.599289 177.303284 100.329536 86.235207 199.200745 150.596970               5413 
15.542036 189.110443 97.388367 70.741127 213.608017 108.611359 35.850136 177.823273 101.038673 88.095764 202.123672 149.394714               5423 
14.850200 189.398636 96.830360 70.264168 213.568604 108.868179 35.296238 178.093430 101.251534 87.203957 202.050293 149.816040               5432 
13.723292 189.681702 95.851646 69.025963 213.528137 109.117271 34.085968 178.445633 100.917572 85.075409 201.803101 150.364014               5441 
12.525847 190.127228 93.799225 67.504654 213.803986 108.706757 32.823738 179.021790 99.815308 82.271912 202.094269 150.434052               5450 
12.050790 190.627090 92.586113 66.887810 214.064621 108.386841 32.206249 179.645264 99.194054 80.897278 202.349319 150.373047               5459 
11.773081 190.969131 91.875183 66.558029 214.209503 108.197151 31.767405 180.135773 98.869026 80.142921 202.452286 150.310974               5468 
11.652849 191.457260 91.429100 66.528297 214.323273 108.034584 31.604404 180.606033 98.689186 79.872925 202.415329 150.182861               5477 
11.037282 192.438660 90.129753 66.047745 214.706207 107.662010 31.082470 181.363342 98.132309 78.823067 202.673401 149.950989               5486 
10.520190 193.554626 88.925789 65.750305 215.080887 107.318413 30.702591 182.169525 97.710785 78.016945 202.910461 149.718491               5495 
10.319237 194.264145 88.415459 65.746605 215.220627 107.258514 30.669750 182.632492 97.714752 77.768341 202.898972 149.685043               5504 
10.186731 194.796738 88.064499 65.777000 215.302536 107.267609 30.719967 182.968979 97.819077 77.624847 202.854645 149.706207               5513 
10.064240 195.340424 87.748764 65.792160 215.404922 107.287468 30.714104 183.329254 97.871101 77.433899 202.836075 149.747452               5522 
9.957814 195.817841 87.461731 65.805588 215.495636 107.305061 30.670183 183.655746 97.877663 77.263687 202.821625 149.783737               5531 
9.873663 196.266418 87.195915 65.824432 215.592224 107.317001 30.610147 183.971542 97.853111 77.100998 202.833237 149.818802               5540 
9.767597 196.413177 86.934067 65.813507 215.593521 107.318207 30.666309 184.034302 97.898125 77.042038 202.791107 149.819672               5550 
9.702555 196.762100 86.618042 65.900734 215.585266 107.324646 30.684532 184.218048 97.860573 77.013977 202.651855 149.816742               5558 
10.004004 197.531067 86.072266 66.548958 215.304855 107.371918 30.927679 184.536102 97.612740 77.384087 201.884750 149.784851               5567 
10.252415 198.247437 85.716682 67.066933 215.251312 107.369186 31.099979 184.995117 97.473396 77.718597 201.526566 149.731064               5576 
10.333525 198.604843 85.469101 67.261467 215.239563 107.486641 31.162077 185.245880 97.447540 77.757698 201.342392 149.831100               5585 
10.375075 198.831131 85.187050 67.438995 215.180405 107.574600 31.201357 185.445862 97.421875 77.847168 201.131424 149.890686               5594 
11.126189 197.589859 86.033455 68.176857 214.823486 108.212845 32.374371 184.578568 98.135429 79.297997 200.555557 150.273544               5603 
11.745821 196.668945 86.759262 68.839302 214.620163 108.555588 33.345665 183.979294 98.709854 80.610779 200.283752 150.415543               5612 
12.216272 195.779510 87.263245 69.417923 214.498306 108.634460 34.194992 183.445099 99.209427 81.860191 200.312714 150.351547               5621 
12.520743 191.884171 87.615364 69.080910 213.464432 109.093704 35.193039 180.942612 99.701653 82.772865 199.545029 150.507904               5630 
13.752264 188.819595 90.109245 70.725029 211.741425 110.229019 37.535038 178.387329 101.467979 86.648163 197.369888 150.679840               5639 
14.183305 186.387039 91.819618 71.024323 210.888153 111.117867 38.715843 177.049988 102.613106 88.223793 196.827164 151.153122               5649 
14.022834 185.587982 92.356544 70.985985 210.508621 111.522919 38.808647 176.932053 103.060577 88.643326 196.557159 151.396851               5658 
13.830927 185.440063 92.650139 70.898888 210.553268 111.684242 38.733276 177.235184 103.285316 88.720062 196.822769 151.561996               5667 
13.590531 185.510529 92.751152 70.808800 210.627472 111.741791 38.387085 177.654739 103.496529 88.693398 197.063843 151.648239               5676 
13.461482 185.602280 93.158203 70.850258 210.649216 111.915527 38.476395 177.685272 103.893875 88.836830 197.222733 151.822525               5685 
13.402957 185.611755 93.458466 70.836220 210.756012 111.974686 38.439110 177.733124 104.213730 88.919189 197.516464 151.900574               5694 
13.364342 185.670700 93.473335 70.844170 210.760605 111.966660 38.303013 177.761276 104.275917 88.922874 197.531693 151.897995               5703 
12.888906 186.483566 93.435532 70.620399 211.084549 111.852081 37.547512 178.375549 104.356209 88.461449 197.967484 151.926941               5712 
11.392612 188.929871 91.699478 69.160339 212.390289 111.343582 35.252026 180.436569 103.490585 85.338036 199.698578 152.252731               5721 
10.195237 191.024170 90.178123 67.762650 213.683929 110.947876 33.148716 182.345398 102.605026 82.337418 201.475098 152.599716               5730 
9.767161 192.475525 89.685928 67.236832 214.453278 110.629189 31.929880 183.696381 101.915001 80.985443 202.255798 152.564285               5739 
9.491885 193.252640 89.670273 66.686363 214.958847 110.626022 31.098955 184.463470 101.532272 79.831429 202.725662 152.743866               5748 
9.575328 193.479218 90.133667 66.475418 215.122177 110.666840 30.732733 184.747772 101.319206 79.330711 202.770172 152.839401               5757 
9.721171 193.738678 90.764412 66.234406 215.433212 110.697456 30.356949 185.132889 101.125191 78.811951 203.037079 152.940765               5766 
9.977382 193.690170 91.334412 66.243477 215.464188 110.719841 30.290375 185.157394 101.039558 78.744072 203.007462 152.968170               5775 
10.159401 193.663239 91.796623 66.221054 215.491196 110.749535 30.176218 185.176620 100.954292 78.649582 202.995316 153.007553               5784 
10.292812 193.586487 92.096695 66.229538 215.471817 110.751808 30.065199 185.137390 100.844864 78.664299 202.929291 152.994186               5793 
10.390096 193.442978 92.403648 66.181122 215.423492 110.774185 29.957361 185.038803 100.740036 78.642776 202.799759 152.984421               5802 
10.635594 193.259689 92.786858 66.358841 215.168350 110.862671 29.962259 184.881332 100.669334 78.875427 202.336914 152.993958               5811 
11.697629 192.350235 94.161583 67.191589 214.689224 111.450287 31.106882 183.975220 101.235855 80.194771 201.460037 153.310303               5820 
12.697780 191.255112 95.684151 67.941521 214.033340 112.103561 32.257290 182.827423 101.882469 81.454376 200.315598 153.643692               5829 
13.257824 190.578827 96.676819 68.301308 213.686478 112.487656 33.484165 181.647186 102.471611 82.074203 199.732849 153.863480               5838 
13.429563 190.253128 97.110268 68.313339 213.649643 112.567726 34.656052 180.633820 102.944908 82.169945 199.704269 153.918381               5847 
13.698111 189.834152 97.546165 68.515015 213.601456 112.528839 35.595226 179.846970 103.353165 82.687683 199.792480 153.818100               5856 
14.046548 188.213684 97.763412 68.480087 212.963730 112.431572 36.638920 178.224670 103.308212 83.237679 199.081680 153.490768               5866 
14.362940 186.921234 97.836510 68.506058 212.381470 112.265465 37.373505 176.996857 103.062569 83.751595 198.348862 153.094559               5875 
14.588199 186.016296 97.870537 68.524330 211.984283 112.149063 37.932743 176.114532 102.864502 84.121330 197.880280 152.820511               5884 
14.718859 185.398209 98.008705 68.476898 211.803665 112.146889 38.404495 175.501083 102.896431 84.279915 197.815231 152.778702               5893 
14.757055 184.870529 98.037079 68.359131 211.641724 112.077675 38.681671 174.984680 102.841118 84.312569 197.766861 152.689636               5902 
14.871094 184.451614 98.148277 68.410805 211.482758 111.990501 38.876438 174.683990 102.848923 84.582413 197.664734 152.535507               5911 
14.837775 184.302231 98.170845 68.247932 211.674927 111.855972 39.088104 174.516983 102.911110 84.489037 198.142532 152.469467               5920 
14.715294 184.496780 98.181190 68.135025 211.885681 111.742065 38.819386 174.743240 102.940887 84.315285 198.533859 152.439529               5929 
14.625233 184.659195 98.241547 67.975906 212.110886 111.683014 38.528076 175.033981 103.002838 84.027527 198.902679 152.478165               5938 
14.505534 185.126511 98.353745 67.855232 212.438629 111.599983 38.167534 175.575546 103.005066 83.722252 199.223831 152.465149               5947 
14.282703 186.002426 98.387291 67.669846 213.039230 111.433998 37.634033 176.493362 102.935883 83.206795 199.849167 152.433762               5956 
14.174808 186.675369 98.671799 67.343651 213.717484 111.521645 37.155830 177.378616 102.964012 82.445274 200.567276 152.696503               5965 
14.248826 186.892883 99.183716 67.101326 214.107162 111.661705 36.886631 177.896790 102.985146 81.970184 200.854065 152.888260               5974 
14.376678 186.972488 99.706757 66.939537 214.369812 111.746872 36.714561 178.265610 103.000671 81.636383 201.026245 153.005905               5983 
14.580914 186.764328 100.136497 66.963806 214.374649 111.797447 36.740376 178.316437 103.043816 81.664253 200.954727 153.030426               5992 
14.658184 186.531799 100.349861 66.858772 214.372147 111.885445 36.868683 178.242294 103.061081 81.530426 200.814713 153.083679               6001 
14.727354 186.359741 100.618477 66.782394 214.392517 111.992218 36.923615 178.212341 103.085274 81.447540 200.722977 153.155701               6010 
14.817575 186.216019 100.882950 66.757339 214.439529 112.070930 36.968651 178.221161 103.112297 81.448395 200.712891 153.206161               6019 
