26.441502 176.182281 112.018120 58.897247 208.591583 101.315819 7.663221 201.564819 93.097816 85.373360 191.033752 134.286926                  0 
26.631342 175.588516 112.047951 58.664753 208.480042 101.407990 7.850710 202.395355 93.290314 85.226852 191.451599 134.586945                  9 
26.804140 175.117172 112.083008 58.479286 208.381577 101.485435 7.943670 203.041702 93.442940 85.114960 191.753098 134.807968                 18 
26.941782 174.741913 112.095558 58.316505 208.311798 101.538078 8.008989 202.917648 93.385864 85.014755 191.997086 134.965454                 27 
27.066679 174.545517 112.247971 58.039783 208.464188 101.598091 7.957258 202.829819 93.309425 84.773865 192.764160 135.290131                 36 
27.238808 174.210587 112.382858 57.946781 208.377426 101.735550 7.957319 202.653610 93.472076 84.798882 192.877747 135.426514                 45 
27.331484 173.919586 112.466164 57.832005 208.269897 101.780640 7.970203 202.475433 93.510986 84.785950 192.944580 135.470047                 54 
27.414585 173.709183 112.496628 57.773499 208.193436 101.790771 7.988464 202.361481 93.534462 84.800789 192.974411 135.469589                 63 
27.474045 173.528961 112.515556 57.721989 208.130325 101.803520 7.982836 202.244202 93.545937 84.800255 192.994186 135.478745                 72 
27.438744 173.493546 112.488426 57.576210 208.166809 101.670876 7.879826 202.277237 93.459190 84.722649 193.174896 135.355728                 81 
27.392902 173.521744 112.414909 57.499592 208.207657 101.527092 7.814508 202.397583 93.377892 84.687325 193.257355 135.197128                 90 
27.497482 173.334564 112.326561 57.509552 208.122498 101.450073 7.853198 202.359238 93.492470 84.862320 193.060165 134.936005                 99 
27.394257 173.436722 112.231461 57.382423 208.241302 101.270561 7.745961 202.482224 93.367538 84.771500 193.229279 134.749405                108 
27.318542 173.548172 112.258789 57.183479 208.429062 101.135338 7.592262 202.483612 93.245041 84.615524 193.668060 134.690536                117 
27.317650 173.623993 112.222702 57.095882 208.560532 100.973267 7.532499 202.518921 93.142250 84.588364 193.939301 134.540207                127 
27.371183 173.630096 112.263321 57.056850 208.631638 100.924850 7.517423 202.479599 93.154839 84.617699 194.117493 134.482193                135 
27.436680 173.852386 112.469810 57.028187 208.860794 100.846756 7.442214 202.708893 93.385376 84.779861 194.492676 134.309525                144 
27.531702 174.081696 112.682671 56.975700 209.109360 100.700172 7.302178 202.577164 93.589485 84.930122 195.010590 134.108719                153 
27.569176 174.186462 112.811264 56.916634 209.244492 100.653419 7.072261 202.541428 93.833168 85.004410 195.257843 133.997177                162 
27.614637 174.270905 112.909477 56.903111 209.341583 100.618172 7.040396 202.541809 93.933090 85.070786 195.447861 133.933380                171 
27.651016 174.334641 112.986015 56.892536 209.417480 100.590614 7.064914 202.530960 93.990410 85.122604 195.596405 133.883209                180 
27.635214 174.467606 113.062637 56.814106 209.569122 100.554871 7.140603 202.481064 93.936897 85.060959 195.907639 133.899063                189 
27.650040 174.508743 113.104683 56.820229 209.602158 100.530136 7.214386 202.412323 93.866554 85.040718 196.044830 133.939102                198 
27.661989 174.508102 113.138626 56.823425 209.608765 100.528831 7.230014 202.399902 93.849312 85.032112 196.106186 133.969910                208 
27.634064 174.187714 113.101295 56.802631 209.392761 100.576248 7.301532 202.201904 93.679070 84.895355 196.029144 134.170425                216 
27.939871 173.508560 113.346405 56.893150 209.039200 100.938087 7.497708 202.297562 93.904381 84.968025 195.969788 134.662674                226 
28.333937 173.050446 113.707397 57.063732 208.830475 101.392250 7.752035 202.215317 94.203964 85.126282 195.982635 135.212097                235 
28.754829 172.585556 114.110916 57.205009 208.641342 101.890800 7.964577 201.857101 94.601929 85.333397 195.967606 135.721649                244 
28.964436 172.340103 114.282532 57.219975 208.593124 102.126488 8.006894 201.702927 94.758942 85.386848 196.055862 135.976151                253 
29.074846 171.840881 114.396118 57.058193 208.287552 102.170837 7.924569 201.766937 94.937157 85.385818 195.939194 135.955734                262 
29.213179 171.659134 114.628853 57.050987 208.174301 102.262856 7.984679 202.578247 95.252510 85.488266 195.987885 136.014420                271 
29.476433 170.955414 114.912651 56.859200 207.798615 102.496635 7.762459 203.086975 95.944366 85.574188 195.856033 136.099915                280 
30.056311 169.955292 115.516327 56.718586 207.273224 102.942909 7.749309 202.726379 96.757248 85.816277 195.849716 136.397110                289 
30.481068 169.329102 115.856369 56.727566 206.965393 103.350853 7.857646 202.398300 97.549110 86.228287 195.482925 136.429794                298 
30.574026 168.903992 116.084572 56.557747 206.739395 103.657303 7.869038 202.232361 98.037231 86.287102 195.168182 136.499786                307 
30.219669 168.167404 115.923035 56.396454 205.867691 103.567169 7.727171 202.122833 98.558823 86.471779 193.519028 135.805984                316 
30.115702 168.088608 115.927414 56.246132 205.786957 103.506989 7.677756 202.104385 98.488785 86.343666 193.460159 135.733429                325 
29.872955 168.471390 115.947144 56.064671 206.145584 103.586380 7.732759 202.419678 98.263428 85.998726 193.859558 135.980225                334 
29.512531 169.299042 116.070526 55.847496 206.909332 103.810135 7.839086 202.987991 97.978867 85.473099 194.717804 136.521698                343 
29.252243 169.968872 116.137177 55.780479 207.483154 103.959099 7.934919 203.436600 97.852493 85.205223 195.226807 136.827362                352 
29.052025 170.534073 116.071709 55.747704 207.957291 103.857048 8.108313 203.578964 97.565643 85.019058 195.741013 136.876831                361 
28.881777 170.881348 116.007233 55.725609 208.276917 103.788246 8.092770 203.581909 97.415909 84.893486 196.088593 136.909775                370 
28.690815 171.168610 115.930901 55.713253 208.546295 103.695473 8.045565 203.505753 97.252190 84.797134 196.384033 136.900345                379 
28.559948 171.120285 115.806664 55.810993 208.591705 103.710030 7.993829 203.123047 97.297966 84.900742 196.305222 136.863983                388 
28.325903 171.513504 115.560471 55.938251 208.965363 103.436996 8.080691 202.679474 96.816109 84.885796 196.786789 136.754822                398 
28.058262 171.969284 115.454399 56.093479 209.360535 103.416397 7.995419 202.185165 96.433548 84.772079 197.249084 136.990295                406 
28.040272 172.057892 115.096809 56.552773 209.404297 103.252647 8.167055 202.321030 96.307014 85.161232 197.006500 136.781830                416 
27.994587 171.981247 114.880508 56.774643 209.381729 103.165199 8.261463 201.978790 96.333748 85.502998 196.712357 136.489731                425 
27.886168 171.809601 114.656952 56.735199 209.179611 102.780273 8.145654 201.746124 96.153374 85.591354 196.483353 135.983932                433 
28.353100 171.385300 114.879494 56.839291 209.019745 102.877426 8.188738 201.321304 96.399345 85.894974 196.636505 136.025253                443 
28.780413 170.970032 115.082352 56.927238 208.846771 102.990845 8.232309 201.073395 96.624977 86.159958 196.728729 136.080978                451 
29.109589 170.654007 115.234550 56.995106 208.716858 103.071144 8.253120 201.393677 96.823494 86.356560 196.800446 136.120514                461 
29.419020 170.263702 115.354797 57.055500 208.512848 103.164566 8.207737 201.726395 97.034485 86.523308 196.764786 136.179520                470 
29.738317 169.537994 115.388344 57.008984 208.061584 103.195877 8.075661 202.019806 97.302849 86.650894 196.507629 136.123352                479 
30.016481 168.948700 115.476379 56.960495 207.708649 103.271408 7.995958 202.481995 97.613274 86.744354 196.353470 136.139893                488 
30.518173 167.526474 115.506332 56.959923 206.753998 103.683723 8.205906 201.990479 98.367523 87.078697 195.241852 136.190430                497 
30.655415 167.089294 115.676804 56.772087 206.510757 103.774796 8.275466 202.036652 98.594093 87.039581 195.223785 136.222275                506 
30.736385 166.829819 115.741104 56.634960 206.365097 103.771095 8.302811 202.141571 98.647980 86.965805 195.241852 136.215958                515 
30.888258 166.621002 115.979607 56.602570 206.218781 103.921570 8.363039 202.286545 99.014244 87.081757 195.098465 136.228119                524 
30.921091 166.629517 116.127731 56.552940 206.208786 103.962395 8.410105 202.711227 99.201126 87.086525 195.099701 136.221420                533 
30.707771 166.217651 115.904236 56.292702 205.814148 104.048775 8.219199 202.647217 99.300133 86.821236 194.266052 136.158051                543 
30.511431 165.866714 115.612915 56.281239 205.406921 104.234299 8.229798 202.737671 99.537613 86.783333 193.121689 136.094162                551 
30.404318 165.936340 115.606735 56.363583 205.361237 104.329941 8.409771 202.912064 99.697845 86.873100 192.720047 136.043121                560 
30.369028 165.975998 115.570305 56.365761 205.375305 104.326118 8.558340 202.747162 99.590607 86.855080 192.656769 136.027786                569 
30.297735 166.024216 115.483376 56.402351 205.376251 104.336060 8.685522 202.660416 99.515617 86.851593 192.486511 136.007095                578 
30.212185 166.090225 115.402969 56.430817 205.392822 104.349518 8.805821 202.534042 99.438400 86.841881 192.336960 135.989166                587 
30.105844 166.192337 115.305550 56.484039 205.419510 104.363701 8.900260 202.553665 99.390747 86.843307 192.147064 135.962952                596 
29.899004 166.407379 115.042870 56.507034 205.515472 104.230629 8.942593 202.614319 99.135841 86.757942 191.991959 135.827347                605 
29.769466 166.647064 114.897614 56.597958 205.615494 104.106155 9.064677 202.358353 98.877342 86.783745 191.895279 135.680344                614 
29.602297 167.312469 114.818459 56.651886 206.071930 103.821358 9.162159 202.262360 98.315056 86.686455 192.428375 135.572479                623 
29.548288 167.455338 114.725891 56.856117 206.081650 103.896973 9.348639 201.600494 98.193169 86.843994 192.049194 135.522491                650 
29.532162 167.493027 114.707581 56.881798 206.092163 103.887054 9.355386 201.408020 98.101646 86.842827 192.032990 135.526154                659 
29.406858 167.902084 114.705948 56.979275 206.323196 103.816452 9.415879 201.556091 97.882446 86.809471 192.202728 135.551727                669 
29.406277 167.936890 114.737526 57.098965 206.292389 103.922256 9.493907 201.561386 97.908195 86.851990 192.053284 135.676956                677 
29.546429 167.956451 114.710228 57.384296 206.245560 104.032181 9.712774 201.596359 97.926521 87.043434 191.824860 135.792770                687 
29.620729 167.860397 114.623383 57.461864 206.173325 104.054604 9.754475 201.492981 97.873764 87.080597 191.696579 135.827393                696 
29.624083 167.870087 114.638176 57.437794 206.192017 104.032768 9.685213 201.428818 97.798790 87.027252 191.809677 135.875626                705 
29.745880 167.896317 114.720360 57.391220 206.307373 103.962952 9.590734 201.306366 97.732788 87.024277 192.225952 135.899628                714 
29.874327 167.934158 114.798584 57.328152 206.446091 103.887695 9.444574 201.254608 97.685860 87.013512 192.683289 135.914566                723 
29.914724 167.929794 114.785027 57.328781 206.467499 103.874084 9.390216 201.327866 97.676369 87.020119 192.743042 135.911865                732 
29.935444 167.939270 114.794243 57.323395 206.486694 103.868523 9.334557 201.488586 97.672867 87.012215 192.804977 135.926910                742 
29.937088 167.938995 114.793922 57.320385 206.487625 103.869591 9.291135 201.650665 97.682701 87.008995 192.809921 135.929886                750 
29.983694 167.837219 114.811523 57.338814 206.420837 103.971336 9.259961 201.818848 97.870209 87.079147 192.636246 135.937775                759 
29.959913 167.825241 114.811630 57.331161 206.403107 104.011841 9.210844 202.028168 97.940033 87.072571 192.557083 135.950729                768 
29.598793 167.724976 114.619438 57.153721 206.195236 104.013977 8.969963 202.548782 97.910072 86.769157 192.063522 135.944778                777 
29.313412 167.764481 114.572006 57.032894 206.118317 104.025322 8.806801 203.003769 97.920563 86.564011 191.822159 135.961014                786 
29.118599 167.817444 114.551125 56.963234 206.067612 104.033897 8.705288 203.296722 97.924973 86.435577 191.646027 135.967499                795 
28.983521 167.869080 114.521378 56.948769 206.001038 103.981804 8.650807 203.569138 97.974396 86.431519 191.424942 135.835541                804 
29.051300 167.319962 114.188385 56.888073 205.587189 104.137199 8.541309 203.290604 98.149002 86.420731 190.579636 135.743393                813 
29.086197 167.051254 113.994179 56.809597 205.378143 104.257828 8.475353 203.092636 98.129532 86.286667 190.162674 135.816467                822 
29.279449 166.895523 113.880043 56.908340 205.277466 104.269066 8.559176 203.003662 98.257652 86.486214 189.900955 135.654861                831 
29.330242 166.750412 113.724586 56.880020 205.173950 104.292488 8.544684 202.919693 98.239578 86.456680 189.657730 135.610596                840 
29.332912 166.637451 113.587288 56.822384 205.085037 104.325943 8.508646 202.850052 98.183807 86.363571 189.443970 135.615417                849 
29.395861 166.675949 113.581902 56.831345 205.123459 104.288399 8.524656 202.851349 98.149422 86.395348 189.500290 135.565262                858 
29.473686 166.569656 113.444702 56.870861 205.038666 104.336746 8.565778 202.806412 98.168159 86.423592 189.244507 135.538284                867 
29.565683 166.475372 113.324821 56.912060 204.962555 104.380508 8.608657 202.761703 98.187019 86.457916 189.013672 135.509781                876 
29.632824 166.542557 113.363380 56.912487 205.040863 104.334686 8.603601 202.765594 98.175323 86.505005 189.164932 135.456924                885 
29.696207 166.629852 113.412247 56.913094 205.135635 104.275597 8.594264 202.763824 98.147110 86.555939 189.351349 135.396545                894 
29.744511 166.738907 113.480499 56.908688 205.238586 104.217537 8.581964 202.770493 98.121597 86.599007 189.548096 135.340668                903 
29.765512 166.921432 113.571053 56.865070 205.406525 104.112625 8.546213 202.753036 97.987114 86.581261 189.903992 135.305176                912 
29.859720 166.930862 113.693436 56.895683 205.423141 104.105751 8.568205 202.692184 98.056709 86.682266 190.018082 135.279449                921 
29.898560 166.958115 113.769386 56.896206 205.445557 104.078377 8.566517 202.665131 98.077744 86.727676 190.113007 135.244904                931 
29.944611 166.998199 113.858772 56.882515 205.473145 104.028908 8.551563 202.637985 98.093376 86.769699 190.233322 135.187531                940 
29.972229 167.033798 113.925880 56.873543 205.491913 103.978142 8.543076 202.603714 98.086510 86.803642 190.326172 135.131714                949 
29.890724 167.077820 113.889893 56.862095 205.427216 103.797356 8.527792 202.590759 98.071159 86.885750 190.158401 134.810242                958 
29.873995 167.186478 113.912735 56.846581 205.482040 103.697121 8.543647 202.541153 97.958740 86.891945 190.254959 134.709503                967 
29.915606 167.404022 114.070976 56.959229 205.629440 103.798973 8.678337 202.544708 98.032890 87.018127 190.339844 134.767456                976 
29.917601 167.692566 114.243546 56.933380 205.891769 103.810341 8.674942 202.521988 97.828682 86.903992 190.864960 134.992279                985 
30.029285 168.029999 114.484871 56.963261 206.226135 103.829514 8.710456 202.548370 97.656746 86.858574 191.570114 135.259232                994 
30.228487 168.161057 114.565231 57.122490 206.404007 103.915688 8.850059 202.551849 97.744446 87.062912 191.787613 135.320908               1003 
30.348860 168.254654 114.592743 57.234337 206.552963 103.983124 8.941916 202.532852 97.804710 87.212776 191.964417 135.365005               1012 
30.412979 168.329483 114.628494 57.291054 206.687134 104.055954 8.988093 202.506363 97.850098 87.289307 192.153305 135.444305               1021 
30.281538 168.494186 114.636726 57.202763 206.860855 104.038918 8.926132 202.472946 97.727470 87.168854 192.428085 135.504517               1030 
30.210327 168.479996 114.595062 57.204254 206.849915 104.015984 8.923909 202.383591 97.705238 87.187325 192.393875 135.454727               1039 
30.141825 168.491455 114.572845 57.204765 206.849106 103.977219 8.919264 202.314804 97.679588 87.206879 192.379868 135.391708               1048 
30.079422 168.494492 114.602898 57.186802 206.821518 103.935989 8.904289 202.289993 97.677750 87.206169 192.378311 135.345978               1057 
30.062387 168.481186 114.659576 57.189369 206.790497 103.919914 8.908569 202.250595 97.694550 87.224991 192.395462 135.336472               1066 
30.084791 168.425598 114.674217 57.207611 206.736191 103.913406 8.929834 202.194885 97.696663 87.248642 192.365036 135.335724               1075 
30.128048 168.378632 114.704948 57.222198 206.712143 103.936852 8.932795 202.218246 97.757065 87.279816 192.373734 135.358276               1084 
30.147903 168.376495 114.754593 57.218395 206.725388 103.959732 8.828801 202.402771 97.884590 87.282051 192.444244 135.401443               1093 
30.182524 168.344131 114.772186 57.236042 206.723053 103.985115 8.731174 202.578842 98.016129 87.304321 192.495728 135.446793               1102 
30.170980 168.319199 114.743515 57.251774 206.725418 103.996010 8.599536 202.835220 98.156433 87.319290 192.535812 135.475464               1111 
30.152239 168.319702 114.716721 57.268215 206.756546 104.011757 8.479182 203.006393 98.216309 87.303268 192.648254 135.558670               1121 
30.129042 168.322571 114.667480 57.293026 206.792542 104.022881 8.374702 203.156601 98.244621 87.291161 192.750778 135.634537               1129 
30.090967 168.326218 114.593254 57.304516 206.841232 104.030769 8.272057 203.266891 98.235893 87.258041 192.864731 135.713562               1138 
30.049326 168.304947 114.566841 57.254116 206.885132 104.056580 8.170126 203.296188 98.215073 87.176056 193.013412 135.815186               1148 
30.064753 168.322540 114.575371 57.287956 206.925690 104.082733 8.192694 203.340866 98.223320 87.202057 193.094376 135.866333               1156 
30.065746 168.301682 114.565331 57.347111 206.898407 104.097466 8.220954 203.498688 98.332359 87.288918 193.007446 135.828918               1166 
30.010416 168.261215 114.515335 57.365356 206.878387 104.111893 8.242227 203.628952 98.417656 87.330215 192.923553 135.793533               1175 
29.906267 168.220047 114.491699 57.319626 206.841385 104.145485 8.219910 203.706436 98.480812 87.286469 192.815750 135.793961               1184 
29.524574 168.121689 114.331543 57.174633 206.618393 104.124069 8.131334 203.870987 98.530678 87.107071 192.244553 135.648636               1193 
29.076797 167.991470 114.180824 56.977261 206.339767 104.077942 7.984354 203.981262 98.577232 86.875526 191.615723 135.473038               1202 
28.593538 167.938065 114.032478 56.815903 206.041183 103.900063 7.925609 204.144089 98.593224 86.707031 190.947311 135.125870               1211 
28.077436 167.918945 113.657257 56.627586 205.820511 103.731834 7.958622 204.256165 98.610283 86.542641 190.087418 134.617355               1220 
27.767605 168.017548 113.513046 56.531628 205.710831 103.513000 8.062628 204.195984 98.314354 86.345886 189.821106 134.415802               1229 
27.647753 168.155319 113.462173 56.515732 205.701096 103.340523 8.176757 204.122894 98.113701 86.283188 189.753708 134.258728               1238 
27.705252 168.164917 113.441338 56.529812 205.644211 103.276047 8.256915 204.043243 98.058037 86.288696 189.606812 134.155930               1247 
27.827053 168.111908 113.406586 56.631832 205.546814 103.248703 8.347225 204.014420 98.122398 86.420692 189.345886 134.014099               1256 
27.914330 168.079803 113.396080 56.692364 205.512878 103.249779 8.394170 203.966583 98.150146 86.494408 189.247070 133.968140               1265 
27.972309 168.062393 113.423187 56.696987 205.512558 103.243874 8.400184 203.937790 98.140442 86.503578 189.285324 133.978210               1274 
28.100885 168.027908 113.526505 56.721691 205.538651 103.286980 8.428204 203.840408 98.209785 86.583656 189.411270 134.020142               1283 
28.141756 168.031693 113.652580 56.655880 205.602249 103.340027 8.369620 203.761719 98.259262 86.558784 189.608719 134.103302               1292 
28.006075 168.403503 113.781609 56.261593 206.133759 103.282578 8.069741 203.709808 97.647614 85.955894 190.899094 134.627579               1301 
27.945932 168.435638 113.669701 56.106258 206.280106 103.246696 7.936386 203.658432 97.487045 85.780441 191.175049 134.673370               1310 
27.800436 168.614136 113.600517 55.995045 206.454758 103.080666 7.853113 203.910706 97.209114 85.567734 191.627899 134.734680               1319 
27.788326 169.198318 113.497879 56.205761 206.902298 102.701286 8.052426 204.604568 96.950981 85.769325 192.306122 134.470825               1328 
27.585136 170.549866 113.818588 56.445808 207.666092 102.008835 8.185837 205.948730 96.969078 86.248985 193.228012 133.626373               1337 
27.402273 172.225250 113.952072 57.064388 208.425064 101.199455 8.677224 208.000809 97.128044 87.085335 193.542892 132.402328               1346 
27.866022 173.005066 113.780251 57.791409 208.860092 100.659027 9.322628 209.180222 97.631775 88.250473 193.299820 131.097153               1355 
28.531403 177.031097 114.042992 59.306904 211.826965 100.050507 10.820231 213.564011 97.761368 89.760361 195.722519 130.209915               1364 
28.490063 178.200409 112.556541 59.863567 212.670593 99.117859 11.363646 214.649185 96.414406 89.859291 195.854660 129.347595               1373 
29.014889 178.949478 112.289658 59.964489 213.581863 98.794922 11.487991 213.425049 94.965591 89.711754 197.593536 129.711395               1382 
29.115055 178.171967 109.843323 59.907608 213.368240 98.028297 11.433393 212.340424 92.923080 89.083298 196.712311 129.136414               1392 
28.268070 180.004486 106.219894 58.935173 215.683212 95.763626 10.710945 213.399597 88.291649 86.908348 199.561447 128.228165               1401 
29.652061 178.970963 102.742935 60.047817 215.205551 93.960464 11.689290 212.771179 86.650101 88.352951 197.243393 125.145966               1410 
29.931961 179.572876 99.296089 61.159286 215.344055 92.079994 12.658289 213.887100 84.542526 89.042297 195.085846 122.221291               1419 
31.753099 179.587265 95.142250 63.433971 215.131012 89.327576 14.661089 214.284149 82.406654 91.534988 192.521759 117.532372               1428 
33.464115 180.279877 91.300644 65.060257 215.970337 86.412407 16.117468 214.932877 79.633026 93.376389 192.312958 113.521103               1437 
32.796909 182.135483 85.793976 65.058205 217.393814 82.452370 16.210588 216.804657 74.101021 92.287949 192.703720 109.752480               1446 
32.277245 184.502106 80.124390 64.766441 219.620880 77.775215 16.051872 218.969925 67.954445 91.168869 194.662582 105.638298               1455 
32.862190 185.878265 74.986206 65.678154 220.703415 72.974297 16.801838 220.369675 63.301392 92.046432 194.987305 100.172676               1464 
32.539501 187.712784 68.699364 65.077957 222.815216 67.225449 16.352930 221.713837 56.363903 91.127373 197.391876 95.000214               1473 
32.673912 189.136841 62.050335 66.220055 223.300186 61.883514 17.524921 223.725906 50.371841 91.230179 196.343506 89.163292               1482 
32.364468 190.465668 54.537533 65.863617 224.652924 55.517094 17.439775 224.925125 42.466099 90.099144 197.556732 83.352165               1491 
32.236206 191.752548 47.464897 66.148636 225.508850 48.834885 17.745367 226.262970 35.319424 89.860779 197.955399 76.671867               1500 
31.801458 194.117783 37.947010 65.054207 228.433517 40.697174 17.330303 228.142853 24.586687 87.716881 201.544113 70.018143               1509 
30.770485 195.991302 28.696049 64.276222 229.909073 32.863281 17.178709 230.102112 14.651326 85.331429 202.764709 63.132374               1518 
30.607140 197.246567 19.203915 63.777798 231.316071 24.581423 17.202959 231.235748 4.612456 83.838562 204.258072 55.594093               1527 
29.313757 197.798157 8.937310 62.769650 231.443771 15.115766 16.534575 231.904846 -6.181129 81.579231 204.244324 46.781914               1536 
29.802134 198.328537 -1.499231 62.366844 232.641556 5.656445 16.575066 232.152573 -17.154026 80.659584 205.890762 38.000317               1546 
29.277025 201.382111 -13.129376 62.262779 235.050705 -4.944862 17.196777 235.378357 -29.942797 78.270622 208.471313 28.724712               1557 
28.830112 202.014542 -24.072851 60.728340 236.211639 -14.005668 16.748465 235.987976 -41.522491 75.167702 209.885574 20.560194               1566 
28.935724 203.073868 -38.138851 60.035835 237.035980 -25.207226 17.013758 237.916779 -55.253452 72.289970 209.865295 9.548291               1576 
29.433285 203.359772 -45.523476 59.875526 237.337067 -31.156586 17.239429 238.676498 -62.395729 71.178436 209.781616 3.618367               1583 
30.471619 204.964722 -69.205635 59.079060 238.948242 -51.490242 18.301231 241.191269 -86.168625 67.426811 210.845474 -16.320580               1599 
29.528955 206.517090 -81.470589 57.742790 240.123474 -61.460014 18.857656 243.263748 -98.858536 62.614311 212.789536 -25.052876               1608 
28.898399 209.464020 -91.213074 58.645813 241.947311 -70.441002 19.735672 247.266235 -108.274582 61.235023 215.508179 -33.149933               1617 
28.262510 212.360352 -100.504066 60.103539 243.535858 -80.068794 21.218142 251.208527 -118.159691 60.316040 218.802231 -41.538826               1626 
28.870358 213.727478 -109.558998 61.289051 243.958038 -88.123024 22.763693 253.680573 -126.601700 59.992298 219.378006 -49.516079               1636 
30.106447 214.043411 -118.074074 62.416645 243.394730 -94.976921 24.074413 255.270004 -133.368973 60.397461 217.723572 -57.118362               1645 
31.775173 214.651550 -127.342361 63.429596 243.915878 -103.012436 25.734636 256.579041 -142.083725 60.407375 218.100647 -65.318985               1654 
33.100708 214.735214 -136.709747 63.613167 243.907318 -110.686371 27.405109 257.272430 -151.185944 58.817425 218.031464 -73.219086               1663 
34.972630 214.896057 -144.803635 64.561928 243.857498 -117.370270 28.947638 258.294403 -158.350494 58.872555 217.441086 -80.408669               1672 
36.202225 215.028473 -151.377335 65.878822 244.095245 -124.115112 30.200838 259.260406 -165.080017 59.659439 218.260925 -86.828880               1681 
37.581337 214.083832 -158.240219 66.436417 243.498016 -130.407593 30.777224 259.262207 -171.395279 59.977417 217.459961 -93.304260               1690 
39.443192 213.340942 -166.449554 67.018776 243.118347 -137.659103 32.291752 259.250153 -179.479858 59.538765 217.055801 -100.765358               1699 
40.730549 212.475403 -171.708344 68.028343 242.474869 -142.816086 33.175217 259.099457 -184.435715 60.498222 216.392105 -105.946815               1708 
42.194500 211.322266 -177.456345 68.484871 241.577423 -147.806702 34.106873 258.685608 -189.662216 60.511745 215.183441 -111.253403               1717 
44.277187 210.780975 -183.697906 69.516052 241.559448 -153.480789 35.870358 258.719147 -195.950317 60.843170 215.319107 -116.976250               1726 
45.988628 210.506058 -189.617416 70.029869 240.720093 -157.736755 37.070614 259.642151 -200.050964 60.651943 213.320435 -122.273125               1735 
47.574028 209.922989 -194.964737 70.320068 239.846527 -161.696228 37.770081 260.341461 -203.673920 60.434780 211.515915 -127.112808               1744 
48.702221 206.644272 -198.085114 70.627136 236.642029 -164.169556 35.755512 257.889832 -203.603561 63.233349 206.543289 -130.468613               1753 
49.060631 203.885391 -200.168549 70.807121 234.661209 -166.688431 33.795238 255.598175 -204.195343 65.547241 204.184464 -132.926651               1762 
49.192917 203.065735 -201.172699 71.318756 234.131195 -168.108688 33.138180 255.272415 -204.321091 67.058044 203.601318 -134.254166               1771 
50.917957 200.800064 -207.227905 70.833420 232.839218 -173.552902 31.574465 252.666367 -209.385696 68.076477 201.688568 -140.110519               1798 
51.197853 200.454620 -208.329300 70.835625 232.937119 -174.861053 31.354382 252.309158 -210.708801 68.343727 201.992950 -141.206863               1807 
51.496574 199.298492 -209.934631 70.096420 232.676544 -176.582840 30.242708 250.864288 -212.654434 68.219345 201.988953 -142.654907               1816 
51.970375 198.317551 -211.433350 69.824417 232.414536 -178.078140 29.697746 249.655380 -213.756439 68.889626 201.816513 -144.030487               1825 
52.076523 197.531418 -212.834412 69.244942 232.186142 -179.277328 29.266237 248.797699 -214.632767 68.995056 201.637482 -145.173477               1834 
52.358471 196.696381 -214.827454 68.063507 231.664017 -180.544800 28.922785 248.061234 -215.636139 68.173218 200.865326 -146.665848               1843 
51.958881 195.854614 -217.100555 67.331947 230.608978 -181.709183 28.688715 247.586182 -216.129089 67.626587 199.407867 -148.201584               1853 
52.034485 194.915344 -218.160873 66.474113 230.234695 -182.343124 27.860506 246.446106 -216.571320 67.449821 199.168930 -148.722855               1861 
52.592617 194.065674 -220.406403 66.025108 230.251266 -184.098389 27.401525 245.178604 -218.479828 67.637047 199.755646 -149.984238               1871 
52.801369 193.192245 -221.519379 66.038368 229.696564 -184.944580 27.207678 244.222458 -218.965714 68.214134 199.337723 -150.739868               1879 
53.917908 191.188705 -222.343613 65.563469 229.581863 -186.842728 26.289183 241.314255 -221.191223 69.031113 200.617966 -151.552170               1889 
54.290977 190.301010 -224.126190 65.355881 229.476715 -188.443588 25.980270 240.000031 -222.874435 69.326225 201.269714 -152.597290               1898 
54.340141 190.064148 -225.794144 65.211388 229.415848 -189.289886 25.865561 239.483490 -223.731598 69.356819 201.549057 -153.198151               1907 
55.103848 189.055634 -226.719528 64.747139 229.422913 -190.406937 25.497219 237.736649 -225.286194 69.319153 202.559860 -153.612518               1916 
56.001858 188.789093 -227.968018 64.662674 230.081146 -192.253479 25.883490 237.188568 -227.793594 69.029022 204.143311 -154.776550               1926 
56.456776 188.707794 -228.796219 64.886642 230.241043 -193.225754 27.193403 236.299545 -229.332489 69.383011 204.541428 -155.600388               1934 
56.086300 187.563034 -231.158875 65.258415 229.554352 -196.227249 30.591682 233.209229 -234.107742 69.303207 204.447067 -158.153381               1943 
56.822243 185.685532 -231.976898 64.897102 228.837830 -198.142792 33.420258 228.346008 -237.756744 69.085716 204.926651 -159.321823               1952 
57.170479 184.606537 -232.380020 64.651619 228.562805 -199.395065 38.719151 222.755569 -240.809341 68.998917 205.537643 -160.059357               1961 
57.420631 183.936813 -232.661713 64.409241 228.374283 -200.160217 41.482822 219.692703 -242.434006 68.850754 205.890045 -160.523270               1970 
57.924755 183.260834 -232.948227 64.186806 228.159119 -200.880112 47.241539 215.064514 -243.929001 68.863419 206.188812 -160.982849               1979 
58.375843 182.660522 -233.475555 64.056404 228.019623 -201.902542 50.341347 212.450851 -245.241028 68.725632 206.601425 -161.705353               1988 
58.518784 182.406006 -233.872055 63.890339 228.084976 -202.658447 51.792213 211.180191 -246.058487 68.560249 207.063049 -162.252686               1997 
58.587669 182.631119 -234.671112 63.873486 228.375275 -203.490845 52.716347 210.928268 -246.997101 68.317612 207.438705 -163.015350               2006 
58.565754 182.757339 -235.274261 63.792248 228.553635 -204.118668 53.125801 210.794083 -247.665009 68.142693 207.682999 -163.598969               2015 
58.703930 182.906403 -235.852234 63.785332 228.834152 -204.822830 53.544582 210.709320 -248.356079 68.070816 208.128769 -164.211533               2025 
59.223408 183.586609 -236.852631 64.136299 229.594788 -205.877319 54.529461 211.145599 -249.335526 68.448700 208.985565 -165.219971               2033 
59.051296 184.341522 -237.447922 64.625328 230.329422 -206.516769 55.199924 211.765152 -249.900833 68.658478 209.729630 -165.826004               2042 
58.967869 184.714355 -237.787628 64.839088 230.720459 -206.902710 55.654579 212.007889 -250.230255 68.695946 210.167404 -166.171249               2051 
58.826801 185.255020 -238.137558 65.310608 231.041489 -207.015610 57.070412 212.073853 -250.260406 69.029831 210.248322 -166.393356               2060 
57.512642 185.867188 -239.032700 65.857368 231.323517 -207.837753 58.690731 211.823166 -250.698578 69.239578 210.308289 -167.300415               2069 
56.486767 186.674423 -240.160355 66.004234 231.630859 -208.548920 60.108040 211.840958 -251.268356 69.023422 210.165985 -168.219040               2078 
55.811321 187.217453 -241.028992 66.076233 231.845200 -209.157684 60.823601 211.880219 -251.808121 68.951279 210.095810 -168.969955               2087 
55.301826 187.631363 -241.741013 66.116798 231.972382 -209.625076 61.194195 211.989594 -252.281189 68.797295 209.981247 -169.555634               2096 
55.052864 187.488235 -242.099609 65.966499 231.703354 -209.817322 61.475895 211.645401 -252.474976 68.476288 209.596268 -169.800659               2106 
54.763744 187.310379 -242.360382 65.725914 231.433060 -209.943390 61.686321 211.287842 -252.566956 68.170654 209.228943 -169.976456               2115 
54.553192 187.180954 -242.555557 65.550690 231.236206 -210.035217 62.075211 210.939636 -252.554077 67.947929 208.961639 -170.104614               2124 
54.379234 186.969254 -242.702560 65.469017 231.043610 -210.216476 62.396103 210.511154 -252.578903 67.885818 208.805603 -170.266693               2133 
54.347584 186.941452 -242.713028 65.476395 231.003403 -210.200531 62.545986 210.408234 -252.517563 67.860001 208.761459 -170.250931               2142 
54.156811 186.690353 -242.714752 65.385284 230.824203 -210.314438 62.632748 210.018524 -252.507156 67.730774 208.694244 -170.300446               2151 
53.873890 186.534241 -242.774353 65.305733 230.688293 -210.451630 62.778698 209.679550 -252.509140 67.661919 208.619263 -170.404633               2160 
53.706074 186.427521 -242.798111 65.243568 230.618393 -210.543137 62.941971 209.430984 -252.493637 67.611366 208.612808 -170.461914               2169 
53.490864 186.418137 -242.895248 65.228569 230.562927 -210.630249 63.148441 209.246964 -252.482925 67.587593 208.539917 -170.558090               2178 
53.342430 186.409698 -242.985092 65.200714 230.513702 -210.689774 63.348003 209.099884 -252.474548 67.513290 208.470825 -170.625824               2187 
53.303291 186.451599 -243.010254 65.214920 230.530884 -210.681900 63.575375 209.036636 -252.412247 67.511635 208.469971 -170.626984               2197 
53.735893 185.718628 -243.273193 65.054062 230.342941 -211.467773 64.047318 208.193344 -252.859543 67.278435 208.858002 -171.096924               2205 
54.119347 185.082458 -243.500610 64.912086 230.177063 -212.161377 64.337875 207.506760 -253.282516 67.060867 209.203323 -171.518524               2214 
54.786137 183.739883 -242.680954 64.777298 229.818588 -212.512238 64.668846 206.057297 -253.019516 67.192543 209.962875 -171.326416               2223 
55.233894 182.888290 -242.136612 64.689796 229.585892 -212.740021 64.907745 205.122925 -252.829727 67.256508 210.470276 -171.214600               2232 
56.671928 181.016693 -241.170670 64.218277 228.793640 -212.962891 65.585487 203.303925 -252.387451 67.262978 210.885727 -170.934418               2241 
57.835194 179.603943 -239.972946 63.910172 228.191681 -212.873505 66.211700 201.936981 -251.758408 67.211464 211.238342 -170.470184               2250 
58.759621 178.259811 -238.616425 63.448330 227.612228 -212.709503 66.773613 200.551224 -251.005692 66.968788 211.667114 -169.934341               2260 
59.310734 177.489456 -237.726776 63.181686 227.277679 -212.614822 67.157028 199.757660 -250.556915 66.804558 211.924042 -169.632309               2268 
59.765106 177.064453 -236.365433 62.481365 227.307953 -212.021927 67.336044 199.306915 -249.543777 66.217003 212.649719 -168.806915               2277 
60.494389 176.548157 -234.617294 62.097664 227.413742 -211.520340 67.987061 198.622604 -248.365173 65.942078 213.831360 -167.964676               2287 
60.952282 176.052673 -233.207993 61.742634 227.401306 -211.187393 68.478264 197.956238 -247.433090 65.553032 214.719849 -167.357986               2296 
61.271626 175.729416 -232.252869 61.498486 227.392761 -210.958435 68.866646 197.509674 -246.779236 65.269684 215.333664 -166.950348               2304 
61.535198 174.559036 -230.895065 60.536057 226.851273 -211.195938 69.209259 196.038284 -245.985184 64.247231 216.218109 -166.816681               2313 
64.134804 171.916183 -229.035294 60.463451 224.978317 -211.842133 71.585472 193.090485 -244.944626 64.150887 216.623764 -166.976120               2322 
65.769661 170.400421 -227.844162 60.418575 223.820724 -212.241516 73.840088 191.593353 -244.068329 63.980804 216.888748 -167.123749               2331 
66.508949 169.137405 -226.781448 59.843925 222.780396 -212.467621 75.728531 190.590530 -243.022568 63.039249 216.954697 -167.166336               2341 
66.767326 168.364075 -226.156479 59.342339 222.110321 -212.587402 77.076027 190.176056 -242.265182 62.300724 216.913437 -167.193619               2350 
66.929199 167.885162 -225.763245 59.027435 221.689636 -212.662613 77.771637 189.871368 -241.863571 61.828957 216.884644 -167.215729               2360 
68.736916 166.633041 -224.492035 59.048817 220.475723 -212.791153 79.496086 188.673569 -240.862091 61.235886 216.808304 -167.204727               2368 
67.556480 165.308777 -213.559341 60.937763 220.866852 -214.103912 84.554611 183.636902 -230.354294 53.961136 226.142197 -169.161133               2377 
64.611176 165.707443 -206.328903 62.033962 221.020508 -214.429306 88.168083 182.849274 -219.946182 49.550999 232.364288 -171.863464               2388 
63.283092 166.087418 -204.121902 62.395710 221.071213 -214.536682 89.226578 183.051437 -216.120605 48.331444 234.426636 -173.061569               2395 
48.848839 169.349670 -193.275146 60.408630 221.444824 -210.183441 80.746727 180.672485 -200.862686 43.215309 243.141296 -173.714157               2404 
39.338570 173.228180 -188.092789 58.464924 222.698898 -206.010986 73.938118 181.132965 -191.981598 40.956356 248.090439 -172.172028               2413 
33.444672 175.913452 -183.580551 57.284130 223.702209 -200.400757 69.288010 181.234192 -185.568909 40.922028 250.253555 -166.879669               2422 
30.407211 177.650620 -181.065140 56.994606 224.366684 -196.765717 66.814537 181.376953 -181.640839 41.116875 251.368927 -163.372116               2431 
29.151884 178.424210 -180.009491 56.871601 224.648987 -195.221359 65.801979 181.478668 -179.900131 41.216145 251.828629 -161.866745               2440 
28.365074 179.020050 -175.387589 56.919010 224.863724 -190.229004 65.205956 181.583359 -174.720703 41.435913 252.170410 -156.897720               2449 
27.881418 179.393600 -172.513596 56.948498 224.997269 -187.124191 64.808281 181.635559 -171.511429 41.574863 252.380295 -153.804871               2462 
27.695099 179.699600 -169.961975 56.900810 225.238922 -184.510498 64.641876 181.852127 -168.860733 41.557098 252.642273 -151.194092               2467 
28.276447 179.944183 -162.064560 57.626305 225.419876 -176.550323 65.256516 182.011154 -160.818253 42.313622 252.844025 -143.236771               2477 
23.877026 175.950058 -142.231461 51.555058 224.668152 -143.008835 60.174404 179.280670 -135.365005 30.232342 243.821106 -107.303635               2494 
43.579208 197.863464 -157.730255 54.412224 222.170227 -98.805542 43.621513 174.109970 -111.990036 57.132103 229.431396 -53.680901               2503 
22.130304 216.689301 -150.725143 54.900185 221.347473 -76.019661 29.451765 173.344208 -89.598907 72.013405 222.303040 -33.562859               2512 
8.362499 221.038132 -136.184036 54.126202 221.044434 -62.883560 24.639843 172.328766 -72.225311 77.684952 221.472366 -23.625975               2521 
-1.572301 219.947311 -124.083122 52.453995 220.674805 -54.955097 19.794437 171.930145 -58.319260 80.094383 222.317093 -18.490492               2530 
7.270434 218.089386 -90.843399 58.914299 227.569565 -44.097118 13.359558 189.900223 -53.089214 83.972954 219.692764 -6.595442               2539 
5.958585 218.726425 -76.857704 61.525383 230.190903 -36.144020 11.487108 198.893036 -46.914112 84.497276 219.186417 1.902648               2548 
5.717721 221.384720 -67.178970 62.983120 231.229980 -27.192644 10.793360 204.000717 -39.077354 84.283699 218.928741 11.424973               2558 
4.485137 219.383484 -54.382824 64.022789 229.062088 -20.608381 9.775009 205.986649 -31.914085 85.423439 214.283203 17.073874               2566 
2.402708 217.845413 -42.613464 64.683380 227.870041 -13.384305 8.867859 208.036423 -23.103563 86.452164 212.210632 23.727135               2576 
1.156886 215.871567 -32.756645 64.581375 226.887695 -6.328176 8.140360 208.573669 -15.152690 86.569931 211.265671 30.669275               2585 
0.757589 214.021118 -22.596834 65.134277 226.681396 1.043282 7.844135 210.391052 -6.216430 88.182137 211.597641 37.616936               2594 
2.029410 212.532547 -12.971735 66.613098 226.512344 9.378433 8.659452 212.039886 2.640033 90.230194 211.292557 45.530148               2603 
2.527406 209.618027 -2.682034 67.588188 226.110001 16.698971 9.458273 210.975723 12.448574 93.415558 211.249817 51.462135               2612 
2.446104 208.079178 5.612388 67.822571 225.154541 23.600616 9.375095 211.032227 20.537823 94.454605 210.329224 57.766399               2621 
1.612018 206.982239 14.080626 67.573341 224.900803 29.026525 8.764206 211.796326 28.768200 95.617416 210.963058 62.427498               2630 
0.669905 205.566986 22.226725 66.992111 224.109192 34.716858 7.947305 211.784897 37.092209 96.585472 209.950485 66.656181               2639 
1.714478 203.231445 30.463434 68.052238 222.985214 41.021255 9.155504 210.225662 45.437767 99.102425 208.692749 71.483810               2648 
2.043471 203.468094 37.210350 68.479202 223.093063 47.633869 9.362222 211.205963 51.986183 99.351791 208.636108 78.199135               2657 
0.762396 203.404343 45.094551 68.133934 221.453934 52.217628 8.849968 211.705643 59.532009 99.997375 206.403900 81.450706               2666 
0.723741 204.508316 52.630917 69.158989 219.364594 56.813950 9.832341 212.517944 66.904503 101.647240 202.266739 84.173264               2675 
1.053122 204.860733 57.660973 69.679459 218.642105 62.220245 10.094298 213.248123 71.690536 101.481262 201.377838 90.272804               2684 
-0.370170 200.574585 65.080956 67.563942 217.327515 64.677834 8.782744 210.566223 77.834763 101.501625 202.129990 91.391586               2693 
-0.336172 199.044754 71.490707 66.985641 216.315109 68.389763 8.453708 210.196548 82.967278 101.440277 201.430496 94.613464               2702 
1.216330 198.073715 76.710381 67.979050 215.404892 73.211853 9.135295 210.513321 87.174377 101.890732 200.263718 99.990532               2711 
2.326091 199.525253 79.712059 69.388023 215.004150 77.467880 10.057158 212.357346 90.496994 102.217583 197.676758 104.269699               2720 
3.192196 202.506653 84.729385 70.614662 215.808762 82.794151 11.025943 216.023560 95.982521 102.614799 196.819199 109.472664               2729 
4.043520 201.946091 88.130592 71.237099 215.733871 85.112366 11.690439 217.001068 100.238861 103.700241 196.492172 111.040291               2738 
4.292559 201.069077 92.295944 71.470451 214.306168 87.738098 12.082479 219.547577 106.190781 104.169754 195.413727 113.626060               2747 
4.209342 199.117432 94.157341 71.105820 213.933990 90.803970 11.123280 219.746048 109.477493 103.693893 195.853561 117.402306               2756 
4.925262 197.733032 97.329208 71.623543 213.138229 92.912338 11.824016 220.168869 113.750404 104.739883 195.497711 119.151169               2765 
5.479947 197.265549 99.875824 72.050720 212.642441 94.677109 12.494704 221.059387 117.355957 105.384285 194.714783 120.441986               2775 
6.580296 197.008331 101.914345 72.793556 213.321396 98.252411 12.392894 222.298004 119.545761 105.421333 196.091980 125.362030               2783 
6.524748 192.985321 103.966705 71.272293 214.012146 101.378426 9.711952 218.502319 120.480812 104.179260 199.751434 129.841019               2793 
6.842472 189.642609 105.912689 69.538933 215.441925 104.730759 7.456981 213.222290 119.037224 101.854134 204.886765 135.401138               2801 
7.708181 188.813568 108.047020 68.186470 218.203262 107.456978 6.312939 210.578003 116.886742 98.882736 211.959961 140.850327               2811 
8.624364 187.128036 109.332375 67.444824 218.826675 108.488266 6.468514 206.752060 116.368484 97.815285 214.045990 142.416656               2820 
8.655771 187.501251 109.436661 67.244759 218.910156 108.687645 6.581962 205.766296 115.150925 97.009331 214.141418 143.150452               2829 
8.428046 186.688034 109.056511 66.510948 218.289413 109.496902 5.957416 204.278015 113.949867 95.310303 213.304962 144.740463               2838 
9.798881 187.862335 107.466866 67.706131 218.720947 112.083702 6.860632 205.371857 111.156189 93.134560 213.746231 149.832916               2847 
11.272677 188.748535 104.914429 68.896049 218.817612 113.276146 8.088982 206.329361 107.850960 91.388268 213.479385 152.797775               2856 
14.199086 190.350876 104.482101 71.561569 219.540070 115.826324 10.984435 208.031754 106.718224 91.466377 214.076691 156.695694               2865 
14.634047 190.967590 104.126266 71.983276 219.462448 116.525230 11.434759 208.635361 106.361313 91.259605 213.050522 157.557739               2874 
14.451897 191.605499 103.504059 72.009369 219.160095 116.505760 11.426278 209.260834 105.530563 90.650917 212.279068 157.755005               2883 
14.214759 192.247940 103.053085 72.168388 218.360443 117.028023 11.442543 209.782333 105.653481 90.659065 209.555252 157.978226               2892 
13.824138 192.823654 102.991417 72.681580 218.724380 112.604210 11.308877 210.342514 105.315849 93.755936 210.291534 152.367432               2901 
13.673844 193.086334 103.086037 72.603134 218.406876 112.861824 11.260338 210.548035 104.994133 93.248634 209.647034 152.779037               2910 
13.736550 193.234207 103.252983 72.730225 218.063446 113.110138 11.439297 210.544373 104.910065 93.185768 208.738037 152.997025               2919 
15.198985 195.573395 101.490417 73.197716 220.773972 114.797951 12.797167 212.885117 101.572334 89.905861 213.645172 156.826202               2946 
15.876935 196.450928 101.525955 73.315117 221.025848 115.774796 13.046106 213.666641 100.682899 88.469543 213.448563 158.310471               2955 
16.770197 197.374832 102.562531 73.853653 220.780212 116.709244 13.402530 214.093704 100.752686 88.146492 211.578415 159.222748               2964 
17.921738 198.262009 103.649483 74.922226 220.999680 117.051575 14.260599 214.259384 101.192657 89.120079 210.798584 159.368408               2973 
18.021915 198.383926 104.379417 74.816467 221.078796 117.023682 14.147832 213.765884 101.036148 88.784523 210.782349 159.393875               2982 
18.039366 198.482590 104.221428 74.791855 220.772583 117.173241 14.259658 213.089798 100.755013 88.479881 209.576752 159.406479               2991 
17.401110 199.388443 103.449341 73.870758 221.149887 116.870171 13.620357 213.801376 99.109016 86.470123 209.498199 159.318375               3000 
17.547525 199.580261 103.408432 73.638863 221.217529 116.789345 13.558807 214.234497 98.057869 85.446548 209.301590 159.391510               3010 
17.756872 199.620163 103.767616 73.672905 221.203064 116.777969 13.512909 214.443192 97.796806 85.179352 209.165970 159.428482               3019 
17.897217 199.755157 103.862488 73.705811 221.197998 116.763931 13.354540 214.767899 97.585266 84.888191 209.029846 159.463409               3027 
17.933332 199.979630 103.411873 73.732445 221.080399 116.745590 13.293709 215.095840 97.123207 84.417641 208.688095 159.507874               3036 
17.906681 200.148651 102.862946 73.674904 220.951492 116.718941 13.246373 215.322021 96.568680 83.845291 208.352707 159.546387               3046 
17.627325 200.407791 101.956123 73.348526 220.857239 116.429085 13.015376 215.679520 95.620163 82.932533 207.958969 159.302597               3055 
17.583939 200.280487 101.485176 73.207893 220.677170 116.239616 12.977605 215.598816 94.926346 82.346863 207.751587 159.201981               3064 
17.440800 199.950073 101.102028 72.843597 220.919159 115.760506 12.717722 215.125504 94.198952 81.797928 208.449249 158.896072               3073 
17.400427 199.417267 101.114815 72.673958 220.982803 115.284142 12.468629 214.427017 94.004486 81.849258 208.833389 158.464706               3082 
17.569305 198.747543 101.220642 72.628044 220.956741 115.142647 12.386979 213.673126 93.918144 81.836777 209.206665 158.426483               3091 
17.487450 198.219986 100.919685 72.433098 220.804550 114.608673 12.166654 212.965942 93.444885 81.638245 209.382050 157.980865               3100 
16.998941 197.539230 100.553314 71.693489 220.606033 114.376755 11.585628 211.750046 92.957268 80.686356 209.429001 157.857300               3109 
17.014328 197.374603 100.668282 71.698120 220.529175 114.335403 11.491105 211.304626 93.046272 80.699547 209.438797 157.836365               3118 
17.088858 197.141769 100.793350 71.723969 220.457169 114.331757 11.437255 210.929352 93.102173 80.692558 209.536880 157.882507               3127 
17.314604 196.752319 100.864761 71.896149 220.159988 114.416519 11.523778 210.467148 93.113762 80.713127 209.402130 158.038589               3136 
18.124180 196.576340 101.578178 72.831406 219.645035 115.166428 12.339088 210.263138 93.892944 81.629723 208.536209 158.704224               3145 
18.068573 196.268814 101.862968 72.758026 219.520447 115.174133 12.186453 209.773331 94.176476 81.780060 208.376266 158.657074               3154 
17.874603 195.827606 101.876633 72.496948 219.355835 114.943253 11.881129 209.167496 94.175011 81.724838 208.223724 158.386063               3163 
17.824303 195.428497 101.839302 72.380592 219.164978 114.775406 11.756262 208.681717 94.072060 81.658279 208.143539 158.235825               3172 
17.676094 195.082733 102.031158 72.230186 218.995651 114.620918 11.514159 208.198532 94.258995 81.779121 207.983795 158.024979               3181 
17.309858 194.832611 101.515259 71.851990 218.769150 114.086258 11.148786 207.807983 93.654228 81.305481 207.886887 157.543869               3190 
17.202013 194.841797 101.545494 71.759621 218.806839 113.970879 11.003412 207.720123 93.657700 81.282822 207.942139 157.417664               3199 
16.884829 194.878647 101.389557 71.466957 218.898880 113.576385 10.660805 207.566513 93.463318 81.113770 208.110168 157.014832               3208 
16.330418 194.732574 101.319885 70.869957 219.105103 112.965805 10.110171 206.963516 93.347809 80.954620 208.424362 156.331421               3217 
15.461778 193.470276 100.716011 69.633995 218.924271 111.724739 9.096535 205.376450 92.563507 80.189926 208.833298 155.119446               3226 
15.080000 193.195480 100.613274 69.432220 218.285019 111.634003 8.792176 205.091339 92.634705 80.209259 207.533844 154.815292               3235 
14.603988 192.706421 100.666206 69.113487 217.828217 111.075813 8.244132 204.629364 92.832123 80.479050 206.903030 154.062088               3244 
13.924080 192.264038 101.048836 68.692902 217.593918 109.817848 7.400409 204.202850 93.397392 81.432037 206.656296 152.414078               3253 
13.549851 192.111465 101.198334 68.615097 217.239792 109.071518 7.011700 204.143692 93.780167 82.226357 205.866104 151.282043               3262 
13.466661 191.586060 101.059395 68.448181 217.199158 108.191444 6.850086 203.592361 93.598053 82.652817 206.089630 150.276627               3271 
13.244672 190.978851 101.030136 68.252831 216.932220 107.602570 6.587123 203.055069 93.736641 83.084129 205.807220 149.466904               3282 
13.000730 190.364075 100.851044 68.034637 216.687500 107.019753 6.359260 202.485504 93.785278 83.440834 205.550293 148.672699               3290 
11.595358 189.068954 100.110703 66.206573 216.805008 104.195511 4.831021 200.870834 92.901222 83.153366 206.762100 145.527115               3299 
10.343231 187.586121 98.736946 64.111565 217.289139 101.557571 3.883627 198.647507 90.958099 81.759216 209.134750 143.011429               3310 
10.167714 187.349670 99.030716 63.773243 217.446259 100.992401 3.827061 198.243774 91.057236 81.990784 209.699493 142.277557               3317 
10.203534 187.393997 99.389626 63.932770 217.371857 100.746864 4.175857 198.129364 91.240616 82.521660 209.760254 141.891388               3326 
9.797305 187.515686 99.235695 63.683075 217.630371 100.300774 4.340991 197.886032 91.035561 82.463974 210.590378 141.459885               3335 
9.483586 187.608322 99.449860 63.516830 217.752090 99.798271 4.552760 197.667557 91.079491 82.760376 211.155701 140.816910               3344 
9.909401 187.869476 100.276291 64.130501 217.808960 99.180878 5.038700 197.916336 91.933266 84.375580 211.408081 139.745895               3353 
10.855784 187.768219 101.453316 64.985481 217.992020 99.319008 5.958563 198.218185 93.209480 86.386375 211.236038 139.227829               3365 
11.045003 187.625412 101.592201 65.218262 217.934082 99.482574 6.248810 198.344101 93.389725 86.821762 211.011230 139.253403               3372 
10.956435 187.531631 101.346764 65.287369 217.934235 99.631073 6.532978 198.595123 93.135246 86.890701 210.977615 139.396103               3406 
12.824017 183.696213 101.479446 66.521271 215.313583 103.168289 8.359597 195.518921 93.981651 87.511200 206.005463 142.780624               3428 
13.373977 183.335876 101.684036 67.105247 214.800842 104.927589 9.038106 195.553452 94.307190 87.353683 204.757767 144.745834               3431 
13.536217 187.740051 102.186470 69.133278 215.321014 110.802994 11.028152 200.708588 94.977753 85.167053 203.852844 152.127991               3446 
13.721744 188.190262 102.233963 69.632339 215.133392 111.380920 11.414394 201.347687 95.201500 85.326347 203.357559 152.749786               3450 
13.666865 188.783936 102.255463 69.759407 215.368622 112.043091 11.452196 202.263733 95.289642 84.814331 203.902298 153.735168               3471 
13.957080 189.085403 102.193359 70.287415 215.192352 112.382393 11.805552 202.773712 95.423393 85.080299 203.542694 154.117401               3506 
13.971106 189.075256 102.182297 70.299850 215.189987 112.375603 11.794614 202.794495 95.427536 85.095360 203.540344 154.109695               3510 
14.053801 189.427689 102.380684 70.481560 215.423874 112.409348 11.844150 203.188782 95.628494 85.313309 203.884689 154.161255               3527 
14.045702 189.485519 102.422684 70.489586 215.465439 112.426346 11.814166 203.268448 95.682640 85.329895 203.945313 154.180481               3532 
14.114577 189.545303 102.497536 70.806541 215.021179 112.546631 11.951881 203.403488 95.950912 85.736458 203.030182 154.135925               3538 
13.776187 189.551483 102.629707 70.517578 215.030670 112.384720 11.602206 203.364502 96.058510 85.639374 203.098984 153.921707               3545 
10.714142 189.995117 104.751068 68.430794 215.105865 106.202782 8.694131 203.102661 96.993095 88.357628 205.209564 146.219528               3561 
9.967324 190.743530 104.394997 67.244675 216.848587 103.103889 7.675232 203.448105 96.085335 88.664032 208.584030 142.717819               3570 
8.345434 190.553421 103.328026 65.058891 217.679153 99.926521 6.222779 202.566406 94.107460 87.427811 211.256134 139.356613               3579 
7.920996 189.342422 102.587502 64.227226 217.096298 99.649521 5.966091 201.359772 93.250877 86.897224 209.589432 138.714523               3588 
7.967705 189.200272 102.634224 64.089371 217.008438 99.197250 6.068298 201.158890 92.949089 87.077263 209.486954 138.073212               3597 
8.050545 189.173691 102.317017 64.061188 216.967331 98.177498 6.135262 201.073700 92.384354 87.419579 209.650650 136.871262               3606 
8.363585 188.834076 102.547249 64.091713 216.862732 98.013817 6.359600 200.841003 92.342735 87.742599 209.551117 136.530457               3615 
8.847623 188.436493 102.945671 63.870022 217.400925 98.692436 6.638156 200.582230 92.374092 87.481743 210.188797 137.251831               3635 
9.298091 188.521133 103.835304 64.264465 217.437653 98.948769 7.012312 200.785858 93.266106 88.457962 209.910522 137.085007               3643 
9.096596 189.105453 106.186546 64.104057 217.141846 98.167297 7.129260 201.031097 94.751892 89.998032 209.934830 135.233688               3660 
8.629541 189.373123 109.476204 62.814461 216.403671 95.085602 5.962038 200.538574 97.242477 91.823601 211.109146 130.111221               3669 
8.571747 189.937454 109.992920 62.357056 216.304901 93.246490 5.769322 200.662567 97.231094 92.393280 211.836288 127.513275               3678 
8.665469 190.133667 109.815521 62.510567 216.424057 93.346512 6.149410 200.763916 96.668777 92.362762 211.945587 127.772453               3696 
8.527993 189.926010 109.527908 62.497967 216.283371 93.679939 6.198303 200.630249 96.286140 92.056786 211.578506 128.328125               3705 
8.459996 189.429718 108.907059 62.625599 215.990479 94.285034 6.353705 200.370667 95.646965 91.618179 210.853439 129.347794               3723 
8.394197 189.622757 108.340454 62.795124 216.026596 94.459427 6.506510 200.642563 94.989998 91.332039 210.712570 129.867920               3742 
8.316323 189.823563 108.057396 62.866974 216.112030 94.631271 6.626612 200.784439 94.629768 91.128128 210.659622 130.239334               3751 
8.272511 190.383865 107.762115 63.142570 216.276306 95.009796 6.925440 201.247589 94.261024 91.023193 210.360947 130.843231               3760 
8.150126 190.601120 107.786049 63.128418 216.164001 94.971306 7.177680 201.066559 94.017570 91.034454 210.036636 130.749298               3773 
6.723425 191.232788 106.178093 62.131302 217.469833 97.218864 6.523016 201.824295 92.556320 87.839584 210.943237 134.539688               3778 
6.788303 191.579727 105.613762 62.491055 216.716888 98.157768 6.702793 202.374710 92.057335 87.516083 207.815369 135.452087               3787 
7.250932 192.023376 105.850105 63.104385 215.854111 97.541260 6.882545 202.990799 92.356491 88.774323 205.001068 133.867859               3796 
7.442905 192.558792 106.533859 63.372952 215.151947 96.794243 6.914497 203.352158 93.014687 89.927437 202.639038 131.931717               3805 
7.373945 192.975876 107.011948 63.248425 214.921341 96.401855 6.848047 203.290207 93.346466 90.299637 201.422394 130.787399               3814 
7.370057 193.215210 107.302391 63.165276 214.793015 96.169060 6.965271 202.975021 93.373459 90.490051 200.695709 130.095123               3823 
7.218132 193.440140 107.548706 62.944550 214.802872 96.157990 6.915028 202.715332 93.443886 90.426369 200.160126 129.724274               3832 
7.337721 192.791702 108.765678 62.200413 214.673141 96.981293 6.363830 202.504593 94.295883 90.194145 198.315628 129.309906               3843 
7.559727 192.543777 109.529343 61.890511 214.684753 97.367775 6.156470 202.482086 94.794212 90.188522 197.558899 129.026627               3850 
7.855068 192.472961 110.423599 61.699566 214.857925 97.957703 6.193653 202.536743 95.288277 90.257874 197.002243 128.973083               3859 
7.765641 192.844635 110.036308 61.243706 215.390274 97.203842 5.909043 202.536392 94.392479 89.736198 198.457291 128.791931               3868 
7.610045 193.434113 109.632225 60.856663 215.955521 96.491417 5.655751 202.707748 93.532700 89.198936 199.917297 128.675980               3877 
7.720326 193.533020 109.620140 60.647091 216.080551 95.941490 5.531584 202.484909 93.144180 89.013687 200.865921 128.502319               3895 
7.735243 193.562363 109.552422 60.536732 216.093582 95.637222 5.456388 202.351486 92.904839 88.890999 201.304749 128.404297               3904 
7.674687 194.563187 109.501755 60.571762 216.477966 95.293777 4.670095 204.569427 93.380844 88.651566 202.300858 128.563736               3913 
8.023010 194.632202 109.599525 60.566120 216.545746 95.230026 4.698460 204.616989 93.049232 88.435951 202.733749 128.828491               3922 
9.823947 194.231369 110.610176 60.839729 216.342667 95.414627 5.013175 204.305374 92.885162 88.525917 202.673447 129.222656               3931 
11.361087 193.768219 111.564857 60.870937 216.200958 95.659027 5.153806 203.905380 92.666290 88.354584 202.832947 129.751572               3940 
12.254598 192.629074 111.689705 60.693386 215.887115 95.700020 5.158113 203.287491 92.161880 88.085472 202.974487 130.040863               3949 
12.725542 190.843063 111.715363 59.763218 215.138184 94.468597 4.635899 202.152359 91.386505 87.836037 203.633331 128.760162               3959 
13.255878 189.790436 111.879524 59.514126 214.749878 94.187744 4.759777 201.933701 90.923523 87.887756 203.798950 128.413025               3968 
13.819636 189.171814 112.036751 59.467129 214.480759 94.106255 4.922333 202.109879 90.589523 87.965271 203.703491 128.283173               3976 
14.309881 188.729996 112.310242 59.383526 214.344513 94.170151 5.116121 201.826431 90.459534 87.981110 203.722565 128.312622               3986 
14.836375 188.420822 112.656090 59.312820 214.201279 94.207832 5.260058 201.819351 90.376762 87.999947 203.597061 128.280624               3995 
15.322531 187.715958 112.960625 59.434849 213.630234 94.221352 5.513193 201.404953 90.623749 88.426605 202.676727 127.923798               4004 
15.376322 187.599304 113.096130 59.350796 213.507706 94.283577 5.467743 201.751038 90.650932 88.361916 202.459991 127.938576               4013 
15.359118 187.000092 113.080872 58.903072 213.373291 94.455719 5.191542 201.456131 90.497032 87.868477 202.388290 128.170563               4022 
15.681715 186.004578 113.232040 58.480137 213.122742 94.757988 4.986771 200.970825 90.591988 87.565941 202.087646 128.352600               4031 
15.940815 184.912521 113.322205 58.088142 212.822128 95.207359 4.826884 200.502365 90.703346 87.237488 201.606674 128.686981               4040 
16.097166 183.961349 113.285965 57.725174 212.603455 95.592003 4.696526 200.151489 90.687317 86.858429 201.317886 129.062057               4049 
16.000608 183.072723 113.332870 57.216236 212.479691 96.373383 4.512896 199.795059 90.744240 86.158302 201.016342 129.948730               4058 
16.447214 182.711075 113.479507 57.415863 212.296585 96.493889 4.688949 200.249573 91.179436 86.588821 200.424133 129.725479               4067 
16.150639 182.381287 113.389526 56.975094 211.937164 96.145340 4.517936 200.088837 91.027931 86.255974 200.137253 129.307785               4094 
16.252321 182.409256 113.432426 57.000965 211.945877 96.116898 4.573374 200.208908 91.070328 86.306862 200.105667 129.242859               4103 
16.442139 182.378677 113.216240 57.083866 212.166595 96.202217 4.797918 200.353394 90.874718 86.206337 200.456161 129.535431               4112 
16.710073 182.124939 113.042389 57.011448 212.313812 96.296783 4.995370 200.376572 90.706108 85.955498 200.772705 129.843781               4121 
17.083448 180.535599 112.365242 56.540874 212.174042 96.650261 5.104596 198.975616 90.055229 85.175117 201.142685 130.631805               4130 
17.603832 179.632080 112.076965 56.541275 212.070740 96.817482 5.321139 198.498138 89.968033 85.115219 201.324661 130.940887               4139 
17.840328 179.071625 111.817993 56.352669 212.156342 96.899124 5.295401 198.338806 89.842003 84.772675 201.912064 131.304260               4148 
18.440678 178.061203 111.373055 56.458321 212.266174 97.791161 5.713953 198.122574 89.788734 84.462273 201.985107 132.524918               4157 
19.389927 176.481735 110.859673 56.756584 212.004547 98.788811 6.295608 197.574478 90.040611 84.542595 201.429367 133.609192               4166 
19.937445 175.742767 110.844337 56.827164 212.157959 99.860855 6.427845 197.752548 90.581627 84.296356 201.586792 134.932907               4176 
20.293219 175.351852 110.857132 56.784481 212.428665 100.731453 6.499647 197.953812 90.831711 83.815018 202.058044 136.201950               4184 
21.041235 174.549683 110.625954 57.209381 212.275146 101.688332 6.935321 197.975601 91.208313 83.953438 201.502289 137.255966               4193 
21.200640 174.058884 110.199226 57.217331 212.290543 102.236214 6.931707 198.173218 91.256638 83.586700 201.419006 138.052704               4202 
21.342432 173.998352 110.125069 57.330048 212.438354 102.639107 6.991962 198.535355 91.406128 83.404991 201.586563 138.676468               4211 
21.681320 173.768860 110.207085 57.668953 212.370804 103.131165 7.150177 198.815933 91.897469 83.671593 201.344818 139.167892               4221 
21.881189 173.633896 110.289474 57.828789 212.399384 103.520287 7.181614 199.037567 92.274529 83.761627 201.331329 139.594406               4230 
21.675049 173.211807 111.202766 57.743435 211.538406 102.785500 6.665626 198.694382 92.807671 84.032204 201.483444 138.898575               4239 
21.759836 173.082184 111.346481 57.775539 211.466354 102.937523 6.515762 199.043686 93.215118 84.137497 201.386276 138.990189               4248 
21.607166 172.925827 111.685280 57.533066 211.280411 102.866524 6.205755 198.993134 93.306206 83.821289 201.729507 139.116562               4257 
21.460712 172.731216 112.017662 57.273994 211.023605 102.739487 5.887880 198.862976 93.359993 83.509705 201.989227 139.159576               4266 
21.451323 172.581482 112.318031 57.116474 210.828735 102.697044 5.715148 198.968048 93.548637 83.389221 202.058578 139.154999               4275 
21.518259 172.719040 112.303886 57.101460 211.264328 103.674011 5.912560 199.296494 93.595383 82.828560 202.243378 140.458450               4284 
21.566256 172.740372 112.188591 57.160099 211.441467 104.478287 6.201269 199.464005 93.417480 82.249992 202.202301 141.646698               4293 
22.311356 171.464767 111.693245 57.763195 210.568878 105.518616 6.772495 199.127060 93.918381 82.682503 200.180237 142.497803               4302 
23.072388 171.551041 111.841499 58.701874 210.689194 106.060440 7.535432 199.568832 94.751083 83.867554 199.759613 142.715439               4311 
23.423298 171.549347 111.784325 58.991756 210.879120 106.305733 7.748760 199.661453 95.103493 84.253036 199.810501 142.853088               4320 
23.483402 171.492554 111.760216 58.990017 210.903061 106.356560 7.742553 199.632233 95.219292 84.316772 199.791809 142.845612               4329 
22.404806 170.775986 110.216530 57.277462 210.599854 104.436974 6.436090 198.314316 93.104622 82.520119 200.371109 141.240997               4338 
21.828844 170.989151 109.979187 56.805328 210.562408 103.405525 5.913536 198.507309 92.872833 82.514191 200.454956 139.919220               4347 
21.119371 171.631561 110.032372 56.415676 210.907623 103.262199 5.545009 199.247910 92.862068 82.093979 200.838013 139.807831               4356 
20.625490 172.520798 110.051414 56.461353 211.474869 103.157463 5.475902 200.185135 93.165154 82.338432 201.328552 139.541321               4365 
20.000498 173.543442 109.982956 56.432076 212.149399 103.172783 5.442252 201.169022 93.173882 82.270653 201.861740 139.544312               4375 
19.464914 174.222107 109.756462 56.449615 212.583542 103.210007 5.466045 201.819336 93.138168 82.230438 202.153351 139.581924               4383 
18.941191 174.884048 109.292137 56.403419 213.024460 102.666382 5.372050 202.354553 92.906898 82.380959 202.645172 138.912674               4393 
19.225382 174.317093 109.328468 56.268520 212.798965 102.242691 5.267910 201.693726 93.006340 82.698738 202.790771 138.265396               4406 
19.280840 173.320450 109.193672 55.768234 212.318512 101.988632 4.895089 200.780533 93.082909 82.592102 202.556961 137.787354               4416 
19.544247 173.943314 109.457741 55.396835 213.061615 100.083023 4.827140 200.486404 92.327850 82.878601 205.149460 135.839233               4429 
19.450268 174.001984 109.358475 55.092487 213.108170 99.165298 4.879436 200.440506 91.677826 82.702728 206.016037 134.994507               4437 
19.448637 174.123627 109.510391 55.112431 213.150879 99.014862 5.111500 200.699829 91.616501 82.832672 206.298950 134.805847               4446 
19.460999 174.145554 109.559891 55.134689 213.152618 99.015076 5.280236 200.838181 91.530716 82.865730 206.337997 134.804825               4456 
19.607941 172.771851 110.729134 54.985630 211.434006 98.234795 5.125855 199.746719 92.379059 83.770111 205.371399 133.321182               4465 
20.111057 171.014297 111.339478 55.498287 209.140472 97.508675 5.660437 198.863403 92.978188 85.239471 202.995987 131.773285               4474 
20.872509 169.747040 111.397919 56.026573 208.160690 98.066925 6.408726 198.757248 93.584099 86.072067 201.313751 131.930527               4483 
21.695791 169.453644 111.677742 56.361534 208.341766 98.755363 6.960804 199.097794 94.180428 86.562759 201.340012 132.448349               4492 
22.362276 169.190186 111.826370 56.677853 208.441162 99.255707 7.333150 199.504578 94.697586 87.033882 201.248367 132.768845               4501 
23.124273 169.132233 112.027184 56.569633 209.252884 99.967644 7.429121 199.625702 94.841812 86.721924 202.699539 133.794388               4510 
23.641554 169.010452 112.092751 56.568863 209.700394 100.547409 7.547438 199.748642 94.994827 86.558685 203.381195 134.562607               4519 
23.922398 168.865936 112.168732 56.484604 209.943817 100.981491 7.549889 199.624924 95.097191 86.332283 203.810760 135.155411               4528 
24.193043 168.942535 112.206955 56.567219 210.306335 101.560158 7.610976 200.021393 95.314667 86.239838 204.075439 135.868576               4537 
24.469616 168.950195 112.229141 56.699074 210.525345 101.975380 7.751419 200.177322 95.501389 86.282616 204.189331 136.341431               4546 
24.429188 168.799515 112.065292 56.527775 210.513702 102.079872 7.575017 200.278595 95.385017 85.997421 204.150818 136.538681               4555 
24.400118 168.766113 111.958519 56.397144 210.558426 102.195808 7.476085 200.454041 95.291519 85.769196 204.129745 136.725647               4564 
24.230429 168.769028 111.836327 56.209232 210.627365 102.405998 7.247760 201.156158 95.325249 85.464119 204.030334 137.003494               4573 
24.003851 168.871964 111.716400 56.088200 210.720337 102.609047 7.140214 201.385010 95.318069 85.222557 203.886536 137.262238               4582 
24.051439 168.897369 111.546448 56.218739 210.749146 102.735931 7.203732 201.632339 95.555542 85.472710 203.495636 137.202545               4591 
23.925789 169.065506 111.440269 56.173481 210.922943 102.881149 7.167973 201.861374 95.670235 85.452774 203.409760 137.270554               4600 
23.799234 169.159698 111.135162 56.112576 211.061523 102.889778 7.152966 201.945709 95.519089 85.350517 203.352554 137.271027               4610 
23.273941 169.621552 110.653984 55.971199 211.324570 102.673470 7.122254 201.924515 94.868919 85.033623 203.331818 137.138626               4618 
22.535133 170.004410 110.065643 55.730556 211.482956 102.427780 7.027937 201.818207 94.038803 84.461876 203.321594 137.130219               4627 
21.596537 171.165466 109.888412 55.412838 211.860367 100.528862 6.612250 202.128235 92.715881 84.248604 204.691025 135.363541               4636 
21.409733 171.003174 109.698257 55.305428 211.520020 99.713615 6.427181 201.858124 92.413101 84.432365 204.593109 134.354568               4645 
21.695042 171.221176 109.939331 55.460011 211.709106 99.343925 6.561440 201.847076 92.534317 84.906639 205.135086 133.782776               4654 
21.831715 171.310883 110.058914 55.527477 211.793533 99.136002 6.639556 201.749557 92.569237 85.131706 205.481613 133.488647               4664 
21.784878 171.335510 110.170395 55.306618 211.717239 98.278015 6.471856 201.278976 92.114937 85.075722 206.323303 132.644592               4672 
21.587774 171.694565 110.263062 55.269642 211.827164 97.812798 6.492626 201.226563 91.863304 85.099014 206.888580 132.195572               4681 
22.311937 171.377609 110.122398 55.951927 211.958099 98.539841 7.204819 201.168442 92.422890 85.815811 206.684540 132.842804               4691 
23.601244 170.505630 109.985886 56.713383 212.082184 100.021210 8.043366 200.826767 93.298813 86.436707 206.436218 134.386932               4700 
24.460440 169.688980 109.996956 57.253311 211.912308 101.216248 8.560540 200.354889 94.224861 86.997620 205.889542 135.499741               4709 
24.763437 169.446579 110.070854 57.578262 211.910004 101.814476 8.816298 200.343094 94.729996 87.301277 205.826492 136.105713               4718 
24.690845 169.454651 110.012917 57.729801 211.974335 102.109688 8.931008 200.448013 94.882126 87.348618 205.889557 136.490738               4727 
24.794683 169.653503 110.181870 58.044460 212.109589 102.418373 9.178011 200.703812 95.118355 87.581619 205.999084 136.865051               4736 
24.880709 169.707947 110.255043 58.230453 212.160034 102.657677 9.310462 200.805130 95.277130 87.703316 206.006226 137.151688               4745 
24.553883 169.396912 109.723969 58.011536 211.896790 102.754288 9.136380 200.623093 94.873222 87.180740 205.507050 137.462845               4754 
24.388676 169.241135 109.425568 57.862698 211.763550 102.696625 9.007750 200.585922 94.583275 86.875511 205.320816 137.526260               4763 
24.293087 169.301559 109.356644 57.770935 211.761261 102.539619 8.884955 200.700317 94.476898 86.794319 205.343796 137.365112               4772 
23.731796 169.591827 110.284103 56.983059 211.470139 100.436356 7.889403 200.449036 94.348358 87.020187 206.528290 134.637299               4781 
23.529926 169.982269 110.404648 56.153248 211.421402 98.109612 6.954447 200.473114 94.098862 87.437233 207.283630 131.284103               4790 
23.646374 170.030243 110.579720 55.411049 211.320572 97.077751 6.428249 200.243744 93.781731 87.172935 207.747971 129.861511               4799 
23.957176 170.104202 110.390312 55.006123 211.364929 96.554840 6.234367 200.341019 93.510841 87.026237 207.755829 129.082413               4808 
24.259806 170.224304 110.303856 54.686077 211.426529 96.246552 5.765403 201.191788 93.450478 86.842705 207.779785 128.634964               4817 
24.694107 170.410843 110.376511 54.468063 211.468491 96.036545 5.555691 201.136337 93.345917 86.717529 207.797089 128.329712               4826 
25.098124 170.587326 110.483643 54.316635 211.497635 95.890678 5.418816 201.004974 93.275734 86.630516 207.809555 128.117477               4836 
26.361265 170.475922 109.929901 55.172123 212.045074 96.932953 6.266164 201.338440 93.844826 87.444511 207.301819 129.063171               4844 
26.514439 170.681259 109.808586 55.222767 212.192856 97.004852 6.238893 201.355438 93.728935 87.380234 207.253281 129.220581               4853 
26.746626 170.682083 109.672516 55.426304 212.120071 97.051834 6.399683 201.443161 93.753571 87.605629 206.840073 129.191666               4862 
26.817436 170.925278 109.692154 55.663177 212.205780 97.346718 6.610521 201.789215 93.747612 87.656464 206.599030 129.616669               4871 
26.785595 170.958252 109.579880 55.810108 212.081116 97.761566 6.695638 201.980316 93.798538 87.607544 205.865799 130.113525               4880 
26.911049 171.159531 109.689316 55.939388 212.059586 97.912827 6.790502 202.095749 93.759529 87.600830 205.665695 130.363205               4889 
26.421284 167.935989 106.978622 57.994621 207.597031 99.683022 8.055326 202.160355 96.430069 90.124451 194.023819 129.344391               4898 
25.893515 167.824722 107.056686 58.702862 205.870712 99.849663 8.515545 202.421494 97.235580 90.670090 189.943298 128.498734               4908 
26.226900 168.072098 107.291023 59.310532 205.346832 99.940750 9.119727 202.101730 97.588654 91.330254 188.309647 127.884041               4916 
26.637739 168.366959 107.720192 59.292099 205.371750 99.994881 9.132640 201.328903 97.303574 91.296181 188.366043 127.975250               4926 
26.998693 168.623566 108.066994 59.278488 205.390152 100.034874 9.134146 200.903976 97.158363 91.271126 188.407806 128.042496               4935 
27.332729 168.881851 108.387169 59.265301 205.407974 100.073601 9.165137 200.595688 97.042732 91.246956 188.448318 128.107513               4944 
27.208872 169.910110 108.902580 58.931927 206.111908 100.158661 8.898101 201.056198 96.602722 90.618660 189.601532 128.789322               4953 
27.144270 170.741196 109.315887 58.675564 206.653229 100.224075 8.695071 201.373016 96.262047 90.133018 190.495224 129.305038               4962 
27.134016 171.336563 109.686737 58.438789 207.041107 100.360313 8.501383 201.493591 96.105461 89.754532 191.119522 129.723267               4971 
27.208666 171.408066 109.651894 58.273621 206.966934 100.327110 8.366836 201.237228 95.849495 89.502068 191.017181 129.767639               4980 
27.412682 171.222885 109.324806 58.313759 206.725754 100.308090 8.401814 200.987396 95.806190 89.579178 190.334366 129.465454               4989 
27.496572 171.427979 109.167755 58.276333 206.811035 100.186424 8.362080 201.041077 95.666985 89.548660 190.248764 129.239624               4998 
27.205416 172.662140 108.704796 57.711971 207.928146 99.392853 7.877871 201.766464 94.449310 88.778938 191.916794 128.970474               5007 
28.748880 173.801620 108.639664 57.433418 210.422195 99.094772 8.098475 201.371689 93.195412 88.606979 196.882156 129.774292               5016 
29.083302 174.546753 107.664848 57.278770 211.642929 98.643761 8.236759 201.599747 91.572937 87.918747 198.851181 130.170242               5025 
29.264135 174.756256 107.370399 57.292229 212.004486 98.565918 7.755015 201.553604 91.583076 87.790154 199.348694 130.284424               5034 
29.341835 174.855423 107.264290 57.263489 212.188629 98.567833 7.546057 201.392059 91.555679 87.677391 199.628937 130.404984               5043 
29.421114 174.958252 107.190552 57.257462 212.342667 98.545578 7.420179 201.252563 91.511978 87.610733 199.864960 130.472702               5052 
29.487371 175.073517 107.145287 57.235855 212.493896 98.514992 7.308486 201.073532 91.453331 87.537979 200.107132 130.526016               5061 
29.666035 175.120483 107.216057 57.350769 212.561615 98.595093 7.389418 200.962555 91.539276 87.654922 200.191177 130.610489               5070 
29.825193 175.252060 107.355019 57.381493 212.686356 98.638268 7.351456 200.968872 91.620758 87.668655 200.421814 130.710449               5079 
29.992168 175.374268 107.467010 57.465000 212.798492 98.651276 7.369526 200.956390 91.686104 87.741737 200.636856 130.772446               5089 
30.074041 175.449783 107.593864 57.451248 212.890381 98.689423 7.367457 200.923264 91.726753 87.727287 200.853012 130.858017               5097 
30.162014 175.585831 107.855446 57.303352 213.126862 98.708046 7.327010 200.747528 91.672348 87.541168 201.580811 131.091965               5106 
30.276453 175.715683 108.055443 57.274647 213.299393 98.698944 7.339920 200.658600 91.673347 87.495224 202.094025 131.218353               5115 
30.375914 175.815369 108.197060 57.286232 213.416199 98.686218 7.386369 200.606445 91.664497 87.492508 202.443909 131.298264               5125 
30.478256 175.956894 108.339958 57.457005 213.455261 98.654205 7.471053 200.755402 91.796646 87.684914 202.522781 131.259567               5133 
30.497183 176.022797 108.447197 57.468620 213.496567 98.684769 7.510127 200.730240 91.748833 87.618744 202.706833 131.409500               5143 
30.468870 176.118927 108.549950 57.447784 213.567749 98.727905 7.547127 200.635162 91.662422 87.494141 202.946152 131.602722               5151 
30.433687 176.202927 108.608940 57.450180 213.624374 98.766754 7.584033 200.599548 91.591042 87.402092 203.135666 131.770172               5161 
31.162821 175.197449 108.946053 57.715588 213.010330 99.246277 8.004930 199.328491 92.185028 87.925171 202.760925 132.089645               5170 
31.371212 174.521515 108.797577 58.019470 212.417526 99.612831 8.271091 198.916931 92.496262 88.292099 201.682526 132.242325               5179 
31.285332 174.543823 108.973778 57.954742 212.425430 99.649506 8.228981 198.846390 92.547958 88.167740 202.018829 132.440247               5188 
31.253567 174.623306 109.188461 57.932526 212.473785 99.703415 8.255753 198.905197 92.590172 88.061096 202.416245 132.680237               5197 
31.330477 174.766220 109.327202 58.082546 212.600143 99.735199 8.464148 199.127228 92.650284 88.168976 202.844757 132.841019               5206 
31.214363 174.619553 109.178024 58.193287 212.431198 99.716751 8.594575 199.185211 92.723160 88.344086 202.596420 132.740417               5215 
30.783173 175.017654 108.928154 58.135502 212.611771 99.231995 8.585367 199.564087 92.292496 88.220734 203.004684 132.382233               5242 
30.662449 175.146210 108.802467 58.070831 212.685928 98.963280 8.566364 199.605652 91.990723 88.091187 203.291550 132.233078               5251 
30.256943 175.555603 108.436752 57.752789 212.997147 98.369209 8.369553 199.822388 91.270798 87.629837 203.959488 131.866058               5260 
30.007156 175.811264 108.022179 57.660141 213.113770 97.813644 8.338924 199.992737 90.703766 87.493279 204.139648 131.366653               5269 
30.001104 176.308289 107.893379 57.913250 213.451523 97.639374 8.542365 200.578873 90.643021 87.783783 204.312729 131.114578               5278 
29.769653 176.615295 107.432480 57.893600 213.678253 97.279022 8.588472 200.782730 90.171127 87.689323 204.407425 130.784576               5287 
29.447950 176.757324 106.864281 57.904781 213.708786 96.918770 8.721827 200.664856 89.949875 87.752167 204.001953 130.254440               5296 
29.300430 177.377243 106.493958 58.154484 214.135910 96.596153 8.850634 201.305878 89.717941 87.918007 204.226196 129.947098               5305 
29.263561 177.688644 106.216904 58.361004 214.456177 96.557259 8.944352 201.400085 89.765778 88.093895 204.324478 129.868805               5314 
29.053370 178.042114 105.729584 58.349262 214.825150 96.256912 8.876391 201.089432 89.453781 87.977890 204.610962 129.636108               5323 
28.922972 178.166046 105.427849 58.325611 215.006577 96.146210 8.855103 200.617737 89.328659 87.924149 204.659042 129.511017               5332 
28.828009 178.256699 105.208931 58.308163 215.140427 96.064522 8.836302 200.345139 89.230377 87.884575 204.694534 129.418304               5343 
28.785452 178.317368 105.086533 58.297676 215.220856 96.015442 8.770484 200.219635 89.205139 87.860825 204.715881 129.362427               5350 
28.748241 178.386475 104.960411 58.286442 215.307037 95.962845 8.753475 200.079819 89.136276 87.835396 204.738770 129.302414               5360 
28.781065 178.431412 104.937256 58.278492 215.368027 95.925636 8.736628 200.045029 89.086098 87.817421 204.754974 129.259857               5368 
28.920736 178.475586 105.028046 58.271183 215.424088 95.891418 8.733273 200.010132 89.035736 87.800903 204.769882 129.220673               5377 
29.112305 178.517059 105.172073 58.264874 215.472488 95.861885 8.728150 200.033447 88.990196 87.786659 204.782745 129.186798               5387 
29.236139 178.693298 104.953850 58.264179 215.584579 95.333916 8.692379 200.179245 88.592842 87.829681 204.891190 128.618866               5396 
29.231691 178.844162 104.435661 58.120693 215.568649 94.054085 8.432663 200.261475 87.969429 88.005287 205.016403 127.098244               5405 
29.422527 178.925903 104.492950 57.953484 215.774734 93.659454 8.473649 200.005615 87.698204 87.923874 205.696503 126.773811               5414 
29.500364 178.734726 104.273170 57.789253 215.732315 93.419884 8.508688 199.754074 87.338943 87.768089 205.680176 126.534523               5423 
29.586916 178.591965 104.149933 57.670708 215.701691 93.246948 8.552509 199.599960 87.081154 87.655594 205.668427 126.361839               5432 
29.687759 178.510498 104.051376 57.643394 215.688034 93.069923 8.599690 199.515396 86.882034 87.635727 205.671860 126.183250               5441 
29.764055 178.451248 103.971703 57.630383 215.678848 92.918633 8.660464 199.502823 86.742126 87.646500 205.650543 126.006721               5450 
29.891178 178.407959 103.992523 57.663330 215.698380 92.863213 8.745585 199.547226 86.753319 87.729668 205.690002 125.911713               5459 
29.979597 178.342087 103.820724 57.685013 215.708282 92.730682 8.806695 199.572311 86.594345 87.752953 205.670319 125.768753               5468 
30.201229 178.390106 103.641678 57.845921 215.830566 92.548454 8.974555 199.667404 86.437401 87.936546 205.808548 125.570702               5477 
30.428417 178.594391 103.464310 58.164337 216.015320 92.327393 9.211091 199.990662 86.343437 88.312904 205.864929 125.257462               5486 
30.430634 179.841370 103.120689 58.934364 216.768784 91.971649 9.643598 201.762589 86.057518 88.926987 205.942459 124.828751               5495 
30.359447 180.664154 102.892990 59.355553 217.341187 91.835167 9.906545 202.922516 85.731155 89.097321 206.126846 124.790001               5504 
30.354736 180.782166 102.812057 59.512062 217.504669 91.940018 9.970719 203.222672 85.693787 89.158966 205.991028 124.877121               5513 
30.355291 180.587265 102.680298 59.565372 217.494858 92.129555 9.924267 203.075226 85.696999 89.143196 205.682693 125.023041               5522 
30.398354 180.275665 102.479675 59.621994 217.438065 92.360237 9.911695 202.839691 85.689445 89.126595 205.303299 125.202003               5532 
30.427244 180.033310 102.334282 59.664486 217.395447 92.533340 9.948710 202.636597 85.685135 89.115730 205.018738 125.332680               5541 
30.524523 179.860260 102.222191 59.818916 217.369629 92.605453 10.046680 202.557938 85.723030 89.263405 204.817596 125.344185               5549 
30.753624 179.577194 102.209320 60.071678 217.298080 92.726807 10.249615 202.361771 85.911224 89.596893 204.612640 125.341171               5559 
30.864479 179.374695 102.187576 60.230186 217.253204 92.802902 10.375870 202.235809 86.028236 89.806190 204.484665 125.338737               5567 
30.951273 179.174179 102.162857 60.375244 217.212143 92.872551 10.458318 202.105820 86.154503 89.997826 204.367935 125.336136               5576 
31.079716 179.082947 102.215118 60.519276 217.237595 92.893066 10.533089 201.986847 86.281281 90.187965 204.434219 125.330673               5585 
31.354673 178.907303 102.527504 60.766094 217.187927 93.042961 10.712541 201.759079 86.646759 90.535355 204.543030 125.450577               5595 
31.548040 178.758545 102.759140 60.953674 217.150177 93.156891 10.862512 201.582352 86.913467 90.799141 204.625793 125.541199               5604 
31.683605 178.614975 102.940987 61.108772 217.118958 93.251083 10.998474 201.406860 87.127480 91.017090 204.694244 125.615799               5613 
31.761389 178.519012 103.066521 61.216003 217.100891 93.299011 11.086637 201.284363 87.257706 91.158974 204.757889 125.662956               5622 
31.951797 178.075760 103.722641 61.399948 216.737717 93.854019 11.321837 200.738663 87.679779 91.208984 204.702713 126.456718               5631 
32.089725 177.750076 104.206154 61.535477 216.470123 94.262939 11.509503 200.340118 87.981079 91.244431 204.662659 127.039719               5640 
32.174419 177.531723 104.523041 61.624081 216.295181 94.530296 11.623390 200.096909 88.185318 91.266975 204.636719 127.420036               5649 
32.230591 177.359924 104.759003 61.690578 216.163895 94.730927 11.696842 199.940872 88.347412 91.283569 204.617401 127.704987               5660 
32.185524 177.183899 105.031052 61.493420 216.071732 94.754936 11.624104 199.531525 88.340111 91.031418 204.982544 127.934631               5667 
31.892025 177.170380 105.339371 61.156921 216.022980 94.598503 11.504802 199.231155 88.138443 90.546906 205.584808 128.119080               5676 
31.564415 176.169220 106.005409 61.294506 214.941376 96.198219 11.599328 198.730011 88.924126 90.228523 203.717896 129.861435               5685 
31.564528 175.322388 106.602531 61.770580 213.965317 97.653587 11.943410 198.554153 89.923630 90.509377 201.727478 131.130035               5694 
31.268501 175.040314 106.730652 61.622116 213.674103 98.228149 11.814370 198.514114 90.089310 90.149208 201.118378 131.767899               5703 
31.384243 175.011902 107.208832 61.607853 213.802902 98.782494 11.873450 198.453888 90.555305 90.157143 201.349655 132.341553               5712 
31.177193 174.910522 107.624855 61.513138 213.689285 99.463860 11.772203 198.502029 91.010460 89.958160 201.015518 133.028900               5721 
30.851959 174.882858 107.941887 61.326313 213.612213 100.055901 11.597265 198.606247 91.295090 89.627762 200.701782 133.652100               5730 
30.491318 175.017700 108.441269 61.043724 213.737488 100.801781 11.382178 198.751770 91.576271 89.099190 200.784897 134.587524               5739 
30.152248 174.925507 108.747208 60.841667 213.634659 101.582802 11.206590 198.805801 91.819878 88.639847 200.388687 135.467316               5748 
30.030954 174.789383 109.021164 60.840603 213.487289 102.251663 11.192308 198.851974 92.122192 88.498833 199.918823 136.123108               5758 
30.588377 172.958252 109.026840 60.236149 212.571518 102.288727 10.979151 196.597107 92.246101 88.441162 199.666702 135.968079               5766 
30.650019 171.983597 109.001427 59.735558 212.047363 102.344864 10.746404 195.361938 92.238777 88.282944 199.352097 135.814743               5776 
30.644245 171.629150 109.047333 59.474892 211.879791 102.364609 10.607428 194.887024 92.203987 88.131958 199.369675 135.810471               5784 
30.629898 171.406174 109.101601 59.321842 211.767654 102.466270 10.559157 194.565414 92.165443 88.051987 199.293411 135.862793               5794 
30.465899 171.494827 109.258858 59.287521 211.786850 102.750488 10.525778 194.723358 92.236877 87.938911 199.148697 136.153046               5802 
30.206589 171.884903 109.766304 59.517464 211.886246 103.640244 10.594424 195.544342 92.767471 87.899185 198.686798 137.055923               5811 
29.940563 172.155579 110.110130 59.611366 211.942810 104.313522 10.595996 196.215958 93.074471 87.738373 198.336777 137.781464               5820 
29.746031 172.387817 110.386757 59.617290 212.053680 104.762161 10.580749 196.748230 93.226494 87.543480 198.286148 138.332062               5829 
29.812866 172.570663 110.712097 59.736168 212.209747 105.022247 10.721075 197.161926 93.438622 87.667397 198.466217 138.597794               5838 
29.693243 172.700821 110.862526 59.698013 212.312897 105.226250 10.729387 197.380447 93.456383 87.549805 198.546951 138.858551               5847 
29.637943 172.812317 111.058678 59.718605 212.405869 105.457039 10.778086 197.556580 93.537369 87.490562 198.650497 139.159637               5856 
29.545603 172.956406 111.236397 59.718235 212.520325 105.669167 10.797527 197.757736 93.596352 87.393303 198.775528 139.455658               5866 
29.478519 173.004944 111.296906 59.771687 212.513855 105.867195 10.827765 197.927780 93.665367 87.374794 198.613373 139.648865               5875 
29.377928 173.241257 111.417244 59.843746 212.628693 106.036560 10.861311 198.248520 93.719849 87.335800 198.615784 139.862305               5884 
29.485678 173.612274 111.673035 60.343472 212.718170 106.347893 11.161317 198.884094 94.108955 87.806885 198.296204 140.024643               5893 
29.533432 173.579803 111.679924 60.641823 212.535629 106.581352 11.319189 199.122467 94.334427 88.094841 197.685196 140.079895               5902 
29.680164 173.426132 111.632889 61.085945 212.205795 106.801338 11.542542 199.361710 94.642906 88.596893 196.786774 139.994064               5911 
29.775240 173.314148 111.651054 61.358612 212.004181 106.967094 11.622821 199.538544 94.919060 88.952629 196.235992 139.926010               5920 
29.783613 173.304413 111.680504 61.384247 212.025284 107.022217 11.595348 199.583145 94.945702 88.983978 196.271347 139.983170               5929 
29.725019 173.398483 111.737732 61.369904 212.109161 107.090767 11.548345 199.714127 94.930824 88.911095 196.383926 140.114334               5938 
29.677179 173.470444 111.788651 61.364330 212.161346 107.161995 11.512249 199.837616 94.920692 88.848358 196.441391 140.235641               5947 
29.644650 173.513123 111.844742 61.361446 212.187439 107.243202 11.478456 199.918289 94.928192 88.796860 196.464447 140.355759               5956 
29.614145 173.535492 111.908463 61.354862 212.195877 107.335312 11.447426 199.973526 94.946602 88.744804 196.468201 140.483261               5965 
29.589437 173.558990 111.977165 61.347855 212.209091 107.419220 11.432901 200.004074 94.965172 88.696907 196.490479 140.605209               5974 
29.603857 173.520981 112.085182 61.334354 212.199600 107.513626 11.413368 199.957840 95.002541 88.660088 196.553772 140.753189               5983 
29.606346 173.676270 112.299500 61.407375 212.300339 107.588242 11.439391 200.118958 95.125923 88.724907 196.729218 140.869583               5993 
29.606846 173.628479 112.444160 61.471554 212.218277 107.713676 11.462459 200.108398 95.295319 88.812988 196.597473 140.952087               6001 
29.937714 172.740692 112.613617 61.201191 211.809753 107.622627 11.315086 198.890884 95.465645 88.933861 196.729065 140.786285               6010 
29.700264 172.992249 112.815102 61.043118 211.995758 107.603241 11.163327 199.031403 95.432648 88.696823 197.146500 140.936829               6020 
29.616695 173.095825 112.963844 61.009399 212.062531 107.630478 11.124072 199.088013 95.475777 88.637787 197.328110 141.035934               6028 
29.882549 173.081482 113.414658 61.081955 212.206299 107.566460 11.214236 198.787659 95.814850 88.989487 198.013306 140.974304               6037 
30.084230 173.016724 113.694542 61.255013 212.222046 107.566734 11.400055 198.578247 96.112358 89.403427 198.276001 140.876343               6046 
30.217016 173.114273 114.095833 61.527302 212.265671 107.594490 11.614902 198.591507 96.547302 89.916718 198.492813 140.771362               6055 
29.982983 173.398300 114.367020 61.409630 212.493546 107.624680 11.573605 198.669922 96.546951 89.754547 199.013916 140.959656               6064 
29.933619 173.211166 114.499451 61.346973 212.383728 107.664139 11.532899 198.390900 96.693344 89.772034 199.093903 141.007095               6073 
29.793928 173.234039 114.500107 61.373005 212.359100 107.662643 11.534040 198.431244 96.731766 89.794846 199.084106 141.014252               6083 
29.645189 173.254562 114.463562 61.378773 212.346710 107.665108 11.504078 198.582870 96.746391 89.784683 199.074387 141.031342               6093 
29.526678 173.259399 114.468117 61.393951 212.306931 107.674561 11.494132 198.685455 96.770363 89.781235 199.038879 141.058334               6101 
29.172596 173.054764 114.470215 61.246643 211.978851 107.791306 11.316454 198.681213 96.737289 89.479256 198.603271 141.263214               6110 
29.234053 171.955521 114.266716 61.209393 211.085205 107.992455 11.284846 197.951935 96.881371 89.509933 197.507004 141.325134               6119 
29.158928 171.553101 114.190018 61.216415 210.690140 108.045830 11.267794 197.874680 96.971298 89.530411 196.999420 141.321014               6128 
29.044701 171.454742 114.168480 61.192608 210.569489 108.056313 11.228114 198.141830 97.028694 89.477783 196.865662 141.350601               6137 
28.968077 171.292694 114.114174 61.179214 210.398758 108.064163 11.204759 198.293259 97.070953 89.447289 196.645370 141.352539               6146 
28.909409 171.206482 114.104637 61.151093 210.318207 108.068359 11.190528 198.516388 97.122597 89.405602 196.579208 141.374191               6155 
28.873402 171.132431 114.100426 61.140938 210.266220 108.070351 11.206868 198.798447 97.206657 89.397530 196.564331 141.389694               6164 
28.571508 171.288742 114.234276 60.735050 210.519989 108.046875 10.994200 198.981857 96.964600 88.787544 197.332870 141.744247               6173 
28.262884 171.418152 114.421516 60.314739 210.761688 108.103889 10.781841 199.085297 96.752518 88.133720 198.111237 142.198257               6182 
28.067930 171.473785 114.675644 59.992199 210.930466 108.225182 10.664814 199.365799 96.715103 87.615829 198.769974 142.655014               6193 
27.948376 171.148254 114.702194 59.782047 210.733215 108.419647 10.629050 199.649841 96.773308 87.247726 198.714172 143.025070               6201 
27.836695 171.066650 115.054619 59.572487 210.729034 108.695648 10.701483 200.050064 96.885551 86.825066 199.096039 143.600174               6218 
27.956966 170.981644 115.335426 59.731064 210.603561 108.881256 10.898301 200.124588 97.141716 86.988007 199.020645 143.799026               6227 
28.086786 170.880814 115.672974 59.906059 210.459152 109.106537 11.110941 200.154129 97.441910 87.168808 198.941772 144.041458               6236 
28.192358 170.742157 115.919670 60.041832 210.291153 109.298264 11.276673 200.135666 97.698425 87.323959 198.779480 144.219925               6245 
28.977364 170.188400 116.406075 60.468758 209.954880 109.288795 11.633691 199.513824 98.484108 88.391617 198.619827 143.758881               6254 
29.941692 169.363861 116.964203 61.022545 209.403931 109.372444 12.117451 198.638672 99.552834 89.752487 198.145233 143.198288               6263 
30.335773 169.111313 117.260704 61.302406 209.223740 109.344078 12.404429 198.303436 100.040207 90.419678 198.045227 142.863937               6272 
