8.481222 137.815079 77.171143 65.184578 191.924591 65.558167 18.272200 154.928116 78.292519 111.555298 188.584549 84.016502                  0 
8.720433 137.819290 77.165604 65.164902 191.953995 65.390587 18.100121 154.812363 78.424438 111.503899 188.512482 83.909859                 19 
8.792890 137.941376 77.264702 65.218277 191.986267 65.271721 18.115595 154.700317 78.512955 111.518845 188.569778 83.891464                 32 
8.668074 138.809021 78.796051 65.978142 191.450165 65.226601 18.279816 154.936630 79.428505 112.082497 187.901901 84.302979                 51 
8.903696 138.709915 79.796989 65.964653 191.204071 65.261116 18.436996 154.579102 79.701012 111.984299 188.105881 84.618355                 72 
10.697712 138.386780 83.880699 67.565506 189.972839 65.928703 20.240494 154.513275 82.048370 113.735405 187.928635 85.066933                 93 
13.044271 137.051971 87.493279 68.994148 188.885208 67.469940 22.380573 153.383972 84.688881 115.332413 188.134552 86.293106                103 
15.605764 138.736145 91.295929 71.755585 189.271317 68.575882 25.583532 154.923019 85.712677 118.128708 189.304108 87.327995                140 
15.706072 138.908691 91.809189 71.852310 189.397888 68.957520 25.923832 155.054962 85.370239 118.186035 189.577515 87.805954                158 
16.631992 138.370453 92.471909 71.649666 190.329773 69.817307 26.876177 154.818588 85.502510 118.295998 190.995636 87.866859                185 
16.303743 137.970337 91.346565 71.184349 190.659012 70.005180 26.515854 154.680420 84.833977 117.982536 190.717972 87.669716                213 
15.933744 137.939987 90.454163 70.868042 190.903107 69.948517 26.160164 154.748077 84.208427 117.702316 190.557709 87.513863                232 
14.911478 139.518433 87.987976 70.116631 192.700043 68.839890 25.219336 156.323654 82.164398 116.888893 191.768875 86.548615                266 
13.841617 137.820679 85.792290 66.182434 193.586197 65.991203 23.186726 154.929916 79.932594 112.687683 195.743835 84.286453                284 
10.560046 132.687637 84.190285 60.593086 189.890060 62.890949 18.875587 150.127991 78.095772 106.964859 194.230301 81.137344                302 
9.205961 131.036758 83.669807 58.646854 188.711029 62.732773 16.944181 148.815826 77.839439 105.164764 192.801910 80.662041                320 
10.751565 135.016327 84.820244 63.773361 189.593399 64.505669 19.526817 152.283798 79.201210 110.409805 190.489807 82.570778                341 
11.783724 136.740662 85.385338 66.314568 189.735718 64.948944 21.493000 152.934998 79.132576 112.896057 189.447449 83.175064                359 
11.650118 139.207550 86.310974 68.137444 189.803329 65.209534 22.387709 153.978729 79.357590 114.477814 188.393494 83.989647                375 
11.551435 140.434631 86.819870 68.875366 189.860779 65.348610 22.696817 154.145004 79.851479 115.046722 188.062027 84.507957                396 
11.411034 140.387131 86.901329 68.713539 189.745651 65.221809 22.594940 153.427322 80.386757 114.806129 188.259369 84.596390                419 
10.339674 140.375748 86.007591 68.872299 189.006805 64.845100 22.563887 152.567917 80.372589 114.807693 187.580566 84.593903                431 
7.179726 140.259491 83.692581 68.926926 187.490524 64.193771 22.606590 150.726288 80.516647 114.718475 186.483673 84.299255                447 
3.815414 140.273514 80.867203 68.880539 186.639801 63.569908 23.101822 148.978775 80.814697 114.710541 186.416794 83.611656                472 
0.060397 141.859879 77.482826 68.937531 186.643326 63.076977 23.473909 148.501602 80.829796 114.738914 186.886749 83.183784                487 
-3.827911 144.413086 73.049446 69.538002 187.069504 61.293701 24.694836 148.374359 80.393509 115.504776 187.930435 81.002182                519 
-2.209683 149.830978 67.968048 74.192871 190.113586 59.353271 28.600109 151.827881 78.034637 119.815338 190.434570 79.861755                556 
2.357845 159.423874 64.393478 82.697083 193.179016 58.094044 34.388233 157.838745 76.023788 128.203232 189.600418 78.551163                585 
2.833184 163.851746 61.875298 84.521729 194.987656 56.456608 35.113735 161.233459 74.556038 129.711288 190.561707 77.442902                599 
2.967093 168.090561 59.308792 85.442146 197.380295 53.654613 35.327168 165.160843 72.620354 130.436172 192.830444 75.030914                610 
3.306189 175.053833 54.722847 87.391747 200.024551 49.803295 35.674129 170.550949 68.807037 131.878311 193.845154 71.823074                628 
3.028960 180.979858 49.458176 88.015030 203.048187 45.823421 34.970200 175.848907 64.458496 131.752533 196.194748 69.107994                646 
3.133523 189.034225 41.895538 88.174240 210.969360 38.523067 34.885479 184.513519 57.429844 131.621002 204.929886 62.564964                665 
1.663280 191.563751 32.213436 86.580048 213.810196 34.416378 32.298702 186.995071 49.309460 128.464844 207.267731 60.967659                682 
1.098612 196.102905 24.188726 86.432831 215.348648 30.118301 30.729662 190.375473 42.002205 126.874542 206.784012 58.282543                700 
0.916788 196.179169 15.878803 85.223587 215.424484 26.862030 29.164991 189.842575 33.414593 124.241074 204.166855 56.068382                727 
-0.332943 196.177704 7.509037 83.121696 215.498703 21.010883 26.782427 190.424805 25.114418 121.005989 203.619064 51.437263                748 
-2.701052 195.383469 0.749426 79.907562 215.470978 17.294912 23.742287 189.929016 18.999596 116.800484 203.545898 48.898937                754 
-9.610555 193.868011 -11.492849 72.157219 213.793701 8.137068 16.430422 188.224075 6.585165 108.016151 200.849777 40.520725                772 
-16.354483 190.344147 -26.295229 63.352657 211.690353 -0.474854 8.651833 184.963455 -6.502501 97.125099 199.071732 34.199383                790 
-21.190933 185.048935 -36.949230 56.586391 208.733749 -7.386829 3.389072 179.970673 -16.339951 89.730270 196.243332 27.934305                809 
-26.995750 180.866364 -47.314198 49.344791 204.984070 -14.500153 -3.038751 175.632141 -25.862206 81.493767 192.199509 21.626131                827 
-30.712282 174.503830 -55.144051 43.823154 201.226593 -20.239950 -7.073257 169.942245 -33.100815 75.661926 189.287537 16.446033                845 
-42.238018 164.347168 -71.958878 30.372110 191.132080 -33.081379 -18.797552 158.441193 -49.385963 61.990067 177.711044 3.281939                881 
-46.142036 158.337326 -78.264511 24.993811 188.241501 -38.843559 -22.689438 153.018097 -55.180847 56.964771 176.273438 -2.282197                899 
-52.769634 151.910507 -84.567329 18.301025 183.752289 -46.227177 -28.430584 145.514526 -61.161781 51.655029 172.661072 -10.637782                948 
-54.087090 149.845795 -87.569252 16.208563 182.505478 -48.473698 -29.675280 143.150482 -64.060692 49.820446 171.427872 -13.123483                957 
-61.130455 135.262665 -103.253349 5.439386 170.811020 -60.223125 -36.778000 127.419128 -79.028603 39.748844 159.880997 -25.502735                991 
-62.836884 130.153473 -106.527222 2.615020 167.658646 -63.397205 -38.601028 122.423813 -81.846199 37.656639 157.566727 -29.157637               1008 
-63.244843 128.110138 -108.154694 1.697071 166.135208 -64.608261 -39.186531 119.902695 -82.986145 37.065517 156.188293 -30.663574               1025 
-64.004784 120.897392 -115.667770 -2.571141 159.710907 -67.720398 -40.008831 111.652100 -90.101410 33.026184 149.613876 -34.060474               1065 
-64.426201 117.293549 -120.741753 -5.447723 155.569946 -69.362495 -41.227482 107.375412 -94.525230 29.257944 144.985153 -34.930115               1080 
-64.716087 113.316696 -125.798965 -8.464252 150.489304 -70.687607 -42.764038 102.210815 -98.868599 25.454006 139.039795 -35.750942               1098 
-65.559174 108.655121 -130.061981 -10.706245 144.272003 -72.731102 -45.178303 96.210754 -102.707130 22.859167 131.639404 -37.861481               1120 
-64.709625 105.416298 -131.218018 -11.316504 140.994202 -73.002945 -46.071465 92.453278 -103.750740 22.493711 127.882294 -38.549248               1140 
-64.359978 103.967278 -131.733459 -11.312096 139.327698 -73.453682 -47.144089 90.606270 -104.137062 22.535362 125.717712 -39.230480               1159 
-63.387592 100.159409 -133.904297 -11.532755 135.302719 -75.048828 -47.672878 86.418121 -106.771935 22.647764 120.995361 -41.446724               1217 
-63.214500 99.787704 -133.759995 -11.393599 135.020660 -75.039543 -47.681980 86.140953 -106.735168 22.781034 120.645302 -41.460480               1227 
-62.609009 98.390953 -133.028015 -11.147952 134.472595 -75.032837 -47.691841 85.354538 -106.552383 23.156933 120.086060 -41.591656               1250 
-62.033714 96.827507 -132.989990 -11.191386 133.701172 -75.496582 -47.819443 84.359848 -107.117317 23.229353 119.251793 -42.201870               1281 
-61.559341 95.858864 -133.114578 -11.063009 133.151215 -75.890427 -47.759640 83.715546 -107.564766 23.373339 118.651268 -42.633862               1297 
-60.127579 91.805122 -135.467102 -11.203222 130.606995 -78.146881 -47.206810 80.004776 -109.693596 23.234142 116.801437 -44.597149               1335 
-59.441391 90.790619 -136.437271 -11.078879 130.037735 -78.977448 -46.566872 79.121620 -110.675812 23.332197 116.494629 -45.294037               1351 
-58.653744 89.774559 -138.157837 -11.275935 129.766312 -80.421890 -45.489017 78.268402 -112.596710 23.019384 116.693573 -46.435951               1369 
-59.189491 89.348900 -138.758011 -11.510659 129.384857 -81.360367 -46.284733 77.953552 -113.174927 22.507380 116.182091 -47.146774               1387 
-59.339169 89.438614 -139.642593 -11.693035 129.279663 -82.122414 -46.693638 78.011444 -114.060921 22.054640 115.863899 -47.724426               1405 
-59.967861 89.826424 -140.412506 -11.906335 128.713531 -82.603149 -47.514038 78.037933 -114.950813 21.657839 114.632980 -48.291428               1423 
-60.141228 90.125580 -140.834457 -11.984782 128.521561 -82.796196 -47.762390 78.173576 -115.509377 21.442791 114.082870 -48.499969               1441 
-60.406300 90.406952 -141.201431 -12.048693 128.260834 -83.008293 -47.913521 78.263947 -116.186928 21.238838 113.395653 -48.758083               1477 
-60.517319 90.708595 -141.466156 -12.093577 128.222443 -83.131279 -47.688484 78.470131 -116.793259 21.128878 113.098976 -48.931007               1496 
-60.650898 90.731850 -141.369537 -12.082423 128.217438 -83.128403 -47.461224 78.484535 -116.952835 21.113924 113.034561 -48.929100               1515 
-60.850780 90.841934 -141.215042 -12.074398 128.237747 -83.124084 -47.307400 78.590233 -117.115349 21.104109 112.925552 -48.965145               1532 
-60.963604 90.795509 -140.944855 -12.054183 128.254562 -83.126854 -47.300331 78.689377 -117.204018 21.098507 112.810226 -49.002357               1550 
-61.026443 90.713120 -140.395432 -11.964916 128.313248 -83.044395 -47.337044 78.896782 -117.173759 21.210655 112.685936 -49.025600               1568 
-61.128708 90.703072 -139.921173 -11.870948 128.381287 -82.996399 -47.236774 79.126450 -117.226189 21.308218 112.566025 -49.068085               1586 
-61.232040 90.667496 -139.326828 -11.776517 128.479309 -82.918762 -47.208290 79.423317 -117.199890 21.420784 112.469727 -49.099503               1604 
-60.655811 90.477592 -136.860458 -11.174276 129.202576 -81.615440 -46.869797 80.036736 -115.479057 22.291821 113.282829 -48.019432               1640 
-60.400837 91.752068 -133.808975 -10.158959 130.653748 -79.846870 -46.974445 81.836815 -113.028625 23.428780 114.417381 -46.524895               1660 
-59.410126 93.776550 -129.639694 -8.470719 133.223312 -77.510422 -46.685093 84.650253 -109.686966 25.498785 116.707123 -44.717155               1676 
-58.509670 96.671150 -125.543259 -6.710112 136.406296 -75.073013 -46.230427 88.164314 -106.272758 27.476910 119.599174 -42.655762               1697 
-58.198246 98.390839 -123.786888 -6.182461 138.149048 -73.806961 -46.139603 90.138466 -104.826035 27.985640 121.148933 -41.470497               1715 
-57.799198 102.484230 -120.694984 -4.529893 140.975021 -71.231483 -45.987427 94.111259 -102.049767 29.414444 123.000961 -39.187366               1731 
-57.015274 104.846405 -118.344208 -3.744166 143.047089 -69.168800 -45.542137 97.398598 -100.474236 30.092937 124.537781 -37.316544               1749 
-56.811504 120.352097 -108.885567 1.001637 154.339905 -62.862816 -46.656788 113.763138 -91.884506 32.812283 132.932388 -30.739447               1785 
-54.990234 126.932281 -102.982269 4.597303 160.446548 -59.050247 -44.777016 121.033844 -86.075203 35.668236 139.112686 -26.162968               1803 
-52.768692 134.382065 -96.809235 8.561702 167.173889 -54.806759 -42.144756 128.962036 -80.148956 39.231464 145.856110 -21.534742               1831 
-51.730877 136.782227 -94.500046 9.824804 169.496109 -52.911945 -40.997555 131.493759 -78.073303 40.613968 148.091995 -19.806034               1839 
-49.160027 145.132370 -88.988441 13.382393 176.015961 -48.112316 -38.088799 139.987991 -73.520256 43.668457 153.483994 -15.291976               1857 
-46.513515 148.902420 -82.958763 15.672803 180.859650 -43.472099 -34.659626 144.473373 -68.821037 46.166248 158.668915 -10.611321               1875 
-43.471027 152.773651 -76.193398 18.251326 185.291992 -38.485527 -31.841589 149.463531 -63.839970 48.833523 162.755234 -5.944270               1894 
-36.754524 163.045273 -60.122482 25.190977 196.150192 -26.238619 -25.832466 161.312225 -50.083096 56.235397 173.217133 5.580058               1931 
-33.405926 164.927277 -54.997105 27.116232 200.834625 -22.407837 -23.079191 164.362106 -45.381874 58.028336 179.737671 10.780569               1948 
-30.002388 168.437927 -47.176411 30.003765 205.767502 -17.265120 -20.560873 169.201782 -38.905415 61.277374 185.240570 15.942051               1965 
-25.966949 170.983597 -38.066093 33.229652 210.405701 -11.181995 -17.350821 173.102325 -31.153008 65.669296 190.726776 21.414312               1985 
-23.084785 174.521637 -30.150726 35.767544 214.935211 -5.510161 -15.168000 177.635498 -24.244202 68.889412 195.607498 26.606684               2002 
-19.229702 179.199112 -22.316343 39.430733 219.853836 1.252148 -12.068112 183.307648 -17.022633 72.278778 200.707123 33.756294               2020 
-15.791943 182.942947 -13.546624 43.430557 223.227417 8.526489 -8.982841 187.617798 -8.739080 77.169456 203.386139 39.673248               2038 
-13.102025 183.132767 -5.363355 44.636200 226.386124 14.118527 -6.827139 188.713852 -1.215372 80.069717 208.338486 44.464172               2056 
-11.324879 186.185852 1.111041 46.576214 229.314377 19.552103 -5.386587 192.295761 4.746297 81.891365 211.253067 50.027321               2074 
-9.970715 189.170441 11.673852 49.104042 231.904526 26.260080 -4.017993 195.734833 14.427275 85.247810 214.079300 55.891129               2092 
-8.745437 189.997253 18.972744 49.897495 233.405655 30.816956 -3.433134 197.395813 20.578405 86.781792 215.972046 59.760479               2110 
-5.523669 190.421356 29.174347 50.891632 237.262695 36.094425 -0.922335 198.624146 29.501762 89.747482 222.907959 64.135010               2131 
-2.939227 191.892181 36.617458 51.610531 240.961594 39.582825 0.997614 200.435532 35.988007 91.390205 229.390640 67.614960               2146 
0.264679 193.775467 46.912609 53.352768 244.190109 46.418583 3.611070 202.528961 45.305115 93.591301 234.937759 74.656219               2178 
2.204308 193.665970 55.467751 53.746704 245.345947 52.167023 5.043208 202.499390 53.200306 94.576202 238.081131 80.136368               2200 
3.948002 193.163879 61.586040 54.663696 245.472504 57.671944 6.564846 201.950928 58.969143 95.596512 238.925369 85.667480               2218 
6.140455 193.179443 68.070206 56.298717 245.701141 61.943970 8.595861 201.824738 64.942207 97.696373 240.102020 89.457489               2237 
7.064219 192.875137 72.293434 56.751900 245.748474 65.457298 9.789570 200.996902 68.782982 98.202835 240.869858 93.027740               2255 
7.970595 193.232071 75.479210 57.867565 245.859100 68.377510 10.693989 201.117096 72.043915 99.485222 240.705597 95.645111               2273 
9.561010 192.141724 77.441635 58.922390 245.467987 71.289589 12.299446 199.685532 74.449059 100.682014 240.274155 98.331551               2291 
11.696144 192.008636 80.171158 60.984871 245.680374 74.674492 14.879782 198.887177 77.617386 102.699921 240.673355 101.820282               2309 
12.403407 190.808380 82.309128 62.694382 243.899521 77.501671 16.573864 196.725113 80.086052 104.527267 238.157104 104.318535               2327 
11.396984 190.445358 83.739578 62.357101 243.126724 79.108437 16.818048 194.949356 81.472969 103.748245 237.625397 106.651466               2345 
10.991770 188.629059 84.792336 62.132683 241.262619 81.031563 16.836388 192.424911 82.753479 103.377968 235.447571 108.728516               2364 
11.208307 187.105164 86.630791 62.461292 239.684128 82.881424 17.379227 190.415359 84.658539 104.091652 233.506699 109.915894               2381 
10.734888 187.137421 87.937439 61.572838 240.212265 83.299408 18.511507 189.184280 85.486580 102.351128 236.182739 111.987450               2399 
10.370823 186.558548 88.958023 62.458549 238.743225 84.227501 19.350584 187.704025 86.457794 103.555084 234.050186 112.355072               2417 
10.106556 185.482208 89.423294 62.476677 237.605637 84.914230 19.913080 186.070084 86.965454 103.565979 233.053741 113.075531               2437 
9.637791 184.790909 89.586784 62.328419 236.850632 85.400620 19.925978 185.133713 87.519554 103.306046 232.531815 113.760651               2456 
10.223985 183.385101 90.236252 62.601357 235.796768 85.739525 20.684111 183.679306 88.191261 103.866951 231.789932 113.725334               2472 
10.438803 182.753281 90.576675 62.636757 235.314514 85.800293 21.174452 182.830170 88.427719 103.866982 231.677383 113.888550               2490 
11.262457 181.873047 90.620155 63.155041 234.808289 85.894760 22.310640 181.825546 88.587036 104.468361 231.585968 113.911469               2526 
11.467226 181.611374 90.548058 63.345196 234.628342 85.935692 22.978659 181.318512 88.470634 104.689667 231.551224 113.922768               2544 
11.586522 181.197342 90.316856 63.595242 234.118546 85.753998 23.468462 180.657394 88.230270 104.910667 231.118500 113.792274               2564 
11.595717 180.926346 90.287041 63.604019 233.875519 85.566231 23.657398 180.309723 88.306671 104.901787 231.158630 113.659348               2581 
11.694255 181.187363 90.692070 64.366402 233.727509 85.812912 24.373659 180.243576 89.165611 105.810158 231.160980 113.704445               2598 
14.248384 182.664719 93.077446 67.841728 234.585083 86.771797 28.591028 180.883163 91.595360 109.946335 232.540329 113.700043               2616 
13.459683 182.631943 92.575691 67.631744 234.219925 86.607338 28.717655 180.359131 91.266464 109.676605 232.236130 113.633324               2634 
12.535126 180.905624 91.645271 67.096634 232.364548 86.951035 28.135509 178.454620 90.491707 109.273361 229.657120 113.707420               2652 
11.252254 179.559525 90.875259 66.672554 230.255402 87.378571 26.953251 176.817245 89.853500 108.905792 226.336594 113.894714               2670 
10.645800 180.048752 90.440231 66.735962 230.400650 87.347527 27.161228 176.879990 89.995255 108.971184 226.638702 113.883240               2689 
9.879701 179.607224 91.094444 65.846153 230.085236 87.241150 26.631884 176.368362 90.918182 107.972076 227.188690 114.057678               2707 
9.175594 177.481384 91.367218 64.424591 228.753601 87.295227 26.405172 174.276093 91.119408 106.571220 226.749008 114.160698               2725 
8.804301 176.912048 91.741142 63.739964 228.539032 87.051506 26.744257 173.497528 91.637474 105.694542 227.640091 114.274940               2743 
8.000172 175.769653 91.617386 62.906223 227.454254 87.288712 26.275572 172.190170 91.610649 104.592834 226.783340 114.927200               2761 
7.624539 175.758133 92.458832 63.171154 226.769318 87.762077 26.264410 171.754791 92.533813 104.961098 225.935120 115.239609               2779 
6.556804 173.750916 92.788094 62.003082 224.814316 87.504410 25.479715 169.633362 92.982056 103.882179 224.501785 114.856796               2799 
6.230042 171.119354 92.537956 61.211422 222.724792 87.538589 25.572447 166.989487 92.771873 103.129158 222.846191 114.833244               2815 
5.318075 170.134613 91.455475 60.541904 221.775894 86.777092 25.475309 165.743530 92.419533 102.325905 222.563934 114.265015               2835 
0.462523 164.027512 86.860199 56.984947 214.758087 85.889023 21.070484 159.118729 89.809135 96.961082 215.400681 115.949059               2851 
-1.941664 158.153107 82.066544 55.560162 208.594376 83.244247 20.002291 152.677917 86.380165 95.503204 209.077179 113.351227               2870 
-2.809276 157.611847 80.099388 55.274445 207.926361 82.754654 20.122452 151.693848 84.825699 95.666267 207.811417 112.260536               2887 
-4.827578 155.460495 78.384499 53.520168 206.238754 81.657150 19.393240 149.397705 84.286034 93.954369 207.104584 111.092438               2906 
-8.292190 155.981796 74.363274 51.696018 205.876465 80.553627 17.842020 148.824158 81.712654 92.223648 206.113373 109.871964               2923 
-14.026052 155.541840 69.601257 48.239834 203.571503 77.952911 13.731711 146.902191 77.876091 89.013138 202.548447 106.911530               2944 
-18.205542 157.271194 67.309158 46.200455 203.714142 76.514709 11.313216 147.279663 76.673096 87.246758 202.360214 105.071281               2979 
-19.815218 158.644470 66.113106 45.849274 204.074570 76.074905 10.811687 147.734985 76.349548 86.958115 202.626617 104.536751               2997 
-21.911621 161.165833 64.264534 45.451824 204.859055 75.428040 9.832611 148.890869 75.312393 86.633018 202.723480 103.741615               3014 
-23.945913 163.975037 62.412575 45.436020 205.298187 75.324921 9.094344 149.828384 74.370613 86.593819 202.164673 103.579590               3032 
-25.706627 167.054489 60.758942 45.405125 206.115555 75.300484 8.572178 151.067917 73.306267 86.502716 202.017624 103.519363               3050 
-27.257116 171.796921 58.954529 45.906170 207.606583 75.434166 8.151233 153.338394 71.747879 86.948090 201.849396 103.443542               3068 
-27.217085 177.330383 57.682789 48.027328 209.060776 76.464981 9.226973 155.860260 70.010262 89.057671 200.933060 103.897820               3087 
-28.046614 184.991241 57.183403 49.197502 212.928268 77.287590 9.313274 160.696579 69.957893 90.066422 203.440796 104.524124               3122 
-27.556227 187.295029 57.155010 50.002880 214.814011 78.227821 10.576947 162.311218 70.534164 90.773979 205.556885 105.689308               3140 
-27.140129 190.638321 58.300694 51.233910 217.984375 79.282143 12.457458 164.834305 73.193138 92.141548 209.992157 106.937149               3159 
-27.595255 193.014664 58.756382 52.187752 218.020218 80.537537 13.440273 164.924805 74.854797 93.074173 210.094131 108.242905               3177 
-28.355392 195.370422 58.247917 52.675159 218.038528 81.179039 14.406779 164.807846 75.392937 93.551453 210.146866 108.909180               3198 
-29.040718 197.234589 57.545933 52.888210 218.046524 81.459442 15.141909 164.648483 75.419907 93.760223 210.170059 109.200203               3220 
-29.731342 198.890808 56.726830 52.940914 218.121704 81.651672 15.789999 164.511215 75.494194 93.764175 210.385696 109.503517               3249 
-29.549490 200.020981 57.132080 53.664433 218.934784 82.047745 16.858578 164.997101 77.201065 94.632027 211.992767 109.896881               3270 
-29.149258 201.420197 57.854763 54.746479 219.462936 82.765900 17.981432 165.427063 79.437920 95.850121 213.159332 110.566353               3285 
-28.784473 203.066376 57.941059 55.821377 220.116119 83.140282 19.480448 165.825592 81.320900 97.090546 214.592438 110.861290               3303 
-28.163004 204.622040 58.288189 57.072369 220.650604 84.000275 21.002062 166.257034 83.834457 98.380440 215.899078 111.806320               3321 
-26.908428 204.838959 58.770599 58.787724 220.926086 85.476509 23.679890 165.995621 87.263565 100.182350 217.713547 113.374077               3358 
-26.679823 204.974869 58.167603 59.229950 220.175598 86.199013 24.335892 165.161697 88.465202 100.513832 217.358719 114.302681               3375 
-25.917236 203.500412 58.604687 60.705795 217.736725 86.666740 25.581718 162.992493 90.957161 102.270493 215.549377 114.410240               3393 
-25.296949 202.170059 58.921734 61.586487 218.010742 86.882301 27.809084 162.596741 93.049675 103.523216 217.535782 114.143898               3412 
-25.300634 200.405273 58.788822 61.637001 217.529144 86.798065 28.545033 161.900543 94.369743 103.724922 218.264099 113.819847               3430 
-25.397181 192.936554 59.495846 60.825146 215.480698 86.007225 30.102894 159.079453 96.234962 103.097328 219.387009 112.463104               3448 
-23.121752 179.679321 60.762135 60.381420 212.857300 83.612511 32.492641 157.684570 96.904686 102.414116 222.201050 109.069466               3466 
-19.644470 171.178497 64.321007 61.246395 210.945389 82.875816 34.010166 157.177200 97.505249 103.405540 222.906815 106.993050               3484 
-15.108320 163.644760 68.025536 62.669666 208.820007 82.255249 35.932423 155.937469 97.746315 104.953712 222.583405 105.162422               3502 
-10.907792 158.628128 71.410896 63.634823 207.451523 82.276016 36.430256 155.351181 97.453819 106.019997 221.704880 104.691376               3520 
-8.166542 155.353668 73.749176 64.441116 205.496567 83.345093 36.042236 154.012665 96.706764 107.207436 218.714691 105.670700               3538 
-5.362936 153.059845 75.821938 65.991638 203.473953 83.969704 36.385349 152.474335 95.088753 109.613564 214.741333 105.701790               3556 
-2.195100 149.072815 77.760521 65.909737 202.259415 84.088646 37.125679 150.651382 93.103348 110.200676 213.036240 104.686768               3575 
-0.113231 148.030930 78.924561 66.493385 202.117096 83.865082 36.965027 151.129745 92.609261 111.109970 212.482117 103.965752               3594 
2.141569 147.598969 80.016670 67.447182 202.566437 83.656479 37.672779 151.925629 92.557648 112.313202 212.976501 103.170090               3615 
5.884362 147.598862 80.411583 70.107338 203.395462 82.195450 40.009068 153.942261 90.466728 115.751633 213.633926 99.912178               3632 
7.963028 146.078751 80.862770 70.690804 203.348724 80.860603 40.565586 155.160950 89.536674 116.274261 214.839539 97.955040               3647 
9.179644 145.848083 81.519196 71.438934 203.535278 80.364998 40.838020 156.620163 89.181007 117.052597 215.529160 97.027832               3665 
9.671417 145.967178 81.774033 72.077446 203.409286 80.613190 40.720367 157.489258 89.117760 117.711906 215.248032 97.329948               3683 
10.812233 146.289032 81.627815 74.056969 202.711838 80.802620 41.772881 157.620255 88.596161 120.076813 213.480515 97.183075               3701 
11.390567 146.548355 81.615562 74.461319 203.060791 80.552521 42.033245 158.301437 88.460617 120.428772 214.025238 96.950203               3719 
12.876421 146.486694 81.613052 75.873894 202.912750 78.853996 43.313690 158.626740 87.706985 122.230919 213.910324 94.091782               3737 
13.708857 145.994034 81.633469 76.324173 202.713104 78.370300 43.765800 158.685349 87.454491 122.800446 213.889954 93.106117               3756 
13.996557 145.699387 81.454353 76.611557 202.316879 78.179970 43.838547 158.587799 87.177399 123.235229 213.305374 92.588165               3773 
13.987610 145.517532 81.024422 76.644699 202.009766 78.011780 43.698681 158.487823 86.777809 123.323463 212.844376 92.358017               3791 
13.810892 144.886734 80.184425 76.684128 201.099136 78.120659 43.430321 157.750687 86.059105 123.474792 211.381638 92.508636               3809 
13.820622 145.091385 79.983200 76.439804 201.270737 77.813683 42.473667 158.515839 86.392700 123.221535 211.511749 92.260170               3827 
14.078248 145.242645 79.733749 76.238686 201.045471 77.281387 41.108406 159.145309 86.591904 123.066154 210.843796 91.885887               3847 
14.536254 145.157806 79.681190 75.689980 200.598114 76.681129 39.723827 159.233810 86.155235 122.650146 209.723450 91.295532               3865 
15.380625 143.831467 79.169060 74.815475 199.547531 75.981422 38.471439 158.223572 85.132584 121.941040 208.103088 90.406860               3882 
14.882090 143.147507 78.825111 73.484940 198.683868 75.536880 36.641052 157.611038 84.369110 120.686577 206.625275 90.064423               3900 
14.675892 143.015747 79.685577 72.862213 197.938736 74.717758 35.343739 157.594528 84.439407 120.051651 205.642868 89.411758               3918 
15.030519 143.062119 80.903122 73.463127 196.789322 74.991928 35.085697 157.366302 84.713287 120.688019 203.702988 89.962570               3936 
15.813120 142.876709 81.666779 73.293205 196.845306 75.007248 35.089447 157.375809 84.578781 120.364143 204.153015 90.272690               3957 
17.324869 140.988831 82.524864 73.543221 196.029907 75.709587 36.017872 155.965332 85.126022 120.081352 204.694275 91.872528               3972 
18.765768 140.691711 84.077705 73.932793 196.567123 75.924217 37.152107 156.083603 86.118904 120.098289 206.714340 92.291573               3991 
20.626087 140.166458 86.167168 75.830147 195.809082 76.961281 39.039898 155.546768 87.773903 121.977150 206.244904 93.198822               4008 
21.392063 140.437958 86.702454 76.652870 195.868408 76.676590 40.126842 155.778442 87.389290 122.780930 206.556381 92.803581               4027 
21.489958 140.133575 86.732597 76.676704 195.658340 76.598625 40.449322 155.585556 86.814705 122.737541 206.554916 92.778053               4044 
20.245718 139.406433 84.932632 77.055595 193.545898 76.423096 39.780743 154.374161 85.030060 123.237778 202.814514 93.257851               4064 
19.658340 141.043854 83.684311 77.194183 194.472717 75.703949 39.472656 155.786362 83.624176 123.448448 202.988831 92.737114               4082 
17.626825 143.818375 82.422920 76.694664 195.138306 73.884102 37.666027 157.910660 81.749100 123.395164 201.783371 90.527908               4099 
16.870201 143.731842 81.015526 76.152695 194.236771 73.093925 36.434021 157.657959 79.862236 123.143219 199.254272 89.489838               4117 
16.299217 144.133774 80.070122 75.440254 193.636276 72.024483 34.889347 157.963440 78.095314 122.572533 197.195068 88.394974               4135 
16.736786 144.702545 79.906815 74.989647 193.223312 71.166412 32.065929 159.475266 80.673897 122.186653 195.296066 87.605888               4171 
17.049294 145.580994 80.164825 74.400406 194.039749 70.321678 30.804876 160.381927 81.918159 121.608536 196.089737 86.732018               4189 
17.275856 145.966034 81.177254 73.093933 194.870834 69.419693 29.790308 160.943054 82.279785 120.304367 197.739319 85.700256               4207 
17.765244 145.936493 82.222397 72.505058 195.136154 69.215805 29.701822 160.793747 82.410889 119.701714 198.590103 85.422478               4225 
18.196583 145.009659 85.027237 71.471100 194.901733 70.233231 29.712589 159.761154 83.850098 118.336494 200.203888 86.895515               4247 
19.235178 142.029404 87.146217 71.068497 193.163803 72.076561 30.299873 157.055908 85.381851 117.622879 199.897842 89.089867               4269 
19.981482 138.432602 88.378151 70.898590 190.808090 74.719826 30.831575 153.902740 86.443161 117.264572 197.890396 92.102180               4301 
20.799658 138.124985 90.006058 71.515396 190.440857 75.462616 31.881201 153.600754 87.012009 117.720230 198.154785 93.004524               4315 
21.404135 139.617233 90.362320 72.502480 191.370438 75.200615 32.936798 154.921432 86.294678 118.725471 198.979126 92.740639               4333 
21.005163 139.911072 89.907341 72.800522 191.084167 75.189072 32.808952 155.058319 85.715561 119.147972 197.842957 92.748772               4352 
20.374910 139.687790 88.849724 72.466942 190.745880 74.937859 32.280380 154.735580 84.788338 118.989662 196.662262 92.337372               4370 
19.131535 140.890778 87.323196 72.084976 191.058243 74.164391 31.191910 155.518280 83.282593 118.653732 195.703949 91.824455               4388 
17.884651 141.827545 85.508820 71.657013 190.954224 73.134842 30.244743 155.161728 81.678688 118.214333 194.157288 91.142250               4406 
17.151451 142.574081 84.257469 71.139481 190.969131 72.435127 28.977972 155.062347 80.895264 117.568375 193.074020 90.929367               4424 
16.738136 143.219208 83.397141 70.786568 190.955032 71.914650 27.636705 155.272873 80.776917 117.134834 192.000122 90.699112               4442 
16.201990 144.123672 82.321648 69.839066 191.456238 71.085266 25.846191 155.871338 80.033661 115.951958 191.731079 90.466591               4460 
16.172609 144.625381 81.847687 69.220123 191.783646 70.543488 24.666672 156.272400 79.572792 115.169548 191.555786 90.309822               4479 
17.408686 145.024673 81.600746 68.761955 193.372757 69.581963 24.972389 156.940567 78.825508 114.758659 194.128754 89.224815               4499 
17.631519 144.414658 82.033020 68.450630 192.967712 69.820122 24.699547 156.430420 79.002434 114.383080 193.842133 89.607872               4514 
18.590498 144.718933 83.959122 67.558388 194.326050 69.355133 25.018625 156.700943 80.239288 113.440697 197.543350 89.016594               4534 
19.180420 143.933044 85.357872 67.209549 194.077377 69.615723 25.377598 155.897675 81.267128 113.078476 198.450974 89.084236               4550 
20.781643 141.326477 87.695656 67.860527 192.035461 70.938316 26.740803 153.823029 82.938461 113.992188 197.075745 89.608490               4569 
22.619678 139.437393 89.360680 69.228348 190.285172 71.594200 28.473650 152.522568 83.785973 115.661583 195.538269 89.439919               4587 
24.717834 138.811386 91.160423 70.625168 190.141449 72.462158 30.617426 153.344681 83.635353 117.355049 195.813705 89.381187               4605 
25.042271 138.229553 91.487930 71.189941 189.925903 73.022339 31.272594 153.830048 83.390984 118.119049 195.411682 89.444115               4623 
24.086737 138.002548 92.549774 71.885193 188.488205 73.275307 31.238779 153.854599 83.895073 119.122604 192.951355 89.112511               4641 
23.279232 137.243484 92.011597 71.477936 188.064697 73.316353 30.819431 153.520554 83.519508 118.802826 192.261566 88.964073               4659 
21.895823 137.749588 90.812958 70.318054 188.609222 72.475693 29.368679 154.194122 82.687744 117.594658 192.658615 88.307159               4677 
19.232313 139.034225 87.392952 69.032578 189.142670 70.677223 26.651747 155.338043 80.867485 116.156456 191.821808 87.238373               4695 
17.160950 141.398468 84.538986 68.639702 190.104630 69.160843 24.485256 157.355896 79.392014 115.491539 191.039505 86.657730               4714 
16.337358 142.661438 82.657997 68.351723 190.665573 67.996635 23.011023 158.488525 78.453018 114.963814 190.584641 86.146454               4731 
16.500420 144.120880 81.582916 68.708672 191.569672 67.350655 22.121874 159.925705 78.716850 115.095177 190.686401 86.048843               4749 
16.641987 144.206497 80.995361 68.652771 191.460709 66.811790 21.482351 159.982269 78.488197 114.890472 190.215958 85.854790               4767 
17.039854 145.235947 79.887787 68.492332 192.811096 65.971756 21.235279 160.968338 77.373886 114.574440 191.599091 85.390312               4785 
17.596767 145.171432 79.514862 68.447090 193.167831 65.736107 21.239508 160.893784 76.981674 114.418907 192.161133 85.425911               4808 
17.898542 145.031509 79.577324 68.505577 193.152985 65.741135 21.513718 160.116074 76.885635 114.476677 192.151932 85.432892               4827 
18.036751 144.139511 80.359512 68.435349 192.220108 65.858475 21.758726 158.560928 77.233109 114.405693 191.543732 85.565819               4840 
18.316944 144.166367 82.826614 69.167931 191.104019 66.505646 22.579790 157.536942 78.426849 114.912033 191.019943 86.743721               4858 
19.101778 144.564270 85.999138 70.328247 190.240417 67.442558 23.788366 157.162750 80.444107 115.901756 191.097397 88.044289               4876 
20.611628 144.240433 88.432983 71.541969 189.523911 68.178093 25.459705 156.447357 82.027962 117.267502 191.107315 88.396362               4897 
21.895555 143.162979 90.049690 72.293167 188.861450 69.217979 26.927555 155.381683 82.944984 118.282211 190.748428 88.802589               4916 
22.488865 142.524887 90.721863 72.420944 188.724716 69.672157 27.683289 154.932343 82.961166 118.596436 190.850159 88.788010               4932 
23.142859 140.578003 90.741615 72.529831 187.855423 70.499405 28.387156 153.731232 82.676163 118.971031 189.751663 88.985313               4949 
23.217981 141.164078 89.503326 72.830597 189.155334 71.076164 28.583874 154.813354 82.136765 119.429680 190.100128 89.234993               4985 
22.792589 141.980148 87.661491 72.088966 190.838257 70.570267 27.728300 156.118881 81.383057 118.670700 191.672119 88.778961               5002 
21.306473 142.427338 86.078705 71.518463 190.586761 69.659744 26.499464 156.433411 79.953011 117.902161 190.678818 88.385506               5020 
20.032030 143.698563 84.340889 71.061226 191.232498 68.851181 25.386076 157.671738 78.416580 117.324097 190.256393 87.848663               5039 
19.418026 144.359909 83.202637 70.837822 191.495407 68.339317 24.705576 158.345566 77.340233 117.009773 189.717545 87.499168               5057 
19.145847 144.524872 82.258240 70.554626 191.609406 67.905174 24.195150 158.583603 76.379631 116.633018 189.379532 87.242180               5075 
18.779284 144.953598 81.512230 70.001549 191.926559 67.401833 23.253162 159.094315 75.752594 115.935440 189.372574 87.040176               5093 
18.884691 145.157944 81.107979 69.719124 192.152206 67.027626 22.704676 159.412704 75.408203 115.616432 189.323044 86.713737               5111 
19.048996 145.317978 81.120361 69.543121 192.338272 66.897743 22.374657 159.636963 75.389992 115.392967 189.468582 86.688301               5129 
19.075968 145.521713 81.602417 69.585815 192.136978 66.834435 22.238836 159.688263 75.541656 115.375961 189.203415 86.753433               5156 
19.913998 144.637253 83.078781 69.496490 191.915573 67.320427 22.786890 158.712280 76.780807 115.414566 190.141220 87.081306               5184 
21.340359 143.602661 85.706467 70.071899 191.197922 68.278358 24.007519 157.514557 78.919502 116.163116 190.672470 87.706024               5201 
23.718121 142.317474 88.975906 70.688461 190.990875 69.357910 27.509171 155.611298 78.997314 116.975235 192.873642 88.228531               5219 
24.383808 142.122147 90.857101 70.110161 191.717545 69.830109 28.934980 154.976028 79.173897 116.136070 196.106155 88.921097               5237 
25.761211 140.813538 93.337852 68.315048 192.690735 70.346481 29.716175 153.894745 81.291512 114.113426 200.863602 88.726433               5256 
25.724880 139.260223 93.573860 68.133202 191.880096 70.966621 29.887096 153.253281 81.536461 114.069366 200.280807 88.894432               5273 
24.559855 137.426544 92.766350 67.854317 190.315994 71.635361 29.020615 152.550858 81.133690 113.984100 197.706161 89.511002               5292 
22.741056 136.947601 91.385361 67.105385 189.636017 71.676605 27.291142 152.704269 80.564018 113.272957 195.866837 89.893127               5310 
22.388910 137.161835 90.267479 67.207664 189.751114 71.301956 26.473909 153.415756 80.724777 113.500511 195.214554 89.446739               5329 
21.061991 139.878555 87.651863 68.318565 190.869507 70.294815 26.006693 155.453949 78.826363 114.676804 193.801422 88.853569               5346 
20.148071 141.015152 84.962486 69.176079 190.883118 69.434540 25.917290 155.465042 76.771912 115.484985 191.635391 88.329750               5364 
19.551275 141.860443 83.506393 69.397072 191.059174 68.826744 25.642605 155.518646 75.522217 115.571533 190.759277 88.060547               5382 
18.910751 143.664551 82.394104 70.496849 190.948349 68.282120 25.399057 156.642609 74.359879 116.313148 188.911102 88.252747               5400 
18.710726 144.482376 81.820503 70.865120 190.894302 67.896797 24.970407 156.981918 74.086563 116.467728 188.043228 88.253204               5418 
18.750174 144.824142 81.459145 71.110992 190.750397 67.643021 24.529499 156.395584 74.762032 116.646210 187.244415 88.047966               5436 
18.690348 145.606720 81.575821 71.671310 190.438232 67.341797 24.363306 156.237946 75.226456 117.038696 186.305145 88.001595               5454 
19.054436 144.742645 82.709534 71.100929 190.044983 67.013695 24.466427 154.809891 76.058006 116.367729 187.629272 88.160591               5491 
19.374636 144.736191 83.351700 71.277657 190.007248 67.117256 24.821110 154.601410 76.524597 116.591789 187.900131 88.195671               5508 
20.853155 143.661926 85.224518 71.545830 189.881134 67.807251 26.135002 153.353226 78.141678 117.132195 189.105972 88.383743               5527 
24.274517 143.470398 87.906944 72.388954 191.870468 68.539024 29.321278 153.242401 80.413322 118.229378 194.280548 88.412552               5547 
25.415089 143.108200 89.023148 72.689140 192.553329 69.281982 30.645887 153.944672 80.467766 118.540916 196.310013 88.918991               5563 
25.535006 142.182251 89.970367 72.728271 192.228394 70.109055 30.829538 154.149429 81.352440 118.774834 196.462402 89.185135               5582 
25.181643 141.242493 90.277252 72.690437 191.653732 70.528793 30.715126 154.120651 81.773827 118.862236 196.053314 89.261612               5599 
24.668545 140.680023 90.321701 72.611267 191.288010 70.767982 30.432877 154.264618 81.999466 118.900993 195.593826 89.229591               5617 
23.587927 138.819901 89.882042 72.010818 189.485565 70.600998 29.552235 153.084229 81.642960 118.477745 193.363846 88.708839               5635 
21.196030 135.516891 87.383682 69.455795 187.368423 70.391838 26.857235 150.956146 80.205154 116.376373 189.949966 87.535484               5653 
18.066919 135.390991 84.170509 67.578812 186.827347 69.263573 23.750452 151.441269 78.303215 114.560432 187.630936 86.415581               5671 
17.055079 136.196426 82.018288 67.372154 187.371536 68.796318 22.289564 152.622452 78.242546 114.317741 186.950928 86.060295               5689 
16.117353 136.929138 80.278351 67.337761 187.516418 68.027344 21.088545 153.342987 78.148109 114.126755 186.197540 85.667076               5708 
15.366035 137.760880 78.943382 67.372810 187.798874 67.534836 20.344574 154.071716 77.501762 113.953430 185.698044 85.644005               5726 
15.062279 138.276276 78.081726 67.471550 187.994431 67.135559 19.797350 154.614380 77.282944 113.912140 185.331909 85.528282               5743 
15.374941 139.052872 77.127197 67.783157 188.797729 66.607323 19.794783 155.284119 76.853722 114.149429 185.808548 85.136864               5763 
15.524128 139.399017 77.110741 67.877907 189.052353 66.552177 19.750484 155.388824 76.805473 114.166130 185.886612 85.246788               5781 
15.794356 139.428650 77.923943 68.319550 188.593857 66.485542 20.121418 154.977707 77.009521 114.515755 185.444656 85.409149               5798 
16.436102 140.340805 80.123245 69.182724 188.796097 66.911858 21.328596 155.064407 77.884232 115.339882 186.106110 86.000877               5816 
17.704132 139.649033 82.984001 69.703323 188.245667 67.514893 22.557276 154.226120 79.732170 115.969215 187.004868 86.489548               5835 
18.200483 139.256027 84.461525 69.871750 187.872559 67.936813 23.073675 153.857285 80.692436 116.301315 187.061188 86.531097               5852 
18.769981 139.314224 85.724983 69.852295 188.191391 68.113571 23.584785 153.980164 81.387337 116.433884 188.078857 86.341393               5870 
19.741489 139.297821 87.440979 69.989082 188.627274 68.583450 24.439783 154.072784 82.317284 116.572060 189.793289 86.770714               5888 
20.179941 139.108917 88.404266 70.197304 188.612259 69.140144 24.969460 154.151840 82.625183 116.791695 190.192139 87.266823               5906 
20.483625 140.022995 89.727913 71.340256 188.644669 70.204834 25.788519 155.130188 83.220863 118.013977 189.483154 88.176216               5924 
19.898844 139.970627 88.733276 71.321709 188.398651 70.165932 25.385019 155.146469 82.531364 117.972214 188.405869 88.216980               5960 
18.547129 140.387421 87.657471 70.517944 188.487610 69.785652 24.210049 155.449127 81.614388 116.972298 188.065994 88.330879               5979 
