26.235447 182.290115 114.209488 65.959625 194.258026 92.290794 36.643024 204.900604 121.416153 101.104950 168.455109 90.900467                  0 
26.281685 182.272690 114.174469 66.063652 194.272964 92.347672 36.656406 204.513000 121.094322 101.247475 168.519562 91.013992                 23 
26.269709 182.316879 114.189796 66.111313 194.311569 92.371582 37.183846 204.985504 121.313217 101.344452 168.623535 91.080055                 46 
26.285049 182.233475 114.221901 66.168343 194.276611 92.456696 38.095825 206.003647 122.237160 101.442642 168.644730 91.172981                 68 
26.217472 182.149857 114.170570 66.177322 194.208374 92.478096 39.652603 207.562302 123.510544 101.461266 168.590729 91.175362                 90 
26.123392 182.095245 114.124252 66.184692 194.147964 92.494362 40.288151 208.143555 123.887405 101.475838 168.541138 91.173965                109 
26.097441 181.959778 114.090523 66.207787 194.051468 92.537842 40.574383 208.276306 124.105301 101.499641 168.447479 91.182220                127 
25.994165 181.707413 113.958809 66.219429 193.861969 92.555443 40.556076 207.932816 124.165627 101.501419 168.248657 91.121483                145 
25.957859 181.567734 113.917229 66.238922 193.735458 92.594818 40.572914 207.735077 124.232811 101.506042 168.104202 91.116287                163 
25.935644 181.458145 113.890335 66.255882 193.633652 92.629509 40.593010 207.582458 124.290916 101.509727 167.986176 91.116249                181 
25.946739 181.381973 113.889503 66.291672 193.552109 92.655098 40.653778 207.469376 124.349174 101.528641 167.884125 91.096962                199 
25.954802 181.318497 113.888763 66.322525 193.481812 92.677155 40.708580 207.373169 124.400551 101.544975 167.796265 91.080269                217 
25.962664 181.274109 113.885796 66.340965 193.437729 92.685577 40.749504 207.317383 124.430923 101.554588 167.741669 91.063713                235 
25.931965 181.298203 113.890068 66.338554 193.441315 92.684212 41.916950 209.103989 125.787117 101.552895 167.745987 91.066154                253 
25.849579 181.278519 113.958557 66.293861 193.391113 92.753441 43.621922 211.142395 126.898270 101.485779 167.667313 91.100494                271 
25.759321 181.214035 114.040062 66.256203 193.278946 92.856560 44.440517 211.972366 127.661331 101.384636 167.475067 91.104195                288 
25.464733 180.991653 113.960709 66.135384 192.920670 92.992348 44.892685 212.082520 127.967697 101.063942 166.857864 91.083687                305 
25.217363 180.828735 113.901123 66.038368 192.632980 93.101387 44.929901 211.912109 128.208633 100.805618 166.365128 91.062775                321 
25.045589 180.746765 113.829330 65.952126 192.468292 93.136040 44.988808 211.970840 128.364090 100.622574 166.076920 91.044945                338 
24.807623 180.486206 113.488823 65.843552 192.234848 93.052185 44.830750 211.846344 128.376968 100.477226 165.793030 90.989075                354 
24.640186 180.275940 113.214157 65.794701 192.021927 92.987320 45.683140 213.115326 129.296173 100.409760 165.549103 91.011353                371 
24.303078 180.057648 112.771576 65.672783 191.780548 92.927368 46.152264 213.966278 129.977646 100.217453 165.208389 91.055527                387 
24.241102 179.917053 112.679497 65.664619 191.635834 92.943802 46.525856 214.515305 130.412415 100.202179 165.050323 91.131218                405 
24.186258 179.820053 112.612221 65.658714 191.531143 92.955688 46.758686 214.865295 130.644699 100.190994 164.935898 91.185913                422 
24.240980 179.758331 112.572075 65.716560 191.480042 92.922630 46.714756 214.914200 130.568924 100.273239 164.913177 91.203682                439 
24.243916 179.702988 112.542389 65.734215 191.442398 92.915436 46.420841 214.852310 130.318542 100.312775 164.901917 91.228958                456 
24.253624 179.651352 112.517624 65.749390 191.410034 92.909256 46.174355 214.799179 130.107880 100.346695 164.892258 91.250687                472 
24.259783 179.625275 112.504036 65.761108 191.392700 92.908379 46.001667 214.773972 129.958405 100.371178 164.889999 91.275253                489 
24.233866 179.623276 112.487389 65.771675 191.377075 92.907585 46.009121 214.858963 130.091797 100.393227 164.887970 91.297394                506 
24.188364 179.544083 112.438110 65.784821 191.283630 92.910500 46.086201 215.047318 130.465668 100.428329 164.819260 91.367195                523 
24.149395 179.463425 112.345802 65.779099 191.230438 92.880692 45.832684 214.988525 130.670837 100.451233 164.800262 91.395470                540 
24.145487 179.374542 112.270187 65.802582 191.154968 92.870232 45.740402 214.915009 130.813889 100.473824 164.722748 91.400528                557 
24.123873 179.345963 112.203751 65.796356 191.128540 92.840805 45.717270 215.015244 130.953079 100.475349 164.704376 91.409340                577 
24.140205 179.345551 112.225716 65.811890 191.136765 92.866463 45.706673 215.167526 131.089294 100.519791 164.747299 91.497116                596 
24.127426 179.359024 112.211792 65.815895 191.140457 92.895676 45.328568 214.983444 130.906113 100.536575 164.763977 91.602036                615 
24.121178 179.361404 112.197578 65.823418 191.139771 92.909721 44.980946 214.784576 130.758301 100.556068 164.776443 91.670631                634 
24.117521 179.366196 112.183174 65.832794 191.141144 92.920525 44.724457 214.644150 130.644699 100.575195 164.788467 91.729210                653 
24.564806 179.732162 112.196121 66.269241 191.918594 93.156334 43.117130 215.084671 129.914185 101.619110 166.358795 93.186333                674 
24.686924 179.868042 112.254578 66.361671 192.038879 93.125313 43.301884 215.211166 130.023666 101.697266 166.459396 93.066833                694 
24.676361 179.895416 112.257057 66.380630 192.046448 93.129715 43.517078 215.392151 130.376633 101.697052 166.440643 93.030716                714 
24.667877 179.924713 112.234978 66.412048 192.049774 93.129585 43.728848 215.591080 130.656906 101.704147 166.410614 92.995232                734 
24.664801 179.929382 112.221916 66.448952 192.033997 93.139633 43.871269 215.636292 130.716995 101.715157 166.359528 92.956474                754 
24.653160 179.929489 112.212059 66.485176 192.013397 93.159660 43.993626 215.642929 130.790421 101.723938 166.301712 92.923027                774 
24.622276 179.889038 112.182884 66.473740 191.971115 93.168816 44.003399 215.553238 130.843201 101.684334 166.221420 92.878448                794 
24.551983 179.891617 112.152298 66.468529 191.963272 93.158607 44.145355 215.643188 130.697311 101.673058 166.205566 92.843971                815 
24.514772 179.864883 112.118683 66.465981 191.928009 93.163574 44.295738 215.670807 130.611954 101.642754 166.133194 92.790443                835 
24.491547 179.835297 112.090477 66.463600 191.894989 93.168221 44.406376 215.661850 130.511688 101.614403 166.065643 92.740135                855 
24.457163 179.812698 112.060982 66.461426 191.864868 93.172462 44.500374 215.620071 130.366074 101.588562 166.004227 92.694115                875 
24.433455 179.788574 112.036934 66.459480 191.837936 93.176254 45.249451 216.167511 130.622070 101.565475 165.949463 92.652832                895 
24.399570 179.831406 112.049454 66.447701 191.830200 93.200188 45.890438 216.766068 130.492233 101.528358 165.906921 92.701485                915 
24.371193 179.853058 112.064766 66.453331 191.788116 93.235970 46.337200 217.115402 130.438583 101.491859 165.807770 92.745377                935 
24.336988 179.881302 112.071777 66.452705 191.762863 93.259125 46.637501 217.357758 130.400299 101.456978 165.736237 92.776329                955 
24.295204 179.902359 112.105766 66.471497 191.693573 93.339165 46.910301 217.476868 130.457443 101.404533 165.571609 92.845757                976 
24.256651 179.928894 112.093277 66.468407 191.684464 93.343185 47.073166 217.622589 130.421295 101.382538 165.537003 92.862160                996 
24.242603 179.958221 112.082413 66.479561 191.677063 93.336426 47.763462 218.321365 131.681473 101.374046 165.503311 92.859634               1017 
24.133404 179.885391 111.964073 66.455597 191.491028 93.332695 48.315987 218.613342 132.756348 101.237862 165.169083 92.816277               1038 
23.998066 179.823029 111.851166 66.394783 191.337677 93.316788 48.555313 218.742630 133.319382 101.102760 164.917542 92.816345               1058 
23.947521 179.779663 111.722229 66.391922 191.204498 93.238152 47.934547 217.741348 131.354813 101.024544 164.686081 92.716125               1078 
23.930002 179.730835 111.654694 66.414032 191.061401 93.200325 47.466717 216.924164 129.775101 100.977310 164.452881 92.667984               1097 
23.896353 179.724777 111.559654 66.398369 190.948685 93.078384 47.254314 216.589508 128.896439 100.913925 164.277557 92.583168               1115 
23.972767 179.578400 111.583122 66.461815 190.774170 93.061592 46.505390 215.737823 127.996544 100.991150 164.119690 92.636360               1132 
24.051973 179.558823 111.594498 66.526688 190.731079 93.024063 45.980515 215.242111 127.301598 101.081406 164.108322 92.680626               1148 
24.164890 179.488541 111.623886 66.621643 190.628265 92.988098 45.734848 214.891739 126.855309 101.192955 164.026428 92.699234               1165 
24.149939 179.268219 111.475037 66.628014 190.369263 92.856194 45.287483 214.189270 126.140762 101.190056 163.754929 92.611282               1181 
24.184917 179.022507 111.364601 66.696083 189.975906 92.721924 45.441944 213.860092 126.006050 101.174255 163.253189 92.458229               1198 
24.348120 178.969452 111.448860 66.833061 189.843277 92.665283 45.028240 213.089584 125.333435 101.302986 163.110168 92.377586               1214 
24.439852 178.993713 111.560661 66.934616 189.804047 92.647903 44.649040 212.527161 124.796997 101.438461 163.114716 92.361694               1231 
24.434551 179.241211 111.650764 67.023575 189.893219 92.646576 44.407104 212.376556 124.373978 101.551628 163.234299 92.466080               1247 
24.690197 179.371033 111.883972 67.203445 190.010910 92.659897 43.571934 211.471008 123.695946 101.839569 163.492004 92.597954               1264 
24.951618 179.509628 112.067688 67.370819 190.161057 92.623970 41.950005 209.555786 122.497978 102.131348 163.805481 92.703850               1280 
25.027687 179.590393 112.177025 67.350845 190.259918 92.521187 41.234089 208.821793 122.144531 102.182510 163.998352 92.577271               1296 
24.984545 179.703690 112.244293 67.318939 190.328568 92.475136 40.999687 208.661041 122.121979 102.188690 164.117554 92.505486               1312 
24.772932 179.729370 112.131012 67.168137 190.316956 92.358170 40.601257 208.341812 121.989998 102.064499 164.141388 92.385094               1328 
24.656088 179.843597 112.108887 67.110847 190.334305 92.317627 40.391109 208.137772 121.964348 101.963257 164.100220 92.303062               1344 
24.686472 180.120193 112.282104 67.046005 190.669189 92.251663 40.451477 209.024384 123.390564 102.067688 164.661835 92.379906               1359 
25.405745 180.978363 112.496933 67.799011 192.191605 92.728943 39.531799 210.107712 123.121849 103.717422 167.500275 94.496338               1376 
25.587900 180.765915 112.594681 68.030174 192.008102 92.807945 39.422569 209.308380 123.621933 103.961548 167.328918 94.478745               1392 
25.892872 180.941040 112.926544 68.378464 192.012222 93.015839 39.636700 209.115723 124.068451 104.265419 167.268021 94.679543               1409 
26.095472 181.360382 113.142967 68.747345 192.588303 93.324638 40.116524 210.180771 124.917580 104.866409 168.213806 95.377548               1425 
26.373075 181.533508 113.492546 69.098129 192.894257 93.643158 40.762661 211.111511 125.920822 105.439453 168.884140 96.039040               1441 
26.109587 181.491104 113.330299 69.101891 192.750702 93.687462 41.075359 211.256470 126.157967 105.327286 168.556061 95.980476               1457 
25.950151 181.425446 113.224350 69.135681 192.566452 93.737572 41.196758 210.883560 126.051346 105.214104 168.133682 95.812393               1473 
25.847738 181.434006 113.209831 69.140373 192.512558 93.780373 41.732273 211.377609 126.151886 105.149200 167.966583 95.723831               1489 
25.701420 181.376236 113.189140 69.090889 192.434311 93.821045 42.044052 211.606216 126.197556 105.048042 167.801834 95.621414               1505 
25.620636 181.335861 113.173874 69.070549 192.347626 93.871483 42.601830 212.051529 126.037781 104.948410 167.589996 95.531746               1520 
25.376434 181.167801 113.111908 68.915840 192.139984 93.959572 42.893227 212.130066 126.052742 104.677063 167.201660 95.420067               1536 
25.147293 181.039978 113.175255 68.718216 191.979065 94.054695 43.221188 212.189087 125.900986 104.393776 166.905640 95.277588               1552 
24.935089 180.912247 113.186012 68.509689 191.897751 94.099655 43.677494 212.369751 125.776154 104.122505 166.721573 94.996849               1568 
24.653097 180.782837 113.111595 68.263763 191.776840 94.128510 43.950493 212.321228 125.791222 103.771446 166.442307 94.661263               1585 
24.564302 180.695068 113.103302 68.153572 191.762314 94.135674 44.030079 212.278412 125.801094 103.690887 166.466370 94.498932               1601 
24.518070 180.619553 113.029892 68.130341 191.609741 94.087563 44.215599 212.200226 125.771980 103.638847 166.272125 94.349266               1618 
24.490110 180.533340 112.977478 68.110344 191.458206 94.056473 44.316132 212.055267 125.767036 103.592529 166.083008 94.231766               1635 
24.453358 180.493027 112.946404 68.073784 191.355362 94.040085 44.339882 211.956360 125.754822 103.544243 165.963531 94.176079               1652 
24.447386 180.518799 112.953979 68.064690 191.360794 94.079979 44.291233 211.957153 125.740898 103.575409 166.025604 94.266037               1669 
24.403004 180.572647 112.935280 68.049194 191.371628 94.102089 44.573109 212.190994 125.865829 103.605797 166.101563 94.366371               1688 
24.348232 180.728027 112.920982 68.047531 191.391296 94.126701 45.844765 212.564545 127.125275 103.629250 166.157410 94.457535               1706 
24.102947 180.744110 112.788330 67.795952 191.395370 93.998848 48.459587 214.044098 128.635971 103.418015 166.217422 94.237946               1725 
23.861176 180.689453 112.660683 67.558853 191.359024 93.911873 50.872841 215.650772 129.770844 103.205330 166.214905 94.050354               1744 
23.558004 180.413376 112.435654 67.347862 191.080765 93.931602 52.201450 215.926117 129.714615 102.945114 165.866623 93.955040               1762 
23.291908 180.194580 112.193459 67.166435 190.796738 93.950287 52.316387 214.375870 127.953804 102.696777 165.488495 93.877678               1778 
23.193937 179.970367 111.955460 67.195076 190.383392 93.990807 52.547806 212.964508 126.726433 102.581184 164.874313 93.824615               1795 
23.120832 179.899139 111.754517 67.193367 190.210617 93.944580 52.567883 212.281448 126.248596 102.509560 164.605637 93.682251               1811 
23.076490 179.823868 111.646309 67.171349 190.100006 93.912117 52.515991 211.883331 126.028564 102.471992 164.474670 93.561096               1827 
22.962490 179.773407 111.593300 67.002876 190.136398 93.843719 51.981892 211.595108 125.696762 102.404877 164.650955 93.515251               1842 
22.808050 179.749146 111.459000 66.805565 190.193741 93.714417 51.587719 211.403610 125.444954 102.279190 164.808212 93.376152               1857 
22.667660 179.732819 111.370689 66.621880 190.235657 93.624756 51.270847 211.299225 125.274780 102.154175 164.932404 93.280106               1872 
22.556755 179.721573 111.301834 66.481392 190.267715 93.556175 51.057999 211.265717 125.147156 102.058426 165.027466 93.206665               1887 
22.512373 179.729965 111.249069 66.372467 190.292587 93.503006 50.891167 211.237793 125.045044 101.984100 165.101227 93.149742               1902 
22.556164 179.809311 111.237701 66.304329 190.349518 93.468620 50.755684 211.230423 125.002319 101.937111 165.188385 93.095535               1917 
22.673964 179.897415 111.298653 66.284081 190.405487 93.472801 50.699375 211.234482 125.006744 101.931450 165.265625 93.060074               1932 
22.982487 180.346619 111.540459 66.474205 191.031006 93.624802 50.562336 212.100906 124.819153 102.392845 166.276840 93.624512               1948 
23.042824 180.463638 111.568947 66.503365 191.154160 93.660347 50.494267 212.212082 124.800652 102.462448 166.458847 93.718712               1963 
23.204597 180.546661 111.669647 66.616714 191.300430 93.751160 50.476555 212.365860 124.807480 102.661385 166.730606 93.904022               1978 
23.418432 180.612656 111.799721 66.749046 191.544571 93.894966 50.338696 212.627274 124.782822 102.978745 167.250656 94.257309               2025 
23.425924 180.634460 111.807022 66.748268 191.551941 93.887939 50.004570 212.370071 124.717041 102.982254 167.264465 94.254128               2041 
23.459795 180.765610 111.891190 66.768089 191.584854 93.883514 49.270020 211.702408 124.523193 102.966827 167.244080 94.192818               2057 
23.557396 180.892593 112.010635 66.839439 191.623840 93.885033 48.882141 211.219101 124.404343 103.005905 167.234039 94.091965               2074 
23.638128 180.993805 112.099632 66.911102 191.643433 93.873863 48.650906 210.802261 124.226730 103.060097 167.227203 93.999680               2093 
23.592800 181.188904 112.149452 66.939636 191.633286 93.889565 48.591438 210.070663 123.694550 102.954857 167.019852 93.884544               2113 
23.532272 181.325256 112.151840 66.925423 191.649292 93.850334 48.534042 209.723969 123.397568 102.870995 166.934372 93.777016               2133 
23.793839 181.560760 112.173988 67.206131 192.335297 94.104568 47.111073 209.028030 122.373604 103.598640 168.294189 94.831230               2153 
24.166346 181.574783 112.321762 67.491539 192.491928 94.107597 46.673698 208.300751 121.878456 104.024139 168.666611 94.908287               2173 
24.300804 181.502014 112.376022 67.624329 192.484329 94.172768 46.427025 207.783691 121.712227 104.194687 168.717438 94.986038               2192 
24.548658 181.621185 112.610100 67.828468 192.461136 94.195168 46.741234 207.846054 121.786263 104.348907 168.614410 94.908379               2211 
25.031954 181.819763 113.261139 68.189217 192.474091 94.402382 46.999439 207.808334 122.071777 104.698372 168.608200 95.048973               2229 
25.333426 181.323883 113.192932 68.629318 191.684006 94.439255 47.539124 206.940689 122.178032 104.879395 167.422302 94.906975               2248 
25.347538 180.932251 113.082108 68.737534 191.237442 94.473412 47.715706 206.518555 122.096825 104.902229 166.848160 94.914886               2267 
25.371359 180.672928 113.052757 68.980362 191.112061 94.797493 47.738640 206.404800 122.104958 105.239029 166.870895 95.567574               2286 
25.263351 180.378677 113.006172 69.033501 191.021713 94.967621 47.660610 206.240356 122.103767 105.387245 166.927917 95.868896               2304 
25.150476 180.303421 112.964378 69.021477 191.011520 94.961746 47.652473 206.243988 122.007019 105.403191 166.961044 95.890480               2323 
24.955070 180.198288 112.842087 69.036064 190.882401 94.965248 47.760689 206.069641 121.858742 105.408028 166.815125 95.839310               2342 
24.706959 180.067337 112.646278 68.976753 190.742065 94.925545 47.739822 205.887375 121.660423 105.352180 166.680206 95.804390               2360 
24.532127 180.092468 112.521416 68.935539 190.583649 94.906197 47.760384 205.678131 121.608704 105.177048 166.317078 95.683517               2380 
24.521666 179.928040 112.357010 68.982903 190.267929 94.753334 47.940571 205.306335 121.515518 105.089500 165.795242 95.317482               2399 
24.495823 180.014771 112.402542 68.989784 190.127121 94.651581 48.078510 205.294128 121.416428 105.017662 165.537506 95.161926               2419 
24.506830 180.060623 112.331779 69.071075 189.974609 94.440666 48.294453 205.209839 121.247437 105.028725 165.280334 94.837502               2439 
24.520224 179.848557 112.146416 69.036217 189.733673 94.089447 48.339161 205.020370 120.905418 105.013107 165.066544 94.426826               2460 
24.336531 179.723602 111.926796 68.844002 189.617889 93.825409 48.173149 204.889175 120.649254 104.832466 164.967026 94.113579               2481 
24.169027 179.587265 111.744408 68.653450 189.517502 93.608452 48.000832 204.760666 120.442833 104.658272 164.889999 93.846069               2503 
24.089190 179.557007 111.717445 68.562561 189.467484 93.529846 47.970665 204.689667 120.404259 104.542282 164.802582 93.668976               2525 
23.959930 179.617233 111.684952 68.432968 189.489120 93.339638 47.920113 204.751144 120.234329 104.431664 164.851608 93.408836               2547 
23.850481 179.559113 111.688850 68.275543 189.484909 93.255356 47.814514 204.700912 120.199509 104.294258 164.876633 93.212234               2570 
24.660519 180.158905 112.299454 69.029549 190.518463 93.967896 47.967972 206.100677 120.215454 105.595230 166.754181 95.029335               2592 
24.772535 180.057632 112.297455 69.124573 190.447800 93.909439 48.077770 206.018341 120.160797 105.722061 166.731033 94.937286               2615 
24.783466 179.994476 112.329483 69.124039 190.421875 93.893753 48.075447 205.983612 120.135590 105.765366 166.772491 94.912064               2636 
24.752312 180.138184 112.430550 69.069099 190.467682 93.879738 48.111851 206.094101 120.143127 105.672401 166.756851 94.834602               2655 
24.783710 180.079727 112.469376 69.042374 190.443237 93.798439 48.132015 206.069870 120.086273 105.680565 166.783676 94.684921               2674 
24.770319 180.025620 112.486687 69.003510 190.404007 93.759521 48.342770 206.511459 120.291122 105.665810 166.779984 94.595566               2692 
24.748394 179.914352 112.522781 68.930756 190.350388 93.722107 48.487354 206.841843 120.485565 105.637413 166.792679 94.479103               2711 
24.699686 179.825974 112.527473 68.838661 190.323990 93.653839 48.545246 207.066269 120.588264 105.597801 166.846008 94.337624               2731 
24.511745 179.888550 112.509056 68.618431 190.476227 93.598175 48.415482 207.327927 120.679932 105.436035 167.087479 94.188332               2749 
24.410301 179.921616 112.495468 68.460922 190.589340 93.549698 48.342297 207.504120 120.772865 105.320557 167.264359 94.028893               2767 
24.371161 179.877014 112.501877 68.346405 190.653152 93.530365 48.281868 207.567917 120.887192 105.264503 167.418655 93.890175               2786 
24.361176 179.853989 112.518005 68.266197 190.683640 93.527771 48.255409 207.604370 120.998207 105.220146 167.504837 93.785080               2805 
24.366182 179.830643 112.520630 68.212570 190.683441 93.529465 48.248981 207.603958 121.100761 105.187737 167.537674 93.695778               2824 
24.330357 179.844421 112.486908 68.154312 190.714188 93.522240 48.204517 207.642151 121.156281 105.156670 167.611664 93.650482               2842 
24.260883 179.824615 112.471153 68.075569 190.743057 93.529099 48.135292 207.659546 121.227646 105.112930 167.696472 93.609428               2861 
24.563334 180.555710 112.713318 68.303375 191.851654 93.810661 47.842693 209.096573 120.967377 105.809906 169.595093 94.717911               2880 
24.567953 180.530106 112.692825 68.315857 191.772690 93.830978 47.897324 209.010468 121.065094 105.803482 169.481491 94.666321               2900 
24.490250 180.394455 112.610214 68.308784 191.588562 93.850555 47.941055 208.730423 121.220917 105.755318 169.223358 94.537727               2920 
24.340446 180.197754 112.460999 68.268692 191.362228 93.850594 47.934151 208.371063 121.362457 105.670265 168.917770 94.385849               2941 
24.221790 180.047409 112.343712 68.237907 191.188385 93.850616 47.931259 208.099518 121.473572 105.605301 168.684586 94.268120               2962 
24.102833 179.961411 112.242149 68.214287 191.055023 93.850639 47.931728 207.896759 121.561600 105.555687 168.506622 94.177200               2983 
23.964386 179.945618 112.154953 68.196396 190.925461 93.842484 47.961899 207.729858 121.637154 105.497543 168.309387 94.076607               3005 
23.802671 179.889847 112.061935 68.177567 190.700439 93.837662 48.034187 207.453369 121.753281 105.387749 167.933975 93.924416               3027 
23.618031 179.806564 111.982697 68.114845 190.469971 93.854385 48.052761 207.179596 121.876442 105.230064 167.548889 93.814957               3048 
23.448883 179.755890 111.900764 68.045540 190.284363 93.853813 48.057232 206.962616 121.967743 105.074051 167.223907 93.706100               3070 
23.348885 179.877304 111.899902 68.026245 190.314316 93.869987 48.043995 207.038620 121.980072 105.076347 167.288437 93.740814               3091 
23.228844 179.970154 111.852707 68.005104 190.290222 93.876625 48.052456 207.017532 122.024094 105.037758 167.236542 93.709587               3113 
23.117270 180.049530 111.810364 67.984970 190.267273 93.882942 48.060390 206.996994 122.065865 105.001007 167.187225 93.679794               3135 
23.012619 180.132614 111.774529 67.970001 190.246170 93.885956 48.077282 206.979843 122.105110 104.967514 167.136795 93.643822               3156 
23.192566 180.817139 112.147179 68.121979 190.942932 94.044693 48.110878 208.035812 121.979210 105.348289 168.203110 94.186852               3180 
23.116327 180.820480 112.096207 68.151993 190.867111 94.091408 48.174686 207.891815 122.106247 105.332733 168.052475 94.141350               3203 
23.030739 180.781448 112.054466 68.138580 190.759583 94.083855 49.575157 209.266266 122.117432 105.273399 167.870392 93.995842               3226 
22.825119 180.534332 111.947960 68.051285 190.399017 94.119904 50.687462 209.887817 122.352455 105.038719 167.275696 93.722137               3249 
22.737350 180.369919 111.881714 68.031906 190.129669 94.084045 51.364597 210.073807 122.503304 104.908119 166.835693 93.411087               3269 
22.649134 180.279404 111.830574 68.008255 189.936325 94.050201 51.789993 210.135971 122.611191 104.797668 166.512238 93.173500               3288 
22.663555 180.214050 111.837463 68.019913 189.797150 94.001282 52.164200 210.175049 122.688271 104.741875 166.275681 92.926346               3308 
22.696165 180.160828 111.889931 68.027504 189.680481 93.988289 52.462688 210.196091 122.776207 104.694412 166.081375 92.748344               3328 
22.734520 180.128708 111.922325 68.034782 189.586655 93.966103 52.714100 210.210129 122.841888 104.653061 165.920120 92.582436               3347 
22.774508 180.114304 111.944275 68.032387 189.512283 93.945892 52.912678 210.223572 122.893738 104.610924 165.791580 92.443665               3367 
22.807043 180.094269 111.958038 68.017609 189.423782 93.937752 53.077812 210.192688 122.963318 104.550346 165.640366 92.317474               3386 
22.832260 180.067795 111.953972 67.996719 189.312241 93.938683 53.226418 210.105698 123.056213 104.466690 165.441513 92.192902               3406 
22.779373 180.013382 111.896942 67.958755 189.199020 93.918106 53.326447 209.988785 123.128288 104.368202 165.244614 92.059204               3425 
22.728607 179.967758 111.826233 67.925385 189.095947 93.880211 53.420643 209.880920 123.175819 104.275314 165.059586 91.917236               3445 
22.707092 179.935349 111.803589 67.908440 189.021881 93.871567 53.508274 209.825272 123.222504 104.220367 164.934067 91.837379               3465 
22.675644 179.896591 111.758438 67.879715 188.959152 93.836227 53.571247 209.772110 123.240517 104.162964 164.834137 91.732178               3484 
22.695816 179.795990 111.803246 67.875481 188.857956 93.885536 53.659729 209.651871 123.362381 104.133202 164.703354 91.683235               3504 
22.681810 179.775162 111.816101 67.858482 188.785400 93.878891 53.811798 209.690872 123.427864 104.078499 164.580460 91.609818               3526 
22.652674 179.856964 111.914612 67.838676 188.945267 94.051682 53.648392 210.104965 123.643608 104.170204 164.885529 92.035210               3549 
22.716135 179.875015 111.987137 67.893028 189.029068 94.145287 53.577198 210.290421 123.680656 104.305656 165.080170 92.277405               3572 
22.703373 179.874527 111.972961 67.885941 189.035645 94.154305 53.552700 210.349930 123.701271 104.312576 165.104843 92.328247               3596 
22.671345 179.823700 111.941315 67.873718 188.998001 94.179863 53.506470 210.344223 123.739403 104.311180 165.079971 92.403175               3619 
22.668074 179.777390 111.919060 67.885971 188.962708 94.200996 53.507366 210.352188 123.743050 104.337341 165.062424 92.471458               3643 
22.683371 179.754730 111.923561 67.906898 188.927124 94.210510 53.541508 210.384369 123.728699 104.366394 165.036423 92.520210               3667 
22.692305 179.756439 111.941238 67.903641 188.925003 94.216232 53.556747 210.445251 123.715111 104.374832 165.050339 92.551712               3691 
22.677755 179.726410 112.012131 67.888176 188.793106 94.251183 53.616989 210.354614 123.772453 104.303596 164.836060 92.549805               3715 
22.601618 179.722626 111.955437 67.840721 188.649338 94.197601 53.552517 210.174530 123.670921 104.188599 164.588593 92.515556               3739 
22.592566 179.313629 112.009819 67.783966 188.180847 94.105743 53.703072 209.607468 123.758156 104.043633 164.008606 92.141869               3763 
22.536285 179.016800 111.908211 67.733673 187.738708 93.957443 53.869991 209.061798 123.793655 103.843018 163.364548 91.736519               3787 
22.508490 178.936386 111.928719 67.706863 187.556931 93.934769 54.248032 209.235870 124.083229 103.746864 163.086288 91.649269               3810 
22.517431 178.934509 111.943306 67.758545 187.351364 93.989273 54.624123 209.430344 124.331993 103.704742 162.735962 91.782440               3833 
22.480324 178.983536 111.844490 67.765419 187.271957 93.975098 54.834660 209.616318 124.465034 103.647575 162.556610 91.844482               3856 
22.435934 178.993057 111.777382 67.730232 187.248322 93.956039 54.942360 209.754181 124.579987 103.588867 162.496902 91.848244               3879 
22.440395 179.029846 111.764267 67.740417 187.242935 93.967026 55.070553 209.888290 124.685402 103.577454 162.458344 91.881744               3902 
22.450712 179.097214 111.715645 67.772713 187.244598 93.979118 55.188202 210.013657 124.765450 103.576881 162.408325 91.944969               3924 
22.458361 179.186295 111.677841 67.797615 187.277863 94.002129 55.259781 210.182877 124.811897 103.586624 162.412491 92.058464               3947 
22.428011 179.348206 111.604820 67.786606 187.382980 94.005798 55.252979 210.448257 124.787025 103.572746 162.502335 92.210472               3970 
22.425503 179.393311 111.569954 67.783669 187.397430 94.017952 55.290985 210.534653 124.840942 103.553307 162.490250 92.262291               3992 
22.441761 179.420593 111.545113 67.786713 187.401398 94.027878 55.338676 210.589767 124.900009 103.538223 162.466980 92.289482               4015 
22.385382 179.397659 111.394272 67.734772 187.391953 94.005325 55.273685 210.562317 124.948174 103.468048 162.429428 92.295723               4038 
22.405062 179.409363 111.338234 67.730804 187.397110 93.999741 55.290894 210.592621 124.988457 103.448708 162.411285 92.309219               4060 
22.341867 179.484879 111.243309 67.649536 187.502365 93.984116 55.139889 210.793747 124.923737 103.405830 162.562119 92.438622               4084 
22.313080 179.462540 111.171646 67.582420 187.522141 93.990257 55.039963 210.830795 124.950424 103.347618 162.591171 92.502068               4107 
22.224916 179.435806 111.080078 67.483093 187.531662 94.004654 54.891064 210.836044 124.990776 103.255913 162.608139 92.576134               4131 
21.981516 179.318451 110.781097 67.303993 187.471252 93.999214 54.579914 210.646011 125.067902 103.063316 162.524429 92.640961               4155 
21.834406 179.190445 110.636696 67.208450 187.404404 94.109863 54.386688 210.424820 125.289238 102.946068 162.425751 92.765556               4180 
21.761478 179.118698 110.651283 67.093140 187.402695 94.100006 54.255573 210.454224 125.283127 102.877487 162.490021 92.774879               4204 
21.812214 179.183212 110.805046 67.083694 187.475113 94.138405 54.315392 210.586411 125.336891 102.883545 162.586746 92.775711               4228 
21.827185 179.104004 110.853561 67.064339 187.454742 94.160805 54.310303 210.544937 125.410080 102.888428 162.603699 92.754341               4252 
21.761600 179.086533 110.858162 66.983711 187.496201 94.177559 54.215302 210.567993 125.461952 102.834671 162.684525 92.760979               4276 
21.703493 179.021240 110.866135 66.894608 187.508835 94.184181 54.110638 210.562744 125.501221 102.778000 162.744812 92.755135               4300 
21.665758 179.788177 110.824844 66.778625 188.049057 93.832634 54.086147 211.646912 124.804138 102.693726 163.315201 92.710617               4324 
21.277323 182.235504 111.650940 65.824059 189.490585 92.908035 54.237041 214.459595 123.254684 101.569733 164.516052 91.709396               4348 
20.695593 186.210861 111.507935 64.902267 191.314697 91.335358 55.171078 217.367767 121.443359 99.629021 164.966049 89.686447               4370 
19.738638 189.700485 110.358627 63.261974 193.342270 88.478958 55.857510 219.219696 119.409279 96.759254 165.619751 84.970245               4390 
16.284594 196.251633 106.429733 56.585308 198.396225 78.947205 53.916702 225.005035 110.046494 88.696342 169.785202 71.652817               4407 
12.100188 199.811539 100.638580 51.894104 201.718948 72.469170 50.375408 226.814545 107.571869 83.650009 172.878525 64.550224               4425 
6.036333 191.075684 88.629066 46.944885 198.909760 63.266914 42.800304 216.820129 104.037811 80.337685 172.901535 52.711792               4440 
9.132865 191.191803 80.968689 49.540108 198.676544 54.730164 46.594456 215.906860 96.693581 82.395622 172.326141 43.368446               4452 
10.190774 191.352264 75.837158 49.811779 198.520157 48.433266 47.915520 216.674591 90.046799 82.487488 172.045227 36.844769               4463 
12.785247 187.339096 69.723373 52.237415 196.866150 42.907043 50.027916 212.583130 85.468086 85.371063 171.635925 29.925695               4473 
5.553192 198.846771 51.134804 63.090828 201.625229 33.979893 26.026865 203.626892 69.328590 95.674835 172.869644 37.763493               4482 
-1.832014 203.226242 13.381322 66.486359 206.334503 13.852477 9.464806 204.147232 38.638908 95.889519 179.109024 31.090368               4499 
-2.322728 203.779999 0.346745 66.975807 206.382446 6.847680 7.048772 205.289597 27.969946 94.460938 178.942032 26.709940               4508 
-0.893723 204.727524 -11.804416 68.100189 206.830734 0.890145 6.241030 206.115021 17.105124 93.545876 178.976028 22.788769               4517 
-0.897284 203.498901 -25.674538 66.965340 206.856659 -7.057421 3.730314 205.105743 4.209660 90.949516 179.358063 16.848717               4525 
4.755465 207.143173 -64.947311 67.833405 208.883926 -32.650097 2.140572 207.828964 -31.854906 86.753265 179.700882 -6.319386               4551 
6.519061 208.512711 -73.653641 68.107750 209.469238 -38.236656 2.028213 208.264648 -39.922039 85.976143 179.497177 -12.058170               4560 
7.385847 209.025772 -83.557503 67.905403 208.175415 -45.567303 1.495601 209.200119 -49.017357 83.900322 177.850296 -18.595701               4569 
8.366556 211.211838 -93.636497 67.260109 208.987106 -52.516087 0.796052 210.272644 -58.662331 82.008896 177.886398 -25.718031               4577 
9.394215 213.700821 -104.238937 66.605103 210.712875 -60.295303 0.145468 211.602417 -68.923477 80.537674 179.034225 -33.738487               4586 
13.573222 219.217209 -126.148697 66.731674 214.689102 -76.895973 0.878210 215.487488 -91.027176 78.573822 182.157532 -50.355839               4603 
14.204846 220.250427 -133.755112 66.952156 217.151138 -83.627907 1.208165 216.122284 -98.470093 79.344543 185.098984 -56.757751               4612 
18.932310 228.497177 -152.232468 66.725815 218.901169 -97.648613 2.563635 223.311874 -118.025146 74.464149 184.884521 -71.458862               4629 
19.998693 227.327682 -157.119217 68.727676 221.818741 -102.509918 4.234787 223.279114 -122.317116 77.717628 189.591690 -74.518578               4638 
22.165754 228.872360 -163.335571 70.249832 224.209564 -107.563438 6.646883 223.720978 -129.178284 79.430016 192.548203 -78.994225               4648 
26.720280 232.683853 -183.043533 72.799286 232.471130 -124.701721 11.858211 225.656235 -150.296097 82.952354 202.777847 -94.400864               4673 
29.186575 237.529602 -187.011963 73.671516 233.786102 -127.280853 13.967166 228.990692 -155.271027 82.222343 202.979919 -97.602921               4681 
31.465607 239.687973 -191.301788 74.719154 235.348221 -130.270996 16.252592 229.134399 -160.031525 83.380989 204.448807 -100.722458               4691 
37.555275 248.200836 -203.924835 74.083214 238.182266 -138.690582 19.657799 234.857101 -175.000504 78.774292 205.774857 -109.869232               4707 
38.420719 249.169815 -208.345001 74.926697 240.582611 -142.596069 21.093620 235.432266 -179.136414 79.902756 209.105499 -112.807709               4716 
44.592644 258.057770 -218.848236 75.774101 243.439194 -150.785767 25.676205 241.039291 -191.744507 77.721886 210.629532 -122.103889               4742 
45.405041 257.570129 -219.938736 76.742149 244.602982 -151.375885 27.082249 239.910965 -192.416992 79.369087 212.619293 -121.828293               4751 
46.917164 259.455658 -221.290253 77.171364 245.881348 -151.855240 28.593639 239.344101 -193.727844 80.312447 214.170380 -122.064888               4759 
47.940933 259.742065 -222.229233 77.840622 246.677368 -152.089554 29.809692 237.717392 -194.135010 81.950493 215.566086 -121.789139               4768 
49.137245 260.734924 -223.705780 78.733330 246.571991 -153.273590 31.594406 236.618637 -195.807587 83.493256 215.326218 -123.207619               4785 
49.504818 260.825195 -224.438934 79.065407 246.648331 -153.921982 32.540443 236.143921 -196.739975 84.136826 215.395920 -123.913902               4794 
49.990368 261.753387 -227.904343 80.297211 247.879593 -157.579849 34.868446 235.630112 -200.713257 86.975891 216.494827 -128.028046               4811 
50.474064 262.609650 -229.191437 80.822792 248.466843 -158.888657 36.012447 236.050415 -202.266495 87.867996 216.960266 -129.552368               4820 
51.259293 263.036316 -230.153473 81.449028 248.664520 -159.787537 37.282970 236.241562 -203.461975 88.661041 217.068771 -130.588013               4829 
53.015068 261.370850 -232.622955 80.383156 249.683289 -160.588852 39.512329 235.181519 -205.945984 86.960426 219.151581 -130.134445               4846 
53.825085 260.932892 -233.632462 79.881447 249.394745 -161.082962 40.441822 234.915619 -207.247894 85.969383 218.921219 -130.468918               4855 
54.725662 260.715363 -234.670074 79.117592 249.317795 -161.511246 41.775410 235.027100 -208.715271 84.579109 218.903717 -130.720444               4872 
57.409325 262.025146 -235.352173 77.984215 250.286530 -161.075165 43.477470 236.169937 -210.300430 82.090218 219.695755 -130.248840               4881 
59.496902 266.418945 -231.686157 79.154961 251.032974 -157.809998 46.254883 238.709473 -208.483719 84.737724 218.760544 -128.996094               4898 
59.216686 267.058380 -231.176147 79.254242 251.031387 -157.530380 46.295933 239.130432 -208.189072 85.458000 218.481201 -129.159348               4907 
58.936848 267.490601 -230.657532 79.668541 250.785034 -157.343262 46.195480 239.583496 -207.704163 86.441536 217.959488 -129.423233               4924 
58.644836 267.880493 -229.845825 80.225395 250.198395 -157.002838 46.032242 239.874298 -207.011505 87.348549 216.997406 -129.619034               4933 
58.049847 266.951447 -228.975372 80.967911 249.528931 -156.471420 45.801903 239.132477 -205.752716 88.522873 216.431702 -129.077744               4942 
57.678051 266.401001 -228.420715 81.428291 249.113831 -156.141937 45.652069 238.701431 -204.940643 89.252098 216.078842 -128.748627               4950 
65.327271 241.880829 -196.723267 89.291420 252.228897 -162.829285 47.604485 253.908127 -204.134460 88.840965 222.039963 -131.343689               4960 
54.890453 248.533295 -202.159515 85.101601 253.583786 -169.942139 47.266888 272.303284 -207.963654 74.962799 228.066803 -136.045151               4979 
53.334496 249.283112 -201.441055 84.590851 253.225494 -169.687225 48.752789 273.699127 -207.040192 73.556229 228.824829 -135.252319               4988 
52.433689 248.848618 -200.122238 84.261703 253.006226 -169.758347 51.540932 275.191223 -205.792770 73.130493 228.844498 -135.186325               4998 
52.534309 250.612000 -196.766449 80.165726 252.170425 -163.454636 56.642368 281.263336 -197.340363 64.555519 223.843735 -134.182831               5014 
51.683537 251.568069 -196.287735 77.725685 252.099319 -162.032990 58.529503 287.922760 -188.556519 60.790520 222.266846 -135.085983               5024 
50.035088 253.698257 -192.003128 73.344917 254.763428 -158.880386 56.938629 296.262543 -177.119675 54.898571 221.581451 -137.395370               5049 
50.557350 252.637711 -188.824448 71.375282 252.454330 -154.846542 54.883858 295.321136 -169.665848 52.629513 216.794510 -138.116623               5057 
48.495991 255.059097 -182.987350 66.785065 250.808472 -149.020782 52.423126 296.075500 -157.895813 46.003269 213.622528 -139.627167               5075 
48.894825 257.509247 -177.929108 66.181610 250.322479 -144.418777 54.498711 296.902924 -149.877899 43.190395 213.719818 -138.539520               5083 
42.390911 260.463165 -149.763260 62.325966 237.913300 -126.410866 51.502499 280.236786 -105.663139 38.913631 203.148636 -138.502121               5101 
41.968094 257.436279 -139.058441 62.078327 231.153137 -120.259331 52.163830 269.250916 -93.163918 38.236485 199.150024 -137.874222               5109 
36.860981 249.275558 -127.386497 60.330784 225.391891 -109.381699 47.768059 262.180389 -83.214531 39.472351 191.044754 -126.355713               5127 
36.580441 245.857544 -118.809128 59.349651 219.834625 -103.026627 49.255684 255.341827 -74.625824 36.528183 187.669586 -121.668190               5135 
22.477364 238.872742 -49.624783 56.429970 205.759079 -93.671982 28.214182 229.737503 -94.006554 64.656563 179.301514 -127.365265               5144 
46.872978 196.488586 -146.322174 57.252747 199.449982 -86.636147 58.879147 225.435211 -122.032997 88.641197 209.668549 -58.118378               5153 
63.772438 209.317886 -132.278732 56.872566 196.010269 -82.054398 59.447075 231.742676 -111.750038 83.056160 203.435898 -47.963387               5162 
73.013084 219.962738 -109.574524 51.591702 194.019852 -75.676498 58.039703 236.400177 -96.906700 71.603767 194.215027 -36.915737               5181 
72.587448 221.214645 -104.461426 50.609375 193.947769 -72.605927 56.455029 236.908707 -93.246994 70.605011 193.774277 -33.836582               5187 
72.281303 222.147781 -99.813850 49.956772 193.772232 -69.632355 54.960682 237.218140 -89.790215 69.760384 193.590866 -30.764614               5199 
69.522491 223.454239 -94.987221 48.642143 193.609756 -65.331467 51.487473 237.514572 -84.958763 69.097534 193.672134 -26.802383               5205 
64.759346 225.554260 -84.870872 45.780022 193.408188 -56.562229 45.113003 237.690887 -75.590889 65.745926 194.582840 -17.794973               5222 
62.181011 224.978271 -79.612442 44.043816 192.310822 -51.416897 41.600163 236.211700 -71.211891 63.102848 195.049240 -12.273931               5231 
57.870335 227.855408 -81.112045 54.645691 199.569839 -38.355824 49.897919 227.704208 -82.354156 46.467541 222.382019 -2.084074               5239 
8.661195 209.076141 -44.545208 59.824379 202.997467 -28.336605 6.062548 208.416748 -42.952267 67.669128 170.482758 -0.333562               5248 
9.207496 195.759109 -34.643555 61.657539 204.931442 -20.927320 5.100330 196.714355 -29.485533 80.019073 176.922409 7.023815               5257 
11.540499 194.164536 -25.920122 64.319069 204.733688 -13.108075 6.433657 196.179855 -18.904051 84.346497 176.461853 13.397080               5265 
12.417741 192.523895 -18.932089 65.217934 204.324829 -7.102368 6.511772 195.590912 -10.478201 86.407059 176.412094 18.874886               5274 
13.085047 191.514236 -5.283977 65.793381 203.863220 6.601878 6.705210 194.649445 4.277665 88.041985 174.745148 30.267376               5291 
12.842101 190.859589 -1.112589 65.615334 203.438690 10.273723 5.733546 194.944931 9.701630 88.117065 174.357483 33.744415               5300 
12.462667 188.418472 4.364553 65.373375 201.842621 14.113296 4.799445 194.019623 16.280830 88.474724 173.760010 38.209187               5309 
11.068734 185.729095 9.539368 63.763268 200.920471 17.393753 3.336761 192.220444 21.454056 88.017960 174.075455 41.765308               5317 
9.949101 181.414505 20.606155 62.381195 198.626114 25.408279 2.263169 189.319580 32.423634 88.091064 174.079407 50.694233               5335 
9.806809 181.007156 25.442902 62.374649 198.061646 29.157719 2.339514 189.290710 37.397736 88.402634 173.432220 54.034473               5344 
9.561424 180.113815 30.462305 62.198288 197.209732 32.536201 2.351460 189.061920 42.517796 88.742668 172.862778 57.143902               5352 
10.143866 176.717590 39.938457 62.081520 195.853256 40.543159 2.772411 186.196899 51.673882 89.761208 173.188629 65.504456               5370 
10.045634 176.692993 43.738804 61.964664 195.831268 43.651016 2.825312 186.415085 55.604282 89.919136 173.008133 68.157539               5378 
10.020106 176.550079 48.152657 61.903416 195.716003 47.234467 2.909837 187.028320 60.274391 90.093628 173.017654 71.586365               5387 
9.776023 176.443893 52.863117 61.866604 194.726852 50.211933 2.737825 189.433319 65.661240 89.980110 172.485352 75.068802               5396 
9.705943 175.904617 56.368183 61.694073 194.151993 52.845215 2.563498 191.040604 70.046730 89.910194 172.131851 77.782753               5404 
11.201308 175.190002 65.614510 62.787548 193.396774 58.964085 4.650445 192.219589 80.176926 92.129807 171.348846 82.540298               5422 
10.903548 174.393234 68.190605 62.279232 192.819427 61.054558 4.272182 192.053696 82.739296 91.766479 171.005005 84.667061               5431 
11.172812 172.884628 70.746521 61.978905 192.552765 63.376343 4.020118 191.027985 85.042778 91.895042 171.725327 87.337975               5439 
11.218285 171.830368 73.921326 61.574463 192.054138 65.476334 3.978701 191.037262 87.986031 91.956596 172.168854 89.651085               5448 
11.717534 170.879547 75.937981 61.628994 191.536423 66.676300 4.410173 190.835846 89.817894 92.337540 172.058014 90.769745               5457 
12.445085 167.364746 78.610992 60.801689 190.583115 68.103264 4.476108 187.204346 92.371384 92.946732 172.509918 91.405052               5465 
14.142371 163.597137 82.516640 60.264362 189.033173 70.456429 4.784210 183.571213 95.236893 93.505554 173.014130 93.722946               5474 
16.701939 162.360504 89.110451 59.315369 188.895691 73.891975 5.062334 182.585556 100.053040 93.691887 175.023376 96.886139               5491 
18.907679 162.281235 90.772957 58.924004 188.422226 74.406113 5.141604 182.067795 101.103783 93.564651 174.290924 96.839333               5500 
22.533602 161.816711 92.798866 59.276474 187.967010 75.851692 5.825325 180.608490 102.087921 94.038506 173.813034 98.081924               5508 
25.159481 161.759659 94.292122 59.747944 187.593811 76.928230 6.553030 179.926010 102.728851 94.458054 173.003204 98.956390               5517 
26.012306 162.235931 95.581795 59.649487 187.496063 77.619476 6.523544 180.390259 103.399101 94.279671 172.990753 99.829010               5526 
26.304928 161.688751 95.807060 59.452160 187.507538 78.495667 6.437762 179.236710 103.416229 94.040688 172.950134 100.736023               5534 
26.461889 162.335953 97.046120 59.380985 187.631409 78.985008 6.560401 180.049774 104.216866 94.020950 173.484787 101.409615               5543 
26.675732 163.287430 99.869362 59.499317 187.856735 81.096207 6.746933 181.109711 105.940338 93.948158 174.620590 104.355606               5569 
26.481222 163.442810 100.165619 59.241486 187.797928 81.073975 6.711279 181.299179 106.095749 93.759621 174.659424 104.285942               5578 
25.950052 164.007523 100.749397 58.723976 187.934906 81.312210 7.196864 180.819641 105.729546 93.275764 174.625748 104.376411               5596 
26.011675 163.934052 100.726318 58.722645 187.921204 81.308151 7.510665 180.316284 105.404732 93.303169 174.601761 104.323311               5604 
26.247490 163.736801 100.663322 58.841400 188.007462 81.530533 7.987574 179.490646 105.012573 93.424492 174.608398 104.495560               5613 
26.000383 163.418350 100.439194 58.501728 187.943146 81.613564 8.745599 176.299210 102.936691 93.067902 174.472260 104.562035               5630 
26.061827 163.545761 100.318886 58.674877 187.981339 81.692253 9.618497 174.469879 101.484406 93.126099 174.196777 104.627319               5657 
26.113899 163.715851 100.278893 58.820705 188.064713 81.753647 9.787314 174.434067 101.273895 93.194550 174.060425 104.671677               5667 
26.194221 163.923309 100.143692 58.990055 188.251236 81.858299 10.013505 174.260757 100.870232 93.252800 173.953644 104.761597               5676 
26.442770 165.647797 100.585159 59.699623 189.050003 82.159767 10.464521 176.173401 101.153366 93.620461 173.940933 105.051025               5686 
25.896309 167.206131 100.908188 59.802399 189.595551 82.480507 10.189916 178.169586 101.414459 93.238426 173.550537 105.448029               5696 
25.665852 167.736221 101.060219 59.728279 189.632629 82.395493 10.039444 178.905487 101.614876 93.067390 173.220856 105.244438               5706 
25.478121 168.947815 101.208183 59.821896 189.989014 82.123161 10.059031 180.613922 102.022766 93.016258 172.776688 104.590637               5717 
25.342342 169.755096 101.056458 59.952988 190.548294 82.213135 10.058920 181.741791 102.159966 92.930244 172.446854 104.298332               5727 
25.303612 170.284698 100.733643 60.119980 190.953796 82.137970 10.160419 182.406708 102.010826 92.926109 172.205093 103.936172               5738 
25.261211 171.082840 100.566841 60.284153 191.805023 82.414284 10.159203 183.232986 101.840172 92.875595 172.768158 104.284660               5749 
25.433294 171.663269 100.313896 60.510502 192.549026 82.427559 10.310274 183.767548 101.563522 93.043381 173.474869 104.352570               5760 
25.584721 172.482742 100.714890 60.732460 193.397263 82.898331 10.443678 184.516830 101.758034 93.218941 174.677017 105.194031               5772 
25.733095 173.848175 101.285980 60.916210 194.746613 83.362488 10.588174 185.819855 102.124397 93.422005 176.496155 106.016663               5784 
25.933676 174.795013 101.608620 61.659088 195.497375 84.310974 10.908029 186.832169 102.090897 93.648415 177.266342 107.703926               5798 
26.070814 175.591537 101.750015 62.201168 195.831207 84.542114 11.184185 187.792587 102.020485 93.865623 177.552383 108.336319               5812 
26.248985 176.026382 101.819496 62.693298 196.125336 84.927681 11.428720 188.383881 102.035263 94.091293 177.590363 108.876328               5826 
26.132334 176.757813 102.354568 62.668915 196.741913 85.395309 11.197712 189.498047 102.646698 94.012032 178.229080 109.432823               5841 
25.966785 177.174454 103.003395 62.371056 197.245605 85.475426 11.001984 190.389893 103.734390 94.108383 178.817291 109.056274               5855 
26.084764 178.046921 103.864449 62.630966 198.041702 85.971626 11.216961 192.209732 105.256523 94.555756 179.575439 109.268028               5870 
26.321409 178.243286 104.614571 62.811550 198.452866 86.324821 11.500019 193.663177 107.023308 95.096893 180.097458 109.208282               5884 
26.338978 178.391846 105.417068 63.110039 198.789978 87.278336 11.743230 195.061752 108.704590 95.409515 180.315720 110.045929               5899 
26.514992 178.054749 105.860474 63.199135 199.142593 87.870239 11.899664 194.759171 109.404007 95.765892 180.985001 110.511475               5913 
26.788692 177.544067 105.969856 63.525967 199.060654 88.220741 12.289286 194.198822 109.799805 96.210999 180.773392 110.585495               5928 
26.829151 177.313492 106.255501 63.639774 199.070648 88.474731 12.606330 193.959167 110.442001 96.520401 180.564636 110.367867               5942 
26.582104 177.116440 106.467949 63.707592 199.072479 88.823341 12.775139 193.770615 110.979019 96.695152 180.429001 110.437195               5957 
26.328260 177.032822 106.494911 63.712391 199.104324 88.962372 12.844032 193.727173 111.249619 96.749435 180.308731 110.367905               5971 
26.226221 176.987915 106.571014 63.731171 199.158249 89.049934 12.920320 193.818039 111.515305 96.816788 180.282364 110.309296               5986 
26.118004 176.851181 106.835556 63.566566 199.235962 89.033371 12.991520 193.750641 112.027512 96.929291 180.514069 109.993736               6001 
25.919127 177.327515 107.824303 63.333393 199.580750 89.431305 13.013877 194.430374 113.093994 96.930176 181.142120 110.268562               6016 
25.739250 176.888107 107.750450 63.110237 199.526703 89.453659 12.978059 193.893021 113.366829 96.896553 180.941284 109.849342               6031 
25.698267 176.701889 107.765442 63.069168 199.516312 89.494965 13.089213 193.622681 113.568176 96.952850 180.810760 109.617493               6047 
25.718037 176.539505 107.789345 63.053974 199.504395 89.545166 13.241790 193.283585 113.688522 97.011963 180.680603 109.430779               6063 
25.314627 179.687134 110.602486 63.323349 200.944000 91.615997 13.264386 196.971344 115.649010 96.694008 182.267548 112.604240               6078 
25.211384 180.868835 111.149857 63.822025 201.213654 92.294952 13.557470 198.521683 116.080467 96.639267 181.975601 113.645447               6094 
24.868462 180.025223 110.947853 63.293255 200.861496 91.978035 13.260129 197.592072 116.213768 96.436714 181.734909 112.920868               6110 
24.417858 179.452805 110.902138 62.798256 200.622635 91.698601 13.043348 196.967606 116.458130 96.266502 181.678421 112.287697               6125 
23.872450 177.869308 109.721085 62.124390 199.967117 91.061684 12.596795 195.220306 116.145248 95.832634 180.442123 110.694473               6140 
23.599453 177.824036 109.685143 61.897831 199.990250 90.937355 12.476055 195.279037 116.305801 95.684433 180.504669 110.474373               6155 
23.540804 177.718491 109.578835 61.791759 200.005707 90.727654 12.462888 195.241882 116.315948 95.678886 180.661163 110.230682               6170 
23.462042 177.566315 109.527588 61.652760 199.984299 90.603889 12.391246 195.193146 116.381020 95.624359 180.818268 110.136192               6186 
