20.456825 184.461716 102.281685 72.422401 207.537079 96.369881 10.443320 208.127045 97.640602 92.472130 183.415237 126.685913                  0 
20.368998 184.238083 102.306839 72.338661 207.468842 96.485931 10.314665 207.933212 97.870468 92.478943 183.293900 126.699486                 21 
20.302637 184.042542 102.335976 72.266777 207.410278 96.585556 10.220361 207.747482 98.041901 92.485115 183.190521 126.710953                 43 
20.132322 183.930405 102.257202 72.209229 207.363373 96.665314 10.117345 207.651978 98.228943 92.490273 183.108261 126.720024                 65 
20.020378 183.827347 102.219109 72.162674 207.325439 96.729828 9.989809 207.660385 98.465942 92.494583 183.042053 126.727295                 87 
19.894627 183.756195 102.157707 72.124008 207.293945 96.783424 9.830259 207.802826 98.781006 92.498260 182.987289 126.733284                108 
19.786089 183.651962 102.125633 72.079018 207.246811 96.902267 9.674614 207.912018 99.135559 92.490936 182.852295 126.754890                130 
19.075464 183.225159 102.726807 71.263802 207.282242 98.055527 8.811260 207.575699 100.502510 91.895699 182.301331 127.265060                152 
18.648935 183.246765 102.815247 70.912758 207.221954 98.154419 8.471430 207.675293 101.051666 91.677246 181.781418 126.869087                174 
18.483946 183.155197 103.032745 70.782692 207.244446 98.696281 8.351953 207.583008 101.753426 91.651627 181.360031 126.934586                195 
18.295322 183.281067 102.924927 70.621620 207.513443 98.856491 8.209057 207.685638 101.993881 91.597855 181.370056 126.774910                216 
18.205145 183.352661 102.810692 70.579239 207.599136 98.757294 8.186926 207.768173 102.007240 91.623192 181.391312 126.564117                236 
18.138767 183.390381 102.754517 70.556137 207.619156 98.734436 8.185722 207.832565 101.996048 91.608833 181.370010 126.495636                257 
18.203964 183.427444 102.379059 70.826736 207.248474 98.304703 8.480492 207.977631 101.652405 91.721443 180.829010 126.023666                279 
18.150997 183.477219 102.134727 70.934601 207.083115 98.249268 8.600463 208.083954 101.510979 91.690521 180.500870 125.916809                299 
18.156261 183.493484 102.008865 71.004173 206.976456 98.213509 8.684044 208.171997 101.419357 91.670197 180.289581 125.847610                320 
18.158806 183.507263 101.911308 71.057152 206.895233 98.186279 8.763596 208.228653 101.321938 91.654533 180.128906 125.794777                341 
18.156002 183.519791 101.828300 71.100731 206.828430 98.163879 8.831680 208.277573 101.241066 91.641518 179.996872 125.751221                362 
18.226360 183.464981 101.655922 71.202408 206.732635 98.119064 8.940033 208.249298 101.079529 91.670311 179.842239 125.703285                383 
17.794989 183.294144 101.141617 70.833687 206.542313 98.447746 8.605887 208.090683 101.032852 91.101288 178.959457 125.490814                404 
17.623165 182.946228 100.572754 70.657448 206.266205 98.401199 8.477379 207.686172 100.644638 90.835510 178.326416 125.143143                425 
17.430780 182.637802 100.117188 70.454437 206.051620 98.422005 8.292527 207.335861 100.407234 90.578545 177.823242 124.900230                447 
17.397861 182.380020 99.738922 70.360168 205.963867 98.460960 8.206338 207.013824 100.079224 90.436394 177.630188 124.862953                469 
17.329573 181.929260 99.034081 70.208672 205.829285 98.585938 8.049530 206.458389 99.536278 90.192398 177.346359 124.897354                492 
17.098532 180.552734 97.399246 69.589188 205.429611 98.406776 7.423868 204.830261 98.156860 89.626770 176.930222 124.659340                514 
16.771694 180.398346 96.095192 69.073792 205.660004 98.611473 6.925885 204.536758 97.393059 88.967834 176.640350 124.399170                536 
16.743773 180.462891 95.566750 69.051682 205.687744 98.605095 6.869047 204.639908 97.058876 88.779243 176.477554 124.305405                557 
999.000000 999.000000 999.000000 999.000000 999.000000 999.000000 999.000000 999.000000 999.000000 999.000000 999.000000 999.000000              576.0 
999.000000 999.000000 999.000000 999.000000 999.000000 999.000000 999.000000 999.000000 999.000000 999.000000 999.000000 999.000000              596.0 
999.000000 999.000000 999.000000 999.000000 999.000000 999.000000 999.000000 999.000000 999.000000 999.000000 999.000000 999.000000              616.0 
999.000000 999.000000 999.000000 999.000000 999.000000 999.000000 999.000000 999.000000 999.000000 999.000000 999.000000 999.000000              636.0 
999.000000 999.000000 999.000000 999.000000 999.000000 999.000000 999.000000 999.000000 999.000000 999.000000 999.000000 999.000000              656.0 
999.000000 999.000000 999.000000 999.000000 999.000000 999.000000 999.000000 999.000000 999.000000 999.000000 999.000000 999.000000              676.0 
999.000000 999.000000 999.000000 999.000000 999.000000 999.000000 999.000000 999.000000 999.000000 999.000000 999.000000 999.000000              696.0 
999.000000 999.000000 999.000000 999.000000 999.000000 999.000000 999.000000 999.000000 999.000000 999.000000 999.000000 999.000000              716.0 
999.000000 999.000000 999.000000 999.000000 999.000000 999.000000 999.000000 999.000000 999.000000 999.000000 999.000000 999.000000              737.0 
999.000000 999.000000 999.000000 999.000000 999.000000 999.000000 999.000000 999.000000 999.000000 999.000000 999.000000 999.000000              757.0 
999.000000 999.000000 999.000000 999.000000 999.000000 999.000000 999.000000 999.000000 999.000000 999.000000 999.000000 999.000000              778.0 
999.000000 999.000000 999.000000 999.000000 999.000000 999.000000 999.000000 999.000000 999.000000 999.000000 999.000000 999.000000              798.0 
999.000000 999.000000 999.000000 999.000000 999.000000 999.000000 999.000000 999.000000 999.000000 999.000000 999.000000 999.000000              821.0 
999.000000 999.000000 999.000000 999.000000 999.000000 999.000000 999.000000 999.000000 999.000000 999.000000 999.000000 999.000000              846.0 
999.000000 999.000000 999.000000 999.000000 999.000000 999.000000 999.000000 999.000000 999.000000 999.000000 999.000000 999.000000              869.0 
999.000000 999.000000 999.000000 999.000000 999.000000 999.000000 999.000000 999.000000 999.000000 999.000000 999.000000 999.000000              894.0 
999.000000 999.000000 999.000000 999.000000 999.000000 999.000000 999.000000 999.000000 999.000000 999.000000 999.000000 999.000000              918.0 
999.000000 999.000000 999.000000 999.000000 999.000000 999.000000 999.000000 999.000000 999.000000 999.000000 999.000000 999.000000              942.0 
999.000000 999.000000 999.000000 999.000000 999.000000 999.000000 999.000000 999.000000 999.000000 999.000000 999.000000 999.000000              967.0 
999.000000 999.000000 999.000000 999.000000 999.000000 999.000000 999.000000 999.000000 999.000000 999.000000 999.000000 999.000000              991.0 
999.000000 999.000000 999.000000 999.000000 999.000000 999.000000 999.000000 999.000000 999.000000 999.000000 999.000000 999.000000             1015.0 
999.000000 999.000000 999.000000 999.000000 999.000000 999.000000 999.000000 999.000000 999.000000 999.000000 999.000000 999.000000             1039.0 
999.000000 999.000000 999.000000 999.000000 999.000000 999.000000 999.000000 999.000000 999.000000 999.000000 999.000000 999.000000             1064.0 
999.000000 999.000000 999.000000 999.000000 999.000000 999.000000 999.000000 999.000000 999.000000 999.000000 999.000000 999.000000             1088.0 
999.000000 999.000000 999.000000 999.000000 999.000000 999.000000 999.000000 999.000000 999.000000 999.000000 999.000000 999.000000             1112.0 
999.000000 999.000000 999.000000 999.000000 999.000000 999.000000 999.000000 999.000000 999.000000 999.000000 999.000000 999.000000             1137.0 
999.000000 999.000000 999.000000 999.000000 999.000000 999.000000 999.000000 999.000000 999.000000 999.000000 999.000000 999.000000             1161.0 
999.000000 999.000000 999.000000 999.000000 999.000000 999.000000 999.000000 999.000000 999.000000 999.000000 999.000000 999.000000             1185.0 
999.000000 999.000000 999.000000 999.000000 999.000000 999.000000 999.000000 999.000000 999.000000 999.000000 999.000000 999.000000             1209.0 
999.000000 999.000000 999.000000 999.000000 999.000000 999.000000 999.000000 999.000000 999.000000 999.000000 999.000000 999.000000             1234.0 
999.000000 999.000000 999.000000 999.000000 999.000000 999.000000 999.000000 999.000000 999.000000 999.000000 999.000000 999.000000             1258.0 
999.000000 999.000000 999.000000 999.000000 999.000000 999.000000 999.000000 999.000000 999.000000 999.000000 999.000000 999.000000             1282.0 
999.000000 999.000000 999.000000 999.000000 999.000000 999.000000 999.000000 999.000000 999.000000 999.000000 999.000000 999.000000             1307.0 
999.000000 999.000000 999.000000 999.000000 999.000000 999.000000 999.000000 999.000000 999.000000 999.000000 999.000000 999.000000             1331.0 
999.000000 999.000000 999.000000 999.000000 999.000000 999.000000 999.000000 999.000000 999.000000 999.000000 999.000000 999.000000             1355.0 
999.000000 999.000000 999.000000 999.000000 999.000000 999.000000 999.000000 999.000000 999.000000 999.000000 999.000000 999.000000             1379.0 
999.000000 999.000000 999.000000 999.000000 999.000000 999.000000 999.000000 999.000000 999.000000 999.000000 999.000000 999.000000             1404.0 
999.000000 999.000000 999.000000 999.000000 999.000000 999.000000 999.000000 999.000000 999.000000 999.000000 999.000000 999.000000             1428.0 
999.000000 999.000000 999.000000 999.000000 999.000000 999.000000 999.000000 999.000000 999.000000 999.000000 999.000000 999.000000             1452.0 
999.000000 999.000000 999.000000 999.000000 999.000000 999.000000 999.000000 999.000000 999.000000 999.000000 999.000000 999.000000             1477.0 
999.000000 999.000000 999.000000 999.000000 999.000000 999.000000 999.000000 999.000000 999.000000 999.000000 999.000000 999.000000             1501.0 
999.000000 999.000000 999.000000 999.000000 999.000000 999.000000 999.000000 999.000000 999.000000 999.000000 999.000000 999.000000             1525.0 
999.000000 999.000000 999.000000 999.000000 999.000000 999.000000 999.000000 999.000000 999.000000 999.000000 999.000000 999.000000             1549.0 
999.000000 999.000000 999.000000 999.000000 999.000000 999.000000 999.000000 999.000000 999.000000 999.000000 999.000000 999.000000             1574.0 
999.000000 999.000000 999.000000 999.000000 999.000000 999.000000 999.000000 999.000000 999.000000 999.000000 999.000000 999.000000             1598.0 
999.000000 999.000000 999.000000 999.000000 999.000000 999.000000 999.000000 999.000000 999.000000 999.000000 999.000000 999.000000             1622.0 
999.000000 999.000000 999.000000 999.000000 999.000000 999.000000 999.000000 999.000000 999.000000 999.000000 999.000000 999.000000             1646.0 
999.000000 999.000000 999.000000 999.000000 999.000000 999.000000 999.000000 999.000000 999.000000 999.000000 999.000000 999.000000             1671.0 
999.000000 999.000000 999.000000 999.000000 999.000000 999.000000 999.000000 999.000000 999.000000 999.000000 999.000000 999.000000             1696.0 
999.000000 999.000000 999.000000 999.000000 999.000000 999.000000 999.000000 999.000000 999.000000 999.000000 999.000000 999.000000             1719.0 
999.000000 999.000000 999.000000 999.000000 999.000000 999.000000 999.000000 999.000000 999.000000 999.000000 999.000000 999.000000             1744.0 
999.000000 999.000000 999.000000 999.000000 999.000000 999.000000 999.000000 999.000000 999.000000 999.000000 999.000000 999.000000             1768.0 
999.000000 999.000000 999.000000 999.000000 999.000000 999.000000 999.000000 999.000000 999.000000 999.000000 999.000000 999.000000             1792.0 
999.000000 999.000000 999.000000 999.000000 999.000000 999.000000 999.000000 999.000000 999.000000 999.000000 999.000000 999.000000             1817.0 
999.000000 999.000000 999.000000 999.000000 999.000000 999.000000 999.000000 999.000000 999.000000 999.000000 999.000000 999.000000             1841.0 
999.000000 999.000000 999.000000 999.000000 999.000000 999.000000 999.000000 999.000000 999.000000 999.000000 999.000000 999.000000             1865.0 
999.000000 999.000000 999.000000 999.000000 999.000000 999.000000 999.000000 999.000000 999.000000 999.000000 999.000000 999.000000             1890.0 
999.000000 999.000000 999.000000 999.000000 999.000000 999.000000 999.000000 999.000000 999.000000 999.000000 999.000000 999.000000             1914.0 
999.000000 999.000000 999.000000 999.000000 999.000000 999.000000 999.000000 999.000000 999.000000 999.000000 999.000000 999.000000             1938.0 
999.000000 999.000000 999.000000 999.000000 999.000000 999.000000 999.000000 999.000000 999.000000 999.000000 999.000000 999.000000             1962.0 
999.000000 999.000000 999.000000 999.000000 999.000000 999.000000 999.000000 999.000000 999.000000 999.000000 999.000000 999.000000             1987.0 
999.000000 999.000000 999.000000 999.000000 999.000000 999.000000 999.000000 999.000000 999.000000 999.000000 999.000000 999.000000             2011.0 
999.000000 999.000000 999.000000 999.000000 999.000000 999.000000 999.000000 999.000000 999.000000 999.000000 999.000000 999.000000             2035.0 
999.000000 999.000000 999.000000 999.000000 999.000000 999.000000 999.000000 999.000000 999.000000 999.000000 999.000000 999.000000             2060.0 
999.000000 999.000000 999.000000 999.000000 999.000000 999.000000 999.000000 999.000000 999.000000 999.000000 999.000000 999.000000             2084.0 
999.000000 999.000000 999.000000 999.000000 999.000000 999.000000 999.000000 999.000000 999.000000 999.000000 999.000000 999.000000             2108.0 
999.000000 999.000000 999.000000 999.000000 999.000000 999.000000 999.000000 999.000000 999.000000 999.000000 999.000000 999.000000             2132.0 
999.000000 999.000000 999.000000 999.000000 999.000000 999.000000 999.000000 999.000000 999.000000 999.000000 999.000000 999.000000             2157.0 
999.000000 999.000000 999.000000 999.000000 999.000000 999.000000 999.000000 999.000000 999.000000 999.000000 999.000000 999.000000             2181.0 
999.000000 999.000000 999.000000 999.000000 999.000000 999.000000 999.000000 999.000000 999.000000 999.000000 999.000000 999.000000             2205.0 
999.000000 999.000000 999.000000 999.000000 999.000000 999.000000 999.000000 999.000000 999.000000 999.000000 999.000000 999.000000             2230.0 
999.000000 999.000000 999.000000 999.000000 999.000000 999.000000 999.000000 999.000000 999.000000 999.000000 999.000000 999.000000             2254.0 
999.000000 999.000000 999.000000 999.000000 999.000000 999.000000 999.000000 999.000000 999.000000 999.000000 999.000000 999.000000             2279.0 
999.000000 999.000000 999.000000 999.000000 999.000000 999.000000 999.000000 999.000000 999.000000 999.000000 999.000000 999.000000             2302.0 
999.000000 999.000000 999.000000 999.000000 999.000000 999.000000 999.000000 999.000000 999.000000 999.000000 999.000000 999.000000             2327.0 
999.000000 999.000000 999.000000 999.000000 999.000000 999.000000 999.000000 999.000000 999.000000 999.000000 999.000000 999.000000             2351.0 
999.000000 999.000000 999.000000 999.000000 999.000000 999.000000 999.000000 999.000000 999.000000 999.000000 999.000000 999.000000             2375.0 
999.000000 999.000000 999.000000 999.000000 999.000000 999.000000 999.000000 999.000000 999.000000 999.000000 999.000000 999.000000             2448.0 
999.000000 999.000000 999.000000 999.000000 999.000000 999.000000 999.000000 999.000000 999.000000 999.000000 999.000000 999.000000             2472.0 
999.000000 999.000000 999.000000 999.000000 999.000000 999.000000 999.000000 999.000000 999.000000 999.000000 999.000000 999.000000             2497.0 
999.000000 999.000000 999.000000 999.000000 999.000000 999.000000 999.000000 999.000000 999.000000 999.000000 999.000000 999.000000             2521.0 
999.000000 999.000000 999.000000 999.000000 999.000000 999.000000 999.000000 999.000000 999.000000 999.000000 999.000000 999.000000             2545.0 
999.000000 999.000000 999.000000 999.000000 999.000000 999.000000 999.000000 999.000000 999.000000 999.000000 999.000000 999.000000             2569.0 
999.000000 999.000000 999.000000 999.000000 999.000000 999.000000 999.000000 999.000000 999.000000 999.000000 999.000000 999.000000             2594.0 
999.000000 999.000000 999.000000 999.000000 999.000000 999.000000 999.000000 999.000000 999.000000 999.000000 999.000000 999.000000             2618.0 
999.000000 999.000000 999.000000 999.000000 999.000000 999.000000 999.000000 999.000000 999.000000 999.000000 999.000000 999.000000             2642.0 
999.000000 999.000000 999.000000 999.000000 999.000000 999.000000 999.000000 999.000000 999.000000 999.000000 999.000000 999.000000             2667.0 
999.000000 999.000000 999.000000 999.000000 999.000000 999.000000 999.000000 999.000000 999.000000 999.000000 999.000000 999.000000             2691.0 
999.000000 999.000000 999.000000 999.000000 999.000000 999.000000 999.000000 999.000000 999.000000 999.000000 999.000000 999.000000             2715.0 
999.000000 999.000000 999.000000 999.000000 999.000000 999.000000 999.000000 999.000000 999.000000 999.000000 999.000000 999.000000             2739.0 
999.000000 999.000000 999.000000 999.000000 999.000000 999.000000 999.000000 999.000000 999.000000 999.000000 999.000000 999.000000             2764.0 
999.000000 999.000000 999.000000 999.000000 999.000000 999.000000 999.000000 999.000000 999.000000 999.000000 999.000000 999.000000             2788.0 
999.000000 999.000000 999.000000 999.000000 999.000000 999.000000 999.000000 999.000000 999.000000 999.000000 999.000000 999.000000             2812.0 
999.000000 999.000000 999.000000 999.000000 999.000000 999.000000 999.000000 999.000000 999.000000 999.000000 999.000000 999.000000             2837.0 
999.000000 999.000000 999.000000 999.000000 999.000000 999.000000 999.000000 999.000000 999.000000 999.000000 999.000000 999.000000             2861.0 
999.000000 999.000000 999.000000 999.000000 999.000000 999.000000 999.000000 999.000000 999.000000 999.000000 999.000000 999.000000             2885.0 
999.000000 999.000000 999.000000 999.000000 999.000000 999.000000 999.000000 999.000000 999.000000 999.000000 999.000000 999.000000             2909.0 
999.000000 999.000000 999.000000 999.000000 999.000000 999.000000 999.000000 999.000000 999.000000 999.000000 999.000000 999.000000             2934.0 
999.000000 999.000000 999.000000 999.000000 999.000000 999.000000 999.000000 999.000000 999.000000 999.000000 999.000000 999.000000             2958.0 
999.000000 999.000000 999.000000 999.000000 999.000000 999.000000 999.000000 999.000000 999.000000 999.000000 999.000000 999.000000             2982.0 
999.000000 999.000000 999.000000 999.000000 999.000000 999.000000 999.000000 999.000000 999.000000 999.000000 999.000000 999.000000             3007.0 
999.000000 999.000000 999.000000 999.000000 999.000000 999.000000 999.000000 999.000000 999.000000 999.000000 999.000000 999.000000             3031.0 
999.000000 999.000000 999.000000 999.000000 999.000000 999.000000 999.000000 999.000000 999.000000 999.000000 999.000000 999.000000             3055.0 
999.000000 999.000000 999.000000 999.000000 999.000000 999.000000 999.000000 999.000000 999.000000 999.000000 999.000000 999.000000             3079.0 
999.000000 999.000000 999.000000 999.000000 999.000000 999.000000 999.000000 999.000000 999.000000 999.000000 999.000000 999.000000             3104.0 
999.000000 999.000000 999.000000 999.000000 999.000000 999.000000 999.000000 999.000000 999.000000 999.000000 999.000000 999.000000             3128.0 
999.000000 999.000000 999.000000 999.000000 999.000000 999.000000 999.000000 999.000000 999.000000 999.000000 999.000000 999.000000             3152.0 
999.000000 999.000000 999.000000 999.000000 999.000000 999.000000 999.000000 999.000000 999.000000 999.000000 999.000000 999.000000             3177.0 
999.000000 999.000000 999.000000 999.000000 999.000000 999.000000 999.000000 999.000000 999.000000 999.000000 999.000000 999.000000             3201.0 
999.000000 999.000000 999.000000 999.000000 999.000000 999.000000 999.000000 999.000000 999.000000 999.000000 999.000000 999.000000             3225.0 
999.000000 999.000000 999.000000 999.000000 999.000000 999.000000 999.000000 999.000000 999.000000 999.000000 999.000000 999.000000             3250.0 
999.000000 999.000000 999.000000 999.000000 999.000000 999.000000 999.000000 999.000000 999.000000 999.000000 999.000000 999.000000             3274.0 
999.000000 999.000000 999.000000 999.000000 999.000000 999.000000 999.000000 999.000000 999.000000 999.000000 999.000000 999.000000             3298.0 
999.000000 999.000000 999.000000 999.000000 999.000000 999.000000 999.000000 999.000000 999.000000 999.000000 999.000000 999.000000             3322.0 
999.000000 999.000000 999.000000 999.000000 999.000000 999.000000 999.000000 999.000000 999.000000 999.000000 999.000000 999.000000             3347.0 
999.000000 999.000000 999.000000 999.000000 999.000000 999.000000 999.000000 999.000000 999.000000 999.000000 999.000000 999.000000             3371.0 
999.000000 999.000000 999.000000 999.000000 999.000000 999.000000 999.000000 999.000000 999.000000 999.000000 999.000000 999.000000             3396.0 
999.000000 999.000000 999.000000 999.000000 999.000000 999.000000 999.000000 999.000000 999.000000 999.000000 999.000000 999.000000             3420.0 
999.000000 999.000000 999.000000 999.000000 999.000000 999.000000 999.000000 999.000000 999.000000 999.000000 999.000000 999.000000             3444.0 
999.000000 999.000000 999.000000 999.000000 999.000000 999.000000 999.000000 999.000000 999.000000 999.000000 999.000000 999.000000             3468.0 
999.000000 999.000000 999.000000 999.000000 999.000000 999.000000 999.000000 999.000000 999.000000 999.000000 999.000000 999.000000             3493.0 
999.000000 999.000000 999.000000 999.000000 999.000000 999.000000 999.000000 999.000000 999.000000 999.000000 999.000000 999.000000             3517.0 
999.000000 999.000000 999.000000 999.000000 999.000000 999.000000 999.000000 999.000000 999.000000 999.000000 999.000000 999.000000             3541.0 
999.000000 999.000000 999.000000 999.000000 999.000000 999.000000 999.000000 999.000000 999.000000 999.000000 999.000000 999.000000             3565.0 
999.000000 999.000000 999.000000 999.000000 999.000000 999.000000 999.000000 999.000000 999.000000 999.000000 999.000000 999.000000             3590.0 
999.000000 999.000000 999.000000 999.000000 999.000000 999.000000 999.000000 999.000000 999.000000 999.000000 999.000000 999.000000             3614.0 
999.000000 999.000000 999.000000 999.000000 999.000000 999.000000 999.000000 999.000000 999.000000 999.000000 999.000000 999.000000             3638.0 
999.000000 999.000000 999.000000 999.000000 999.000000 999.000000 999.000000 999.000000 999.000000 999.000000 999.000000 999.000000             3662.0 
999.000000 999.000000 999.000000 999.000000 999.000000 999.000000 999.000000 999.000000 999.000000 999.000000 999.000000 999.000000             3687.0 
999.000000 999.000000 999.000000 999.000000 999.000000 999.000000 999.000000 999.000000 999.000000 999.000000 999.000000 999.000000             3711.0 
999.000000 999.000000 999.000000 999.000000 999.000000 999.000000 999.000000 999.000000 999.000000 999.000000 999.000000 999.000000             3735.0 
999.000000 999.000000 999.000000 999.000000 999.000000 999.000000 999.000000 999.000000 999.000000 999.000000 999.000000 999.000000             3760.0 
999.000000 999.000000 999.000000 999.000000 999.000000 999.000000 999.000000 999.000000 999.000000 999.000000 999.000000 999.000000             3784.0 
999.000000 999.000000 999.000000 999.000000 999.000000 999.000000 999.000000 999.000000 999.000000 999.000000 999.000000 999.000000             3808.0 
999.000000 999.000000 999.000000 999.000000 999.000000 999.000000 999.000000 999.000000 999.000000 999.000000 999.000000 999.000000             3833.0 
999.000000 999.000000 999.000000 999.000000 999.000000 999.000000 999.000000 999.000000 999.000000 999.000000 999.000000 999.000000             3857.0 
999.000000 999.000000 999.000000 999.000000 999.000000 999.000000 999.000000 999.000000 999.000000 999.000000 999.000000 999.000000             3881.0 
999.000000 999.000000 999.000000 999.000000 999.000000 999.000000 999.000000 999.000000 999.000000 999.000000 999.000000 999.000000             3905.0 
999.000000 999.000000 999.000000 999.000000 999.000000 999.000000 999.000000 999.000000 999.000000 999.000000 999.000000 999.000000             3930.0 
999.000000 999.000000 999.000000 999.000000 999.000000 999.000000 999.000000 999.000000 999.000000 999.000000 999.000000 999.000000             3954.0 
999.000000 999.000000 999.000000 999.000000 999.000000 999.000000 999.000000 999.000000 999.000000 999.000000 999.000000 999.000000             3979.0 
999.000000 999.000000 999.000000 999.000000 999.000000 999.000000 999.000000 999.000000 999.000000 999.000000 999.000000 999.000000             4003.0 
999.000000 999.000000 999.000000 999.000000 999.000000 999.000000 999.000000 999.000000 999.000000 999.000000 999.000000 999.000000             4027.0 
999.000000 999.000000 999.000000 999.000000 999.000000 999.000000 999.000000 999.000000 999.000000 999.000000 999.000000 999.000000             4051.0 
999.000000 999.000000 999.000000 999.000000 999.000000 999.000000 999.000000 999.000000 999.000000 999.000000 999.000000 999.000000             4075.0 
999.000000 999.000000 999.000000 999.000000 999.000000 999.000000 999.000000 999.000000 999.000000 999.000000 999.000000 999.000000             4100.0 
999.000000 999.000000 999.000000 999.000000 999.000000 999.000000 999.000000 999.000000 999.000000 999.000000 999.000000 999.000000             4124.0 
999.000000 999.000000 999.000000 999.000000 999.000000 999.000000 999.000000 999.000000 999.000000 999.000000 999.000000 999.000000             4148.0 
999.000000 999.000000 999.000000 999.000000 999.000000 999.000000 999.000000 999.000000 999.000000 999.000000 999.000000 999.000000             4173.0 
999.000000 999.000000 999.000000 999.000000 999.000000 999.000000 999.000000 999.000000 999.000000 999.000000 999.000000 999.000000             4197.0 
999.000000 999.000000 999.000000 999.000000 999.000000 999.000000 999.000000 999.000000 999.000000 999.000000 999.000000 999.000000             4221.0 
999.000000 999.000000 999.000000 999.000000 999.000000 999.000000 999.000000 999.000000 999.000000 999.000000 999.000000 999.000000             4246.0 
999.000000 999.000000 999.000000 999.000000 999.000000 999.000000 999.000000 999.000000 999.000000 999.000000 999.000000 999.000000             4270.0 
999.000000 999.000000 999.000000 999.000000 999.000000 999.000000 999.000000 999.000000 999.000000 999.000000 999.000000 999.000000             4294.0 
999.000000 999.000000 999.000000 999.000000 999.000000 999.000000 999.000000 999.000000 999.000000 999.000000 999.000000 999.000000             4318.0 
999.000000 999.000000 999.000000 999.000000 999.000000 999.000000 999.000000 999.000000 999.000000 999.000000 999.000000 999.000000             4343.0 
999.000000 999.000000 999.000000 999.000000 999.000000 999.000000 999.000000 999.000000 999.000000 999.000000 999.000000 999.000000             4367.0 
999.000000 999.000000 999.000000 999.000000 999.000000 999.000000 999.000000 999.000000 999.000000 999.000000 999.000000 999.000000             4391.0 
999.000000 999.000000 999.000000 999.000000 999.000000 999.000000 999.000000 999.000000 999.000000 999.000000 999.000000 999.000000             4415.0 
999.000000 999.000000 999.000000 999.000000 999.000000 999.000000 999.000000 999.000000 999.000000 999.000000 999.000000 999.000000             4440.0 
999.000000 999.000000 999.000000 999.000000 999.000000 999.000000 999.000000 999.000000 999.000000 999.000000 999.000000 999.000000             4464.0 
999.000000 999.000000 999.000000 999.000000 999.000000 999.000000 999.000000 999.000000 999.000000 999.000000 999.000000 999.000000             4488.0 
999.000000 999.000000 999.000000 999.000000 999.000000 999.000000 999.000000 999.000000 999.000000 999.000000 999.000000 999.000000             4513.0 
999.000000 999.000000 999.000000 999.000000 999.000000 999.000000 999.000000 999.000000 999.000000 999.000000 999.000000 999.000000             4537.0 
999.000000 999.000000 999.000000 999.000000 999.000000 999.000000 999.000000 999.000000 999.000000 999.000000 999.000000 999.000000             4561.0 
999.000000 999.000000 999.000000 999.000000 999.000000 999.000000 999.000000 999.000000 999.000000 999.000000 999.000000 999.000000             4585.0 
999.000000 999.000000 999.000000 999.000000 999.000000 999.000000 999.000000 999.000000 999.000000 999.000000 999.000000 999.000000             4610.0 
999.000000 999.000000 999.000000 999.000000 999.000000 999.000000 999.000000 999.000000 999.000000 999.000000 999.000000 999.000000             4634.0 
999.000000 999.000000 999.000000 999.000000 999.000000 999.000000 999.000000 999.000000 999.000000 999.000000 999.000000 999.000000             4658.0 
999.000000 999.000000 999.000000 999.000000 999.000000 999.000000 999.000000 999.000000 999.000000 999.000000 999.000000 999.000000             4683.0 
999.000000 999.000000 999.000000 999.000000 999.000000 999.000000 999.000000 999.000000 999.000000 999.000000 999.000000 999.000000             4707.0 
999.000000 999.000000 999.000000 999.000000 999.000000 999.000000 999.000000 999.000000 999.000000 999.000000 999.000000 999.000000             4731.0 
999.000000 999.000000 999.000000 999.000000 999.000000 999.000000 999.000000 999.000000 999.000000 999.000000 999.000000 999.000000             4755.0 
999.000000 999.000000 999.000000 999.000000 999.000000 999.000000 999.000000 999.000000 999.000000 999.000000 999.000000 999.000000             4780.0 
999.000000 999.000000 999.000000 999.000000 999.000000 999.000000 999.000000 999.000000 999.000000 999.000000 999.000000 999.000000             4804.0 
999.000000 999.000000 999.000000 999.000000 999.000000 999.000000 999.000000 999.000000 999.000000 999.000000 999.000000 999.000000             4829.0 
999.000000 999.000000 999.000000 999.000000 999.000000 999.000000 999.000000 999.000000 999.000000 999.000000 999.000000 999.000000             4853.0 
-9.969042 279.754395 -161.863663 24.852501 231.409241 -96.694870 18.221611 213.181107 -139.766739 50.617023 209.851730 -68.867188               4877 
-9.247883 280.068573 -177.440781 23.628262 232.343430 -110.820694 12.709177 212.286835 -152.171936 48.381882 209.837524 -82.826767               4901 
-24.615171 283.588135 -178.087357 24.438503 237.125961 -121.238708 1.010867 215.836655 -156.278885 55.396523 214.541107 -100.395432               4925 
-32.201771 282.363190 -187.355377 21.038433 237.912384 -132.727203 -2.154789 215.926987 -167.481766 53.815434 216.762711 -113.200890               4950 
-32.091457 283.134796 -190.225403 20.374937 237.938446 -135.515778 -0.689369 217.041779 -172.236755 53.032917 216.837906 -115.738495               4962 
-34.203613 282.912506 -194.675690 17.799675 238.339050 -139.156158 -1.128789 217.999588 -177.303223 50.472202 217.705536 -118.915565               4971 
-40.579231 279.702454 -201.629791 16.377035 240.683975 -147.011581 -0.810239 219.119232 -185.231796 51.322891 223.170105 -127.647476               4988 
-40.274494 278.278320 -207.251801 17.464874 240.424667 -152.676453 -0.912411 217.778183 -189.657196 52.728443 223.047867 -133.770233               5006 
-24.291937 244.282822 -209.199310 17.329744 241.405655 -155.599655 -1.984463 217.118851 -191.022110 53.993805 225.623734 -138.004333               5014 
-14.161530 216.170273 -214.666397 15.008295 242.191513 -164.939896 -2.856208 212.091522 -196.410416 54.837151 233.487640 -149.421463               5032 
-12.132428 209.383438 -215.856567 14.896666 242.309433 -169.426773 -2.792572 209.164490 -197.771347 55.146633 235.761353 -153.935471               5040 
-10.438814 207.963104 -216.966812 14.265699 243.099579 -171.520905 -2.952280 209.259064 -199.322113 54.885983 237.555664 -156.615372               5058 
-9.699185 207.462997 -217.305222 14.048172 243.546982 -172.406586 -2.830947 209.259293 -199.871674 54.885139 238.710648 -157.850845               5066 
-7.813973 207.169846 -217.200974 13.860976 243.918533 -172.640701 -2.435338 209.431595 -200.209015 54.721813 239.607925 -157.987106               5075 
-5.642056 206.617325 -216.564011 13.857913 243.852448 -172.661255 -2.248518 209.295547 -200.221252 54.688869 239.591507 -157.910172               5092 
-4.675919 206.190811 -216.804504 13.909751 243.720474 -173.511597 -2.335475 209.092133 -200.878372 54.708115 239.304169 -158.716080               5101 
-3.102194 206.148651 -216.312119 13.800087 243.763489 -173.516891 -2.225531 209.105850 -200.853775 54.616234 239.373154 -158.762756               5118 
-2.303101 206.082825 -216.048935 13.757941 243.711029 -173.549500 -2.213411 209.058823 -200.864731 54.575977 239.266571 -158.816818               5128 
-1.666939 204.765472 -215.606400 12.611237 240.856766 -172.490616 -3.095484 207.074036 -200.821274 53.810295 236.474655 -158.839523               5162 
-1.436323 204.553970 -215.491226 12.439352 240.428925 -172.331894 -3.195600 206.760101 -200.785767 53.693317 236.065796 -158.841492               5170 
-0.729376 204.294937 -215.188614 12.261244 239.985596 -172.167419 -3.136368 206.297302 -200.517685 53.571449 235.644730 -158.842957               5179 
0.138115 204.039444 -214.837677 12.107991 239.604126 -172.025894 -2.969504 205.757767 -200.035873 53.466042 235.284546 -158.843704               5196 
0.719227 203.215042 -214.990479 12.162968 239.005630 -172.399872 -2.778385 205.177460 -200.449814 53.319324 234.418259 -158.687561               5205 
1.405283 202.321823 -215.218887 12.643910 238.332504 -173.031113 -2.408270 205.100388 -201.560059 53.491745 232.933411 -158.705551               5223 
1.633996 201.955917 -215.245377 12.825603 238.102005 -173.255844 -2.231249 205.097809 -201.946060 53.571751 232.447083 -158.740646               5231 
1.980035 201.068756 -215.549850 13.615366 237.501663 -174.064697 -1.807106 205.017395 -203.012741 54.254330 231.245621 -159.495758               5248 
2.074417 200.702667 -215.624847 13.690805 237.269775 -174.324402 -1.446041 205.026886 -203.156799 54.255516 230.837250 -159.625961               5257 
2.312072 200.376709 -215.617203 13.752313 237.080704 -174.536148 -0.867331 205.173431 -203.219864 54.255283 230.505539 -159.730942               5266 
3.517269 198.684570 -215.416412 13.737525 236.508926 -175.366302 0.519574 204.591507 -203.570816 54.203594 230.683640 -160.151810               5283 
3.556356 197.186035 -214.789581 13.663276 235.955139 -175.818298 0.659022 203.661621 -203.280945 54.213303 230.477753 -160.698410               5292 
3.259775 193.883636 -213.979111 12.897182 234.036987 -176.547516 0.372785 201.188690 -203.130707 53.509357 229.251083 -161.359894               5301 
3.245117 191.523849 -212.188156 11.863413 232.686127 -175.990402 0.312151 199.383514 -202.089005 53.172626 229.897110 -162.254044               5319 
3.236045 191.939285 -212.037430 11.962369 232.800659 -175.681213 0.458777 200.170837 -202.427231 53.332954 229.735245 -162.190659               5330 
3.147199 193.075562 -211.667709 11.906928 233.786880 -175.316452 0.687716 201.884567 -202.698914 53.129070 230.114212 -161.526459               5342 
3.856727 194.312622 -210.434570 12.591086 234.936203 -174.188629 1.662350 203.612457 -201.924179 53.585930 230.559174 -159.934448               5354 
2.581599 197.300186 -208.301666 13.248390 237.696136 -172.542191 0.961768 206.973343 -200.071655 53.977909 231.199646 -158.335861               5368 
1.855191 199.605255 -205.366272 13.666988 240.085083 -170.271149 0.659746 209.370056 -197.098358 54.545589 232.938004 -156.825836               5382 
-2.272159 204.065964 -197.442139 13.252993 242.788864 -162.091125 -2.329135 213.312866 -188.330856 54.165916 232.733414 -150.780151               5396 
-3.323316 206.769257 -191.161926 13.614829 241.994064 -153.428925 -3.162957 214.833237 -180.992065 54.590797 230.059769 -144.403397               5409 
-3.593660 208.554459 -183.772263 14.247339 241.393539 -144.834747 -3.651699 216.129089 -173.392273 54.906113 227.680313 -136.977951               5422 
-2.445225 209.413742 -177.043716 15.386306 238.266922 -135.598389 -3.043129 216.005020 -166.221634 56.436932 224.417572 -130.503357               5434 
-2.302044 208.559845 -167.550461 17.227642 237.957581 -127.505287 -2.701961 215.376083 -156.933182 58.552502 224.304337 -124.545197               5446 
-4.717789 208.772720 -160.518463 18.538481 235.366272 -120.690277 -4.379635 215.367264 -149.800201 58.964088 218.974777 -120.608566               5457 
-3.205926 208.443787 -154.549301 19.303682 234.728531 -114.127464 -3.060482 215.124741 -143.891876 59.377735 217.545990 -112.805359               5468 
-4.503794 208.939972 -145.553528 20.700191 234.561325 -106.320427 -3.623342 215.790649 -135.039749 59.787582 215.197266 -105.964622               5480 
-4.675039 208.300079 -139.123795 21.263184 232.928436 -99.822296 -3.665242 214.971008 -128.485916 60.364922 213.619812 -100.894135               5488 
-4.605764 204.127487 -117.247299 24.558334 230.652603 -81.618279 -2.612666 211.778351 -107.312447 63.556240 211.461639 -85.331505               5507 
-7.825767 209.777786 -112.713554 23.835920 232.937576 -76.874641 -5.052878 217.737762 -103.014175 61.478527 211.631958 -82.533478               5516 
-11.484529 217.259857 -108.920128 22.331051 236.134354 -72.545792 -8.172549 226.670380 -99.988243 58.664803 213.514313 -80.978455               5525 
-16.415854 219.496811 -92.909218 22.998980 236.158371 -61.459724 -11.125053 231.808151 -86.719688 55.293053 208.696487 -71.748337               5542 
-16.834520 219.448685 -87.618317 23.400482 235.778030 -57.056896 -11.183982 232.904724 -82.464035 54.865387 207.326065 -67.223625               5551 
-19.006014 219.133102 -78.833443 23.026861 235.988907 -51.113113 -13.194053 233.802277 -74.904762 53.959755 207.664795 -63.105534               5560 
-19.873812 218.049927 -61.837677 23.795465 235.209595 -36.986626 -14.042377 234.314468 -59.334469 54.062290 207.129089 -51.069302               5577 
-15.798287 218.046417 -43.599960 29.879183 234.301331 -21.966028 -9.593000 235.834351 -43.476589 57.915257 203.797729 -35.619820               5595 
-14.847188 216.254272 -39.296604 30.289284 233.520218 -17.318468 -9.299455 235.836258 -40.618294 58.857880 202.988907 -29.751936               5605 
-15.976032 212.081299 -23.111515 28.399334 231.610535 -1.477208 -10.889812 233.120514 -27.633316 57.214558 199.811401 -9.313982               5629 
-14.060464 210.038544 -21.010010 29.693815 230.132263 1.448994 -9.040977 231.338913 -25.990347 58.891636 198.401810 -5.152756               5637 
-10.876534 207.633438 -12.850985 32.889908 228.419342 9.575246 -5.405524 228.741638 -19.121149 62.251724 196.469833 5.099762               5655 
-9.523403 205.176941 -6.685382 34.974445 225.431290 15.187410 -4.006382 226.346741 -12.816878 64.373482 193.723450 9.423186               5664 
-8.419212 204.938110 1.646903 36.717480 225.704041 22.279730 -2.326664 225.473618 -5.936515 65.842613 193.455444 18.449314               5673 
-7.611701 203.910202 7.711755 37.636955 224.636581 28.682051 -0.978747 224.118042 -0.349599 66.695839 192.210007 26.033377               5681 
-8.288267 199.211365 24.032387 36.779411 224.694214 39.452450 -2.636594 217.960815 12.043042 66.856880 193.182419 41.748047               5698 
-5.368109 198.621048 28.478033 39.847359 224.379120 42.967743 0.474141 216.825058 15.585993 69.619270 192.733643 46.855419               5707 
-3.861535 195.091522 42.576088 41.408566 223.285278 51.111118 1.497220 210.721466 26.250706 71.503639 193.024048 60.136726               5724 
-2.358808 193.326263 45.350346 42.673119 222.147278 52.983040 3.047063 208.237656 28.281710 72.831161 192.510269 63.709522               5733 
4.354428 188.633652 55.499969 48.496227 219.465546 58.245674 8.693262 201.509552 36.417450 79.820633 192.257172 71.714310               5750 
5.216499 187.275848 58.175789 49.476620 217.775177 62.192200 9.744611 200.691818 39.456749 80.551735 190.020279 75.112000               5759 
7.476962 184.716873 66.815613 50.687992 216.865860 68.373978 10.810404 197.708954 47.451756 83.178040 190.646759 81.018097               5776 
8.865373 183.211823 68.127121 51.840176 215.637558 70.113045 11.929032 196.675705 48.995918 84.617226 189.382645 81.913979               5785 
9.371456 182.250519 70.270325 52.635509 214.146729 73.684097 12.551671 196.493942 51.663677 85.145424 187.107361 84.403038               5794 
9.621662 181.817657 71.275368 53.004566 213.454956 75.341148 12.834017 196.422943 52.895340 85.397743 186.076920 85.541260               5802 
8.776883 181.942047 75.048653 53.478191 211.853317 77.337273 11.275689 197.138611 56.973282 85.423233 182.986237 84.346115               5814 
8.730375 182.032059 76.735176 53.873646 211.302475 78.368820 11.012716 197.413086 58.750031 85.565315 181.926147 84.334236               5819 
7.000157 182.246033 81.065384 53.192917 210.151276 81.896225 8.874828 198.517319 64.012009 84.467590 179.808746 83.931618               5829 
6.398371 182.766205 83.345070 53.413116 209.664230 83.763237 8.453357 199.152313 66.722572 84.327232 178.888168 84.024803               5837 
9.713629 181.449036 96.426933 55.490627 210.286285 92.405006 9.014159 198.740234 80.863602 87.357780 181.154999 86.178452               5854 
10.019858 183.775696 98.922905 56.413738 211.637222 95.154480 9.249245 201.116898 85.407524 87.442352 182.053223 87.096573               5863 
9.230766 187.889008 99.143051 57.163166 213.230667 97.534889 10.008278 203.303558 92.517189 86.609879 182.500259 87.971901               5880 
9.231960 187.203522 98.499596 56.895054 213.053879 97.711533 10.994127 200.584366 97.058144 86.738434 182.792419 87.886391               5889 
10.477952 186.004181 97.557884 57.377361 213.202896 98.461891 12.879943 197.988708 100.147217 88.249199 184.147079 88.185394               5898 
12.582550 185.552185 96.706978 58.704903 213.916992 99.494362 14.924558 196.956299 101.018280 90.553436 186.062332 88.878029               5906 
15.523241 184.576599 95.298790 60.559509 214.153030 101.695641 17.389397 195.525696 100.545715 93.887260 187.663040 92.184631               5923 
16.270000 184.382538 94.968811 61.017841 214.211349 102.239639 18.207403 195.049393 100.719772 94.692116 188.052826 93.036827               5932 
17.148439 186.032043 95.281380 63.553322 212.410461 105.079224 19.769918 195.848465 102.082031 95.693825 185.369476 93.302544               5949 
17.458269 186.959961 95.689857 64.787819 211.625565 105.499222 20.540998 196.299347 102.901733 95.892494 184.349869 91.662613               5958 
17.775545 187.810165 96.365326 65.876617 210.968124 106.086746 21.265570 196.626083 103.845947 96.068512 183.512192 90.674461               5967 
17.812126 188.313538 96.689095 66.330116 210.507965 106.636398 21.546534 196.642517 104.355904 96.062103 183.048660 90.360252               5976 
17.877808 188.743851 96.849815 66.814468 209.815109 107.334595 21.829397 196.510254 104.701134 96.110863 182.450043 90.136017               5985 
17.665604 189.081940 96.974373 66.971008 209.676941 107.313507 22.109535 196.118286 104.702499 96.101776 182.322891 89.818604               6002 
17.435392 189.156235 96.841843 67.324387 208.972458 107.540627 22.497110 195.434692 104.421745 96.424927 181.824631 89.678040               6011 
16.947590 189.679306 96.935623 67.791122 208.326508 107.945641 22.937309 194.983627 104.152435 96.803993 181.328690 89.716858               6019 
16.412304 190.100571 97.271278 68.103249 208.084854 107.936363 23.234846 194.614975 103.949722 97.012077 181.164963 89.429161               6029 
16.046286 190.879181 97.528465 68.601395 207.275513 108.369392 23.490408 194.537125 103.752945 96.976608 180.354141 89.056068               6037 
16.033993 191.404785 97.799217 69.349152 206.316223 108.905037 24.009182 194.222275 103.507790 97.286888 179.161407 89.283195               6047 
15.960526 191.753204 97.993851 69.786293 205.747971 109.225861 24.341669 193.868225 103.313271 97.466766 178.518051 89.345215               6056 
15.844327 191.740067 97.994209 69.940353 205.267136 109.272629 24.432570 193.313080 103.041985 97.478531 178.100235 89.110130               6066 
15.463640 191.920166 97.822876 69.887016 204.729309 109.348915 24.337708 192.820282 102.632324 97.275139 177.773834 88.704048               6075 
15.094744 192.102478 97.752312 69.849586 204.351837 109.402458 24.285322 192.373154 102.302841 97.138115 177.554352 88.422729               6085 
14.825227 192.485001 97.798225 69.882179 204.150543 109.514763 24.248182 192.302048 102.097931 97.013184 177.405167 88.265968               6095 
14.365321 192.641693 98.146851 69.723969 203.849457 109.571548 23.969648 192.139786 102.170143 96.602890 177.229324 87.850388               6105 
14.191951 193.004761 98.234360 69.794868 203.612961 109.501228 23.918339 192.123062 102.067329 96.373543 176.930435 87.489090               6115 
14.080249 193.358368 98.178673 69.850609 203.351929 109.300331 23.875114 191.983810 101.896896 96.093979 176.591797 86.982216               6125 
13.891618 193.451233 98.273590 69.738487 203.217361 109.315460 23.768448 191.605179 101.906136 95.856972 176.551880 86.739044               6135 
13.757419 193.597458 98.342194 69.675140 203.125336 109.339447 23.705954 191.323898 101.869415 95.676216 176.508224 86.571236               6148 
13.702003 193.725861 98.479340 69.687775 202.924881 109.493118 23.683859 191.125031 101.936584 95.496246 176.338440 86.471352               6166 
13.688868 193.745132 98.498535 69.679314 202.845200 109.553207 23.676739 191.023193 101.941277 95.413948 176.273209 86.432327               6175 
13.649120 193.375229 98.415047 69.607559 202.730652 109.412354 23.697250 190.408249 101.887970 95.353600 176.104324 86.366798               6196 
13.756057 193.194870 98.589447 69.762970 202.567505 109.403503 23.822691 190.197784 101.973854 95.423141 175.934128 86.270493               6210 
14.278727 192.253708 97.627312 70.008614 202.319427 109.338524 24.343178 189.321030 101.011787 96.380035 176.274811 86.335411               6226 
14.938589 191.520813 97.007149 70.515350 202.276520 109.343056 25.019907 188.726730 100.161087 97.503693 176.706421 86.523849               6242 
15.883998 190.512543 96.668144 71.188843 202.327744 109.587883 25.847937 188.169769 99.390327 98.908302 177.217789 87.137077               6258 
16.451475 189.766129 96.730347 71.749092 202.471542 109.644600 26.373426 187.868820 98.851242 99.923775 177.647034 87.444389               6275 
16.704203 189.340027 96.807701 72.102921 202.562347 109.680420 26.516865 187.928757 98.213112 100.562645 177.925308 87.635513               6292 
16.810329 189.092850 96.535019 72.435989 202.755051 109.625542 26.677614 188.085007 97.164505 101.347816 178.185104 88.100182               6309 
17.048847 188.959091 96.908180 73.071709 202.766251 110.131752 27.028500 188.374512 96.539833 102.329117 178.178177 89.099686               6326 
16.933245 189.010010 97.112816 73.360657 202.854065 110.355377 27.027719 188.755447 95.874542 102.833321 178.219498 89.681297               6344 
16.629532 189.183823 97.247253 73.474136 202.925064 110.408791 26.998573 188.935181 95.506493 103.055763 178.249832 89.939850               6361 
16.283169 189.211655 97.365814 73.452820 202.955399 110.410912 26.899206 188.929779 95.270515 103.145950 178.283279 90.100281               6378 
15.784400 189.379669 97.507179 73.405853 202.996368 110.406212 26.807831 188.872940 95.073059 103.224556 178.312286 90.295059               6395 
15.431217 189.504776 97.651276 73.393845 202.945831 110.541908 26.666737 188.952042 94.835281 103.307465 178.211227 90.634804               6412 
14.805239 189.877182 97.650566 73.158707 203.081467 110.683708 26.456491 189.038055 94.611359 103.244698 178.235916 91.178589               6429 
13.741361 189.333191 98.038506 72.412514 202.291977 111.862885 25.945412 188.206741 94.877823 102.927315 177.682693 92.727882               6479 
13.352047 189.522980 98.060951 72.099945 202.240570 112.166954 25.651907 188.334778 94.873871 102.663376 177.604340 93.144577               6496 
12.708773 190.217438 98.116829 71.678726 202.370071 112.447525 25.195868 188.815475 94.893120 102.191101 177.571152 93.555054               6513 
12.284580 190.976257 98.648331 71.503517 202.415344 112.992104 24.858139 189.422852 95.339668 101.805916 177.410873 94.032715               6530 
12.076409 191.298584 99.195641 71.548195 202.301010 113.200539 24.646437 189.761612 95.685104 101.628418 177.203506 94.011658               6547 
11.975273 191.606659 100.237587 71.770332 201.949173 113.686966 24.483767 190.072006 96.440552 101.459229 176.698029 94.094444               6566 
11.781917 191.903091 101.477646 71.896294 201.344650 114.444954 24.200638 190.319672 97.393745 101.110977 175.863876 94.441208               6585 
11.021815 191.321564 102.778862 71.573692 199.704208 114.959625 23.349268 189.709305 98.228119 100.206604 174.158615 94.211220               6604 
10.475908 190.776260 103.959488 71.429932 198.448776 115.175194 22.714470 189.181656 98.899925 99.545898 172.789444 93.867729               6623 
9.994408 190.567291 104.629318 70.977417 198.352676 115.651886 22.028828 189.286316 99.260025 99.081291 172.764999 94.242516               6642 
10.314950 191.240097 104.319557 71.309898 198.247726 115.829536 22.308968 189.899796 98.939278 99.271614 172.386353 94.563393               6662 
10.656246 191.833862 104.015594 71.622086 198.242691 116.038788 22.613792 190.444351 98.628403 99.513184 172.085129 95.043884               6680 
11.268765 191.569656 103.187675 72.060677 198.217896 116.008110 23.243967 190.251358 97.839668 100.330261 172.024689 95.571297               6699 
11.496882 191.638351 102.614914 72.187576 198.072159 116.040100 23.443495 190.352844 97.277847 100.579613 171.782578 95.898918               6718 
11.511701 191.782059 102.418854 72.180489 198.081619 116.017853 23.458158 190.458878 97.097107 100.584366 171.734863 95.968262               6736 
11.537681 191.971207 102.215836 72.191467 198.065186 115.993942 23.482603 190.581406 96.910179 100.586403 171.645691 96.027588               6755 
11.974016 192.118408 101.420357 72.453453 198.091553 116.071205 23.965065 190.728485 96.170448 101.124237 171.642822 96.542549               6773 
12.174038 192.198425 100.876434 72.587349 198.087723 116.089485 24.223320 190.853027 95.462296 101.517517 171.723511 96.830963               6792 
12.313995 192.307190 100.438644 72.694366 198.046432 116.031517 24.383389 191.007538 94.815544 101.770393 171.679810 96.997246               6811 
12.540529 192.405365 99.754387 72.817047 197.963531 115.898170 24.627586 191.119339 94.031036 102.023697 171.456070 97.263687               6829 
14.080157 191.008209 96.136703 73.388954 197.020981 115.464783 26.398170 190.062347 90.687103 103.759315 170.646164 98.584984               6848 
14.682983 190.610886 93.642578 73.607941 196.472183 114.754936 27.438747 189.370956 88.196678 104.629601 170.065140 99.158730               6867 
14.596561 190.772736 92.703102 73.752731 196.112778 114.325874 27.915056 188.827393 87.045792 105.072220 169.706100 99.336052               6884 
14.325188 191.365097 91.962357 73.833656 195.662811 113.876274 28.177118 188.566467 86.150970 105.150391 169.031982 99.282478               6901 
14.041613 191.827484 91.874237 73.852310 195.507248 113.883911 28.293064 188.458817 85.880669 105.224541 168.831497 99.492783               6917 
13.630276 192.594131 91.858315 73.869102 195.296890 113.871178 28.361656 188.458359 85.619217 105.210106 168.506012 99.626617               6934 
13.209935 193.397705 91.874031 73.882568 195.128250 113.860962 28.410528 188.484741 85.387291 105.197586 168.245056 99.733681               6950 
12.943977 194.017776 91.718483 73.940216 194.727448 113.727943 28.492664 188.383789 85.074371 105.145561 167.666946 99.696793               6967 
12.842293 194.423676 91.343102 73.940292 194.168625 113.498909 28.535305 188.330368 84.640472 104.946442 166.850052 99.526375               6983 
12.797941 194.684113 91.076866 73.940353 193.779800 113.339554 28.568972 188.282150 84.350578 104.805855 166.282745 99.405800               7000 
12.897595 195.094162 90.944427 74.078773 193.639282 113.211113 28.677767 188.506088 84.153587 104.789261 165.987976 99.240128               7016 
13.015235 195.665115 90.782387 74.189423 193.445923 113.047134 28.736092 188.903641 83.945435 104.614601 165.522400 98.993561               7033 
13.067250 196.072815 90.840416 74.287315 193.305222 112.948410 28.730444 189.186722 83.921097 104.479980 165.201950 98.752380               7049 
13.207364 196.707245 90.914978 74.410797 192.835495 112.938095 28.772902 189.579895 83.912880 104.174934 164.376968 98.546227               7066 
13.327906 197.185074 90.967278 74.513359 192.519958 112.895821 28.806618 189.910217 83.880501 103.954338 163.803635 98.352142               7082 
13.410624 197.527267 91.012421 74.582802 192.306320 112.867203 28.834076 190.134277 83.862366 103.803467 163.418640 98.218918               7099 
13.458289 197.777649 91.051102 74.642639 192.203293 112.819702 28.852839 190.263443 83.851341 103.726303 163.206879 98.113708               7116 
13.477392 197.918854 91.224304 74.723030 192.130371 112.782265 28.844633 190.345108 83.936195 103.718948 163.128113 97.915421               7132 
13.497814 198.028397 91.368393 74.790604 192.069092 112.750793 28.821291 190.408981 84.016525 103.712479 163.062439 97.748917               7150 
13.443211 197.859726 91.404037 74.778114 192.003738 112.697273 28.762384 190.228104 84.018311 103.752869 163.061935 97.672188               7168 
13.396276 197.715775 91.538429 74.698647 191.929321 112.668617 28.599514 190.113846 84.103073 103.659439 163.003983 97.585022               7189 
13.386281 197.616791 91.837250 74.724014 191.833069 112.593773 28.452492 190.038132 84.290184 103.606949 162.934036 97.311745               7208 
13.227638 197.406631 92.081627 74.684883 191.613480 112.408730 28.206470 189.791016 84.416817 103.477074 162.721359 96.943527               7228 
13.152962 197.187668 92.576347 74.731056 191.217514 112.402390 28.024651 189.561707 84.743629 103.376671 162.356491 96.610374               7249 
13.007642 197.036469 92.919945 74.648430 190.854599 112.434166 27.803068 189.398376 84.961548 103.184776 162.025085 96.388832               7270 
12.738449 196.830292 93.134171 74.392693 190.420013 112.483521 27.480385 189.189590 85.079712 102.878380 161.675980 96.196609               7291 
12.720509 196.673767 93.049728 74.354263 190.294647 112.386497 27.428980 189.060654 84.968491 102.897835 161.650085 96.025826               7313 
12.780445 196.424561 92.774582 74.281372 190.119370 112.297798 27.423059 188.847229 84.735664 102.898697 161.489532 96.040535               7334 
12.809325 196.272644 92.573051 74.223427 189.980042 112.227287 27.415493 188.680069 84.551979 102.899094 161.361908 96.052444               7356 
12.918769 195.941666 92.671196 74.410538 189.839508 111.927734 27.433105 188.436600 84.513893 103.119766 161.398819 95.501389               7378 
13.047423 195.765747 92.765167 74.512741 189.863190 111.931274 27.482088 188.384598 84.533714 103.305481 161.534485 95.457664               7400 
13.171053 195.442337 92.716087 74.541794 189.974884 111.990494 27.526760 188.341064 84.406746 103.543602 161.794327 95.629906               7423 
13.227936 195.360916 92.638474 74.498055 190.026138 111.919449 27.485703 188.400360 84.276810 103.562546 161.891479 95.591141               7445 
13.301150 195.319321 92.614685 74.466454 190.086243 111.882011 27.468958 188.494141 84.187363 103.580399 161.990845 95.574196               7468 
13.373557 195.302917 92.600891 74.428841 190.129990 111.791405 27.423426 188.562439 84.124619 103.553146 162.045837 95.482742               7490 
13.457807 195.296127 92.592178 74.380257 190.164459 111.677185 27.355661 188.620987 84.073524 103.494141 162.077637 95.354523               7512 
13.563579 195.286118 92.589546 74.339882 190.193100 111.582275 27.309456 188.674713 84.044937 103.445099 162.104034 95.248001               7535 
13.651589 195.270905 92.659653 74.315842 190.277847 111.578003 27.293188 188.707153 84.096107 103.435265 162.172592 95.297012               7558 
13.721770 195.272308 92.722137 74.294937 190.351532 111.574280 27.274965 188.707535 84.138962 103.426880 162.232407 95.339691               7580 
13.823404 195.190842 92.731987 74.252541 190.402908 111.564140 27.255327 188.693146 84.136215 103.415215 162.282532 95.387001               7604 
13.883129 195.059113 92.666679 74.152802 190.298126 111.381653 27.141792 188.639069 84.034714 103.275497 162.152527 95.176353               7627 
13.806194 194.872192 92.642082 73.968071 190.041321 111.128242 26.899420 188.512405 83.935600 103.004417 161.881592 94.793083               7650 
13.722959 194.454453 92.645226 73.870827 189.794876 110.944435 26.755913 188.129272 83.880234 102.949905 161.714172 94.549362               7674 
13.631856 194.506134 92.671852 73.728279 189.409546 110.838905 26.579496 188.060883 83.851379 102.606499 161.154709 94.388084               7698 
13.404682 194.466583 92.816284 73.462502 188.774338 110.812561 26.294676 187.862823 83.906860 102.147835 160.447433 94.149551               7722 
12.936657 194.706390 92.768082 72.890862 188.085739 110.702927 25.725643 187.803421 83.889626 101.129379 159.298431 94.065796               7745 
12.248374 193.465881 92.468445 72.189545 187.575241 110.639664 25.147795 186.445175 83.746712 100.776222 158.886185 94.432945               7769 
