15.537057 177.973969 86.498001 55.942825 213.196640 107.262352 11.225242 188.233932 110.832024 94.453094 186.643234 89.528275                  0 
15.512805 177.965790 86.451630 55.930614 213.165329 107.277473 11.238315 188.183014 110.784012 94.454201 186.649765 89.515717                 19 
15.493354 177.892227 86.238937 55.862522 213.007690 107.321327 11.205186 187.965759 110.608795 94.437424 186.617645 89.484177                 40 
15.475083 177.827225 86.050186 55.803749 212.871628 107.359177 11.162195 187.785767 110.455772 94.423294 186.590378 89.458115                 61 
15.474174 177.656281 85.973595 55.653862 212.811813 107.404480 11.093060 187.572693 110.408432 94.376480 186.702896 89.473915                 82 
15.509410 177.470184 85.903908 55.494972 212.750076 107.473625 11.040723 187.331345 110.382545 94.331688 186.836945 89.505844                103 
15.523731 177.183273 85.873352 55.382118 212.645981 107.393272 11.039644 187.059341 110.344162 94.310646 186.871887 89.424210                124 
15.516530 176.881638 85.829956 55.310318 212.441513 107.349716 11.037169 186.742264 110.284546 94.309525 186.773514 89.382057                146 
15.396285 176.611542 85.751518 55.238815 212.206345 107.320557 11.011048 186.423843 110.177483 94.303970 186.634903 89.358459                167 
15.741391 176.191895 85.726006 55.489620 211.983948 107.221214 11.368772 185.989029 110.080154 94.647430 186.694016 89.063408                189 
16.041515 175.858017 85.702644 55.686268 211.809586 107.143318 11.619783 185.651123 109.959686 94.914490 186.740646 88.831673                212 
16.276730 175.677200 85.619942 55.929253 211.592712 107.109543 11.793437 185.473907 109.763657 95.127602 186.663330 88.545135                234 
16.280218 175.591568 85.589172 55.945492 211.536835 107.080811 11.724296 185.444229 109.560143 95.168579 186.692917 88.454185                255 
16.298315 175.518234 85.585091 55.931450 211.512451 107.071426 11.614478 185.446838 109.405792 95.182556 186.729034 88.423248                275 
16.319380 175.381149 85.587601 55.862984 211.496140 107.049652 11.546404 185.335831 109.320145 95.180244 186.817749 88.401550                295 
15.769256 175.381088 85.460999 55.480148 211.251678 107.008728 10.962769 185.411530 109.176811 94.674568 186.251740 88.531120                314 
15.228296 175.588470 85.441406 55.313076 210.961441 107.132675 10.544106 185.582520 109.180984 94.253113 185.572250 88.647964                333 
15.195737 175.681183 85.425072 55.226448 211.008270 107.193947 10.505643 185.628372 109.247635 94.138046 185.608398 88.664101                352 
15.079993 175.785660 85.421608 55.113438 211.064621 107.250282 10.407298 185.714890 109.283104 94.010254 185.657822 88.698891                371 
14.952551 175.766785 85.426552 55.011478 211.050140 107.341385 10.393078 185.583115 109.347305 93.944969 185.705566 88.781807                390 
14.880875 175.754715 85.429100 54.928913 211.038391 107.415169 10.402237 185.487579 109.393478 93.892082 185.744247 88.849098                409 
14.886791 175.846527 85.775864 55.054310 211.278152 107.419006 10.623258 185.600494 109.720451 93.983833 186.062622 88.676262                428 
14.799200 176.050247 85.904121 55.043083 211.295959 107.657089 10.594467 185.675842 109.942070 93.875626 186.137589 88.638367                448 
14.673682 176.100266 86.001816 54.970444 211.160782 107.960526 10.544040 185.534332 110.129211 93.756271 186.145203 88.660217                466 
14.635113 175.698990 85.980896 54.762253 210.872437 108.076431 10.480629 185.011627 110.155960 93.666008 186.141846 88.646645                485 
14.614848 175.614212 85.920593 54.630619 210.850555 108.127068 10.444494 184.869324 110.133263 93.614059 186.274261 88.661232                504 
13.630965 176.042038 84.642464 54.138252 210.175415 107.855835 9.692027 184.731201 109.139198 92.887726 185.561447 87.974876                524 
12.465848 176.779449 83.106834 54.167969 208.750092 107.676384 9.129471 184.443573 108.046829 92.274429 183.964264 86.791412                544 
12.193723 176.844193 83.090561 54.088692 208.798462 107.684387 9.103458 184.426987 108.145828 92.245903 184.098114 86.790802                563 
12.103019 176.419556 83.597946 53.763844 209.411469 107.269875 8.994834 184.717392 108.507957 92.136093 184.448090 87.095070                582 
11.958608 176.433502 83.610191 54.100018 208.855789 107.356277 9.152871 184.535889 108.648659 92.189468 183.758652 86.814865                601 
11.964627 176.751572 84.247231 54.705021 208.595200 107.705353 9.551290 184.689377 109.417465 92.294487 183.348282 86.439255                620 
11.973747 176.963791 84.678795 55.105392 208.422760 107.936363 9.804338 184.809265 109.926613 92.359024 183.084549 86.193245                639 
11.981616 176.928238 84.788414 55.089252 208.472519 107.976456 9.815562 184.801712 110.037682 92.365631 183.164749 86.236855                658 
11.819731 177.042740 84.732101 55.161415 208.377609 107.797165 9.833084 184.809845 110.012650 92.272369 183.058411 85.789505                677 
11.711226 177.078110 84.695938 55.133961 208.291275 107.783394 9.783514 184.760574 110.013107 92.192322 182.994217 85.661949                696 
11.754802 177.104614 84.745903 55.026970 208.537338 107.845779 9.810415 184.741669 110.073212 92.235176 183.455383 85.730934                714 
11.759483 177.142990 84.787796 55.034069 208.609421 107.890572 9.872807 184.694046 110.136391 92.281883 183.649094 85.704910                733 
11.754558 177.177658 84.823097 55.039345 208.663010 107.923866 9.918100 184.663193 110.175011 92.316360 183.793167 85.685661                751 
11.744701 177.206055 84.856224 55.043850 208.708725 107.952271 9.955228 184.636444 110.204147 92.345604 183.916168 85.669312                769 
11.734935 177.232040 84.884140 55.047741 208.748230 107.976830 9.977529 184.611298 110.228157 92.370758 184.022537 85.655235                788 
11.731278 177.255081 84.906540 55.051128 208.782623 107.998199 9.995525 184.585144 110.249779 92.392563 184.115143 85.643021                806 
11.726823 177.277023 84.927574 55.054184 208.813644 108.017471 10.003036 184.557251 110.269966 92.412155 184.198700 85.632034                825 
11.708284 177.300888 84.951874 55.056934 208.841553 108.034805 10.007363 184.533829 110.291595 92.429710 184.273865 85.622177                845 
11.709812 177.314255 84.966560 55.059364 208.866226 108.050148 10.015223 184.512817 110.307755 92.445198 184.340378 85.613487                866 
11.709157 177.294708 84.956627 54.999161 208.914642 108.061333 9.983239 184.449799 110.315948 92.435989 184.441849 85.651787                886 
11.604665 177.306137 84.835953 54.848724 208.965378 107.993355 9.867183 184.388992 110.239433 92.340508 184.525299 85.640045                906 
11.450123 177.438950 84.674911 54.879864 208.799316 107.998932 9.803906 184.359970 110.100990 92.299530 184.346146 85.539337                926 
11.227867 177.587006 84.551407 54.909618 208.640640 108.004257 9.757115 184.296936 110.013855 92.260780 184.176361 85.442970                948 
11.031668 177.680481 84.487297 54.896046 208.571945 107.989304 9.710257 184.258881 109.962318 92.224876 184.101898 85.397331                971 
10.840563 177.765106 84.446434 54.885006 208.516083 107.977142 9.663117 184.250641 109.901428 92.195732 184.041489 85.360199                994 
10.677066 177.807404 84.408028 54.840755 208.478973 107.967049 9.599150 184.232895 109.859001 92.158485 183.984909 85.382759               1018 
10.426910 177.784866 84.269104 54.618053 208.511856 107.833099 9.408278 184.200684 109.810226 92.014061 183.916977 85.489151               1042 
10.226566 177.852600 84.178040 54.531128 208.450256 107.805702 9.254066 184.226929 109.771622 91.921944 183.740158 85.580513               1066 
10.031749 177.923492 84.107231 54.475025 208.430664 107.700180 9.127827 184.291718 109.725792 91.838257 183.590027 85.574341               1090 
10.106740 177.839676 84.124077 54.479980 208.753174 107.333160 9.120939 184.587173 109.667061 91.923767 183.603226 85.698349               1114 
9.445499 179.078766 85.092697 54.586155 210.205246 106.445564 8.813941 186.993668 110.316711 91.358788 183.419022 85.639473               1138 
8.891152 180.154861 85.388184 54.581951 210.779968 106.232681 8.448800 188.355530 110.531799 90.840584 183.158432 85.617531               1160 
5.851162 183.017181 84.123566 53.702908 212.699432 101.064827 6.362657 193.799042 108.273567 87.796913 180.836868 83.037132               1180 
4.608336 182.416534 81.696579 50.764114 215.325226 97.119583 4.684814 193.979919 105.555222 86.414810 184.900787 79.626656               1199 
2.948554 186.931595 72.199982 49.393852 218.387833 89.152481 2.264558 198.910919 96.068184 84.523773 186.234909 73.832535               1215 
1.724257 188.017395 63.351646 46.103485 221.242065 81.645424 -0.145681 199.998444 87.730087 82.748444 189.869492 68.396645               1230 
1.462209 190.044739 52.592258 44.380692 224.096924 72.220589 -0.966955 201.472885 77.825989 81.922928 193.317368 60.144962               1245 
2.682043 190.019379 42.967392 43.812378 224.157349 65.380562 -1.315397 201.071289 68.656639 82.126991 193.589294 55.370243               1256 
3.478649 190.229309 34.397202 43.431198 224.661697 58.379890 -1.319328 201.064392 60.390526 82.337051 194.395462 49.841072               1267 
4.439388 189.803329 26.120258 43.887936 223.884415 51.381279 -0.653335 199.923569 52.386002 83.113091 194.159088 42.413925               1277 
5.110073 190.134003 16.919516 44.282528 223.054398 44.065189 -0.088431 198.845840 43.703133 83.707260 194.049194 33.720589               1286 
5.794065 191.407532 6.649375 44.209919 223.237259 36.288727 0.084130 198.796524 33.669216 84.122635 194.955261 25.813753               1296 
5.501575 193.191055 -2.605135 43.097195 224.119507 29.126715 -0.854139 199.733185 24.456966 83.368484 196.169159 19.145576               1304 
6.540912 194.596558 -12.443017 43.284790 224.569199 21.222223 -0.391462 200.191422 14.789862 83.889397 197.003235 11.526608               1313 
7.218565 196.278259 -21.477373 43.604134 224.918823 13.716639 0.025827 200.876083 6.108290 84.228249 197.477432 3.753046               1321 
6.602786 198.828857 -32.083054 42.522644 226.265930 4.533712 -0.883555 202.447830 -4.357133 83.313568 199.222321 -5.827998               1332 
6.040265 201.889252 -42.665413 40.521240 227.665543 -3.560112 -2.133851 203.629196 -14.878411 82.069023 202.046097 -14.516741               1340 
7.118645 208.698364 -65.569061 37.813824 230.750641 -21.439096 -2.934350 206.805740 -38.251232 80.951714 207.823120 -32.212807               1356 
9.073126 210.558807 -83.343170 35.795330 233.113602 -37.047249 -3.195711 208.638458 -56.755016 79.798454 210.345520 -43.972691               1374 
8.057762 213.204773 -90.521370 34.474602 235.692841 -44.130390 -4.262902 210.805252 -63.456585 78.429138 212.734711 -50.729225               1383 
6.057588 219.731949 -110.843193 28.580202 239.648590 -61.853683 -8.410083 214.521484 -83.297646 72.414536 215.878265 -65.871689               1400 
5.930610 220.906342 -115.324219 27.895027 240.291687 -66.200516 -9.000468 215.016373 -87.781769 71.459602 215.987106 -69.947067               1409 
7.563767 223.706482 -128.951813 27.098135 240.362305 -78.340202 -9.552826 216.953476 -102.927719 69.388870 213.718246 -80.391899               1426 
6.076383 228.154083 -147.753403 20.103920 244.613297 -95.393784 -14.913095 223.274719 -124.264725 59.560005 214.155655 -91.131058               1443 
6.095691 228.682785 -152.649429 19.420717 245.358810 -100.226555 -15.630923 224.686584 -129.707779 57.641109 213.573654 -94.611687               1452 
7.756717 229.771378 -160.826279 19.879206 244.988113 -107.961540 -14.805845 225.320755 -138.784805 57.495827 212.489624 -102.352623               1469 
9.434540 232.284576 -167.869232 17.976599 244.577545 -113.697708 -14.171004 225.503525 -147.626282 56.609299 213.295990 -108.076286               1477 
10.048126 232.768600 -173.263626 16.566711 244.758316 -118.898712 -13.957642 225.127716 -154.287216 56.043266 214.683655 -112.594887               1486 
11.840412 235.334702 -183.173721 15.572617 243.514954 -127.978134 -13.130542 228.507477 -167.668854 53.568966 211.603607 -121.609016               1504 
12.423554 236.505463 -185.851807 16.246399 243.794647 -130.694275 -12.408125 229.985947 -171.199631 54.388073 211.910126 -125.107506               1512 
13.897635 236.531265 -195.897995 13.112278 245.626007 -141.163467 -11.346124 230.084335 -184.198883 52.526539 216.214066 -131.994217               1530 
14.776886 236.772110 -198.324692 13.608517 246.058517 -143.722061 -10.525515 230.426086 -187.035507 53.085220 216.807388 -134.310242               1539 
14.904954 237.485672 -200.587402 13.823474 246.542023 -145.960587 -10.336501 231.367294 -189.558212 53.178226 217.070892 -136.725983               1550 
15.121507 236.389709 -203.748764 14.181833 246.156128 -149.296600 -10.139032 230.615540 -192.772980 53.467533 216.656326 -139.861740               1566 
15.225780 236.947403 -205.474136 13.756342 246.118011 -150.932861 -10.133619 231.085480 -194.852783 52.910835 216.463882 -141.436554               1573 
15.173567 237.622803 -209.654770 14.412048 246.475494 -155.049194 -5.965476 243.079956 -203.579437 53.997498 217.166336 -146.297745               1590 
15.313219 237.634964 -211.297760 14.229253 247.045395 -156.792999 -5.112311 245.280640 -206.384018 53.430771 217.406525 -147.444183               1599 
15.657660 238.823532 -213.881546 12.914088 247.335846 -159.293991 -4.556528 247.409729 -209.925873 52.097290 217.886917 -149.291046               1608 
16.122593 239.207108 -217.054321 12.294046 246.484711 -162.356567 -5.317121 244.776016 -212.810135 51.466423 217.050430 -152.268478               1629 
16.905569 239.041748 -219.200607 12.248075 245.659698 -164.487762 -6.068516 239.906845 -213.916290 51.666412 216.625000 -154.201752               1642 
18.113392 240.807648 -224.599976 11.651056 244.889923 -169.821655 -7.680222 228.682495 -215.475983 52.397217 217.729202 -159.590958               1668 
21.450050 243.658188 -230.634399 9.848879 240.072479 -176.677872 -5.466327 225.052109 -224.149216 50.600925 212.969757 -166.317612               1686 
23.264027 247.720551 -232.207458 9.345881 239.968124 -179.242203 -4.278345 227.191345 -227.806625 49.668232 212.050354 -169.376724               1703 
23.215197 248.285431 -232.311127 9.316466 239.768372 -179.433777 -4.268215 226.464508 -227.833420 49.874928 212.075272 -169.908783               1712 
22.811092 248.920074 -232.549194 9.130231 239.773117 -179.608490 -4.722675 225.597198 -227.687897 49.888603 212.220718 -170.539749               1729 
22.696239 249.200043 -232.683075 9.060254 239.672729 -179.703552 -4.741827 224.944458 -227.625107 49.943066 212.251709 -170.798218               1738 
22.665462 249.994522 -233.025818 8.851217 239.254242 -180.091415 -4.345019 223.734619 -227.901627 50.011017 212.163620 -171.454819               1755 
22.653862 250.309402 -233.182892 8.767551 239.086746 -180.246658 -4.157072 223.158203 -227.979492 50.037403 212.131561 -171.712082               1764 
22.686075 250.663239 -233.372437 8.664407 238.880264 -180.438034 -3.936507 222.511246 -228.100906 50.069180 212.094376 -172.024780               1781 
22.293379 250.376984 -235.713928 8.383438 239.998413 -182.386185 -2.949614 221.114639 -229.426880 51.053577 215.759399 -172.672775               1799 
22.634573 251.364380 -234.606873 7.732280 240.616119 -181.577835 -2.474424 221.820770 -228.908646 50.444820 216.760849 -171.128601               1808 
23.588459 254.720612 -227.820587 6.504083 243.274216 -175.457916 -0.968295 224.401352 -223.270035 49.359425 220.583237 -163.163162               1827 
22.138201 257.098358 -224.283264 3.936976 244.211456 -172.503906 -2.843593 226.906174 -221.009125 46.283497 220.621536 -160.138229               1836 
23.455887 260.647247 -219.243484 2.383271 245.476089 -168.825134 -1.675149 230.316879 -218.341461 43.913673 221.169296 -155.149368               1855 
23.929300 261.904205 -215.288330 2.602345 246.180435 -164.941101 -0.393054 230.831665 -214.473053 44.553547 222.956787 -150.679962               1865 
20.834648 262.236877 -211.062347 5.373056 246.830322 -158.414017 -1.239238 229.620163 -206.968506 49.910801 226.760544 -147.633713               1874 
19.407946 260.469971 -206.025284 5.722155 247.876617 -151.936371 -1.920870 227.591263 -199.173767 50.812370 228.978165 -141.337204               1884 
20.540930 261.936066 -193.068665 4.877898 248.972504 -139.176620 1.925790 226.610977 -186.076981 50.370533 232.981155 -125.860519               1905 
22.059143 262.834076 -188.706070 3.363551 249.310699 -135.728256 4.307633 226.470367 -182.528702 48.205921 234.058975 -119.629539               1915 
22.229120 261.701599 -184.853104 3.281023 249.205460 -131.476288 4.492043 225.064590 -177.601517 47.733177 233.081177 -115.147316               1925 
19.075773 256.536652 -180.436142 4.694444 248.638275 -124.692589 3.526826 219.822723 -167.886307 50.505306 234.168884 -110.741837               1942 
24.340075 252.766373 -167.105865 6.746314 245.574799 -112.138191 2.871763 218.442719 -156.026474 48.979076 223.244370 -97.293404               1960 
25.434462 250.433533 -161.048996 9.337025 244.863571 -105.404236 1.797266 217.937134 -148.687408 49.956707 218.892914 -92.055527               1970 
23.645264 245.521103 -150.805145 8.959052 244.419586 -94.405754 -0.292064 214.732666 -135.090118 48.897228 217.776947 -80.343971               1987 
22.864130 242.500977 -146.268829 8.405090 243.659576 -89.758812 -0.311169 212.018677 -128.838852 48.814110 218.300644 -74.703667               1996 
22.083546 237.706482 -133.693985 6.193859 240.338089 -77.533241 0.868990 206.552902 -114.972015 47.758110 218.329178 -60.484997               2013 
22.630623 239.587738 -127.358154 3.874841 239.477722 -71.974701 4.257914 205.900208 -109.688225 46.700291 221.730698 -53.169243               2025 
28.745888 239.046402 -125.555206 2.541203 238.459564 -73.222885 7.927773 205.254532 -110.598541 42.174595 219.924591 -48.968597               2040 
33.525829 234.591019 -123.087631 2.914634 236.997147 -73.213676 9.276524 202.572708 -109.141304 38.924923 216.400406 -45.255581               2050 
33.665642 228.181519 -117.164345 -2.694632 234.789459 -71.659424 7.037984 197.689255 -103.773262 29.058554 215.541168 -38.135403               2066 
31.195015 226.242783 -110.205757 -7.588824 234.835709 -67.039917 3.500112 196.490967 -97.032204 21.997459 216.459702 -31.128973               2082 
30.348305 226.485855 -104.599380 -9.042789 235.602982 -62.060459 2.377856 196.927567 -91.408936 19.960848 217.479752 -25.550747               2091 
29.440865 227.936188 -91.526100 -10.438643 237.485779 -49.477898 1.246517 198.530899 -78.203682 18.089611 219.574203 -12.492283               2108 
29.185486 228.286942 -86.783295 -10.795162 237.928406 -44.821617 0.945265 198.910004 -73.371719 17.636858 220.060272 -7.741013               2117 
26.133245 238.192337 -69.287415 -11.345899 239.524994 -24.005745 -0.313051 205.950714 -58.933975 19.912380 217.138214 8.000085               2134 
24.338892 243.694733 -62.971752 -11.171389 239.610641 -16.265875 -0.083591 209.433624 -54.113792 22.457933 216.393158 12.589612               2143 
21.925564 249.130768 -46.665375 -10.947207 238.642029 1.006547 0.795635 212.335144 -39.379337 25.737309 216.242081 26.601677               2160 
21.402737 250.140640 -43.432831 -10.903576 238.453506 4.368207 0.948223 212.881760 -36.426949 26.350191 216.304749 29.352419               2169 
18.151171 250.287643 -36.669762 -11.230952 237.699402 12.789147 -2.280322 213.054703 -29.259356 27.232187 214.475235 34.785667               2178 
21.169605 252.997147 -22.370087 -8.561819 236.479965 25.741491 1.508771 214.870300 -17.655432 30.123711 212.658386 46.683899               2195 
22.112206 254.900696 -17.253172 -6.010085 235.276688 30.676117 5.296065 215.341354 -13.194899 34.438377 213.874573 50.887337               2204 
20.952599 256.378143 -12.036051 -5.619585 234.028214 35.608009 6.058753 215.940887 -8.933727 36.029579 213.935989 54.693909               2213 
20.043922 257.640076 -7.120217 -5.609285 232.980225 39.906715 6.437759 216.652786 -5.189081 36.725868 213.592346 58.195129               2221 
22.207205 259.936554 1.985182 -4.650138 231.204590 45.953606 10.580827 218.290207 0.739384 37.564262 212.675171 65.375923               2231 
24.148439 256.324615 6.763512 -1.408113 228.910828 52.348614 13.618211 214.347092 7.596464 41.510773 212.348801 72.002876               2247 
24.809872 255.259750 9.091419 -0.519666 228.155640 55.001637 14.434446 213.239304 10.355052 42.512642 211.907333 74.669746               2256 
23.209566 253.695419 12.188859 1.155494 226.098724 59.496101 13.253417 211.566605 13.887670 45.504192 210.039993 76.167389               2265 
22.572269 254.704224 18.896950 2.177098 222.922119 64.301643 15.246498 211.996323 17.977011 47.401276 208.612930 80.196365               2273 
21.579418 254.719315 22.285130 2.665311 220.793259 66.790840 16.118505 211.754517 20.187395 48.496048 207.996078 82.230957               2282 
20.548191 255.895615 35.355602 9.234164 211.670609 72.868027 15.251876 214.371307 23.983156 57.048298 197.774963 77.699310               2291 
20.618946 253.868210 58.381729 19.424372 199.407684 81.312477 16.352448 217.265991 35.453186 68.187378 190.703384 74.310593               2308 
20.751640 252.607559 65.893784 22.314709 196.377838 84.059875 17.061073 217.934265 40.033817 71.095886 190.212418 74.840004               2316 
21.510500 251.107864 72.038361 23.998217 193.770981 86.251007 17.785086 218.229477 43.912422 72.679100 188.841034 75.835213               2325 
21.952120 250.524658 75.529434 24.683449 192.650635 87.372696 18.170069 218.786346 46.108456 73.312706 188.291306 76.472542               2334 
22.030270 249.660477 77.892387 25.490364 191.544662 88.339203 18.322500 218.558701 47.768696 74.053795 187.965134 76.876137               2343 
24.062403 247.614182 87.496429 28.214622 188.729065 91.271591 19.177994 219.983246 54.294785 76.237549 186.871399 77.380257               2360 
24.644184 248.760345 87.005836 27.735815 189.903610 92.054413 19.341402 220.501663 54.392967 75.743416 186.890869 78.313400               2368 
25.551943 249.021118 88.299011 27.703659 190.134216 93.511124 20.092161 220.749649 55.710285 75.765732 186.354187 80.155609               2377 
26.297377 249.209869 88.623009 27.812067 190.306396 93.898987 20.577045 220.948593 56.057877 75.841026 185.995560 80.585190               2386 
26.400488 248.062424 90.828079 28.338886 189.078522 94.972801 20.359468 220.365250 57.826927 76.180534 185.310074 80.844925               2395 
26.240210 248.370850 91.723846 28.145571 189.372910 95.712814 20.308502 220.752655 58.625965 76.029686 185.626175 81.723717               2403 
27.928970 248.605774 92.204727 28.769644 189.612610 96.639557 21.703241 220.835464 59.277512 76.654228 184.917068 82.941383               2412 
28.508377 248.340729 92.773987 28.887869 189.327515 97.030907 22.064583 220.705688 59.764393 76.727669 184.297211 83.295151               2421 
27.728144 248.699066 93.014084 28.456276 189.716370 97.659615 21.450750 220.796844 60.187782 76.320412 184.876907 83.940079               2429 
27.535639 248.073120 93.221718 28.500040 189.118790 98.198433 21.192341 219.949387 60.587791 76.305222 184.370499 84.243515               2438 
27.879181 247.551788 94.594582 28.834457 188.524445 98.645020 21.439411 219.932449 61.541859 76.595284 183.977600 84.472824               2446 
28.212393 247.235794 96.159294 29.074585 188.133942 98.987679 21.883526 220.305450 62.512859 76.886368 183.815811 84.916130               2455 
27.771566 246.512955 96.817711 29.184835 187.401337 99.229095 22.112621 219.758133 62.904190 77.196884 183.654861 85.685516               2464 
27.483990 245.870193 97.798363 29.206116 186.738754 99.446014 21.918032 219.514511 63.550362 77.213882 183.415283 85.777412               2472 
27.969143 244.287125 102.111954 29.685068 185.183304 99.617538 22.249846 220.376434 66.130394 77.627693 182.826736 85.525940               2482 
27.925419 243.267471 103.720634 30.126766 184.265366 99.656586 22.554882 220.273666 67.087029 78.143463 182.666412 85.711617               2490 
28.346855 241.782089 106.197754 30.497211 183.020721 99.466522 22.876976 220.459274 68.573700 78.475967 182.025986 85.336029               2499 
28.574547 240.807236 107.894836 30.657131 182.256897 99.497070 23.526659 220.586197 69.603600 78.804741 181.529282 85.936104               2507 
28.718668 240.356415 108.843521 30.664986 181.982483 99.257103 23.838543 220.932281 70.113678 78.887115 181.375610 85.957489               2516 
29.488333 239.832321 109.244720 30.760603 181.863174 99.113945 24.077440 221.147491 70.398140 79.002029 181.297028 85.882706               2524 
30.998377 239.279922 108.239342 31.281033 181.778900 99.223572 24.197893 220.581406 69.962471 79.378716 181.120300 85.483093               2533 
32.122353 238.694611 107.402573 31.616600 181.639465 99.398346 24.163950 219.975357 69.626831 79.603012 180.948471 85.275719               2542 
33.537975 238.735901 107.150131 31.710924 181.993790 99.300224 25.104027 220.390594 69.415657 79.781639 180.506958 85.530060               2551 
34.511822 238.689804 107.208710 31.835213 182.163376 99.383415 25.804850 220.626007 69.469093 79.957062 180.159622 85.859589               2559 
35.341908 238.605087 107.313812 31.990290 182.259384 99.466675 26.442551 220.788071 69.551590 80.153091 179.841324 86.158058               2568 
36.399212 238.498947 107.588890 32.302631 182.359070 99.422760 27.374496 221.110153 69.694351 80.515724 179.479507 86.390968               2577 
37.795235 238.785263 108.066833 33.140987 182.787094 99.849144 29.379292 221.560501 69.986839 81.623161 179.363037 88.001099               2586 
38.845646 239.035690 107.924850 33.718487 183.140472 99.832726 30.703091 221.839523 69.797058 82.329758 179.274918 88.669243               2596 
38.647198 238.976761 107.949059 33.596275 183.148651 99.811516 30.587282 221.854187 69.790527 82.255432 179.421234 88.810875               2607 
38.642002 238.748840 108.458733 33.550632 183.056564 99.815056 30.518354 222.029602 70.151085 82.212601 179.469284 88.780296               2618 
38.032265 238.005966 109.193321 33.439865 182.437622 99.829895 30.058781 221.753998 70.667549 82.150024 179.486664 88.819267               2630 
37.661369 237.885162 109.209229 33.435673 182.301987 99.817162 29.716730 221.607849 70.688187 82.140472 179.704529 88.694344               2641 
38.887375 236.965881 113.428596 33.668518 182.175446 100.600990 30.690929 223.268692 73.966713 82.327774 179.394058 89.324356               2653 
39.339550 236.337463 115.597023 33.672733 182.041733 101.037987 31.385269 223.876190 75.729485 82.366455 179.139923 89.941933               2666 
39.605370 235.934570 116.868965 33.675217 181.962936 101.295494 31.839603 224.181503 76.794571 82.386818 178.982895 90.299095               2678 
39.821121 235.089340 120.101532 33.793331 181.807266 102.267792 32.459274 224.924393 79.539268 82.561325 179.009964 91.475220               2690 
39.531643 234.667145 120.876205 33.819370 181.568726 102.337379 32.621277 224.891525 80.152946 82.662476 179.016373 91.827469               2702 
39.051598 234.232803 121.287186 33.777981 181.302856 102.091454 32.527569 224.815109 80.428169 82.681656 179.137482 91.778183               2714 
38.547787 232.776718 123.038475 34.148556 180.365768 102.222794 32.456924 224.441422 81.888313 83.122749 179.187195 92.085686               2726 
38.362053 231.310776 124.187828 34.570763 179.373749 102.069077 32.343666 223.876190 82.863701 83.521065 179.043518 91.754990               2737 
38.156796 230.587906 124.684120 34.827942 178.876266 101.941704 32.325783 223.544495 83.272514 83.787041 179.049500 91.665611               2749 
38.184959 230.175598 125.166557 35.070229 178.608765 102.042892 32.387177 223.367142 83.717850 84.007179 179.071426 91.670708               2761 
38.335365 229.906479 125.638039 35.079952 178.494217 102.166595 32.638683 223.345245 84.142471 84.027802 178.836761 91.841263               2777 
38.400940 229.775955 125.871063 35.083900 178.440613 102.222939 32.769703 223.329651 84.353470 84.035950 178.726791 91.915825               2790 
38.429142 229.695206 126.064262 35.102688 178.424011 102.260506 32.854324 223.339294 84.530273 84.053497 178.709534 91.947495               2804 
38.377056 229.678726 126.187820 35.150463 178.443283 102.280991 32.875084 223.370041 84.640480 84.105286 178.816650 91.989861               2812 
38.315205 229.571457 126.631218 35.322464 178.443939 102.446953 32.926178 223.427368 85.049400 84.281441 179.057449 92.187149               2825 
38.024113 229.501755 126.759407 35.361065 178.430679 102.397583 32.769554 223.425964 85.156113 84.321564 179.352325 92.168098               2865 
37.943390 229.457245 126.837791 35.391121 178.424454 102.377853 32.716957 223.437073 85.224648 84.347549 179.467529 92.140587               2879 
37.878487 229.302902 127.059677 35.529266 178.384140 102.331970 32.646072 223.456161 85.425781 84.461533 179.703629 92.011398               2893 
37.916702 229.104309 127.429092 35.648186 178.363998 102.319382 32.657814 223.538651 85.763069 84.557266 179.870392 91.914841               2907 
37.917496 228.994949 127.651367 35.671329 178.353302 102.331802 32.673630 223.578644 85.966537 84.573357 179.924896 91.903809               2921 
37.898624 228.993576 127.700989 35.735645 178.355270 102.358521 32.796875 223.570007 86.002121 84.663651 179.935089 92.054344               2935 
38.072083 229.080612 127.834969 35.903015 178.468613 102.431778 32.943592 223.687454 86.137978 84.814507 180.079819 92.054314               2950 
38.113640 229.111008 127.928871 35.942627 178.514252 102.487350 33.000385 223.731491 86.230614 84.849907 180.129272 92.090668               2966 
38.150036 229.127792 128.022964 35.972149 178.550812 102.535370 33.071125 223.770828 86.319733 84.881798 180.153198 92.147873               2981 
38.185596 229.152206 128.082108 35.999767 178.585663 102.567108 33.141247 223.802444 86.375893 84.911880 180.170364 92.188507               2998 
38.262985 229.177414 128.141632 36.027229 178.625504 102.595215 33.243095 223.843597 86.432373 84.942108 180.155823 92.221474               3016 
38.628689 230.110611 126.907524 36.317066 179.045380 102.403549 33.363628 223.911285 85.350296 85.158234 180.441986 91.669891               3035 
39.017807 230.983109 125.868607 36.648968 179.456497 102.349014 33.392910 223.973419 84.489540 85.377487 180.807678 91.109459               3056 
39.205189 231.475433 125.364029 36.671326 179.723312 102.356194 33.242222 224.056656 84.105408 85.297546 180.995773 90.673180               3077 
38.997169 232.550583 124.515144 36.612690 180.299759 102.640350 32.685642 224.198593 83.488937 85.105156 181.666962 90.424232               3098 
38.956028 233.419601 123.808670 36.271896 180.732162 103.037758 32.202480 224.225967 83.035057 84.628220 181.776016 90.262863               3117 
39.343250 234.066422 123.181648 35.958344 180.862885 103.874039 32.303185 223.829025 82.707756 84.259544 180.994507 90.851051               3137 
40.331314 235.579102 121.676147 35.399628 181.776566 104.469574 32.795792 223.964951 81.667168 83.608482 180.084991 91.215652               3157 
40.937832 236.451645 120.731392 35.055187 182.339828 104.836716 33.106880 223.997955 81.034195 83.188988 179.514297 91.503487               3176 
41.428349 236.834305 120.297440 34.898251 182.610031 105.044807 33.456562 223.995590 80.752495 82.991539 179.047897 91.741867               3195 
41.812340 236.992249 120.097298 34.777061 182.701675 105.304970 33.807487 223.877182 80.651093 82.858414 178.543488 92.132469               3214 
42.093784 237.086319 119.918694 34.706097 182.749329 105.465530 34.078018 223.762238 80.545998 82.778679 178.167038 92.402168               3232 
42.613468 237.368805 119.683075 34.702381 182.977936 105.710625 34.479031 223.765594 80.431488 82.726486 177.813629 92.686150               3250 
43.322571 237.597412 119.560043 34.803135 183.208633 105.934448 35.212948 223.807724 80.369537 82.817932 177.354843 93.169891               3269 
44.116703 238.006088 118.939766 34.968578 183.564407 105.940681 35.812462 223.857422 79.919411 82.896614 177.022369 93.184219               3287 
44.327316 237.982132 118.902306 34.846218 183.579834 105.970062 35.962452 223.825760 79.898720 82.736847 176.719131 93.240547               3305 
44.548954 238.126923 118.602341 34.750614 183.715469 105.941170 36.064342 223.823486 79.679359 82.584427 176.526123 93.179459               3323 
44.734959 238.247131 118.348755 34.669922 183.829941 105.916786 36.151127 223.818939 79.494598 82.454567 176.363205 93.130173               3342 
45.040764 238.968506 117.486046 34.539242 184.426361 105.991478 36.530926 223.906143 78.857864 82.316185 176.290268 93.590302               3360 
45.444912 239.556854 116.721527 34.454868 184.962112 105.949089 36.942677 224.030426 78.276749 82.195213 176.186325 93.846764               3379 
45.556290 240.095444 116.343567 34.311813 185.461792 106.033798 37.268383 224.226334 77.992897 82.089035 176.267838 94.396362               3398 
45.923981 240.235291 116.339127 34.280483 185.710922 105.887482 37.531631 224.518951 77.949127 81.988922 176.194061 94.227478               3416 
46.054890 240.263855 116.321724 34.291248 185.759918 105.891090 37.594482 224.551773 77.945740 81.965935 176.143951 94.174454               3435 
46.191769 240.289566 116.448463 34.290157 185.822083 105.977150 37.685905 224.622940 78.064751 81.935387 176.095581 94.231995               3455 
46.428444 240.360275 116.558365 34.330021 185.937881 106.071579 37.834511 224.736008 78.177788 81.927773 176.052612 94.266609               3475 
46.622822 240.397156 116.631134 34.382103 186.002655 106.158485 37.971966 224.783295 78.259857 81.946220 175.994827 94.321281               3496 
46.775059 240.429520 116.700539 34.409630 186.070267 106.185265 38.079567 224.862213 78.321152 81.945175 175.965256 94.315872               3516 
46.860870 240.394424 115.979355 34.272270 185.951859 106.178162 37.910755 224.394379 77.837898 81.708862 175.557266 94.163849               3536 
47.196362 240.243668 115.465317 34.057415 185.810699 106.350914 37.888874 223.892059 77.559906 81.326729 174.845352 94.185608               3557 
48.063782 240.512939 115.210892 34.021084 186.205399 106.710083 38.309692 223.927399 77.520691 81.046875 174.370377 94.416649               3578 
48.569710 240.689301 115.055092 33.923557 186.477402 106.965096 38.464436 223.964661 77.519852 80.761848 174.075562 94.515579               3599 
48.689903 240.744919 114.957489 33.924541 186.541199 107.024117 38.423569 223.960709 77.493240 80.694733 174.036209 94.422676               3619 
48.767204 240.751968 114.940216 33.932335 186.560272 107.047462 38.414421 223.964737 77.501740 80.663536 174.004303 94.352432               3640 
49.072872 240.862732 114.814537 34.016514 186.700302 107.136292 38.518139 223.999451 77.467346 80.651436 173.941269 94.290573               3661 
49.240871 240.878357 114.780655 34.057423 186.737915 107.191238 38.558163 223.997177 77.478554 80.631432 173.873459 94.230156               3683 
49.456509 240.883591 114.683060 34.147968 186.760529 107.215256 38.612549 223.971008 77.442345 80.650047 173.794159 94.098389               3705 
49.962265 240.855469 114.727821 34.377636 186.787811 107.424896 38.800411 223.942291 77.581978 80.734062 173.610703 94.005974               3727 
50.039890 240.863266 114.700325 34.372334 186.810745 107.456329 38.735966 223.953751 77.596352 80.666748 173.581085 93.875999               3749 
50.910309 241.261871 114.267212 34.742004 187.248093 107.878517 38.827778 224.040543 77.554619 80.690643 173.547134 93.608688               3771 
51.684021 241.721695 113.997177 35.070755 187.730621 108.632835 38.844997 224.079590 77.744537 80.670120 173.541946 93.733131               3793 
52.258659 242.004120 113.757278 35.301838 188.052917 109.105797 38.900509 224.083221 77.830940 80.644501 173.479752 93.799339               3814 
52.830292 242.161026 113.773079 35.423233 188.324387 109.460114 38.921852 224.245667 78.053909 80.472496 173.376999 93.656288               3835 
53.310455 242.158325 113.918091 35.611519 188.402481 109.778763 39.049431 224.279480 78.320366 80.465820 173.224213 93.643913               3857 
53.746769 242.000458 114.026543 35.843884 188.308655 109.922813 39.091805 224.251526 78.524429 80.492287 173.033600 93.315163               3878 
54.085976 241.943146 113.945930 36.024014 188.296555 109.938744 39.087898 224.262833 78.553513 80.490692 172.935287 92.927940               3900 
54.467598 241.831757 113.943810 36.214592 188.244125 110.003960 39.117626 224.250107 78.653740 80.486862 172.780045 92.584152               3922 
54.804989 241.720245 113.974701 36.382252 188.186920 110.076553 39.152134 224.236832 78.769432 80.482544 172.636047 92.301399               3943 
55.095039 241.617264 114.017815 36.520382 188.133835 110.145622 39.193794 224.223145 78.880150 80.474945 172.503876 92.081238               3965 
55.250416 241.472748 114.163910 36.526638 188.045853 110.220337 39.248100 224.184402 79.020355 80.408211 172.331970 92.051598               3986 
55.457230 241.326736 114.253304 36.590664 187.953064 110.260307 39.294956 224.148560 79.129379 80.369705 172.171051 91.904243               4008 
55.304115 241.094437 114.542198 36.356220 187.775940 110.202866 39.173191 224.147461 79.292198 80.137436 172.029236 91.821678               4029 
54.994919 240.935806 114.605507 36.102249 187.617249 110.024429 38.902107 224.122528 79.274574 79.907341 171.992828 91.595840               4051 
54.682724 240.849869 114.537880 35.887421 187.504456 109.862053 38.626816 224.065186 79.176979 79.721321 171.990585 91.408585               4073 
54.450642 240.787216 114.440544 35.745708 187.410782 109.748863 38.416996 223.985138 79.078209 79.599998 171.978226 91.275665               4095 
53.884476 240.708618 114.187355 35.306820 187.304031 109.306969 38.065872 223.934631 78.715401 79.282860 171.987381 91.027748               4117 
53.485126 240.529984 114.306969 34.984406 187.125687 109.133080 37.871147 223.868332 78.692078 79.068947 171.916580 91.026230               4140 
53.216236 240.399307 114.550385 34.768639 187.011505 109.022331 37.788666 223.902481 78.778244 78.948280 171.912445 91.055695               4163 
53.000351 240.261017 114.774544 34.616013 186.881119 108.960854 37.721195 223.894577 78.879387 78.872818 171.888962 91.094910               4185 
52.848045 240.147110 114.885811 34.514305 186.782120 108.777328 37.665962 223.936752 78.879158 78.821648 171.903824 90.941490               4208 
52.662956 240.043961 115.218018 34.425507 186.687408 108.752937 37.668125 223.996033 79.060806 78.831444 171.955399 91.041306               4231 
52.328308 239.920258 115.251167 34.385082 186.480347 108.648071 37.427002 223.879471 79.052483 78.871597 172.037186 90.900764               4253 
52.199596 239.910339 115.316620 34.365017 186.448776 108.591103 37.393936 223.901001 79.065140 78.907951 172.115372 90.896400               4276 
52.290817 240.132019 115.186806 34.516212 186.636826 108.566292 37.469307 224.042664 78.977570 79.057335 172.329788 90.845718               4298 
52.472279 239.931732 115.097702 34.948452 186.340317 108.583229 37.624542 223.729019 78.950134 79.506210 172.240295 90.738976               4320 
52.558002 240.150299 114.760330 35.021847 186.519958 108.604927 37.795536 223.680695 78.698868 79.616081 172.261871 90.978729               4342 
52.983944 240.128326 114.671165 35.276367 186.523407 108.786263 38.296753 223.483521 78.659744 79.882133 171.993896 91.412720               4365 
54.451286 239.877060 115.097084 35.900757 186.579849 109.012901 39.393604 223.633240 79.055885 80.219208 171.449600 91.418236               4387 
55.633907 239.630127 115.617371 36.400234 186.606384 109.266411 40.353210 223.765503 79.501503 80.511505 171.001953 91.565582               4409 
56.379772 239.451141 115.933662 36.726624 186.598618 109.437218 40.952286 223.812683 79.781868 80.701035 170.701462 91.656517               4430 
56.602249 239.526657 115.433647 36.841930 186.642365 109.545235 40.998009 223.552231 79.505585 80.714615 170.501251 91.733047               4451 
56.753464 239.581085 115.203186 36.906513 186.691956 109.654953 40.984791 223.447113 79.418770 80.685524 170.410294 91.740524               4472 
56.923908 239.633774 115.094208 36.933281 186.770569 109.816620 40.992142 223.399353 79.427940 80.609009 170.317322 91.807098               4492 
56.965137 239.645752 115.093765 36.919834 186.789154 109.954506 40.943409 223.358215 79.492348 80.541351 170.267303 91.876511               4512 
56.516838 239.510406 114.668724 36.776340 186.503296 109.908897 40.489918 222.908768 79.215309 80.442039 170.134888 91.798035               4533 
56.130943 239.426804 114.304779 36.658234 186.298096 109.799232 40.094223 222.605103 78.959961 80.357887 170.092148 91.624283               4554 
56.018089 239.379700 114.198776 36.600307 186.228226 109.719383 39.951885 222.538101 78.877090 80.291580 170.072586 91.479607               4574 
56.027451 239.321884 114.224472 36.570988 186.187912 109.700249 39.960255 222.516098 78.886452 80.254303 170.012222 91.459160               4595 
56.056812 239.270844 114.241791 36.550190 186.159042 109.668358 39.979469 222.509171 78.887703 80.219254 169.957077 91.416489               4616 
56.095951 239.227936 114.246925 36.541256 186.135681 109.646713 40.007603 222.495422 78.884277 80.195976 169.901947 91.388779               4636 
56.135777 239.179413 114.252106 36.524757 186.111313 109.608093 40.033062 222.490189 78.875786 80.162170 169.845108 91.337669               4657 
56.161583 239.141937 114.268257 36.512238 186.090759 109.587959 40.049114 222.485840 78.881050 80.137177 169.804626 91.305496               4681 
56.187275 239.054520 114.364601 36.490097 186.033020 109.546791 40.058975 222.503555 78.935493 80.098503 169.755157 91.217590               4699 
56.216759 238.882370 114.522560 36.474808 185.898727 109.472298 40.050972 222.506821 79.029335 80.055977 169.672089 91.033226               4721 
56.195816 238.795929 114.662766 36.453346 185.828400 109.444046 40.023937 222.533752 79.120476 80.029701 169.661865 90.940903               4744 
55.876320 238.597916 114.802094 36.292000 185.573303 109.563034 39.946102 222.233795 79.197739 80.010201 169.480759 91.332001               4766 
54.347218 238.143112 114.409668 35.496750 184.877869 108.921768 39.500595 221.446838 78.492783 79.835266 169.204208 91.861473               4789 
53.869617 237.919952 114.156754 35.164291 184.616013 108.545456 39.484776 221.129944 78.096153 79.728111 168.974014 92.052582               4811 
53.223457 237.297653 114.916435 34.771992 184.034515 108.185394 39.358517 221.059906 78.402351 79.594734 168.809036 92.007370               4832 
53.349792 237.886169 114.255409 34.780655 184.514984 108.826828 39.502022 220.772964 78.136971 79.590187 168.784073 93.102142               4853 
53.156925 238.032837 113.960533 34.632374 184.595383 109.052910 39.264957 220.574112 78.025101 79.429611 168.765274 93.392860               4873 
52.707207 237.970459 113.985878 34.261635 184.507034 109.059662 38.843918 220.501266 78.044670 79.082115 168.747559 93.394897               4894 
52.249825 237.832962 114.100456 33.972511 184.341110 108.861626 38.414143 220.537735 78.064796 78.829689 168.822083 93.062416               4914 
52.352097 237.676514 114.601265 33.937012 184.317703 108.547844 38.661781 220.906647 78.263245 78.830887 168.867447 92.785500               4934 
52.294762 237.576233 115.443565 34.103043 184.253784 108.462318 38.924889 221.304016 78.761787 79.160484 169.185745 92.796982               4955 
52.189167 237.751602 115.720566 34.237305 184.380692 108.490570 39.133717 221.515228 78.910072 79.455330 169.509216 93.102562               4975 
52.426880 237.755920 115.495590 34.488327 184.344086 108.537338 39.579239 221.264938 78.725380 79.786743 169.340912 93.518021               4995 
52.495213 237.679123 115.424423 34.554558 184.263992 108.494217 39.679585 221.157791 78.656845 79.863579 169.240723 93.527077               5015 
52.420540 237.804108 115.184181 34.656628 184.294113 108.533669 39.705528 221.032974 78.495041 80.031242 169.328522 93.708092               5035 
52.235607 237.912079 115.041611 34.467960 184.374054 108.628181 39.570881 220.962234 78.417435 79.859665 169.324249 93.940842               5055 
52.128185 237.920517 115.118126 34.516209 184.328583 108.722816 39.582474 220.898926 78.486450 79.976295 169.385010 94.138855               5075 
52.139343 237.797211 115.244057 34.493568 184.227142 108.756607 39.637432 220.828506 78.573067 79.963264 169.263596 94.223175               5096 
51.882271 237.538895 115.381516 34.355633 183.978333 108.501839 39.557026 220.768051 78.560196 79.908150 169.180038 94.058830               5118 
52.108711 237.600708 115.955406 34.928635 183.973419 108.727638 40.666431 220.759796 78.882126 80.842690 169.326462 95.311691               5139 
51.318802 237.399231 116.956146 35.141346 183.607742 108.704987 40.828751 220.878998 79.459503 81.522293 169.874634 95.944450               5161 
51.264156 237.284286 117.887589 35.387264 183.586136 108.518463 41.389198 221.346832 79.974159 81.997360 170.203552 96.229134               5183 
51.130390 237.158752 118.551208 35.513203 183.550827 108.271515 41.883392 221.672287 80.294243 82.336876 170.408737 96.547546               5203 
50.386826 236.787079 119.652969 35.109589 183.353485 108.039658 41.679886 222.084579 80.962570 82.126686 170.635300 96.626427               5224 
50.021278 236.584412 120.175873 35.011158 183.247513 107.793831 41.486317 222.370728 81.265266 82.114449 170.890717 96.339073               5245 
50.135925 236.544891 119.772125 35.122604 183.159729 107.602478 41.394348 222.227417 80.945686 82.173935 170.835510 95.901741               5265 
50.169788 236.504807 119.749657 35.128223 183.128647 107.574135 41.353863 222.211716 80.931190 82.155571 170.807205 95.774452               5284 
50.214539 236.496002 119.738472 35.134613 183.132599 107.553246 41.342155 222.226624 80.924301 82.140678 170.797821 95.682915               5304 
50.300537 236.524109 119.753067 35.171520 183.177338 107.554619 41.323208 222.294373 80.948616 82.141991 170.838791 95.548096               5324 
50.750690 236.526367 119.427429 35.169846 183.247742 107.501717 41.516815 222.208984 80.715668 81.998100 170.503754 95.363892               5344 
50.924049 236.509781 118.839325 35.075516 183.208420 107.375580 41.288883 221.990112 80.301239 81.750443 170.251663 94.877762               5364 
51.077133 236.412155 118.297668 34.950672 183.102524 107.266914 41.078800 221.706833 79.922974 81.476463 169.910599 94.462799               5383 
51.283295 236.083527 117.998146 34.729218 182.821655 107.375641 40.831738 221.256714 79.791534 81.049171 169.284897 94.190811               5442 
51.302685 236.055862 117.932289 34.699635 182.787201 107.420204 40.806732 221.167480 79.761887 80.997597 169.192108 94.218155               5461 
50.932980 236.581543 117.761223 35.824512 182.727921 108.000755 41.478458 220.715378 79.712898 82.665688 170.035873 95.858353               5482 
50.302227 236.740982 118.306946 36.542778 182.501694 108.686607 42.063129 220.355820 80.196159 83.905113 170.688965 97.737183               5502 
49.572735 236.603561 118.623413 36.878178 182.111664 108.965080 42.109436 219.988724 80.452431 84.574104 171.095673 98.651596               5523 
49.350582 236.491577 118.513260 37.307152 181.844604 108.895874 42.520084 219.670761 80.314156 85.230934 171.259705 99.206062               5544 
49.013386 236.360703 118.461258 37.473091 181.600342 108.870567 42.558270 219.414886 80.252258 85.540115 171.386612 99.497055               5565 
48.700504 235.929199 118.472099 37.567238 181.139832 108.569603 42.540009 219.120621 80.154121 85.744293 171.286102 99.377373               5586 
47.739384 235.347778 118.310036 37.136475 180.645676 107.393524 42.504230 219.054016 79.633896 85.556000 171.185318 99.106613               5607 
47.370255 234.785828 117.847198 36.845028 180.187073 106.352257 42.671883 218.800476 78.974052 85.364990 170.713577 98.691460               5627 
47.658737 234.139069 117.063217 36.769299 179.771805 104.832748 43.393372 218.607727 77.956924 85.303497 169.891190 97.802368               5648 
48.748699 233.684433 116.068970 37.286671 179.636932 102.973923 45.626606 218.552292 76.699188 85.849785 168.880295 97.631615               5668 
49.393753 233.572586 114.880348 37.743416 179.479507 102.143616 46.608593 218.104889 75.615959 86.294685 168.381699 97.428276               5688 
49.473663 233.600281 114.239601 37.846897 179.429535 101.814247 46.954781 217.847809 75.070663 86.416710 168.237579 97.532333               5707 
49.422951 233.633499 113.765953 37.872414 179.372498 101.666557 47.255436 217.568970 74.703003 86.471466 168.114899 97.922134               5725 
49.428497 233.661804 113.342751 37.912823 179.328049 101.539261 47.512459 217.329010 74.378143 86.526115 168.004364 98.201004               5744 
49.508366 233.705582 112.879265 37.967167 179.309204 101.392365 47.746048 217.110184 74.018623 86.578392 167.893402 98.350914               5762 
49.289528 233.809265 112.558250 37.974178 179.269669 101.278717 47.956406 216.918701 73.770966 86.588799 167.783173 98.576744               5781 
48.737686 233.946808 112.179550 37.916786 179.184387 101.051834 48.176289 216.696426 73.460678 86.550163 167.667343 98.866898               5799 
48.201469 234.072830 111.851013 37.862312 179.106827 100.847565 48.364285 216.505478 73.195374 86.509872 167.571960 99.120270               5818 
47.687492 234.052933 111.211777 37.790894 178.944611 100.339142 48.414104 216.263153 72.626694 86.481636 167.535797 99.045937               5836 
47.286072 233.980942 110.759613 37.694027 178.810974 99.889664 48.435146 216.117172 72.207626 86.419395 167.514343 98.970016               5855 
47.121338 233.979645 110.471962 37.714806 178.748428 99.762535 48.487236 215.976990 71.989822 86.464706 167.542328 99.061211               5873 
47.021732 233.973282 110.282982 37.728416 178.707458 99.679260 48.521610 215.884674 71.847427 86.493927 167.561386 99.120651               5892 
46.949596 233.950684 110.186195 37.736794 178.665771 99.644646 48.562229 215.810135 71.783020 86.511604 167.555130 99.205009               5911 
46.910000 233.944275 110.094757 37.760220 178.640091 99.636772 48.606430 215.742188 71.728477 86.541718 167.555664 99.286446               5930 
46.868351 233.982635 109.960060 37.778946 178.646484 99.653458 48.599827 215.680298 71.646309 86.568832 167.598038 99.336067               5949 
46.831226 234.012039 109.839378 37.762161 178.642380 99.727959 48.565559 215.581223 71.590363 86.553619 167.600464 99.426270               5968 
46.814499 234.026260 109.753998 37.749031 178.637115 99.780197 48.550964 215.505676 71.551552 86.538376 167.585571 99.489021               5988 
46.853802 234.030548 109.743225 37.741966 178.649902 99.795044 48.572289 215.496094 71.549507 86.519615 167.547256 99.488739               6010 
