10.857783 176.915344 105.621719 77.004135 173.745178 75.487099 16.566654 173.920731 108.125328 109.120453 132.859848 81.238113                  0 
18.400595 172.442093 103.669846 63.423241 188.260910 67.852135 12.083174 198.576248 108.049767 95.106483 146.971329 73.341721                 17 
18.086559 173.235123 102.615578 60.546642 191.600159 65.534744 10.547996 203.361038 106.989799 91.942482 150.044891 70.658493                 34 
18.416962 172.969086 102.200249 61.715832 190.772522 65.308952 11.466828 203.499573 106.243782 92.627266 148.907700 71.076439                 51 
18.994642 172.655151 101.827347 63.179821 188.719254 65.106255 13.015439 203.441818 105.519867 92.766357 146.006760 71.565628                 60 
20.421139 171.846252 99.930000 68.427078 182.995575 65.431557 17.795593 203.460526 102.940125 94.542290 138.600403 74.979393                 78 
10.184890 181.892517 97.516197 58.195206 198.853851 65.542442 5.080125 210.780853 105.358322 85.701668 154.560532 70.601509                 98 
11.149467 182.078308 100.956032 56.228508 198.411270 64.466637 5.084306 209.298706 108.572372 85.732651 155.471115 70.158745                120 
12.573620 181.648849 100.690742 57.115189 196.209991 62.660191 6.588668 208.674072 107.724289 86.667938 153.507706 69.724243                129 
16.213223 181.306641 100.474442 60.882523 190.264648 60.548340 11.178333 208.606522 105.444405 89.232422 147.616196 71.808838                139 
21.165751 173.125397 92.290726 70.996185 173.195786 56.727726 17.908314 200.796799 93.825592 95.496567 131.866653 77.728668                155 
20.461449 166.476456 86.005432 73.455338 164.735245 53.935883 18.282310 193.833984 88.100388 96.142426 123.617203 77.316772                172 
21.832945 164.888748 84.870003 75.886795 161.715363 53.498363 20.729433 191.746628 87.635544 97.948036 120.482674 77.272926                181 
21.441343 164.980408 83.542000 77.430023 159.798676 53.220676 22.127247 190.489929 87.782089 99.104172 118.479347 77.255356                198 
12.513069 173.377640 88.864136 68.487099 179.998779 60.177765 9.900059 198.048660 97.889854 93.045090 136.369293 75.928749                208 
7.856163 177.882568 90.462196 63.756424 190.684341 63.857964 3.375948 200.283508 100.716713 90.559464 146.971100 75.177376                218 
5.334500 179.534088 93.021088 61.306526 193.727905 66.462502 -0.206696 196.546707 98.497742 89.405396 150.380615 75.888298                233 
4.924263 180.073135 93.415451 62.061447 192.188538 66.884445 -0.068945 194.933517 97.299332 89.525345 148.340652 76.002434                242 
4.450659 180.824005 94.124352 63.243313 189.778595 67.545021 0.761280 193.051239 96.624313 89.667259 145.202530 76.193092                259 
8.328651 178.892838 91.884705 67.986389 180.541412 63.840221 6.314015 190.269394 93.497307 92.608772 136.102783 77.317940                268 
11.619763 174.465012 88.534264 70.559196 168.710358 57.241951 11.184430 186.043564 90.086708 96.059464 127.252846 77.084183                285 
12.175526 173.674820 87.711967 71.068779 166.367065 55.935085 12.308315 185.798553 89.939491 96.913246 125.644104 76.889061                294 
16.112028 172.052979 86.375069 75.730408 162.698517 55.776672 17.385157 185.665680 90.674194 99.898682 121.085350 76.980545                311 
17.100269 172.142273 86.142830 76.495392 160.969574 55.198029 19.326353 186.444916 91.520912 99.769737 118.755226 76.276070                320 
999.000000 999.000000 999.000000 999.000000 999.000000 999.000000 999.000000 999.000000 999.000000 999.000000 999.000000 999.000000              329.0 
999.000000 999.000000 999.000000 999.000000 999.000000 999.000000 999.000000 999.000000 999.000000 999.000000 999.000000 999.000000              355.0 
999.000000 999.000000 999.000000 999.000000 999.000000 999.000000 999.000000 999.000000 999.000000 999.000000 999.000000 999.000000              364.0 
999.000000 999.000000 999.000000 999.000000 999.000000 999.000000 999.000000 999.000000 999.000000 999.000000 999.000000 999.000000              372.0 
999.000000 999.000000 999.000000 999.000000 999.000000 999.000000 999.000000 999.000000 999.000000 999.000000 999.000000 999.000000              380.0 
999.000000 999.000000 999.000000 999.000000 999.000000 999.000000 999.000000 999.000000 999.000000 999.000000 999.000000 999.000000              389.0 
999.000000 999.000000 999.000000 999.000000 999.000000 999.000000 999.000000 999.000000 999.000000 999.000000 999.000000 999.000000              398.0 
999.000000 999.000000 999.000000 999.000000 999.000000 999.000000 999.000000 999.000000 999.000000 999.000000 999.000000 999.000000              407.0 
999.000000 999.000000 999.000000 999.000000 999.000000 999.000000 999.000000 999.000000 999.000000 999.000000 999.000000 999.000000              415.0 
999.000000 999.000000 999.000000 999.000000 999.000000 999.000000 999.000000 999.000000 999.000000 999.000000 999.000000 999.000000              433.0 
999.000000 999.000000 999.000000 999.000000 999.000000 999.000000 999.000000 999.000000 999.000000 999.000000 999.000000 999.000000              441.0 
999.000000 999.000000 999.000000 999.000000 999.000000 999.000000 999.000000 999.000000 999.000000 999.000000 999.000000 999.000000              450.0 
999.000000 999.000000 999.000000 999.000000 999.000000 999.000000 999.000000 999.000000 999.000000 999.000000 999.000000 999.000000              459.0 
999.000000 999.000000 999.000000 999.000000 999.000000 999.000000 999.000000 999.000000 999.000000 999.000000 999.000000 999.000000              468.0 
999.000000 999.000000 999.000000 999.000000 999.000000 999.000000 999.000000 999.000000 999.000000 999.000000 999.000000 999.000000              476.0 
999.000000 999.000000 999.000000 999.000000 999.000000 999.000000 999.000000 999.000000 999.000000 999.000000 999.000000 999.000000              488.0 
999.000000 999.000000 999.000000 999.000000 999.000000 999.000000 999.000000 999.000000 999.000000 999.000000 999.000000 999.000000              510.0 
999.000000 999.000000 999.000000 999.000000 999.000000 999.000000 999.000000 999.000000 999.000000 999.000000 999.000000 999.000000              514.0 
999.000000 999.000000 999.000000 999.000000 999.000000 999.000000 999.000000 999.000000 999.000000 999.000000 999.000000 999.000000              538.0 
999.000000 999.000000 999.000000 999.000000 999.000000 999.000000 999.000000 999.000000 999.000000 999.000000 999.000000 999.000000              548.0 
999.000000 999.000000 999.000000 999.000000 999.000000 999.000000 999.000000 999.000000 999.000000 999.000000 999.000000 999.000000              559.0 
999.000000 999.000000 999.000000 999.000000 999.000000 999.000000 999.000000 999.000000 999.000000 999.000000 999.000000 999.000000              575.0 
999.000000 999.000000 999.000000 999.000000 999.000000 999.000000 999.000000 999.000000 999.000000 999.000000 999.000000 999.000000              591.0 
999.000000 999.000000 999.000000 999.000000 999.000000 999.000000 999.000000 999.000000 999.000000 999.000000 999.000000 999.000000              607.0 
999.000000 999.000000 999.000000 999.000000 999.000000 999.000000 999.000000 999.000000 999.000000 999.000000 999.000000 999.000000              623.0 
999.000000 999.000000 999.000000 999.000000 999.000000 999.000000 999.000000 999.000000 999.000000 999.000000 999.000000 999.000000              639.0 
999.000000 999.000000 999.000000 999.000000 999.000000 999.000000 999.000000 999.000000 999.000000 999.000000 999.000000 999.000000              655.0 
999.000000 999.000000 999.000000 999.000000 999.000000 999.000000 999.000000 999.000000 999.000000 999.000000 999.000000 999.000000              672.0 
999.000000 999.000000 999.000000 999.000000 999.000000 999.000000 999.000000 999.000000 999.000000 999.000000 999.000000 999.000000              688.0 
999.000000 999.000000 999.000000 999.000000 999.000000 999.000000 999.000000 999.000000 999.000000 999.000000 999.000000 999.000000              704.0 
999.000000 999.000000 999.000000 999.000000 999.000000 999.000000 999.000000 999.000000 999.000000 999.000000 999.000000 999.000000              720.0 
999.000000 999.000000 999.000000 999.000000 999.000000 999.000000 999.000000 999.000000 999.000000 999.000000 999.000000 999.000000              736.0 
999.000000 999.000000 999.000000 999.000000 999.000000 999.000000 999.000000 999.000000 999.000000 999.000000 999.000000 999.000000              753.0 
999.000000 999.000000 999.000000 999.000000 999.000000 999.000000 999.000000 999.000000 999.000000 999.000000 999.000000 999.000000              801.0 
999.000000 999.000000 999.000000 999.000000 999.000000 999.000000 999.000000 999.000000 999.000000 999.000000 999.000000 999.000000              817.0 
999.000000 999.000000 999.000000 999.000000 999.000000 999.000000 999.000000 999.000000 999.000000 999.000000 999.000000 999.000000              834.0 
999.000000 999.000000 999.000000 999.000000 999.000000 999.000000 999.000000 999.000000 999.000000 999.000000 999.000000 999.000000              850.0 
999.000000 999.000000 999.000000 999.000000 999.000000 999.000000 999.000000 999.000000 999.000000 999.000000 999.000000 999.000000              866.0 
999.000000 999.000000 999.000000 999.000000 999.000000 999.000000 999.000000 999.000000 999.000000 999.000000 999.000000 999.000000              882.0 
999.000000 999.000000 999.000000 999.000000 999.000000 999.000000 999.000000 999.000000 999.000000 999.000000 999.000000 999.000000              898.0 
999.000000 999.000000 999.000000 999.000000 999.000000 999.000000 999.000000 999.000000 999.000000 999.000000 999.000000 999.000000              914.0 
999.000000 999.000000 999.000000 999.000000 999.000000 999.000000 999.000000 999.000000 999.000000 999.000000 999.000000 999.000000              931.0 
999.000000 999.000000 999.000000 999.000000 999.000000 999.000000 999.000000 999.000000 999.000000 999.000000 999.000000 999.000000              947.0 
999.000000 999.000000 999.000000 999.000000 999.000000 999.000000 999.000000 999.000000 999.000000 999.000000 999.000000 999.000000              963.0 
999.000000 999.000000 999.000000 999.000000 999.000000 999.000000 999.000000 999.000000 999.000000 999.000000 999.000000 999.000000              980.0 
999.000000 999.000000 999.000000 999.000000 999.000000 999.000000 999.000000 999.000000 999.000000 999.000000 999.000000 999.000000              996.0 
999.000000 999.000000 999.000000 999.000000 999.000000 999.000000 999.000000 999.000000 999.000000 999.000000 999.000000 999.000000             1012.0 
999.000000 999.000000 999.000000 999.000000 999.000000 999.000000 999.000000 999.000000 999.000000 999.000000 999.000000 999.000000             1028.0 
999.000000 999.000000 999.000000 999.000000 999.000000 999.000000 999.000000 999.000000 999.000000 999.000000 999.000000 999.000000             1044.0 
999.000000 999.000000 999.000000 999.000000 999.000000 999.000000 999.000000 999.000000 999.000000 999.000000 999.000000 999.000000             1060.0 
999.000000 999.000000 999.000000 999.000000 999.000000 999.000000 999.000000 999.000000 999.000000 999.000000 999.000000 999.000000             1076.0 
999.000000 999.000000 999.000000 999.000000 999.000000 999.000000 999.000000 999.000000 999.000000 999.000000 999.000000 999.000000             1093.0 
999.000000 999.000000 999.000000 999.000000 999.000000 999.000000 999.000000 999.000000 999.000000 999.000000 999.000000 999.000000             1109.0 
999.000000 999.000000 999.000000 999.000000 999.000000 999.000000 999.000000 999.000000 999.000000 999.000000 999.000000 999.000000             1125.0 
999.000000 999.000000 999.000000 999.000000 999.000000 999.000000 999.000000 999.000000 999.000000 999.000000 999.000000 999.000000             1141.0 
999.000000 999.000000 999.000000 999.000000 999.000000 999.000000 999.000000 999.000000 999.000000 999.000000 999.000000 999.000000             1157.0 
999.000000 999.000000 999.000000 999.000000 999.000000 999.000000 999.000000 999.000000 999.000000 999.000000 999.000000 999.000000             1174.0 
999.000000 999.000000 999.000000 999.000000 999.000000 999.000000 999.000000 999.000000 999.000000 999.000000 999.000000 999.000000             1190.0 
999.000000 999.000000 999.000000 999.000000 999.000000 999.000000 999.000000 999.000000 999.000000 999.000000 999.000000 999.000000             1206.0 
999.000000 999.000000 999.000000 999.000000 999.000000 999.000000 999.000000 999.000000 999.000000 999.000000 999.000000 999.000000             1222.0 
999.000000 999.000000 999.000000 999.000000 999.000000 999.000000 999.000000 999.000000 999.000000 999.000000 999.000000 999.000000             1238.0 
999.000000 999.000000 999.000000 999.000000 999.000000 999.000000 999.000000 999.000000 999.000000 999.000000 999.000000 999.000000             1255.0 
999.000000 999.000000 999.000000 999.000000 999.000000 999.000000 999.000000 999.000000 999.000000 999.000000 999.000000 999.000000             1271.0 
999.000000 999.000000 999.000000 999.000000 999.000000 999.000000 999.000000 999.000000 999.000000 999.000000 999.000000 999.000000             1287.0 
999.000000 999.000000 999.000000 999.000000 999.000000 999.000000 999.000000 999.000000 999.000000 999.000000 999.000000 999.000000             1303.0 
999.000000 999.000000 999.000000 999.000000 999.000000 999.000000 999.000000 999.000000 999.000000 999.000000 999.000000 999.000000             1319.0 
999.000000 999.000000 999.000000 999.000000 999.000000 999.000000 999.000000 999.000000 999.000000 999.000000 999.000000 999.000000             1336.0 
999.000000 999.000000 999.000000 999.000000 999.000000 999.000000 999.000000 999.000000 999.000000 999.000000 999.000000 999.000000             1352.0 
999.000000 999.000000 999.000000 999.000000 999.000000 999.000000 999.000000 999.000000 999.000000 999.000000 999.000000 999.000000             1368.0 
999.000000 999.000000 999.000000 999.000000 999.000000 999.000000 999.000000 999.000000 999.000000 999.000000 999.000000 999.000000             1384.0 
999.000000 999.000000 999.000000 999.000000 999.000000 999.000000 999.000000 999.000000 999.000000 999.000000 999.000000 999.000000             1400.0 
999.000000 999.000000 999.000000 999.000000 999.000000 999.000000 999.000000 999.000000 999.000000 999.000000 999.000000 999.000000             1416.0 
999.000000 999.000000 999.000000 999.000000 999.000000 999.000000 999.000000 999.000000 999.000000 999.000000 999.000000 999.000000             1433.0 
999.000000 999.000000 999.000000 999.000000 999.000000 999.000000 999.000000 999.000000 999.000000 999.000000 999.000000 999.000000             1449.0 
11.769165 182.027664 104.341736 50.366035 202.413773 66.490562 0.798074 203.020752 111.886742 83.660355 159.995575 71.158905               1465 
12.512663 181.562714 104.635277 50.317535 202.400543 66.607353 0.769593 201.664902 108.679245 83.671333 160.014511 71.141357               1481 
13.868477 180.235733 104.807693 50.779190 201.574020 66.620651 1.876468 200.960403 107.572693 83.574684 158.645432 69.967361               1498 
14.638590 179.404419 104.944397 51.125259 200.954453 66.630615 2.584051 200.580673 107.272705 83.480354 157.633408 69.089096               1514 
15.315792 178.626740 105.178780 51.400139 200.499222 66.797470 3.085016 200.023285 107.290741 83.701859 157.110992 68.713020               1531 
16.006390 178.026428 105.473145 51.632454 200.207291 67.041237 3.561319 199.816025 107.462547 83.968803 156.831833 68.634804               1548 
16.290958 177.667908 105.709076 51.672836 200.022034 67.286369 3.574094 199.686172 107.201744 84.069115 156.687271 68.765961               1564 
16.355558 177.335785 105.950294 51.649494 199.767273 67.585381 3.412642 199.503571 106.951225 84.145157 156.510452 69.162949               1581 
16.492619 177.048141 106.030640 51.632320 199.579849 67.805359 3.294713 199.368240 106.767151 84.200798 156.380539 69.455109               1597 
16.694372 176.788254 105.995438 51.626053 199.459900 67.922089 3.230092 199.258316 106.595947 84.254204 156.306046 69.582314               1614 
17.761253 175.619232 106.356133 52.071285 198.837631 68.299660 4.050742 198.233200 107.267883 84.744576 155.694077 69.135818               1630 
18.568216 174.756668 106.596115 52.401096 198.376663 68.579353 4.582243 197.517624 106.984886 85.101990 155.246521 68.804741               1647 
19.091114 174.211395 106.757050 52.610329 198.075378 68.749794 4.889637 197.177887 106.181503 85.357887 154.980331 68.600189               1663 
19.252264 173.913300 106.907761 52.635921 197.930908 68.970497 5.037554 197.317001 105.885773 85.489822 154.917404 68.710373               1680 
19.402534 173.511276 106.861130 52.700439 197.740997 69.108765 5.377024 197.595764 105.641304 85.607239 154.770004 68.614090               1695 
19.619558 173.259232 106.888596 52.736897 197.647446 69.304176 5.453562 197.612823 105.253426 85.784325 154.785492 68.730850               1712 
19.855593 172.975876 106.965508 52.803242 197.528992 69.526970 5.503531 197.713287 105.114868 85.992195 154.778168 68.843010               1728 
20.005636 172.764755 107.019501 52.851871 197.405670 69.690994 5.455317 197.809113 104.675224 86.206696 154.784393 68.990257               1744 
20.136894 172.620789 107.037476 52.888363 197.313141 69.814072 5.351491 197.808823 104.267647 86.367294 154.789490 69.100754               1760 
20.190639 172.573776 107.093956 52.879856 197.263275 70.008858 5.142483 197.914230 104.138229 86.521088 154.865540 69.454651               1776 
18.722565 174.374512 105.685028 53.958210 198.041962 69.191780 5.348488 199.732208 109.764549 86.560089 154.839447 69.710068               1794 
18.359997 175.098465 104.536041 54.662689 198.259857 68.554108 4.394797 199.404282 108.641273 86.606125 154.570892 69.260757               1813 
18.952820 174.764709 105.278984 54.772274 197.691818 68.547577 4.735078 198.575027 109.530777 86.727562 154.007095 68.883354               1832 
19.337097 174.809479 105.702682 54.841438 197.597076 68.499847 5.105792 198.526169 109.634171 86.940483 154.017441 68.773537               1847 
19.359779 174.833008 105.926857 54.820957 197.569565 68.497101 5.179028 198.435760 109.338356 87.016281 154.060944 68.760574               1861 
19.436779 174.895081 106.507072 54.623852 197.583435 68.618652 5.114875 198.281891 109.298927 87.315514 154.449707 69.206711               1875 
19.232449 175.076691 107.086479 54.455135 197.595306 68.722694 4.015520 196.866165 107.009552 87.570801 154.790787 69.579567               1889 
18.565411 175.429062 107.746109 54.226585 197.648926 68.854805 3.097897 195.302124 104.749077 87.825516 155.230148 70.024124               1903 
18.195621 175.669632 108.187752 54.053070 197.708603 68.912552 2.768887 194.642120 103.591064 88.042534 155.609299 70.317558               1917 
18.115673 175.794830 108.311897 53.916977 197.866745 68.708946 2.666124 194.251602 102.665146 88.349426 156.132355 70.210968               1931 
17.857143 176.570908 108.021843 53.622101 198.829910 67.864609 2.291148 193.344315 100.260300 89.410645 158.281097 70.005219               1944 
17.011242 177.210770 106.122406 53.511784 199.359543 65.812820 2.073369 193.053452 97.439407 90.296806 159.778229 68.941719               1957 
14.058221 180.017136 101.019958 52.237957 202.108688 61.762661 -0.342587 194.875687 90.830818 90.284447 164.121765 68.012970               1970 
17.109772 183.111450 95.321953 56.549862 200.115585 53.935875 4.731480 198.274033 84.961899 91.576622 159.322906 60.156109               1984 
14.376054 185.066406 87.674217 56.807598 206.170670 51.357075 2.055570 198.322586 74.948647 95.030609 169.560089 62.682926               1997 
13.749192 187.891678 81.699623 57.967854 206.626160 45.793331 2.622045 200.227600 67.417183 94.969711 169.342606 58.847363               2010 
14.182014 189.399826 75.116035 59.310081 208.105743 39.890182 3.673800 200.988998 59.760372 96.109879 170.634201 52.977055               2022 
8.820580 193.102722 55.771214 57.053799 213.081024 25.287771 0.167967 203.018997 37.514091 93.500778 176.596878 41.723465               2043 
6.541901 196.344208 47.642426 56.925964 215.086426 19.803511 -0.803132 206.243851 28.726851 91.637566 177.864380 38.221771               2053 
4.024477 201.390961 29.538729 58.015991 217.019867 4.718909 -0.447692 209.194550 9.657133 90.792450 179.627502 26.099323               2072 
-3.360480 206.068298 16.504858 52.815884 221.320770 -4.296588 -5.959133 212.364059 -4.694229 83.984146 183.312210 18.363886               2081 
-6.686570 208.650070 6.414591 51.048912 223.167816 -11.305657 -7.539722 212.505005 -16.681877 80.791191 184.845062 12.702085               2090 
-8.118795 208.797592 -4.816532 50.418537 223.778290 -20.160824 -7.968455 211.577011 -28.609390 79.673218 185.333130 4.246997               2098 
-10.016442 208.223465 -17.074368 48.866131 225.316803 -29.260689 -8.578606 210.465637 -41.165993 78.325768 187.656311 -3.894873               2107 
-11.261683 207.542007 -29.428644 47.955746 224.532837 -40.883316 -8.945837 207.911469 -54.004189 77.190842 188.057831 -13.597947               2118 
-13.714711 204.816696 -66.321854 45.341187 226.201523 -65.663864 -7.186219 207.282425 -89.897095 72.205055 189.272995 -36.608330               2142 
-14.338651 204.564911 -77.642281 44.242882 226.453812 -71.272629 -6.167917 208.397125 -100.461090 69.410606 188.217865 -42.389992               2150 
-13.729890 200.138702 -97.978645 41.606178 226.184280 -83.033295 -5.053641 207.686493 -119.063293 67.644814 187.254196 -55.903118               2168 
-12.976787 200.357544 -106.467583 41.092327 227.118927 -88.306526 -4.334045 209.081589 -126.795280 66.974319 187.894043 -61.452488               2176 
-13.088503 202.461166 -116.213753 40.759281 228.537064 -96.265083 -4.588617 211.827332 -136.062073 66.089401 188.542618 -70.026993               2187 
-12.959372 202.212143 -122.802490 39.894260 229.022095 -101.112877 -4.659031 212.366699 -142.149353 65.574417 189.067459 -75.155899               2194 
-13.689183 204.793961 -141.452576 35.428940 229.044403 -109.975655 -3.957816 218.133530 -157.892517 59.709904 186.155090 -87.602692               2212 
-13.880054 205.239090 -147.527878 33.883446 228.636490 -113.380432 -3.728996 219.325668 -163.043793 57.890125 185.111282 -91.959801               2221 
-15.824014 206.942566 -159.917526 29.649960 228.186829 -121.419556 -4.720488 222.500427 -173.870880 53.349854 183.458786 -102.253822               2237 
-16.881563 207.622421 -165.879700 27.723366 228.829071 -126.312057 -5.097231 223.322464 -179.701340 50.964931 184.102066 -106.590660               2248 
-17.367281 208.104874 -170.171875 26.580759 229.456924 -129.904816 -4.241652 223.951416 -184.252502 49.409492 184.823425 -109.501205               2258 
-17.939831 207.728256 -173.322388 25.745995 228.702744 -132.521927 -4.773143 224.029785 -187.117416 48.907673 183.917404 -112.838966               2270 
-18.009411 205.833466 -177.680298 24.892418 229.709534 -137.607849 -5.388010 222.173157 -192.021194 49.608421 186.482513 -116.391052               2281 
-17.688538 204.855606 -180.132904 24.846910 229.670212 -140.202560 -5.558106 221.562775 -194.483398 50.534557 187.011246 -118.990150               2290 
-17.890909 206.233078 -188.358368 23.740072 229.752869 -145.798828 -4.823117 221.564270 -201.073227 49.433582 187.528839 -123.740204               2306 
-17.926662 206.480927 -192.282211 23.119904 229.480301 -148.468964 -4.467583 221.290619 -204.264267 48.880852 187.457062 -126.107628               2315 
-17.418869 206.732101 -202.756607 22.887730 230.839310 -158.358475 -4.946447 221.310257 -213.977554 49.577995 190.020355 -134.884003               2341 
-16.885723 206.244522 -205.311279 22.455973 230.428207 -159.983292 -4.461384 220.915680 -216.057465 49.092812 189.812988 -136.098328               2350 
-16.776159 204.755005 -211.464310 20.857853 230.338562 -165.269562 -4.788716 219.681183 -221.686996 48.026550 190.838287 -140.145905               2367 
-16.761276 204.487778 -213.759323 20.637735 230.131485 -167.327011 -5.331928 219.646622 -223.571625 47.739861 190.753922 -141.940201               2376 
-11.178319 201.587204 -206.067154 21.405401 230.663177 -168.804443 -6.445434 219.812073 -224.147583 48.658638 191.662918 -143.000381               2393 
-9.781754 201.063293 -205.737717 21.195175 230.575302 -170.439011 -6.758870 220.326630 -225.883423 48.054901 191.309631 -144.624847               2402 
-8.941036 200.817291 -206.428925 20.968733 230.480652 -172.199646 -7.131661 220.899063 -227.741150 47.404388 190.930023 -146.382751               2419 
-7.688553 200.365128 -206.459442 21.192938 230.609406 -172.567841 -6.245230 220.790070 -228.330322 47.868847 191.402115 -146.475845               2437 
-6.800948 200.526443 -206.761261 21.881004 230.582672 -172.971329 -5.348969 221.481720 -228.813919 48.423569 191.126617 -147.119431               2463 
-6.292788 200.343369 -206.859329 21.950403 230.292130 -172.724731 -4.782836 221.574905 -228.828049 48.455444 190.748398 -146.968491               2471 
1.405480 200.878296 -212.416733 20.710119 228.687408 -171.129166 4.049213 224.793655 -231.530472 46.838989 188.623947 -145.795212               2480 
12.631481 202.807755 -216.669754 21.845579 225.968231 -169.562943 13.571891 229.776047 -231.703781 50.908875 186.430313 -146.722488               2497 
14.760694 203.398254 -217.631607 21.166986 225.133621 -169.405136 15.817991 230.900162 -231.727097 49.966320 185.442719 -146.495758               2506 
19.315685 204.416962 -220.241730 20.661154 222.997116 -170.321304 19.966568 232.898163 -232.369995 49.689793 183.253311 -147.796295               2524 
21.142084 204.833191 -221.022766 20.379745 222.119461 -170.610443 20.772385 233.192245 -232.777466 49.501255 182.412308 -148.140732               2541 
21.240208 204.832596 -221.599258 19.469467 221.666672 -171.013092 20.755575 233.032547 -233.306808 47.958084 181.640625 -148.299149               2550 
21.196247 205.111649 -222.881302 17.803747 220.991089 -171.987305 20.955490 233.203812 -234.313782 44.817741 180.077606 -149.053940               2567 
21.351580 205.184418 -223.205841 17.485985 220.742813 -172.160263 20.882263 233.073593 -234.624893 44.169903 179.619034 -149.216599               2576 
22.285995 206.713898 -224.986664 16.828428 221.515610 -173.623520 20.650105 233.824860 -236.541641 43.316433 180.379578 -150.475723               2593 
22.396336 207.251648 -225.599472 16.756371 221.606476 -174.027573 20.424036 233.806442 -237.415222 43.266594 180.340927 -151.137177               2602 
22.474890 208.036880 -226.148331 16.512247 221.872131 -174.321411 20.238569 233.610077 -238.521042 42.995365 180.459000 -151.667374               2619 
22.970695 209.018661 -226.229767 16.830709 222.242371 -174.190582 20.403831 234.188904 -238.665756 43.831326 180.940002 -151.948944               2630 
23.364618 209.812775 -226.290604 17.088476 222.542038 -174.084686 20.485456 234.562119 -238.753265 44.508682 181.339645 -152.173416               2637 
24.224014 211.909134 -225.918701 17.411146 223.585526 -173.351959 20.651867 236.130478 -238.118683 45.973694 182.877792 -151.982117               2650 
25.022148 213.212387 -225.618637 17.084984 223.695145 -172.818741 22.005424 237.413666 -237.281174 44.824802 182.268921 -151.747925               2665 
25.389864 214.085175 -225.495422 16.722225 223.723251 -172.499954 22.870409 238.276474 -236.652359 43.807858 181.751465 -151.659012               2674 
26.029020 216.606339 -224.532669 15.751375 224.059982 -171.290115 24.336054 241.005310 -234.523895 41.661747 180.930649 -151.337158               2683 
27.774063 223.025772 -220.381668 12.770472 225.045685 -167.572113 28.699732 248.147629 -227.048737 34.363617 178.454086 -150.467529               2702 
28.086557 227.863235 -217.956192 11.804412 226.113754 -164.877182 30.075945 252.307404 -222.299728 31.552391 177.907425 -150.187881               2712 
23.186655 263.217072 -214.675308 10.757714 228.127991 -160.048386 36.190575 260.491791 -211.112457 26.929165 177.510056 -149.756821               2731 
25.531897 271.871216 -210.653671 10.313573 228.765564 -158.190475 38.039383 262.238312 -207.236755 24.443583 177.387161 -148.692474               2741 
28.799208 277.055725 -200.974884 10.791928 228.929749 -152.033478 34.501820 264.428497 -201.609253 23.300034 176.723251 -145.131500               2750 
30.905573 282.125732 -178.920441 13.086649 227.736893 -135.505402 31.315861 268.447144 -183.983459 23.847645 174.692047 -135.272995               2768 
29.761244 283.704590 -166.105270 14.316720 225.860672 -126.015182 29.008675 270.175964 -172.830185 26.440418 173.218124 -129.389755               2776 
15.125586 280.384308 -152.882050 11.180967 220.839005 -112.127556 16.024212 266.552063 -159.685318 30.811213 170.579727 -116.401573               2794 
6.632405 279.633698 -138.115616 9.450820 218.369019 -99.677071 7.166945 265.901642 -145.925446 32.039696 169.764923 -107.226357               2811 
4.985759 279.743347 -133.894791 9.029310 217.903152 -96.398819 3.666526 265.715515 -142.642502 32.322277 169.772354 -104.793587               2820 
3.482882 280.184540 -117.322128 10.333693 216.744339 -82.850342 -3.298523 265.282013 -128.306747 34.032116 169.469055 -94.384644               2837 
1.222063 279.263672 -109.948456 11.597504 216.056824 -75.839439 -7.849827 262.945374 -123.244278 38.135937 170.342789 -87.481926               2847 
1.804887 262.988495 -99.939423 9.638743 215.484329 -63.074257 -18.451830 260.815491 -109.417236 41.371521 174.089752 -77.535530               2864 
4.727294 254.654602 -95.252037 12.377655 210.677856 -57.527683 -17.956390 253.400604 -105.120499 49.887173 173.840744 -70.399033               2872 
9.875637 241.340271 -81.724617 19.851456 202.247375 -41.109661 -15.220247 239.662979 -89.957077 59.575500 167.540756 -53.236469               2889 
7.945493 237.685211 -66.128426 22.488623 197.994446 -28.483213 -18.883066 235.935791 -71.715416 62.694443 166.358566 -46.154411               2906 
7.341953 236.485306 -49.659130 24.667593 196.293182 -14.358676 -20.441528 235.128098 -52.839363 63.541065 165.655487 -36.262856               2924 
5.750296 234.219345 -45.503704 24.882984 195.251602 -10.235621 -22.497309 232.496582 -47.552433 63.783997 165.376160 -33.121803               2933 
12.313117 233.706146 -28.554344 31.473936 193.702850 4.843058 -17.879122 230.280884 -31.032249 71.662277 166.534637 -19.165127               2950 
11.557989 234.567703 -20.756826 32.852283 193.796097 9.599292 -19.745699 229.167465 -22.931982 74.221199 170.990738 -16.822985               2958 
1.752882 230.052765 -4.961918 30.375725 192.881393 21.549660 -30.061142 219.721954 -4.788067 73.401939 180.676926 -8.936469               2977 
4.271448 235.885132 -2.206772 26.547949 195.808121 25.245600 -27.861595 226.369659 -8.910135 74.699867 186.410904 2.383102               2994 
9.804185 235.164612 9.254238 26.510435 193.530151 38.243416 -22.166275 227.780411 -0.639479 75.971008 181.110596 20.104668               3028 
7.377117 233.398865 9.881871 21.983988 192.762314 41.311172 -23.637068 225.367401 -2.360677 72.868034 180.372818 27.639221               3045 
1.901597 223.972336 19.189898 22.412062 186.660660 51.424828 -27.406639 210.935013 6.961103 74.712860 182.142746 38.240646               3063 
1.151724 221.899170 21.085503 22.678352 185.371613 53.549297 -27.716488 207.885269 8.832845 75.137901 182.406174 40.556614               3071 
2.097219 221.539978 25.738981 23.067108 184.370605 57.825329 -26.108530 207.399475 12.067207 75.994598 182.644485 46.631149               3089 
5.423925 217.338715 32.498520 22.751579 179.196518 60.249950 -25.688879 205.846893 15.717547 76.116119 181.725418 51.564415               3106 
12.388001 212.332535 29.584335 21.575787 176.620316 61.705112 -18.789463 202.225403 9.232044 75.674934 175.719376 60.263294               3115 
16.854681 210.219223 28.871815 21.846878 175.884857 62.023254 -13.795147 200.388626 5.760694 75.866150 174.983307 65.296410               3124 
20.345400 209.369568 29.423311 22.476463 175.019745 61.965195 -9.388315 200.065674 3.730912 76.132851 174.675781 69.070259               3140 
24.001904 204.427704 31.312952 26.441248 173.345963 66.691040 -3.931425 190.944244 5.042765 79.537888 177.545837 76.319954               3149 
25.694416 202.703201 32.601196 26.551449 172.245789 68.324768 0.507360 184.772781 3.460846 78.534279 178.962219 81.825996               3158 
26.756689 202.027451 33.091133 26.740002 171.831711 68.812645 2.810602 179.908203 2.565885 78.211182 179.342712 83.776291               3168 
27.793402 201.672440 34.578724 27.582531 170.832214 69.575027 5.454655 176.780792 2.685223 78.417053 179.532135 85.999725               3177 
28.995331 200.728378 36.424179 29.178858 170.103882 71.419708 8.447785 168.034454 4.114841 79.781723 179.982666 87.892960               3192 
28.929073 199.225464 37.512688 29.695850 169.500931 73.176964 12.305312 150.501328 10.502398 79.895988 181.247131 89.656670               3201 
26.751295 195.781052 38.955177 31.940010 169.562668 76.827263 23.210260 123.919479 26.976425 81.698586 186.928650 89.160767               3210 
25.933493 194.499771 41.324062 33.041470 171.132813 80.604706 25.986151 121.874245 32.673733 81.662277 192.454666 91.140526               3227 
26.197800 194.971603 41.304871 33.187317 171.124710 80.265923 26.327271 122.458664 31.502054 81.699150 192.475555 91.236458               3236 
26.664066 196.549057 41.619392 33.300385 170.708786 79.258148 26.837929 124.662369 27.820631 81.671898 191.563904 91.702774               3253 
27.874933 195.005463 42.128529 33.010536 169.046722 79.873276 25.216236 123.134354 28.454790 82.046265 187.986435 92.772606               3263 
42.430649 179.444702 36.638409 35.674801 159.793289 77.719894 16.081154 104.597923 35.840721 87.680779 160.884079 92.679726               3280 
44.109497 176.451233 36.999508 34.568668 160.510635 79.090889 13.868855 101.124863 42.000729 85.948601 159.641251 96.089554               3288 
52.493771 170.914536 38.453560 36.967281 157.276016 79.070793 18.228647 94.765411 42.537792 86.341331 154.555298 101.080093               3305 
58.147068 168.691177 38.542526 39.677319 153.973587 77.310837 25.303642 90.560478 38.252209 87.499802 151.430420 102.532867               3314 
62.968876 165.671860 39.998970 41.020203 149.161469 75.887970 32.883038 84.383102 32.664589 86.578362 146.158005 104.957573               3331 
65.725594 168.164322 44.226959 43.394814 155.492874 81.284546 42.429619 83.039818 47.841808 88.008827 159.946991 111.605469               3349 
64.075142 171.686432 46.229298 45.337971 161.489395 85.888542 51.736485 84.617004 61.488834 90.855194 174.321045 112.216080               3357 
64.014328 176.179047 51.304871 46.695072 166.003510 91.371590 68.142372 87.419228 73.247086 89.803741 187.836487 115.755440               3375 
61.831272 178.331909 52.646427 47.844608 168.624512 93.867348 73.882538 89.554115 77.068756 91.549889 193.626480 113.725807               3392 
60.915184 179.894928 53.582623 46.612148 169.124466 94.303894 73.637001 89.922577 75.817619 90.310287 193.720978 114.677719               3409 
60.919891 180.177307 53.794109 46.405224 169.168655 94.299881 73.588493 89.776978 75.431885 90.164696 193.553864 114.795685               3418 
59.899311 180.168213 54.368313 45.613228 168.889938 94.758018 75.030060 89.116814 75.951248 89.214668 193.878143 114.860573               3435 
58.322487 179.713181 53.822742 45.374352 168.900360 94.742561 75.457283 88.263390 76.258636 89.617172 194.173904 113.002617               3444 
999.000000 999.000000 999.000000 999.000000 999.000000 999.000000 999.000000 999.000000 999.000000 999.000000 999.000000 999.000000             3462.0 
999.000000 999.000000 999.000000 999.000000 999.000000 999.000000 999.000000 999.000000 999.000000 999.000000 999.000000 999.000000             3470.0 
999.000000 999.000000 999.000000 999.000000 999.000000 999.000000 999.000000 999.000000 999.000000 999.000000 999.000000 999.000000             3487.0 
999.000000 999.000000 999.000000 999.000000 999.000000 999.000000 999.000000 999.000000 999.000000 999.000000 999.000000 999.000000             3497.0 
999.000000 999.000000 999.000000 999.000000 999.000000 999.000000 999.000000 999.000000 999.000000 999.000000 999.000000 999.000000             3505.0 
999.000000 999.000000 999.000000 999.000000 999.000000 999.000000 999.000000 999.000000 999.000000 999.000000 999.000000 999.000000             3514.0 
999.000000 999.000000 999.000000 999.000000 999.000000 999.000000 999.000000 999.000000 999.000000 999.000000 999.000000 999.000000             3531.0 
999.000000 999.000000 999.000000 999.000000 999.000000 999.000000 999.000000 999.000000 999.000000 999.000000 999.000000 999.000000             3539.0 
999.000000 999.000000 999.000000 999.000000 999.000000 999.000000 999.000000 999.000000 999.000000 999.000000 999.000000 999.000000             3548.0 
999.000000 999.000000 999.000000 999.000000 999.000000 999.000000 999.000000 999.000000 999.000000 999.000000 999.000000 999.000000             3574.0 
999.000000 999.000000 999.000000 999.000000 999.000000 999.000000 999.000000 999.000000 999.000000 999.000000 999.000000 999.000000             3583.0 
999.000000 999.000000 999.000000 999.000000 999.000000 999.000000 999.000000 999.000000 999.000000 999.000000 999.000000 999.000000             3591.0 
999.000000 999.000000 999.000000 999.000000 999.000000 999.000000 999.000000 999.000000 999.000000 999.000000 999.000000 999.000000             3600.0 
999.000000 999.000000 999.000000 999.000000 999.000000 999.000000 999.000000 999.000000 999.000000 999.000000 999.000000 999.000000             3609.0 
999.000000 999.000000 999.000000 999.000000 999.000000 999.000000 999.000000 999.000000 999.000000 999.000000 999.000000 999.000000             3618.0 
999.000000 999.000000 999.000000 999.000000 999.000000 999.000000 999.000000 999.000000 999.000000 999.000000 999.000000 999.000000             3626.0 
999.000000 999.000000 999.000000 999.000000 999.000000 999.000000 999.000000 999.000000 999.000000 999.000000 999.000000 999.000000             3635.0 
999.000000 999.000000 999.000000 999.000000 999.000000 999.000000 999.000000 999.000000 999.000000 999.000000 999.000000 999.000000             3647.0 
999.000000 999.000000 999.000000 999.000000 999.000000 999.000000 999.000000 999.000000 999.000000 999.000000 999.000000 999.000000             3656.0 
999.000000 999.000000 999.000000 999.000000 999.000000 999.000000 999.000000 999.000000 999.000000 999.000000 999.000000 999.000000             3672.0 
999.000000 999.000000 999.000000 999.000000 999.000000 999.000000 999.000000 999.000000 999.000000 999.000000 999.000000 999.000000             3690.0 
999.000000 999.000000 999.000000 999.000000 999.000000 999.000000 999.000000 999.000000 999.000000 999.000000 999.000000 999.000000             3708.0 
999.000000 999.000000 999.000000 999.000000 999.000000 999.000000 999.000000 999.000000 999.000000 999.000000 999.000000 999.000000             3727.0 
999.000000 999.000000 999.000000 999.000000 999.000000 999.000000 999.000000 999.000000 999.000000 999.000000 999.000000 999.000000             3746.0 
999.000000 999.000000 999.000000 999.000000 999.000000 999.000000 999.000000 999.000000 999.000000 999.000000 999.000000 999.000000             3765.0 
999.000000 999.000000 999.000000 999.000000 999.000000 999.000000 999.000000 999.000000 999.000000 999.000000 999.000000 999.000000             3785.0 
999.000000 999.000000 999.000000 999.000000 999.000000 999.000000 999.000000 999.000000 999.000000 999.000000 999.000000 999.000000             3804.0 
999.000000 999.000000 999.000000 999.000000 999.000000 999.000000 999.000000 999.000000 999.000000 999.000000 999.000000 999.000000             3823.0 
999.000000 999.000000 999.000000 999.000000 999.000000 999.000000 999.000000 999.000000 999.000000 999.000000 999.000000 999.000000             3843.0 
999.000000 999.000000 999.000000 999.000000 999.000000 999.000000 999.000000 999.000000 999.000000 999.000000 999.000000 999.000000             3862.0 
999.000000 999.000000 999.000000 999.000000 999.000000 999.000000 999.000000 999.000000 999.000000 999.000000 999.000000 999.000000             3881.0 
999.000000 999.000000 999.000000 999.000000 999.000000 999.000000 999.000000 999.000000 999.000000 999.000000 999.000000 999.000000             3901.0 
999.000000 999.000000 999.000000 999.000000 999.000000 999.000000 999.000000 999.000000 999.000000 999.000000 999.000000 999.000000             3920.0 
999.000000 999.000000 999.000000 999.000000 999.000000 999.000000 999.000000 999.000000 999.000000 999.000000 999.000000 999.000000             3939.0 
999.000000 999.000000 999.000000 999.000000 999.000000 999.000000 999.000000 999.000000 999.000000 999.000000 999.000000 999.000000             3958.0 
999.000000 999.000000 999.000000 999.000000 999.000000 999.000000 999.000000 999.000000 999.000000 999.000000 999.000000 999.000000             3978.0 
999.000000 999.000000 999.000000 999.000000 999.000000 999.000000 999.000000 999.000000 999.000000 999.000000 999.000000 999.000000             3997.0 
999.000000 999.000000 999.000000 999.000000 999.000000 999.000000 999.000000 999.000000 999.000000 999.000000 999.000000 999.000000             4016.0 
999.000000 999.000000 999.000000 999.000000 999.000000 999.000000 999.000000 999.000000 999.000000 999.000000 999.000000 999.000000             4035.0 
999.000000 999.000000 999.000000 999.000000 999.000000 999.000000 999.000000 999.000000 999.000000 999.000000 999.000000 999.000000             4055.0 
999.000000 999.000000 999.000000 999.000000 999.000000 999.000000 999.000000 999.000000 999.000000 999.000000 999.000000 999.000000             4074.0 
999.000000 999.000000 999.000000 999.000000 999.000000 999.000000 999.000000 999.000000 999.000000 999.000000 999.000000 999.000000             4093.0 
999.000000 999.000000 999.000000 999.000000 999.000000 999.000000 999.000000 999.000000 999.000000 999.000000 999.000000 999.000000             4113.0 
999.000000 999.000000 999.000000 999.000000 999.000000 999.000000 999.000000 999.000000 999.000000 999.000000 999.000000 999.000000             4132.0 
999.000000 999.000000 999.000000 999.000000 999.000000 999.000000 999.000000 999.000000 999.000000 999.000000 999.000000 999.000000             4151.0 
999.000000 999.000000 999.000000 999.000000 999.000000 999.000000 999.000000 999.000000 999.000000 999.000000 999.000000 999.000000             4171.0 
999.000000 999.000000 999.000000 999.000000 999.000000 999.000000 999.000000 999.000000 999.000000 999.000000 999.000000 999.000000             4190.0 
999.000000 999.000000 999.000000 999.000000 999.000000 999.000000 999.000000 999.000000 999.000000 999.000000 999.000000 999.000000             4209.0 
999.000000 999.000000 999.000000 999.000000 999.000000 999.000000 999.000000 999.000000 999.000000 999.000000 999.000000 999.000000             4229.0 
999.000000 999.000000 999.000000 999.000000 999.000000 999.000000 999.000000 999.000000 999.000000 999.000000 999.000000 999.000000             4248.0 
999.000000 999.000000 999.000000 999.000000 999.000000 999.000000 999.000000 999.000000 999.000000 999.000000 999.000000 999.000000             4267.0 
999.000000 999.000000 999.000000 999.000000 999.000000 999.000000 999.000000 999.000000 999.000000 999.000000 999.000000 999.000000             4286.0 
999.000000 999.000000 999.000000 999.000000 999.000000 999.000000 999.000000 999.000000 999.000000 999.000000 999.000000 999.000000             4306.0 
999.000000 999.000000 999.000000 999.000000 999.000000 999.000000 999.000000 999.000000 999.000000 999.000000 999.000000 999.000000             4325.0 
999.000000 999.000000 999.000000 999.000000 999.000000 999.000000 999.000000 999.000000 999.000000 999.000000 999.000000 999.000000             4344.0 
999.000000 999.000000 999.000000 999.000000 999.000000 999.000000 999.000000 999.000000 999.000000 999.000000 999.000000 999.000000             4364.0 
999.000000 999.000000 999.000000 999.000000 999.000000 999.000000 999.000000 999.000000 999.000000 999.000000 999.000000 999.000000             4383.0 
999.000000 999.000000 999.000000 999.000000 999.000000 999.000000 999.000000 999.000000 999.000000 999.000000 999.000000 999.000000             4402.0 
999.000000 999.000000 999.000000 999.000000 999.000000 999.000000 999.000000 999.000000 999.000000 999.000000 999.000000 999.000000             4422.0 
999.000000 999.000000 999.000000 999.000000 999.000000 999.000000 999.000000 999.000000 999.000000 999.000000 999.000000 999.000000             4441.0 
999.000000 999.000000 999.000000 999.000000 999.000000 999.000000 999.000000 999.000000 999.000000 999.000000 999.000000 999.000000             4460.0 
999.000000 999.000000 999.000000 999.000000 999.000000 999.000000 999.000000 999.000000 999.000000 999.000000 999.000000 999.000000             4480.0 
999.000000 999.000000 999.000000 999.000000 999.000000 999.000000 999.000000 999.000000 999.000000 999.000000 999.000000 999.000000             4499.0 
999.000000 999.000000 999.000000 999.000000 999.000000 999.000000 999.000000 999.000000 999.000000 999.000000 999.000000 999.000000             4518.0 
999.000000 999.000000 999.000000 999.000000 999.000000 999.000000 999.000000 999.000000 999.000000 999.000000 999.000000 999.000000             4537.0 
999.000000 999.000000 999.000000 999.000000 999.000000 999.000000 999.000000 999.000000 999.000000 999.000000 999.000000 999.000000             4556.0 
999.000000 999.000000 999.000000 999.000000 999.000000 999.000000 999.000000 999.000000 999.000000 999.000000 999.000000 999.000000             4576.0 
999.000000 999.000000 999.000000 999.000000 999.000000 999.000000 999.000000 999.000000 999.000000 999.000000 999.000000 999.000000             4595.0 
999.000000 999.000000 999.000000 999.000000 999.000000 999.000000 999.000000 999.000000 999.000000 999.000000 999.000000 999.000000             4614.0 
999.000000 999.000000 999.000000 999.000000 999.000000 999.000000 999.000000 999.000000 999.000000 999.000000 999.000000 999.000000             4634.0 
999.000000 999.000000 999.000000 999.000000 999.000000 999.000000 999.000000 999.000000 999.000000 999.000000 999.000000 999.000000             4653.0 
999.000000 999.000000 999.000000 999.000000 999.000000 999.000000 999.000000 999.000000 999.000000 999.000000 999.000000 999.000000             4672.0 
999.000000 999.000000 999.000000 999.000000 999.000000 999.000000 999.000000 999.000000 999.000000 999.000000 999.000000 999.000000             4692.0 
999.000000 999.000000 999.000000 999.000000 999.000000 999.000000 999.000000 999.000000 999.000000 999.000000 999.000000 999.000000             4711.0 
999.000000 999.000000 999.000000 999.000000 999.000000 999.000000 999.000000 999.000000 999.000000 999.000000 999.000000 999.000000             4730.0 
999.000000 999.000000 999.000000 999.000000 999.000000 999.000000 999.000000 999.000000 999.000000 999.000000 999.000000 999.000000             4750.0 
999.000000 999.000000 999.000000 999.000000 999.000000 999.000000 999.000000 999.000000 999.000000 999.000000 999.000000 999.000000             4769.0 
999.000000 999.000000 999.000000 999.000000 999.000000 999.000000 999.000000 999.000000 999.000000 999.000000 999.000000 999.000000             4788.0 
999.000000 999.000000 999.000000 999.000000 999.000000 999.000000 999.000000 999.000000 999.000000 999.000000 999.000000 999.000000             4807.0 
999.000000 999.000000 999.000000 999.000000 999.000000 999.000000 999.000000 999.000000 999.000000 999.000000 999.000000 999.000000             4827.0 
999.000000 999.000000 999.000000 999.000000 999.000000 999.000000 999.000000 999.000000 999.000000 999.000000 999.000000 999.000000             4846.0 
999.000000 999.000000 999.000000 999.000000 999.000000 999.000000 999.000000 999.000000 999.000000 999.000000 999.000000 999.000000             4865.0 
999.000000 999.000000 999.000000 999.000000 999.000000 999.000000 999.000000 999.000000 999.000000 999.000000 999.000000 999.000000             4885.0 
999.000000 999.000000 999.000000 999.000000 999.000000 999.000000 999.000000 999.000000 999.000000 999.000000 999.000000 999.000000             4904.0 
999.000000 999.000000 999.000000 999.000000 999.000000 999.000000 999.000000 999.000000 999.000000 999.000000 999.000000 999.000000             4923.0 
999.000000 999.000000 999.000000 999.000000 999.000000 999.000000 999.000000 999.000000 999.000000 999.000000 999.000000 999.000000             4943.0 
999.000000 999.000000 999.000000 999.000000 999.000000 999.000000 999.000000 999.000000 999.000000 999.000000 999.000000 999.000000             4962.0 
999.000000 999.000000 999.000000 999.000000 999.000000 999.000000 999.000000 999.000000 999.000000 999.000000 999.000000 999.000000             4981.0 
999.000000 999.000000 999.000000 999.000000 999.000000 999.000000 999.000000 999.000000 999.000000 999.000000 999.000000 999.000000             5000.0 
999.000000 999.000000 999.000000 999.000000 999.000000 999.000000 999.000000 999.000000 999.000000 999.000000 999.000000 999.000000             5020.0 
999.000000 999.000000 999.000000 999.000000 999.000000 999.000000 999.000000 999.000000 999.000000 999.000000 999.000000 999.000000             5039.0 
999.000000 999.000000 999.000000 999.000000 999.000000 999.000000 999.000000 999.000000 999.000000 999.000000 999.000000 999.000000             5058.0 
999.000000 999.000000 999.000000 999.000000 999.000000 999.000000 999.000000 999.000000 999.000000 999.000000 999.000000 999.000000             5078.0 
999.000000 999.000000 999.000000 999.000000 999.000000 999.000000 999.000000 999.000000 999.000000 999.000000 999.000000 999.000000             5097.0 
999.000000 999.000000 999.000000 999.000000 999.000000 999.000000 999.000000 999.000000 999.000000 999.000000 999.000000 999.000000             5116.0 
999.000000 999.000000 999.000000 999.000000 999.000000 999.000000 999.000000 999.000000 999.000000 999.000000 999.000000 999.000000             5136.0 
999.000000 999.000000 999.000000 999.000000 999.000000 999.000000 999.000000 999.000000 999.000000 999.000000 999.000000 999.000000             5155.0 
999.000000 999.000000 999.000000 999.000000 999.000000 999.000000 999.000000 999.000000 999.000000 999.000000 999.000000 999.000000             5174.0 
999.000000 999.000000 999.000000 999.000000 999.000000 999.000000 999.000000 999.000000 999.000000 999.000000 999.000000 999.000000             5193.0 
999.000000 999.000000 999.000000 999.000000 999.000000 999.000000 999.000000 999.000000 999.000000 999.000000 999.000000 999.000000             5213.0 
999.000000 999.000000 999.000000 999.000000 999.000000 999.000000 999.000000 999.000000 999.000000 999.000000 999.000000 999.000000             5232.0 
999.000000 999.000000 999.000000 999.000000 999.000000 999.000000 999.000000 999.000000 999.000000 999.000000 999.000000 999.000000             5251.0 
999.000000 999.000000 999.000000 999.000000 999.000000 999.000000 999.000000 999.000000 999.000000 999.000000 999.000000 999.000000             5271.0 
999.000000 999.000000 999.000000 999.000000 999.000000 999.000000 999.000000 999.000000 999.000000 999.000000 999.000000 999.000000             5290.0 
999.000000 999.000000 999.000000 999.000000 999.000000 999.000000 999.000000 999.000000 999.000000 999.000000 999.000000 999.000000             5309.0 
999.000000 999.000000 999.000000 999.000000 999.000000 999.000000 999.000000 999.000000 999.000000 999.000000 999.000000 999.000000             5328.0 
999.000000 999.000000 999.000000 999.000000 999.000000 999.000000 999.000000 999.000000 999.000000 999.000000 999.000000 999.000000             5348.0 
999.000000 999.000000 999.000000 999.000000 999.000000 999.000000 999.000000 999.000000 999.000000 999.000000 999.000000 999.000000             5367.0 
999.000000 999.000000 999.000000 999.000000 999.000000 999.000000 999.000000 999.000000 999.000000 999.000000 999.000000 999.000000             5386.0 
999.000000 999.000000 999.000000 999.000000 999.000000 999.000000 999.000000 999.000000 999.000000 999.000000 999.000000 999.000000             5406.0 
999.000000 999.000000 999.000000 999.000000 999.000000 999.000000 999.000000 999.000000 999.000000 999.000000 999.000000 999.000000             5428.0 
999.000000 999.000000 999.000000 999.000000 999.000000 999.000000 999.000000 999.000000 999.000000 999.000000 999.000000 999.000000             5444.0 
999.000000 999.000000 999.000000 999.000000 999.000000 999.000000 999.000000 999.000000 999.000000 999.000000 999.000000 999.000000             5464.0 
999.000000 999.000000 999.000000 999.000000 999.000000 999.000000 999.000000 999.000000 999.000000 999.000000 999.000000 999.000000             5483.0 
999.000000 999.000000 999.000000 999.000000 999.000000 999.000000 999.000000 999.000000 999.000000 999.000000 999.000000 999.000000             5502.0 
999.000000 999.000000 999.000000 999.000000 999.000000 999.000000 999.000000 999.000000 999.000000 999.000000 999.000000 999.000000             5521.0 
999.000000 999.000000 999.000000 999.000000 999.000000 999.000000 999.000000 999.000000 999.000000 999.000000 999.000000 999.000000             5541.0 
999.000000 999.000000 999.000000 999.000000 999.000000 999.000000 999.000000 999.000000 999.000000 999.000000 999.000000 999.000000             5560.0 
999.000000 999.000000 999.000000 999.000000 999.000000 999.000000 999.000000 999.000000 999.000000 999.000000 999.000000 999.000000             5579.0 
999.000000 999.000000 999.000000 999.000000 999.000000 999.000000 999.000000 999.000000 999.000000 999.000000 999.000000 999.000000             5599.0 
999.000000 999.000000 999.000000 999.000000 999.000000 999.000000 999.000000 999.000000 999.000000 999.000000 999.000000 999.000000             5618.0 
999.000000 999.000000 999.000000 999.000000 999.000000 999.000000 999.000000 999.000000 999.000000 999.000000 999.000000 999.000000             5637.0 
999.000000 999.000000 999.000000 999.000000 999.000000 999.000000 999.000000 999.000000 999.000000 999.000000 999.000000 999.000000             5656.0 
999.000000 999.000000 999.000000 999.000000 999.000000 999.000000 999.000000 999.000000 999.000000 999.000000 999.000000 999.000000             5676.0 
999.000000 999.000000 999.000000 999.000000 999.000000 999.000000 999.000000 999.000000 999.000000 999.000000 999.000000 999.000000             5695.0 
999.000000 999.000000 999.000000 999.000000 999.000000 999.000000 999.000000 999.000000 999.000000 999.000000 999.000000 999.000000             5714.0 
999.000000 999.000000 999.000000 999.000000 999.000000 999.000000 999.000000 999.000000 999.000000 999.000000 999.000000 999.000000             5734.0 
999.000000 999.000000 999.000000 999.000000 999.000000 999.000000 999.000000 999.000000 999.000000 999.000000 999.000000 999.000000             5753.0 
999.000000 999.000000 999.000000 999.000000 999.000000 999.000000 999.000000 999.000000 999.000000 999.000000 999.000000 999.000000             5772.0 
999.000000 999.000000 999.000000 999.000000 999.000000 999.000000 999.000000 999.000000 999.000000 999.000000 999.000000 999.000000             5791.0 
999.000000 999.000000 999.000000 999.000000 999.000000 999.000000 999.000000 999.000000 999.000000 999.000000 999.000000 999.000000             5811.0 
999.000000 999.000000 999.000000 999.000000 999.000000 999.000000 999.000000 999.000000 999.000000 999.000000 999.000000 999.000000             5830.0 
999.000000 999.000000 999.000000 999.000000 999.000000 999.000000 999.000000 999.000000 999.000000 999.000000 999.000000 999.000000             5849.0 
999.000000 999.000000 999.000000 999.000000 999.000000 999.000000 999.000000 999.000000 999.000000 999.000000 999.000000 999.000000             5869.0 
999.000000 999.000000 999.000000 999.000000 999.000000 999.000000 999.000000 999.000000 999.000000 999.000000 999.000000 999.000000             5927.0 
999.000000 999.000000 999.000000 999.000000 999.000000 999.000000 999.000000 999.000000 999.000000 999.000000 999.000000 999.000000             5946.0 
999.000000 999.000000 999.000000 999.000000 999.000000 999.000000 999.000000 999.000000 999.000000 999.000000 999.000000 999.000000             5965.0 
999.000000 999.000000 999.000000 999.000000 999.000000 999.000000 999.000000 999.000000 999.000000 999.000000 999.000000 999.000000             5984.0 
999.000000 999.000000 999.000000 999.000000 999.000000 999.000000 999.000000 999.000000 999.000000 999.000000 999.000000 999.000000             6004.0 
999.000000 999.000000 999.000000 999.000000 999.000000 999.000000 999.000000 999.000000 999.000000 999.000000 999.000000 999.000000             6023.0 
999.000000 999.000000 999.000000 999.000000 999.000000 999.000000 999.000000 999.000000 999.000000 999.000000 999.000000 999.000000             6042.0 
999.000000 999.000000 999.000000 999.000000 999.000000 999.000000 999.000000 999.000000 999.000000 999.000000 999.000000 999.000000             6062.0 
999.000000 999.000000 999.000000 999.000000 999.000000 999.000000 999.000000 999.000000 999.000000 999.000000 999.000000 999.000000             6081.0 
999.000000 999.000000 999.000000 999.000000 999.000000 999.000000 999.000000 999.000000 999.000000 999.000000 999.000000 999.000000             6100.0 
999.000000 999.000000 999.000000 999.000000 999.000000 999.000000 999.000000 999.000000 999.000000 999.000000 999.000000 999.000000             6119.0 
999.000000 999.000000 999.000000 999.000000 999.000000 999.000000 999.000000 999.000000 999.000000 999.000000 999.000000 999.000000             6139.0 
999.000000 999.000000 999.000000 999.000000 999.000000 999.000000 999.000000 999.000000 999.000000 999.000000 999.000000 999.000000             6158.0 
999.000000 999.000000 999.000000 999.000000 999.000000 999.000000 999.000000 999.000000 999.000000 999.000000 999.000000 999.000000             6178.0 
999.000000 999.000000 999.000000 999.000000 999.000000 999.000000 999.000000 999.000000 999.000000 999.000000 999.000000 999.000000             6197.0 
999.000000 999.000000 999.000000 999.000000 999.000000 999.000000 999.000000 999.000000 999.000000 999.000000 999.000000 999.000000             6216.0 
999.000000 999.000000 999.000000 999.000000 999.000000 999.000000 999.000000 999.000000 999.000000 999.000000 999.000000 999.000000             6237.0 
999.000000 999.000000 999.000000 999.000000 999.000000 999.000000 999.000000 999.000000 999.000000 999.000000 999.000000 999.000000             6255.0 
999.000000 999.000000 999.000000 999.000000 999.000000 999.000000 999.000000 999.000000 999.000000 999.000000 999.000000 999.000000             6274.0 
