8.923951 188.967667 122.927231 78.534157 198.296722 101.292641 29.990742 185.173279 118.092575 122.936729 176.289886 94.456512                  0 
8.803973 188.423050 122.935425 78.495956 198.749130 102.051781 29.963833 184.931320 118.311455 123.249916 177.352066 95.581032                 19 
8.891347 187.587357 122.926529 78.598633 198.574127 102.457382 30.081877 184.278000 118.337555 123.481956 177.499649 95.825989                 39 
9.115710 187.110703 123.032967 78.749504 198.586426 102.603691 30.315611 183.944138 118.414124 123.727837 177.777618 95.779877                 59 
9.279605 186.767822 123.105270 78.857796 198.595276 102.708702 30.485088 183.705887 118.468643 123.903999 177.979156 95.748985                 79 
9.600080 186.184586 123.177277 79.137558 198.509171 102.958069 30.821480 183.266968 118.546814 124.286797 178.163330 95.871849                 98 
9.906422 185.713272 123.354828 79.389328 198.367691 103.172646 31.124540 182.887177 118.678680 124.568100 178.178406 95.831505                118 
10.325711 185.329132 123.463242 79.739738 198.244873 103.230202 31.536367 182.578186 118.733971 124.939156 178.186752 95.660095                138 
10.281262 185.303375 123.491219 79.727966 198.378006 103.493729 31.517469 182.611877 118.867905 125.026207 178.445633 96.186775                158 
10.326010 185.237885 123.494705 79.779594 198.390610 103.592094 31.569538 182.576111 118.912033 125.114388 178.512863 96.363457                179 
10.357542 185.082062 123.453056 79.841965 198.294113 103.717430 31.607887 182.440033 118.914688 125.196114 178.443130 96.536774                199 
10.361532 185.037415 123.421524 79.855774 198.280167 103.760635 31.614380 182.408966 118.911102 125.224091 178.447586 96.618790                220 
10.327519 184.996841 123.366432 79.841370 198.251862 103.802101 31.582905 182.375397 118.887184 125.217628 178.423035 96.700333                241 
10.286331 184.968521 123.314827 79.816864 198.236679 103.837578 31.543898 182.354507 118.864883 125.201500 178.413177 96.774597                262 
10.580257 184.522964 122.885910 80.225380 197.685226 103.767761 31.818336 181.848587 118.401627 125.461609 177.673569 96.295227                283 
12.253259 185.004562 122.730736 81.753784 198.025833 103.017464 33.434135 182.283173 118.031548 126.840889 177.893890 94.987541                305 
12.070405 185.329224 122.604729 81.659935 198.111359 103.066895 33.259056 182.545349 117.998566 126.733353 177.848694 95.293022                327 
11.701162 186.050827 122.446587 81.415504 198.386169 103.084106 32.905025 183.156006 118.001938 126.485207 177.912643 95.860680                348 
11.082131 186.521683 122.217262 80.974556 198.376617 103.217232 32.300739 183.498886 117.953026 126.005394 177.645767 96.503281                369 
10.014650 186.317581 121.746788 80.007515 197.889954 102.959923 31.227354 183.208832 117.536118 124.957748 176.963821 96.311966                389 
9.220840 186.193848 121.510681 79.269356 197.592117 102.842163 30.427086 183.032867 117.327965 124.165085 176.543564 96.212410                410 
8.991138 186.692139 121.762505 79.031357 197.792175 102.900627 30.187124 183.461502 117.601967 123.895828 176.615463 96.470451                431 
8.944731 186.988754 121.954781 78.956123 197.909821 102.898476 30.129610 183.718918 117.789009 123.798386 176.660995 96.551804                451 
8.822792 186.880646 121.926811 78.843071 197.706985 102.864639 30.001062 183.586090 117.767067 123.659019 176.400208 96.526382                471 
8.719836 186.842148 121.899040 78.737427 197.600037 102.803696 29.892174 183.531937 117.741592 123.537300 176.256287 96.476196                491 
8.642272 186.812851 121.877731 78.656906 197.518509 102.757240 29.809542 183.491364 117.723083 123.444519 176.146606 96.437996                511 
8.331078 186.140350 121.530457 78.479485 196.546310 102.752686 29.467358 182.696838 117.336899 123.054726 174.859146 96.019455                531 
8.068827 185.791489 121.281830 78.275894 196.039459 102.651924 29.181465 182.282883 117.042381 122.718300 174.180450 95.603683                551 
7.899477 185.623154 121.153648 78.133087 195.796249 102.597397 28.998898 182.084717 116.891342 122.508400 173.855286 95.382996                571 
7.753844 185.351349 121.315125 77.899559 196.012604 102.715096 28.877598 181.966904 117.066338 122.444954 174.396454 95.568672                590 
7.747237 185.147949 121.345505 77.839951 196.180801 102.776878 28.891886 181.881454 117.126450 122.518852 174.812561 95.718857                611 
7.711377 185.003510 121.421127 77.743134 196.418274 102.867325 28.883667 181.865662 117.260902 122.590569 175.331604 96.034935                632 
7.677417 184.853149 121.450012 77.696098 196.417664 102.953590 28.859776 181.765335 117.321304 122.604362 175.434875 96.201378                652 
7.669011 184.776993 121.463409 77.672882 196.428299 102.978973 28.855099 181.719315 117.348709 122.614815 175.506348 96.262093                673 
7.695079 184.736984 121.484642 77.679482 196.440857 102.973854 28.880674 181.698853 117.370987 122.639618 175.556686 96.261269                696 
7.758568 184.734482 121.609398 77.709686 196.527054 103.041267 28.945637 181.728394 117.495201 122.704323 175.710617 96.349419                716 
7.925443 184.942169 121.890656 77.826508 196.802307 103.191071 29.120470 181.974609 117.806931 122.896118 176.084259 96.701546                737 
8.054504 185.113770 122.066925 77.920448 196.954681 103.237038 29.249350 182.153946 117.993149 123.018936 176.264053 96.861641                759 
8.157294 185.332169 122.268501 77.978249 197.158340 103.275612 29.350887 182.382462 118.197166 123.106987 176.501907 97.004227                781 
8.110114 185.464798 122.308556 77.938423 197.127197 103.253639 29.296480 182.473862 118.245712 123.037598 176.387238 97.045563                803 
8.134680 185.578629 122.388451 77.950844 197.061279 103.192299 29.306717 182.539688 118.302490 123.000832 176.220779 96.963821                826 
8.154925 185.701660 122.451057 77.954338 197.010559 103.103081 29.312725 182.617218 118.341034 122.958282 176.075897 96.857613                849 
8.172775 185.805725 122.503120 77.957275 196.967819 103.027893 29.318216 182.683182 118.373482 122.922318 175.953812 96.768593                871 
8.166945 185.937332 122.542961 77.937706 196.968002 102.955063 29.302937 182.782990 118.403984 122.876015 175.890564 96.717087                894 
8.127843 186.100235 122.547516 77.898956 196.963684 102.878487 29.253496 182.902054 118.404068 122.797585 175.795532 96.662071                918 
8.156414 186.161240 122.594444 77.915749 196.948608 102.852585 29.274403 182.944489 118.440704 122.794212 175.740326 96.627258                941 
8.100246 186.410492 122.654449 77.862183 197.032776 102.842888 29.211742 183.154312 118.512619 122.716591 175.748795 96.703232                965 
7.827014 186.378860 122.514481 77.689445 196.681885 102.899704 28.924309 183.017700 118.398193 122.423721 175.156204 96.726234                989 
7.598091 186.352783 122.398804 77.542931 196.384262 102.947899 28.682446 182.902954 118.303474 122.174156 174.654648 96.743057               1012 
7.552336 186.428375 122.321884 77.503593 196.339783 102.842667 28.626629 182.943497 118.218140 122.092102 174.531143 96.608139               1036 
7.601727 187.071594 122.364998 77.546059 196.591492 102.676819 28.660591 183.491913 118.277229 122.076088 174.608337 96.640388               1060 
7.644674 187.612732 122.396507 77.581833 196.803589 102.537071 28.690355 183.954483 118.323868 122.063499 174.677063 96.670181               1084 
7.676652 188.000229 122.416382 77.607491 196.955673 102.436867 28.712492 184.286697 118.355934 122.055000 174.728485 96.692963               1107 
7.632305 188.092041 122.344131 77.601372 196.840073 102.415993 28.655293 184.314255 118.289459 121.973503 174.468109 96.651443               1130 
7.588717 188.184158 122.272530 77.595238 196.724228 102.395081 28.598597 184.342026 118.223335 121.891319 174.207520 96.609200               1153 
7.554049 188.259796 122.214378 77.590202 196.629181 102.377922 28.552715 184.365204 118.169884 121.823532 173.994034 96.574074               1176 
7.526279 188.322342 122.166725 77.586052 196.550659 102.363747 28.515282 184.384720 118.126373 121.767258 173.817841 96.544724               1199 
7.503781 188.374588 122.127205 77.582581 196.485107 102.351913 28.484385 184.401306 118.090569 121.720108 173.670868 96.520004               1222 
7.520342 188.365631 122.121719 77.591072 196.513290 102.342041 28.501774 184.405838 118.088539 121.743019 173.724991 96.517822               1245 
7.528015 188.351105 122.158089 77.580780 196.699722 102.407433 28.531351 184.466064 118.178894 121.847801 174.083664 96.789024               1269 
7.550915 188.281021 122.345901 77.554726 196.881683 102.538422 28.568802 184.480057 118.374313 121.923042 174.449539 96.982010               1292 
7.544934 188.094040 122.490044 77.518555 196.896988 102.673370 28.566629 184.349167 118.497604 121.928452 174.571030 97.022285               1315 
7.506293 187.945038 122.577019 77.460884 196.919189 102.778336 28.532625 184.248215 118.576027 121.909035 174.684601 97.068108               1338 
7.475115 187.822449 122.647964 77.413460 196.937439 102.864647 28.504934 184.165466 118.640480 121.893013 174.778229 97.106102               1361 
7.450009 187.721680 122.705864 77.374496 196.952438 102.935562 28.482395 184.097702 118.693527 121.879814 174.855347 97.137535               1386 
7.429811 187.638870 122.753159 77.342491 196.964767 102.993820 28.464050 184.042267 118.737228 121.868942 174.918808 97.163506               1409 
7.412879 187.567932 122.793480 77.315063 196.975311 103.043732 28.448477 183.994965 118.774818 121.859612 174.973251 97.185860               1433 
7.398697 187.507156 122.827873 77.291580 196.984360 103.086487 28.435255 183.954636 118.807159 121.851601 175.019958 97.205078               1457 
7.461284 184.599731 122.575035 76.777069 198.885498 103.720810 28.716930 182.475601 118.712334 122.707649 179.928925 97.919792               1481 
7.703854 183.363419 122.547211 76.771515 199.060471 103.913971 28.994579 181.653717 118.683266 123.030121 180.972229 97.949226               1506 
7.830464 183.143997 122.560905 76.848366 199.083954 103.956940 29.127800 181.511078 118.710365 123.175346 181.161301 98.023033               1526 
8.265170 182.526474 122.617317 76.999321 199.837769 104.197220 29.607660 181.331741 118.868141 123.728424 182.885330 98.573387               1546 
8.620046 182.058380 122.673561 77.114700 200.413940 104.380875 29.989664 181.199844 118.998825 124.135750 184.210312 98.987823               1566 
8.952116 180.192673 122.167274 77.343536 199.601761 104.598114 30.326807 179.595078 118.481659 124.463249 183.882706 98.659599               1586 
9.304818 178.019119 121.690414 77.433716 198.903168 104.814438 30.681625 177.823929 117.984825 124.744453 184.001755 98.313339               1605 
9.687424 177.178848 121.632103 77.818451 198.212738 104.960503 31.062159 177.015823 117.923927 125.123978 183.364166 98.302460               1625 
9.806618 176.933716 121.688316 77.894073 198.096161 105.009598 31.179182 176.811218 117.976517 125.224236 183.334839 98.332687               1643 
10.699287 176.400787 121.779007 78.760345 197.450928 104.860542 32.048008 176.233047 117.944504 125.999786 182.576874 97.802246               1661 
11.068998 175.952957 121.777824 79.201973 196.898605 105.028145 32.413555 175.739471 117.932655 126.379356 181.908615 97.802055               1679 
11.090084 175.720337 121.730194 79.288795 196.623734 105.204956 32.438480 175.486465 117.917778 126.446594 181.579910 97.962875               1697 
11.006437 175.735031 121.692749 79.229950 196.609650 105.241829 32.357601 175.493210 117.906456 126.390251 181.546844 98.055794               1715 
11.155187 175.757462 121.728714 79.450729 196.362701 105.245247 32.498547 175.428482 117.915138 126.531502 181.102676 97.954567               1733 
11.035876 175.813934 121.677322 79.374092 196.347092 105.289063 32.381916 175.462341 117.890694 126.444992 181.034897 98.044182               1751 
11.367451 175.908234 121.673286 79.759300 196.133087 105.134079 32.694187 175.453201 117.799728 126.708015 180.584946 97.604515               1769 
11.985779 175.785446 121.610062 80.445145 195.780029 105.078125 33.289593 175.239990 117.633003 127.245712 180.017670 97.085854               1788 
11.952518 175.992203 121.612427 80.531830 195.637833 105.167305 33.253700 175.336151 117.647240 127.246407 179.629425 97.160995               1807 
13.015450 177.192276 122.225853 81.794037 195.187286 104.763161 34.235706 176.028717 117.963432 128.002609 178.069946 96.138405               1826 
14.071613 178.068771 122.791786 82.948029 194.835663 104.518311 35.214909 176.528107 118.282059 128.739670 176.897919 95.353966               1845 
14.579086 178.476410 123.034027 83.508888 194.699265 104.479645 35.691406 176.770859 118.446930 129.127365 176.403946 95.159912               1863 
15.033822 178.685638 123.151077 83.994873 194.514481 104.380402 36.123867 176.862762 118.514511 129.494965 175.965652 94.983360               1882 
15.079014 178.801804 123.195023 84.086426 194.455902 104.454788 36.168816 176.928864 118.584946 129.560333 175.798996 95.145363               1901 
14.939831 179.192841 123.321396 84.020554 194.669174 104.710472 36.047775 177.278076 118.820198 129.535950 175.927719 95.781357               1920 
15.005127 179.281387 123.352486 84.083435 194.686264 104.679886 36.109325 177.348267 118.849159 129.587570 175.905518 95.776016               1939 
14.975203 179.286133 123.341011 84.097466 194.558136 104.728348 36.078384 177.313232 118.857681 129.573288 175.690109 95.864502               1959 
14.719322 179.391037 123.328728 83.885567 194.626389 104.856262 35.837086 177.413986 118.923996 129.405273 175.752197 96.233986               1978 
14.609702 179.449265 123.304855 83.784393 194.583374 104.787132 35.732292 177.452011 118.940056 129.325516 175.671448 96.362900               1998 
14.471514 179.475952 123.265198 83.664185 194.476685 104.712395 35.597794 177.448425 118.939903 129.215363 175.505600 96.477699               2018 
14.317569 179.487579 123.240425 83.510918 194.398285 104.623665 35.445820 177.442261 118.940475 129.075058 175.394852 96.536613               2037 
14.151730 179.556503 123.253677 83.347641 194.376877 104.580528 35.282585 177.493851 118.982414 128.926620 175.342850 96.650528               2057 
13.758886 179.247162 123.028816 82.992149 193.850510 104.329124 34.870865 177.109985 118.708527 128.464005 174.646469 96.196594               2077 
13.250599 178.822754 122.788040 82.551315 193.043671 104.049393 34.322018 176.548141 118.348816 127.796822 173.525543 95.417564               2097 
13.146066 178.867615 122.896889 82.437195 193.009796 104.069344 34.208298 176.569992 118.433075 127.650513 173.440933 95.383896               2118 
12.666262 178.363647 122.652382 82.110535 192.104965 104.100082 33.700878 175.921539 118.142273 127.103897 172.210510 95.021027               2139 
12.766723 178.558563 122.762573 82.192902 192.200333 104.075417 33.791958 176.089874 118.230049 127.158501 172.249146 94.983269               2161 
13.556513 179.421829 123.373413 82.823944 192.796722 103.925392 34.544796 176.890976 118.712364 127.723572 172.722076 94.779198               2183 
13.519648 180.331009 123.846390 82.823502 193.340759 104.286179 34.511234 177.710526 119.256706 127.719200 173.087845 95.521652               2205 
13.145781 181.356171 124.117104 82.508476 194.040604 104.557053 34.153389 178.663788 119.650337 127.444565 173.654495 96.324432               2226 
12.790109 182.303421 124.261665 82.179611 194.714615 104.626778 33.808952 179.555817 119.888863 127.154343 174.234589 96.850975               2247 
12.571032 182.886154 124.349472 81.975723 195.132492 104.670006 33.596554 180.107010 120.035713 126.975471 174.601715 97.177925               2268 
12.266031 183.791275 124.443115 81.621849 195.553543 104.306435 33.279881 180.907730 120.147583 126.602303 174.843842 97.200874               2288 
11.971652 184.376129 124.450424 81.288605 195.846970 104.018997 32.981709 181.437897 120.180161 126.279869 175.057724 97.220818               2309 
12.039846 184.307968 124.488220 81.287560 195.696014 103.782295 33.028561 181.345688 120.136887 126.227791 174.854065 96.810196               2329 
12.058386 184.115662 124.561890 81.261169 195.471710 103.693573 33.027691 181.136429 120.135612 126.144012 174.582230 96.497643               2348 
12.418692 183.611877 124.447945 81.537247 195.368225 103.529266 33.373829 180.725220 119.904182 126.413498 174.639771 95.843246               2409 
12.444576 183.496155 124.420982 81.560753 195.318909 103.534210 33.397297 180.622620 119.860817 126.429153 174.609467 95.751663               2429 
12.356234 183.267731 124.311134 81.522034 195.182526 103.646706 33.311558 180.406982 119.760872 126.374580 174.481720 95.750679               2449 
12.161378 183.220703 124.152641 81.369415 195.204285 103.674850 33.125477 180.375931 119.638885 126.239220 174.530273 95.806740               2469 
11.994690 183.180939 124.016434 81.238472 195.222946 103.698997 32.966125 180.349808 119.534210 126.123024 174.571808 95.854942               2489 
11.839664 183.164047 123.890282 81.111740 195.254333 103.703056 32.817234 180.344803 119.435356 126.010254 174.623688 95.885002               2510 
11.714251 183.150604 123.787819 81.008904 195.279800 103.706352 32.696594 180.341064 119.355270 125.918701 174.665710 95.909447               2531 
11.304363 182.564987 123.337692 80.714874 194.836227 103.753395 32.302223 179.777878 118.970886 125.626846 174.247818 95.901436               2553 
10.236569 182.410934 123.307144 79.716019 194.568558 103.901955 31.272232 179.624374 119.132088 124.762962 174.014633 96.765396               2575 
9.638714 182.719193 123.564705 79.092407 194.736145 103.985130 30.682013 179.919388 119.443489 124.194443 174.184036 97.199928               2597 
9.286930 182.739594 123.594261 78.777634 194.534119 104.015266 30.317484 179.869720 119.462257 123.800690 173.826813 97.177582               2619 
9.045632 182.753616 123.615112 78.560867 194.394989 104.036026 30.066967 179.835754 119.475853 123.529198 173.581116 97.161896               2640 
8.874344 182.763611 123.630203 78.406418 194.295853 104.050812 29.888775 179.811783 119.486008 123.335602 173.406219 97.150566               2661 
8.746132 182.771133 123.641655 78.290398 194.221390 104.061920 29.755117 179.793930 119.493965 123.190079 173.274918 97.141975               2682 
8.613610 182.843750 123.653381 78.162003 194.218964 104.049019 29.617710 179.845322 119.502190 123.039825 173.226715 97.125992               2703 
8.505501 182.903152 123.662910 78.057014 194.216995 104.038467 29.505445 179.887466 119.509033 122.916924 173.187317 97.112961               2724 
8.395894 182.985138 123.676529 77.947647 194.238235 104.022385 29.391718 179.953079 119.519569 122.791611 173.173813 97.099213               2745 
8.304973 183.053345 123.687775 77.856705 194.255905 104.009010 29.297228 180.007751 119.528427 122.687393 173.162582 97.087822               2766 
8.205859 183.464935 123.849846 77.752106 194.464981 104.042137 29.188770 180.368408 119.686722 122.546242 173.272232 97.188324               2787 
8.147115 183.582520 123.843742 77.712799 194.472656 104.047760 29.126045 180.454712 119.689598 122.479538 173.213333 97.221214               2808 
7.900977 184.254715 123.918205 77.515038 194.749512 104.083252 28.868067 181.019623 119.792580 122.200256 173.272797 97.404671               2833 
7.760504 184.858231 124.459900 77.290741 195.271713 104.294502 28.721731 181.621475 120.310852 122.003975 173.816299 97.736000               2852 
7.653877 185.238846 124.517334 77.181793 195.620438 104.331535 28.629040 182.015198 120.434586 121.963959 174.218445 98.075806               2872 
7.525839 185.584900 124.429565 77.106926 195.796936 104.344948 28.508732 182.324753 120.422127 121.894875 174.333023 98.348114               2894 
7.469680 186.145050 124.575035 77.071281 196.039825 104.406891 28.443808 182.805984 120.592468 121.808960 174.426483 98.573738               2916 
7.471792 186.318253 124.607162 77.071060 196.069107 104.364906 28.435778 182.938980 120.610779 121.766335 174.371964 98.517876               2938 
7.504200 186.822861 124.775894 77.090965 196.264648 104.348885 28.451187 183.364258 120.763847 121.718506 174.414001 98.556343               2960 
7.522015 187.168243 124.820206 77.116623 196.362137 104.310806 28.458122 183.645401 120.812775 121.692024 174.386047 98.591888               2982 
7.536314 187.434586 124.853157 77.136406 196.437347 104.281433 28.463810 183.862473 120.849823 121.671585 174.365021 98.620026               3004 
7.548696 187.657852 124.879959 77.153000 196.500412 104.256805 28.468813 184.044617 120.880424 121.654449 174.347748 98.644104               3026 
7.518776 187.741028 124.867134 77.128593 196.482925 104.223396 28.430145 184.096008 120.856110 121.589172 174.258606 98.570297               3048 
7.513891 187.820572 124.860359 77.124336 196.478073 104.186859 28.417807 184.150055 120.839096 121.553040 174.197342 98.505257               3070 
7.509731 187.891830 124.854332 77.120522 196.473724 104.154121 28.406860 184.198547 120.823959 121.520584 174.142487 98.446968               3092 
7.361670 187.717865 124.693794 76.971626 196.090836 103.908997 28.222534 183.936783 120.563461 121.208229 173.538879 97.813652               3114 
7.317877 187.712723 124.700157 76.929588 196.089935 103.926529 28.176424 183.930313 120.564438 121.157211 173.529922 97.795883               3137 
7.238379 187.639191 124.625526 76.877121 195.996857 103.938377 28.094423 183.844055 120.493942 121.079277 173.399277 97.762527               3160 
7.209091 187.632126 124.598549 76.853508 195.982971 103.931305 28.063421 183.833237 120.466774 121.046989 173.373444 97.737221               3183 
7.185748 187.628922 124.580536 76.833885 195.974838 103.927338 28.038553 183.827377 120.448471 121.020752 173.356384 97.718643               3206 
7.164521 187.625992 124.564102 76.815956 195.967392 103.923714 28.015871 183.822098 120.431831 120.996780 173.340820 97.701653               3229 
7.156250 187.705811 124.593765 76.801285 196.028976 103.927895 28.006306 183.899445 120.462151 120.982780 173.399033 97.722855               3253 
7.159763 187.726517 124.582321 76.807076 196.028244 103.918961 28.008436 183.914719 120.453613 120.983467 173.386230 97.721558               3277 
7.187546 187.784607 124.562080 76.835518 196.054962 103.891777 28.034811 183.965775 120.437607 121.007645 173.399155 97.714462               3301 
7.262453 187.872696 124.520859 76.901245 196.096573 103.804512 28.105682 184.042969 120.390907 121.063110 173.419632 97.631371               3325 
7.317997 187.892319 124.446419 76.968941 195.927368 103.700180 28.141317 183.997879 120.281448 121.034462 173.101471 97.389099               3349 
7.366643 187.908615 124.384270 77.026901 195.782486 103.610847 28.172565 183.959152 120.188957 121.009430 172.830109 97.180702               3373 
7.404985 187.920853 124.337311 77.071617 195.670715 103.541924 28.197176 183.929276 120.118469 120.989815 172.621429 97.019348               3397 
7.436018 187.930374 124.300613 77.107140 195.581909 103.487175 28.217060 183.905563 120.063057 120.974052 172.456085 96.890793               3422 
7.461392 187.937881 124.271484 77.135712 195.510483 103.443130 28.233282 183.886520 120.018906 120.961243 172.323380 96.787163               3447 
7.474950 188.167450 124.319641 77.158463 195.656036 103.494858 28.248671 184.099991 120.095901 120.989159 172.443985 96.960930               3471 
7.487832 188.382935 124.364670 77.179871 195.793015 103.543541 28.263258 184.300659 120.168175 121.015564 172.558334 97.124573               3496 
7.498333 188.554413 124.400383 77.196953 195.902283 103.582375 28.275005 184.460602 120.225784 121.036720 172.650131 97.255142               3521 
7.512174 188.698410 124.423721 77.213326 196.001099 103.601448 28.290007 184.597427 120.266411 121.059242 172.739868 97.350647               3545 
7.544229 188.809799 124.438660 77.234337 196.120682 103.585434 28.325035 184.717941 120.291649 121.103035 172.885315 97.398651               3570 
7.540243 188.843552 124.438187 77.237305 196.151306 103.610207 28.323551 184.753555 120.306335 121.115585 172.921661 97.470047               3594 
7.550575 188.831482 124.423691 77.246277 196.144684 103.596138 28.333660 184.743683 120.292931 121.126732 172.918762 97.457405               3619 
7.625746 188.832825 124.398323 77.296951 196.212021 103.515251 28.413578 184.771286 120.269913 121.216568 173.048111 97.422432               3643 
7.628884 188.830917 124.394531 77.299782 196.213455 103.514641 28.417339 184.771973 120.271049 121.224792 173.055405 97.438438               3668 
7.661481 188.964401 124.210136 77.330360 196.221054 103.282448 28.450283 184.882736 120.115250 121.260529 173.032074 97.363495               3692 
7.662525 189.104294 124.115730 77.340805 196.175873 103.158997 28.444319 184.976044 120.036354 121.235374 172.897842 97.326180               3717 
7.663644 189.208542 124.044510 77.348602 196.142136 103.066803 28.440050 185.045761 119.977066 121.216621 172.798019 97.298691               3742 
7.673062 189.307907 123.973000 77.361351 196.127441 102.971931 28.444921 185.117249 119.915268 121.208763 172.730789 97.260345               3766 
7.924656 189.310562 123.722969 77.596985 196.651398 102.847992 28.739901 185.284027 119.726128 121.655708 173.611145 97.316536               3791 
8.114780 189.385498 123.572586 77.770630 197.092896 102.777802 28.961523 185.478363 119.626015 121.986877 174.316895 97.411324               3815 
8.279119 189.602295 123.429123 77.944344 197.488754 102.736023 29.155090 185.769882 119.569038 122.292038 174.897812 97.680984               3840 
8.319888 190.003983 123.350182 78.028191 197.530701 102.671043 29.186378 186.079834 119.535652 122.307770 174.765015 97.806526               3864 
8.370592 190.380524 123.249077 78.115814 197.602768 102.588745 29.230291 186.381073 119.480293 122.343567 174.697327 97.912376               3888 
8.378066 190.555756 123.135078 78.163231 197.544128 102.532112 29.228508 186.489578 119.390968 122.325951 174.500015 97.922928               3911 
8.641891 190.127762 123.286011 78.349251 197.252151 102.470146 29.484013 186.096527 119.463028 122.523666 174.272568 97.655434               3934 
8.855624 189.781738 123.407211 78.499428 197.016434 102.420120 29.690716 185.778976 119.520798 122.682777 174.089432 97.439629               3956 
8.777128 189.333206 123.325745 78.456367 196.682434 102.499451 29.618374 185.352158 119.454254 122.648460 173.782928 97.470238               3979 
8.705632 189.012360 123.244194 78.409332 196.461166 102.538330 29.552368 185.052353 119.385033 122.613953 173.592896 97.477112               4002 
8.649557 188.835510 123.167892 78.365204 196.354736 102.530457 29.500559 184.892654 119.318230 122.584244 173.516159 97.461174               4023 
8.549200 188.737717 123.155937 78.269485 196.319351 102.559845 29.404089 184.812042 119.314056 122.505852 173.513672 97.493645               4045 
8.455403 188.780640 123.382278 78.148682 196.538727 102.763268 29.321348 184.912704 119.546074 122.455002 173.860641 97.735756               4067 
8.368037 188.828384 123.571350 78.044632 196.715500 102.947609 29.242714 185.003174 119.743927 122.403801 174.132111 97.959961               4089 
8.348783 188.809189 123.573166 78.021217 196.746490 102.957375 29.226280 184.999771 119.749542 122.398201 174.196198 97.978477               4111 
8.322144 188.765442 123.569977 77.999489 196.755478 102.993889 29.203337 184.971085 119.755707 122.392715 174.234680 98.026337               4133 
8.252857 188.569473 123.444191 77.960472 196.648941 103.008698 29.140535 184.794083 119.650764 122.367218 174.156570 98.033203               4156 
8.190598 188.392883 123.330292 77.925247 196.552750 103.022064 29.084051 184.634613 119.555817 122.344246 174.086151 98.039520               4178 
8.138948 188.245773 123.235023 77.895859 196.472504 103.033218 29.037104 184.501862 119.476501 122.325104 174.027466 98.044884               4201 
8.096397 188.124084 123.155930 77.871513 196.406036 103.042450 28.998343 184.392090 119.410759 122.309273 173.978897 98.049377               4224 
8.061608 188.035110 123.099434 77.848167 196.364990 103.048264 28.966497 184.314285 119.363678 122.294678 173.956100 98.051117               4248 
8.023932 187.956161 123.058365 77.816681 196.342758 103.055107 28.931921 184.249863 119.329605 122.275879 173.960129 98.053169               4271 
7.859004 187.806061 123.041214 77.668602 196.370102 103.175056 28.780657 184.149673 119.344009 122.183052 174.088089 98.215561               4295 
7.630412 187.042374 123.008163 77.479355 195.868301 103.399277 28.553282 183.427094 119.281593 121.977356 173.625244 98.127045               4319 
8.164235 186.747940 123.222580 77.818359 195.784531 103.028061 29.058403 183.186539 119.292664 122.305168 173.643417 97.256050               4343 
8.145218 186.962814 123.181671 77.694229 195.735214 102.516457 28.994379 183.317581 119.096397 122.039238 173.408875 96.378380               4367 
10.021328 185.827499 120.719475 79.455383 195.698761 100.447853 30.806438 182.499466 116.566620 123.918930 173.810410 93.627647               4390 
9.050335 187.702560 117.373665 78.412270 196.684891 97.174942 29.554058 184.240997 113.261230 122.523514 174.099991 90.338181               4413 
10.994889 192.728638 112.131798 80.266693 199.339874 91.019798 31.362364 188.773300 108.440971 123.868568 175.557327 85.029083               4432 
9.328682 196.736847 103.916550 78.955917 203.534378 84.926353 29.660099 193.266144 101.394798 123.301178 180.486786 82.706474               4449 
5.652878 203.552505 91.380203 76.016380 209.213623 76.606087 25.696661 200.272736 90.698074 120.109039 185.623383 78.005966               4466 
3.729287 206.265457 80.836784 74.116898 212.996765 68.929398 23.394358 203.595474 81.202599 118.400085 189.953308 72.188194               4480 
4.489232 206.713486 68.997620 74.909973 214.816666 61.301083 23.606825 204.579651 70.610252 119.185074 192.092972 66.397263               4493 
5.696566 208.182663 59.296051 75.756577 216.372040 54.709019 23.814129 206.530441 62.214230 119.578690 193.388153 62.056469               4503 
6.097953 210.248611 48.506020 76.009811 218.218918 46.648804 23.445936 208.826599 52.762501 119.322144 195.390472 56.921364               4513 
7.820273 211.406738 38.767002 77.743439 218.436829 38.865036 24.618092 209.721298 43.719551 120.357727 195.020782 50.626526               4522 
8.486922 212.522522 29.194044 78.180786 219.078873 31.315155 24.661919 210.842102 34.473297 120.052773 195.576614 45.350922               4531 
8.108522 213.880722 17.542950 77.466133 220.823975 22.459114 23.706591 212.244919 23.391943 118.617943 198.072632 39.533295               4540 
7.820596 215.380249 -5.331685 76.573120 223.540436 3.237360 22.925032 213.499313 0.950782 116.810677 202.273254 24.004345               4557 
8.317922 216.762009 -15.680226 76.748413 224.783844 -4.859166 23.141069 214.443390 -9.072717 116.286095 203.275116 16.975859               4566 
8.358562 218.898300 -42.033501 75.340439 225.488663 -23.864269 22.458206 215.434494 -34.539902 112.392960 202.132126 0.306070               4583 
8.751628 220.118515 -52.334354 74.741440 226.315750 -30.765444 22.584122 216.129257 -44.599449 110.787552 202.163666 -5.866109               4591 
10.411186 221.562592 -64.327354 75.267166 225.740402 -39.194523 23.846552 216.705811 -56.459675 110.168152 199.403717 -14.885634               4601 
15.066838 222.802612 -92.917633 74.924294 221.930725 -57.302940 27.358892 216.333954 -84.438370 106.998192 191.123611 -34.394234               4618 
16.911669 227.023926 -101.917763 75.380295 222.916061 -64.301125 27.569447 218.601273 -93.185585 105.939331 190.214966 -41.953751               4626 
21.302891 228.695999 -121.159462 77.458107 223.976273 -80.272629 29.751308 218.204224 -111.985382 107.034721 190.869598 -57.211987               4643 
23.415106 228.524048 -129.542908 77.870567 224.053696 -86.409012 31.298153 217.363754 -120.411034 107.228210 191.049789 -62.925114               4652 
27.468000 229.474442 -147.858719 79.472298 224.200043 -101.913437 34.851040 217.468018 -139.135315 108.600586 190.807098 -78.695442               4669 
29.062595 231.242508 -156.317886 79.687782 225.803055 -108.890053 36.061234 218.991669 -147.512253 108.137428 192.321716 -84.968521               4678 
34.365829 232.763626 -171.140411 82.258751 228.967850 -120.828926 41.173668 220.518265 -162.066177 110.167709 196.396057 -95.084198               4696 
35.671295 232.825912 -176.906830 82.592598 229.552017 -125.662590 42.721218 220.508514 -167.920303 109.994476 197.243103 -99.056328               4704 
39.597961 235.388229 -189.618958 86.049896 230.997101 -138.054459 47.508457 222.388565 -181.426025 111.994308 198.003204 -110.834770               4721 
40.649063 235.986588 -193.577698 86.674370 230.869324 -141.709183 49.290398 222.552933 -185.960907 112.171516 197.477814 -114.551773               4730 
41.148766 237.293228 -197.687866 86.520622 230.585892 -145.441147 50.689472 223.104111 -190.896515 111.042458 196.333954 -118.457703               4739 
43.502911 240.993713 -204.549728 87.215874 232.153625 -151.236206 53.167339 223.738602 -199.239624 110.116859 196.777893 -124.278381               4756 
44.299026 242.583755 -207.899414 86.912781 232.735825 -153.886307 54.815384 224.218079 -203.390640 109.706474 196.873840 -127.485786               4765 
45.272907 244.406357 -212.168930 87.388580 233.473846 -157.993210 57.086884 225.008255 -208.787506 110.709480 197.152679 -132.704269               4791 
45.269497 244.726868 -213.079422 87.015976 233.398895 -158.705688 57.274372 225.164749 -209.879547 110.283691 196.905472 -133.616547               4800 
45.125393 245.221863 -214.044449 86.848404 233.925949 -159.657928 57.482567 225.386734 -210.995819 110.166565 197.448944 -134.591751               4808 
44.964466 247.007996 -215.915268 86.401192 236.130310 -161.240463 57.735844 227.008484 -212.970978 110.048172 199.901840 -136.121948               4825 
44.406696 247.394928 -218.600708 85.432091 236.383987 -163.651215 57.292633 227.192245 -215.663376 108.851265 200.084259 -138.422394               4836 
44.447151 248.344742 -220.439148 84.694710 237.117981 -164.975388 57.294605 227.664124 -217.637543 108.534157 200.840881 -140.110275               4860 
44.507275 248.809067 -221.216797 84.906601 237.128235 -165.965775 57.352623 227.835449 -218.675034 108.992760 200.679352 -141.594528               4877 
44.459541 249.112473 -221.390350 84.812828 237.279266 -166.144775 57.263680 227.945877 -218.910110 108.981201 200.780701 -141.929779               4886 
44.247574 249.359848 -221.446564 84.802086 237.395370 -166.389297 57.016426 227.669754 -219.111053 109.122795 200.846375 -142.403961               4904 
44.161480 249.509476 -221.494202 84.856209 237.540039 -166.547760 57.002369 227.587357 -219.229172 109.263580 200.991089 -142.650543               4912 
43.705620 250.024704 -222.067764 84.929749 238.011978 -167.536026 56.532326 227.605179 -219.968964 109.660820 201.459991 -143.978683               4921 
43.264549 250.556152 -222.562271 84.936295 238.447296 -168.404739 56.190258 227.490082 -220.607376 109.939995 201.865891 -145.183258               4938 
42.779999 250.863342 -222.807770 84.571136 238.540192 -168.796600 55.623833 227.453583 -220.893509 109.515709 201.839081 -145.700729               4947 
42.756241 251.330124 -222.776947 84.536407 238.802673 -168.812439 55.663136 227.474701 -220.876755 109.343018 201.980347 -145.760986               4956 
42.121475 252.420151 -222.783585 83.733910 239.164963 -168.874207 55.598881 227.733673 -221.060013 108.213776 201.971680 -146.070313               4973 
41.790779 252.992188 -222.776138 83.294563 239.324707 -168.891251 55.433479 227.959915 -221.135544 107.586342 201.923965 -146.225937               4982 
40.442795 254.589539 -222.144791 81.559677 239.964096 -168.222656 54.132374 229.044250 -220.657272 105.281410 202.072067 -145.770584               4991 
36.767132 259.602966 -219.873047 76.907227 241.299484 -166.349625 52.697254 232.595840 -219.489105 98.504807 201.574448 -144.946655               5012 
31.705225 262.744171 -213.378799 73.076370 242.226395 -161.630402 51.508202 233.658936 -214.107162 92.422401 201.266266 -140.402573               5023 
25.875242 265.814728 -206.353897 69.207237 242.990692 -157.251617 49.326614 234.116898 -208.942688 86.863907 200.998871 -136.574310               5037 
23.895067 266.022003 -200.449875 68.270195 245.029877 -151.468903 47.807873 233.280258 -202.240005 85.541672 203.894089 -128.837875               5048 
22.133280 268.911621 -195.031052 67.475182 246.232895 -147.723618 44.636723 234.916458 -197.473694 83.575645 204.528381 -125.270760               5060 
24.034895 273.083801 -186.344666 69.467682 247.836929 -140.508636 42.482723 236.666122 -188.133957 82.153702 205.771713 -116.587845               5072 
24.584988 274.625916 -178.742554 69.077003 247.242584 -133.404160 40.154999 237.005646 -180.083466 79.063004 204.924377 -108.664101               5082 
22.715424 275.397430 -169.931915 69.704720 246.637497 -128.248428 36.162754 236.989151 -171.869446 79.722000 204.345261 -103.476631               5092 
19.313648 274.161621 -152.013275 68.898285 244.516663 -114.310654 31.737301 235.052124 -155.332886 79.992523 202.045761 -90.315613               5110 
19.171276 275.927948 -142.853012 68.552399 242.330948 -108.422768 29.112366 236.150757 -148.092453 78.197121 198.540329 -86.242081               5120 
17.569170 281.778076 -126.682693 66.218979 244.226501 -95.608452 25.591965 242.048431 -134.652191 74.487534 198.814316 -76.321541               5137 
17.726160 283.560608 -121.248528 65.573708 245.888687 -89.168068 26.246891 244.080261 -129.651642 73.532921 200.227631 -70.344109               5145 
17.644121 285.165283 -116.559059 65.095749 247.031677 -84.536835 25.482468 245.524948 -124.822662 72.459579 201.395813 -65.411865               5154 
13.159015 280.539581 -110.565773 60.794426 247.662430 -73.505341 22.771606 240.536346 -114.765396 69.035210 204.531830 -49.537392               5171 
13.086523 279.777954 -108.577881 59.521862 247.669464 -69.426758 22.876671 239.700531 -111.781311 66.970222 205.043350 -44.323799               5180 
13.032930 275.686981 -111.853905 58.568260 247.540390 -68.848648 22.877037 235.678528 -111.167831 65.455315 207.481094 -39.686287               5188 
7.169778 261.320404 -114.477333 51.241596 246.655884 -63.962238 21.272692 223.968506 -106.418495 59.861786 213.030899 -27.938992               5206 
6.167183 260.852417 -113.354614 46.596001 246.660645 -59.777630 22.778929 224.558044 -106.293556 54.962513 211.529007 -25.159847               5214 
4.535832 259.982208 -113.117035 41.372185 247.469437 -56.644970 24.054892 225.846451 -106.298615 50.653984 211.620468 -23.009855               5223 
7.193003 263.349731 -111.216919 39.035492 248.693924 -52.307823 27.266356 230.049500 -104.825935 46.876339 211.084229 -20.266384               5232 
4.124465 263.328888 -107.492073 34.876217 250.299988 -47.657154 26.545988 232.279816 -101.129654 45.100769 212.792358 -16.172905               5241 
1.058112 263.320068 -102.177315 31.178293 251.250656 -41.847889 24.435415 233.649857 -95.753075 42.700771 213.970139 -10.542659               5249 
5.080057 270.449951 -92.363976 32.741634 252.745911 -32.272808 26.467606 240.004623 -87.706596 42.103569 212.772491 -3.687817               5258 
6.934224 283.508179 -70.650284 33.714031 256.688751 -13.646568 24.242426 251.519333 -70.002441 39.761292 213.043152 10.041293               5275 
9.461303 288.369476 -61.916691 35.782597 258.026794 -6.505788 24.959118 256.407867 -62.961670 40.811863 213.092209 14.900116               5286 
10.002797 289.675995 -58.331093 36.509422 258.437408 -3.527428 24.269524 257.983704 -59.806652 41.258396 213.209366 17.317049               5293 
8.405076 292.338104 -48.586613 35.470985 259.832977 5.172874 21.845873 261.201141 -50.834274 40.527069 214.110336 24.832413               5302 
8.544478 293.252930 -44.164032 35.448746 260.271484 9.367402 21.353504 262.422455 -46.529884 40.383507 214.379517 28.659798               5310 
5.523309 294.346222 -24.120632 34.234695 257.179260 25.563965 16.706585 263.817108 -29.012407 38.885143 209.974854 41.461739               5327 
0.657398 291.851410 -18.758259 34.574043 256.466064 28.891264 11.583642 261.528503 -23.799141 41.515186 209.778717 45.466331               5336 
-1.510232 290.205322 -14.732964 35.897091 256.241302 31.290319 8.832373 260.217194 -19.573790 44.474445 210.002411 48.349514               5345 
-5.825278 287.961456 -2.154710 34.624466 255.246460 42.141132 3.861502 258.376923 -6.699130 44.735451 209.414688 59.456997               5362 
-6.672600 287.511475 0.397232 34.369198 255.046906 44.317642 2.716230 258.108887 -3.994023 44.791790 209.296494 61.663841               5371 
-6.947958 287.352234 1.251132 34.284161 254.980423 45.042702 2.062968 258.160095 -2.937779 44.810734 209.257065 62.397423               5379 
-5.832513 287.167603 6.759610 35.620087 254.900330 50.401520 2.671410 258.229034 2.837440 46.266930 209.208176 67.765114               5388 
-5.210576 287.060181 9.815731 36.360905 254.855911 53.373165 2.577024 258.465668 6.287195 47.074478 209.181061 70.741219               5396 
-4.936479 287.007111 11.145161 36.682850 254.836594 54.664597 2.490844 258.605377 7.823111 47.425430 209.169266 72.034485               5405 
-4.817276 286.978546 11.707019 36.818634 254.828461 55.209278 2.424861 258.695770 8.499676 47.573452 209.164291 72.579926               5414 
-3.451435 286.672974 14.536829 38.212429 254.551910 58.012569 3.144286 258.726654 11.727477 48.986534 208.892746 75.384392               5431 
-3.052727 286.581268 15.359961 38.617596 254.471527 58.827469 3.040951 258.877045 12.875795 49.397308 208.813797 76.199623               5440 
11.524027 285.983154 16.745096 48.068398 249.079941 60.997787 12.494825 257.849487 15.616677 51.392506 202.981476 80.142090               5449 
42.233788 244.708359 9.851329 66.325218 235.709229 61.952164 43.946404 231.261414 8.309573 56.835434 199.260605 94.877289               5457 
68.519875 177.085464 27.191677 78.468964 213.699966 65.275002 75.078621 168.899475 28.130514 53.495193 210.795853 108.524261               5475 
27.569838 215.857727 46.959194 94.692223 207.247849 82.579582 45.382843 173.221527 85.472893 130.989441 206.014816 116.983261               5486 
10.365561 215.438934 86.170479 100.948273 206.262909 88.943207 61.087955 172.262878 122.221443 149.502151 212.103577 99.480232               5493 
10.810563 214.723953 108.979362 105.777969 202.506195 95.949669 72.035477 167.340668 136.852966 155.375122 208.974014 96.904198               5503 
14.552260 213.685745 119.991150 109.832703 201.886047 99.972511 79.134399 168.793869 146.066162 159.255585 208.878906 96.640862               5520 
15.002143 212.489243 120.931709 110.246765 201.791870 100.274055 79.656441 168.493149 146.568741 159.655273 208.736359 96.641708               5527 
15.025759 209.911438 121.254845 110.275108 200.864624 100.816788 79.599998 166.965134 146.881058 159.673431 207.909943 97.240341               5536 
15.376274 209.297089 121.601944 110.376877 200.940826 101.020660 79.743698 167.030640 147.263031 159.783295 207.778976 97.164841               5544 
15.709759 207.750885 121.664116 110.384575 200.865005 101.261002 79.654564 166.743713 147.459152 159.814423 207.431747 97.237457               5561 
15.551292 207.398346 121.787758 110.093887 200.389420 101.839554 78.801674 166.140640 147.633881 159.608902 206.405609 98.006760               5570 
15.367478 204.284973 122.615547 109.508858 197.905563 101.575073 78.237930 161.288116 145.601364 159.052490 203.534943 97.530388               5579 
14.800398 203.118057 122.198494 108.771423 197.761887 101.311966 77.614456 160.877045 145.273529 158.298019 203.472290 97.173233               5587 
14.585567 203.040131 122.086128 108.341087 197.770432 101.429497 76.962578 161.139603 145.514343 157.900055 203.121887 97.199493               5596 
14.554553 202.981522 121.582169 108.025703 198.074997 101.468864 76.420776 162.324905 146.187622 157.612061 203.083786 97.141472               5613 
14.622790 202.583908 121.341217 107.829208 198.289993 101.356110 76.260933 162.808899 146.349274 157.412476 203.200058 96.882645               5622 
14.464774 201.186096 120.989082 107.304024 197.968262 101.440399 75.567268 162.110458 146.059387 156.907547 202.705658 97.005363               5631 
14.266768 200.480957 120.867828 106.573425 198.440506 101.440971 74.958748 162.714783 146.293869 156.164520 203.066315 96.756187               5639 
13.997270 200.295044 120.364326 105.809723 198.221024 101.661980 73.435272 162.691818 146.178452 155.486008 201.977798 97.103989               5657 
13.874969 200.974136 120.400932 105.467796 198.439087 101.640747 72.897675 163.463043 146.474655 155.162109 201.746445 96.933472               5665 
14.048458 202.270065 120.915085 105.158318 196.248459 101.339073 71.189613 161.002762 144.938385 154.920013 197.280899 96.306282               5674 
13.321148 204.824997 120.543816 104.028763 194.576569 101.883743 67.685112 160.364563 144.408325 153.822723 192.954468 97.350357               5683 
13.080403 205.017624 121.004944 103.271553 190.897705 103.667648 64.552742 157.840668 145.023254 152.981537 186.796127 99.831467               5692 
13.243014 204.714127 120.896317 102.870567 189.023392 104.266556 62.890942 156.571320 144.924652 152.464050 183.507462 100.705338               5702 
13.530665 203.578094 120.596107 102.768425 188.444489 104.356056 62.405952 156.143875 144.775818 152.315872 182.492203 100.857025               5709 
13.699448 201.093399 119.516586 102.235008 188.102524 104.645607 61.065342 155.763168 144.247787 151.737518 181.582458 101.545319               5726 
13.241686 199.280121 118.488098 101.603722 187.287308 104.668053 59.778667 154.275711 143.025513 151.101105 180.544586 101.991020               5735 
12.621219 198.735199 117.286186 100.717354 187.499939 104.633156 58.267723 154.674576 142.482925 150.193115 180.429230 102.447647               5744 
11.004392 198.700089 115.203636 98.964149 188.572983 104.509003 55.833603 156.047729 141.867126 148.471771 181.495987 103.270615               5752 
10.199858 198.220093 113.806442 97.932129 189.265732 104.349716 54.467678 156.934830 141.510406 147.464478 182.285248 103.686188               5761 
9.831667 198.078201 113.105316 97.447701 189.590912 104.274948 53.824497 157.355072 141.351242 146.989624 182.658081 103.880699               5770 
9.651916 197.925079 112.646797 97.160248 189.783859 104.230583 53.440216 157.608429 141.264542 146.707230 182.880020 103.995926               5778 
9.715964 197.676392 112.400902 97.072655 189.842422 104.236969 53.293613 157.689331 141.239532 146.616806 182.916794 104.051277               5787 
9.901337 197.121155 112.169922 97.054947 189.856323 104.240570 53.271206 157.700897 141.252853 146.603104 182.958801 104.079247               5797 
10.113959 196.520737 111.939255 97.040504 189.867661 104.243507 53.251820 157.711899 141.266663 146.591919 182.993088 104.102051               5807 
10.323984 195.979065 111.733711 96.990685 189.902618 104.228531 53.192280 157.806488 141.308762 146.539825 183.011749 104.084129               5818 
10.499849 195.564621 111.577637 96.943405 189.901184 104.186478 53.131260 157.849426 141.303421 146.487640 182.975555 104.024002               5829 
10.408972 195.431595 111.281921 96.619385 189.667526 104.138931 52.515587 157.790146 141.074753 146.115295 182.403473 104.040771               5841 
10.261189 195.178268 110.943359 96.226028 189.607315 104.025978 51.870613 157.588501 140.549881 145.685425 182.098190 103.971626               5853 
10.132957 195.026917 110.632362 95.911560 189.579208 103.907890 51.351654 157.479919 140.124039 145.341095 181.875763 103.898552               5864 
10.048049 194.907852 110.413925 95.675987 189.558136 103.819427 50.962521 157.402130 139.808701 145.082581 181.708939 103.841751               5876 
10.094906 196.076584 110.379707 95.587051 189.963501 103.592010 50.702751 158.767548 140.220551 144.919907 181.663452 103.568161               5888 
9.998063 196.366516 111.029602 95.319580 189.698608 103.554222 50.457146 158.801544 140.473526 144.580063 180.989578 103.131104               5901 
8.308805 194.915939 111.513931 93.534470 189.965591 103.918190 49.201401 158.574615 141.081757 142.928253 182.047531 103.493965               5925 
9.320367 193.377930 112.273239 94.346176 188.595001 103.637840 50.319729 156.645706 140.705734 143.718735 180.603378 102.586372               5962 
9.349242 193.187988 112.434044 94.319366 188.603928 103.667183 50.345940 156.555618 140.717712 143.699982 180.667389 102.577225               5975 
9.291095 192.700226 112.993492 94.095848 189.135864 103.920082 50.395298 156.888275 141.129883 143.536514 181.582886 102.827217               5988 
9.292712 192.015366 113.929733 93.855293 189.803589 104.219948 50.566029 157.339706 141.731308 143.361694 182.711685 103.018982               6002 
9.281734 191.342484 114.336975 93.633026 189.993561 104.250191 50.461090 157.370621 141.767548 143.162628 183.068680 103.031059               6016 
9.380776 190.644562 114.679199 93.529327 190.028870 104.187889 50.388649 157.336761 141.689911 143.066086 183.156464 102.962730               6030 
9.700775 191.895905 114.445236 93.742996 191.604523 104.679413 50.226158 160.972214 143.472397 143.313599 184.871216 104.482895               6045 
9.802880 192.578690 114.210754 93.497063 189.834656 103.700188 48.911240 160.021362 141.921417 142.762894 181.162491 103.158401               6061 
9.913359 192.047470 114.358055 93.435272 190.461456 103.569038 49.207748 160.883408 142.392502 142.798218 182.352158 103.168198               6077 
9.965176 191.771484 114.621674 93.370338 190.414246 103.623871 49.172649 160.890701 142.529984 142.738266 182.335449 103.221756               6093 
9.772967 191.543396 114.755753 93.099998 190.255219 103.506744 48.977703 160.750595 142.519913 142.467102 182.176697 103.009087               6108 
9.513793 190.936676 114.499718 92.826393 190.360184 103.907578 48.575203 160.898987 142.814346 142.255966 182.657013 103.932144               6123 
9.273729 191.133881 114.089439 92.478577 191.474197 103.863434 48.328468 162.607483 143.333466 141.991821 184.347870 104.388420               6138 
9.182589 191.190033 113.838074 92.234169 192.256958 103.832420 48.162025 163.816635 143.703720 141.801605 185.551788 104.687782               6154 
8.920060 191.341827 113.106377 91.926498 192.706619 103.714027 47.631203 164.834671 143.745438 141.512009 186.230438 105.113060               6169 
9.052054 191.991379 112.835228 91.909157 193.017715 103.106186 47.644428 165.876633 143.676147 141.476044 186.386658 104.438309               6184 
8.487168 194.405792 111.828056 91.279274 194.758728 102.233849 46.857952 170.110565 144.205460 140.829910 188.129608 104.080727               6199 
7.918075 196.021317 111.142181 90.660431 195.480606 101.896103 45.869942 172.272903 144.300018 140.151855 188.540573 104.144615               6215 
7.853313 196.366531 111.032166 90.536545 195.524811 101.690887 45.712826 172.611725 144.225128 140.008957 188.444366 103.920250               6230 
7.353583 195.858353 110.456406 90.102867 196.538589 101.902031 45.326069 173.366058 144.350159 139.681854 190.482040 104.706207               6245 
7.667034 194.316330 110.289627 90.373039 197.101669 102.474457 45.769390 172.857056 144.509186 140.055084 192.240341 105.743103               6260 
7.553738 191.418030 109.042221 90.248909 194.827560 102.108734 45.268452 168.389572 142.387985 139.901947 189.817291 105.586517               6274 
7.997678 192.181061 109.339813 90.628685 193.223587 101.785316 45.025749 166.962082 141.481033 140.099182 186.377640 104.687790               6289 
8.557474 191.364731 110.355873 91.044662 192.243057 101.956535 45.677994 165.709366 141.746918 140.501785 185.089020 104.287735               6303 
8.846343 191.487274 111.740349 91.220940 190.943741 102.633492 45.634186 164.485214 142.226776 140.536621 182.727707 104.389259               6317 
9.142863 190.250183 111.936363 91.461235 190.367615 102.584724 46.107883 162.701736 141.621719 140.819366 182.342789 103.998428               6331 
9.179575 189.247971 111.140701 91.458832 189.533676 102.562408 45.612549 161.414536 140.694229 140.772949 181.316055 104.354134               6345 
8.692427 188.775192 110.605057 90.841751 189.631989 102.774529 44.652065 161.693436 140.628571 140.146942 181.499146 105.114639               6359 
8.571732 188.752930 110.605293 90.407097 189.824448 102.879288 43.970657 162.332321 140.762955 139.662323 181.443695 105.390549               6373 
8.246441 189.457642 110.582352 89.631645 190.359116 102.893028 42.754551 163.667526 140.811234 138.762360 181.310944 105.524689               6387 
8.406720 189.216553 110.384598 89.264404 189.823776 102.519608 41.981873 163.065964 139.888550 138.233215 179.859970 104.843506               6402 
8.671288 190.050278 110.176613 89.271828 192.117264 102.700996 42.190491 165.823044 140.652466 138.373138 182.989090 105.592323               6414 
9.207714 190.558640 109.532333 89.616837 189.640427 101.432014 41.655918 163.532578 138.402847 138.273132 178.178833 103.386131               6428 
8.730810 190.712524 109.363007 88.848503 190.585342 101.299622 40.952595 164.290283 138.226456 137.540787 179.280029 103.267578               6442 
8.446075 191.057770 109.459152 88.238327 191.513702 101.451797 40.337219 165.323181 138.450378 136.943192 180.280594 103.519508               6455 
8.313793 191.214951 109.343346 87.828156 191.767349 101.546936 39.706806 165.709839 138.357437 136.478271 180.321289 103.732285               6469 
8.300879 191.240601 109.190849 87.562996 191.709152 101.555046 39.190594 165.795303 138.141281 136.135666 179.951340 103.806877               6482 
8.220604 191.418335 108.941696 87.183426 191.955673 101.491936 38.567493 166.261398 137.914154 135.688904 179.950531 103.882790               6496 
8.218594 191.469238 108.784042 86.901436 192.138824 101.445045 38.105377 166.608688 137.745697 135.355942 179.950165 103.938797               6510 
8.358360 191.293701 108.715843 86.708099 192.264389 101.412903 37.788677 166.847717 137.631042 135.127136 179.950027 103.977005               6523 
8.334488 190.679214 108.733192 86.499481 192.319687 101.420090 37.706570 166.581345 137.585663 134.985413 180.271881 103.986526               6537 
8.517118 190.410706 108.819618 86.514526 192.290726 101.428993 37.761189 166.485062 137.603821 135.015366 180.299194 103.977211               6551 
9.128298 190.267654 110.036842 86.857040 191.675537 101.418892 38.410587 165.977737 138.083298 135.279861 179.229904 103.138756               6565 
9.250277 190.101044 110.644402 86.741898 192.498627 101.830055 38.617069 166.856369 138.957779 135.306091 180.641647 103.715103               6580 
9.645374 190.070572 111.049660 86.727364 192.695816 101.935532 38.611214 167.295212 139.243805 135.265076 180.721710 103.760902               6595 
9.939499 190.040939 111.326309 86.689957 192.785721 101.991730 38.553814 167.549622 139.389191 135.202286 180.704193 103.784073               6610 
10.215723 190.703415 111.790848 86.644424 193.617477 102.047409 38.640358 168.839386 139.921326 135.165985 181.571167 103.826828               6625 
10.339765 191.382309 111.911896 86.565742 194.611206 102.122795 38.611057 170.151062 140.268341 135.125397 182.749207 104.091171               6641 
10.404553 191.958649 111.938812 86.474663 195.414581 102.141418 38.530521 171.238861 140.484238 135.058334 183.681793 104.283852               6656 
10.789652 191.746613 112.069969 86.477539 195.240311 102.148834 38.433052 171.147324 140.421280 135.007248 183.275909 104.232475               6672 
11.202069 191.499451 112.208847 86.425980 195.216888 102.171341 38.317383 171.214188 140.423111 134.924316 183.123932 104.243629               6687 
11.546662 191.285141 112.287231 86.369530 195.199524 102.154922 38.219589 171.240372 140.385056 134.842804 183.001129 104.195107               6703 
