13.161852 177.335968 106.727936 78.874214 180.481476 83.189087 57.074165 192.531952 121.228676 104.544960 147.121567 79.107414                  0 
12.734818 177.262207 106.811783 78.717522 180.424377 83.675636 56.656265 192.057327 121.505714 104.465767 147.150345 79.386330                 19 
12.267937 177.587219 106.745071 78.458778 180.804550 84.105110 56.024555 192.287567 121.650047 104.277641 147.575562 79.891861                 38 
12.295001 177.154190 107.109032 78.462173 181.637329 84.617287 55.071678 192.475464 121.462479 104.979851 148.934433 80.634247                 56 
12.245679 176.922226 107.394379 78.315231 182.439163 84.884857 54.138935 192.688217 121.080620 105.387794 150.174820 81.061287                 74 
12.282209 176.757034 107.612991 78.242447 183.000458 85.046303 53.636070 192.893127 120.857323 105.688560 151.041580 81.321823                 92 
12.328089 176.622375 107.733841 78.200424 183.324539 85.139519 53.357746 193.055756 120.788361 105.860519 151.544159 81.471046                110 
12.670430 176.806732 108.359886 78.327744 184.066757 85.387878 53.073185 193.617020 120.730278 106.340736 152.571808 81.942436                128 
12.638365 177.448837 108.672356 78.212013 184.561844 85.546776 52.628174 194.192612 120.627121 106.207420 153.025711 82.343544                145 
13.125555 177.813034 108.743080 78.635345 184.406418 85.307617 52.832649 193.877884 120.320091 106.338867 152.633636 81.911240                163 
13.250875 178.187469 108.789757 78.722946 184.399887 85.218391 52.847267 194.041458 120.218719 106.250267 152.469452 81.868027                181 
13.263364 178.214478 108.795837 78.728165 184.392303 85.212700 52.810982 194.102707 120.293785 106.242729 152.449219 81.878296                199 
13.240802 178.186371 108.768456 78.712730 184.351044 85.201477 52.724640 194.078094 120.343521 106.218620 152.401123 81.860893                253 
13.245477 178.179626 108.770309 78.712891 184.349609 85.201866 52.721622 194.103928 120.379951 106.219856 152.400482 81.862488                272 
13.219595 178.053299 108.757492 78.685928 184.269028 85.222878 52.679691 194.032669 120.480019 106.201820 152.328964 81.870384                291 
13.140912 177.997803 108.733582 78.624634 184.209625 85.243973 52.585625 193.988037 120.561211 106.135765 152.265625 81.890015                311 
13.768543 177.552505 108.850555 79.105331 183.701981 84.910789 53.396030 193.550217 120.571732 106.554382 151.732315 81.302284                331 
14.519910 176.805008 108.776939 79.645142 182.846786 84.196320 54.461594 192.500412 120.433105 106.873138 150.774460 79.891304                352 
14.795619 176.161484 108.353310 79.937584 181.415909 83.562668 55.323376 191.076797 120.380493 106.558258 148.943268 78.522957                372 
14.676702 176.505692 108.383736 79.852737 181.364929 83.359055 55.604034 191.239426 120.627975 106.355392 148.820694 78.161621                393 
14.612432 176.637619 108.426170 79.804192 181.475281 83.291069 55.872883 191.574982 121.047684 106.368500 148.984695 78.072777                413 
14.368993 176.731674 108.356117 79.666649 181.551880 83.285385 55.694546 191.623611 121.220963 106.313431 149.128174 78.071716                432 
14.164737 177.060455 108.298218 79.601158 181.424622 83.136551 55.783939 191.616562 121.273895 106.156189 148.940918 77.828949                453 
14.027387 177.000656 108.249725 79.524261 181.407654 83.158989 55.694519 191.663544 121.612335 106.112778 148.960495 77.795784                472 
13.923623 176.894669 108.184929 79.455948 181.392593 83.178925 55.600723 191.668411 121.782066 106.074379 148.978149 77.766533                492 
13.795725 176.915848 108.173744 79.398468 181.379929 83.195694 55.467091 191.612854 121.857697 106.042206 148.993195 77.742073                512 
13.565964 177.026932 108.168343 79.297363 181.379242 83.271706 55.265850 191.564758 121.930557 105.970612 149.018539 77.807945                532 
13.342292 177.179871 108.179077 79.209602 181.378662 83.337685 55.144634 191.605606 122.040764 105.908524 149.040588 77.865265                553 
13.209227 177.188110 108.150902 79.140083 181.378204 83.389954 55.044727 191.638489 122.147049 105.859375 149.058090 77.910789                572 
13.131393 177.116455 108.134865 79.091576 181.396835 83.455826 54.969727 191.668304 122.264206 105.849869 149.110825 77.965981                593 
13.063005 177.005600 108.138741 79.038696 181.475632 83.540581 54.971840 191.812866 122.461792 105.876564 149.258118 78.036728                613 
13.014813 176.890808 108.134377 78.993553 181.542908 83.612938 55.121574 192.063950 122.726250 105.899284 149.384064 78.097427                633 
12.931336 176.707764 108.116478 78.918007 181.620087 83.717735 55.082100 192.141754 122.943794 105.915787 149.543259 78.174507                654 
12.872332 176.532471 108.096634 78.854691 181.684784 83.805580 55.013065 192.166840 123.099419 105.929573 149.676956 78.239594                676 
12.898783 176.439255 108.191666 78.832970 181.858154 83.929192 55.185345 192.463211 123.379128 105.999512 149.928253 78.362175                699 
12.908496 176.340927 108.249969 78.808182 182.017120 84.037331 55.556507 192.916000 123.697395 106.073425 150.167938 78.490585                722 
13.154106 176.126160 108.361359 79.009895 181.746185 84.029266 56.026020 192.633850 123.838745 106.161583 149.844574 78.232330                745 
13.193032 176.057419 108.433426 79.038689 181.682602 84.075050 56.128040 192.555862 123.912758 106.166222 149.775131 78.197906                767 
13.208030 176.084961 108.488678 79.046318 181.683075 84.091759 56.178417 192.572571 123.937798 106.159088 149.768570 78.184738                790 
13.200544 176.099518 108.517448 79.041084 181.683167 84.112450 56.209473 192.597183 123.954445 106.146393 149.765411 78.188812                813 
13.207224 176.097351 108.566803 79.046982 181.686035 84.160004 56.269840 192.642990 123.988174 106.151680 149.769730 78.225716                835 
12.969100 175.640854 108.602264 78.838989 181.578613 84.353729 55.926422 192.304901 124.111038 106.080544 149.792419 78.348190                858 
13.000432 175.614471 108.679565 78.869904 181.581238 84.367836 55.977448 192.295639 124.086609 106.152191 149.834045 78.340927                881 
12.925533 175.985046 108.946999 78.838669 181.751678 84.513451 55.918953 192.587173 124.133270 106.160316 150.016953 78.600243                903 
12.900960 176.615204 109.521751 78.798988 182.133514 84.709244 55.967636 193.163025 124.282417 106.188980 150.437103 78.907791                926 
12.996440 177.193298 110.113274 78.770164 182.573944 84.900352 56.103275 193.902542 124.447319 106.187912 150.877274 79.232887                948 
12.963946 177.279785 110.357925 78.683228 182.798431 85.032280 56.004761 194.114319 124.556755 106.181824 151.169006 79.380989                970 
12.913784 177.384552 110.542130 78.587013 183.003006 85.117592 55.893570 194.362549 124.600548 106.167351 151.432877 79.533432                992 
12.856098 177.477051 110.690033 78.493629 183.167908 85.188446 55.793201 194.556259 124.655266 106.131439 151.640823 79.645378               1014 
12.822526 177.534592 110.797806 78.422104 183.294205 85.242722 55.592243 194.621277 124.660431 106.103943 151.800293 79.730888               1036 
12.807783 177.561447 110.877769 78.367340 183.390900 85.284279 55.276428 194.565018 124.618477 106.082878 151.922485 79.796234               1059 
12.804935 177.569168 110.936638 78.323334 183.468597 85.317665 55.012863 194.530197 124.607002 106.065956 152.020737 79.848648               1081 
13.339156 177.606598 111.261627 78.666428 183.317276 85.164970 55.623135 194.563141 124.577293 106.318199 151.801941 79.624825               1103 
13.839507 177.364838 111.434677 78.998764 182.997009 84.931602 56.258579 194.177444 124.579811 106.520630 151.423721 79.083076               1125 
13.924934 177.395126 111.510567 79.026375 183.030334 84.908607 56.413982 194.301147 124.659836 106.539986 151.455414 79.030144               1147 
14.408219 177.249588 111.449501 79.457802 182.414230 84.653175 57.347504 193.781647 124.765419 106.591560 150.589386 78.370758               1169 
14.289124 177.286804 111.339668 79.403015 182.319763 84.685463 57.463360 193.806458 124.956352 106.431839 150.421371 78.324150               1190 
14.194038 177.351501 111.229362 79.347542 182.323044 84.701385 57.827648 194.192596 125.274147 106.333351 150.387573 78.343529               1212 
14.129189 177.396439 111.133072 79.304657 182.333054 84.713913 58.231331 194.591660 125.563423 106.256516 150.368271 78.359329               1233 
14.060780 177.445679 111.026932 79.257492 182.354538 84.724167 58.683674 195.059921 125.863358 106.180595 150.362839 78.383102               1255 
13.984406 177.500671 110.922760 79.212372 182.395248 84.774017 59.017792 195.458969 126.132637 106.118515 150.382050 78.469627               1276 
13.924498 177.535233 110.818092 79.172371 182.431351 84.818207 59.164684 195.686264 126.288467 106.063362 150.399048 78.546249               1297 
13.835590 177.598709 110.677917 79.109596 182.520477 84.848083 59.204128 195.920471 126.406364 106.004288 150.481491 78.626305               1317 
13.679672 177.764862 110.581703 79.000183 182.717438 84.972763 59.130505 196.292984 126.551331 105.927063 150.681702 78.874786               1338 
13.345048 177.728058 110.302574 78.779213 183.011200 85.120277 58.620491 196.419144 126.630142 105.861023 151.091995 79.097755               1359 
13.081145 177.693359 109.921837 78.634399 183.237122 85.151230 58.435108 197.013504 127.199409 105.878441 151.423584 79.303833               1380 
12.888150 177.681808 109.654922 78.530762 183.398804 85.173378 58.300362 197.503616 127.613075 105.889648 151.660934 79.452339               1401 
12.676739 177.784607 109.401573 78.405342 183.629944 85.195229 58.543056 198.393631 128.091263 105.870476 151.953979 79.642715               1421 
12.520003 177.851196 109.186867 78.305290 183.814331 85.212662 59.252728 199.483154 128.836746 105.854317 152.187897 79.795006               1442 
12.423433 177.825439 109.008606 78.230095 183.937790 85.227722 59.304760 199.922440 129.131516 105.844193 152.356491 79.878548               1462 
12.358535 177.768723 108.886559 78.159714 184.062653 85.264832 59.134968 200.024658 129.188995 105.833771 152.529617 79.940804               1481 
12.117374 178.102585 108.753220 77.989677 184.282806 85.407799 58.782658 200.414871 129.226578 105.631813 152.692749 80.258865               1501 
11.784651 179.118271 108.674141 77.766396 184.956863 85.713005 58.315643 201.702271 129.213242 105.369743 153.248199 81.114449               1521 
11.829469 179.200302 108.630539 77.773010 184.948578 85.705185 58.284035 201.811356 129.156097 105.300957 153.170746 81.132195               1541 
12.041739 179.426331 108.715683 77.870689 185.017960 85.695152 58.479744 202.169830 129.068253 105.291389 153.135315 81.208130               1560 
12.085091 179.432770 108.743675 77.849358 185.002380 85.782532 58.152569 202.114883 128.985840 105.201935 153.058334 81.316498               1580 
12.085515 179.574356 108.725784 77.842941 184.904343 85.757179 58.052628 202.072266 128.882217 105.063721 152.849045 81.283066               1600 
12.125668 179.590302 108.743141 77.846169 184.896362 85.761940 57.981487 202.096130 128.813461 105.034615 152.813400 81.289413               1620 
12.005486 179.972641 108.850151 77.695679 185.010727 85.859154 57.346100 202.097122 129.005325 104.734253 152.796066 81.424980               1639 
12.149591 180.097000 108.988396 77.713394 184.960159 85.781410 57.372223 201.999695 129.137146 104.586349 152.627640 81.200691               1659 
12.233617 180.123047 109.030273 77.699257 184.982117 85.781822 57.272877 202.007874 129.206329 104.504875 152.596909 81.178711               1678 
12.344894 180.070190 109.058723 77.678802 184.997986 85.787628 56.597355 201.660446 129.001923 104.419922 152.563995 81.152992               1698 
12.351858 180.345581 109.139412 77.593582 185.083328 85.797119 55.989887 201.551361 128.685699 104.197472 152.532898 81.189125               1718 
12.305177 180.953247 109.235550 77.485794 185.315704 85.889626 55.812401 202.119751 128.605667 103.925980 152.599579 81.518990               1739 
12.298192 181.057205 109.315804 77.437897 185.414078 85.976326 55.720665 202.389420 128.603134 103.904053 152.698090 81.764725               1759 
12.317201 180.834320 109.372421 77.394310 184.946518 85.865448 55.863331 201.933807 128.589722 103.693268 152.113907 81.516197               1779 
12.304790 180.735138 109.484779 77.322090 184.912552 85.899002 55.813957 202.013855 128.630249 103.674545 152.112259 81.630577               1800 
12.051125 181.053986 109.904892 77.058296 185.421402 86.350197 55.354656 202.896942 128.838898 103.661278 152.768097 82.532600               1820 
12.093871 180.947266 109.938583 77.040100 185.528656 86.400917 55.263271 203.044373 128.864746 103.753654 152.954742 82.678352               1841 
12.125604 180.695572 109.792381 77.028366 185.439713 86.311218 55.217411 202.791397 128.833023 103.751854 152.886047 82.484337               1861 
12.126390 180.554520 109.712318 77.003273 185.388992 86.291801 55.041687 202.622314 128.913025 103.734184 152.845200 82.433022               1882 
12.188063 180.552292 109.707329 77.014648 185.419952 86.288033 55.002911 202.702438 128.974014 103.753876 152.877487 82.475922               1903 
12.494202 180.645737 109.713791 77.120285 184.635223 85.654854 55.773422 201.939667 128.777863 103.274834 151.684296 81.329750               1924 
12.837601 180.757919 109.695206 77.282356 184.156372 85.103851 56.487049 201.548981 128.586777 103.047981 150.945602 80.444580               1945 
12.951593 180.477234 109.510056 77.344749 183.784241 84.797485 56.770966 201.071564 128.575500 102.984177 150.509171 79.906593               1966 
12.940806 180.142700 109.303886 77.333672 183.520050 84.630516 56.755013 200.588257 128.549759 102.940948 150.246597 79.563438               1987 
12.954579 180.080414 109.291176 77.338425 183.532730 84.626564 56.769707 200.603592 128.602280 102.982162 150.287155 79.560928               2007 
12.556334 180.843048 109.993179 76.995407 184.549286 85.547134 56.028004 202.174835 129.138336 103.027237 151.504791 81.195587               2028 
12.591362 180.202499 109.846199 77.102005 184.863358 85.794662 55.560757 202.335342 129.174484 103.698174 152.230392 81.761841               2050 
12.616110 180.319916 109.778748 77.092346 184.946945 85.901649 54.130447 201.771881 128.714630 103.670151 152.272858 82.086601               2070 
12.644773 180.962524 109.810593 77.110031 185.521942 86.197937 52.423191 201.926544 128.478165 103.783264 152.858124 83.012848               2091 
12.611333 181.525070 109.816757 77.079498 186.018845 86.455177 51.344200 202.339691 128.533615 103.829033 153.369415 83.807854               2109 
12.543572 181.954132 109.765976 76.994705 186.432419 86.657768 50.540318 202.774719 128.660156 103.797676 153.794159 84.449486               2128 
12.582354 182.101852 109.687057 76.945129 186.716309 86.752892 49.810791 202.871170 128.875504 103.804161 154.106918 84.816086               2146 
12.690811 182.188354 109.528999 76.887062 186.383926 86.380608 49.743511 202.418823 128.856094 103.406319 153.511917 84.214912               2165 
12.801144 182.188644 109.511444 76.858261 186.492004 86.342178 49.457687 202.429062 129.067841 103.382355 153.619247 84.247948               2183 
13.280242 181.882645 109.712608 77.081619 186.507553 86.139603 49.759953 202.422714 129.294678 103.761864 153.762268 84.032043               2202 
13.727790 181.899933 109.815483 77.259819 186.133942 85.694878 50.372173 202.360077 129.237823 103.710220 153.209213 83.488075               2220 
14.088988 181.844574 109.871162 77.390137 185.848267 85.356674 50.834930 202.310760 129.146164 103.681183 152.800705 83.082870               2238 
14.315020 181.770996 109.903389 77.454742 185.586212 85.127205 51.144165 202.181885 129.027695 103.599487 152.428925 82.765640               2256 
14.506538 181.663696 109.932793 77.516800 185.461029 84.962288 51.392445 202.140991 129.003632 103.621948 152.276123 82.550957               2274 
14.636301 181.564209 109.962952 77.561989 185.388199 84.873360 51.677868 202.181000 129.079315 103.662643 152.202042 82.430824               2293 
15.438996 180.767273 109.887001 78.087212 184.145172 84.080765 53.310532 200.871872 128.972168 103.744041 150.677048 80.895988               2311 
15.639337 180.249710 109.995682 78.193596 183.925049 84.023788 53.934616 200.492538 129.197021 103.900108 150.526077 80.528908               2330 
15.672267 180.090729 110.007416 78.205544 183.898758 84.021202 54.266659 200.498276 129.235931 103.953606 150.539261 80.455818               2348 
15.704446 179.758377 110.007179 78.181229 183.643005 83.902618 54.620628 200.164917 129.170593 103.910805 150.290894 80.140099               2366 
15.716055 179.488983 110.007500 78.157379 183.437378 83.802002 54.865780 199.837387 129.086395 103.885506 150.104507 79.863243               2385 
15.786747 179.272537 110.033478 78.187172 183.335556 83.754311 55.265388 199.722946 129.070160 103.941353 150.037323 79.694572               2404 
15.823393 179.161880 110.072701 78.209885 183.257935 83.717949 55.628719 199.632294 129.036469 103.983856 149.986389 79.566063               2424 
15.952784 178.978851 110.125664 78.307358 182.948898 83.654793 56.170883 199.345627 129.005219 103.986542 149.622375 79.359116               2443 
15.869415 178.874268 110.073349 78.266563 182.871704 83.683594 56.285477 199.236755 128.927780 103.950722 149.554459 79.345818               2462 
15.807678 178.793259 110.032906 78.236267 182.814362 83.704979 56.384216 199.154297 128.793976 103.924217 149.504135 79.335953               2482 
15.736124 178.658401 109.996765 78.203323 182.771515 83.748848 56.341198 198.973724 128.648422 103.930275 149.496735 79.339348               2502 
15.672503 178.548965 109.968475 78.175026 182.734695 83.786537 56.320076 198.825455 128.452164 103.935570 149.490524 79.342453               2521 
15.544011 178.276215 109.871666 78.135933 182.397263 83.856682 56.242306 198.311523 128.283157 103.826698 149.111542 79.320503               2541 
15.513165 178.020599 109.822403 78.167580 182.243011 83.910667 56.176292 197.924606 128.113327 103.895653 148.998428 79.285263               2561 
15.626967 177.672501 109.873093 78.335342 181.810837 83.921646 56.379833 197.243622 127.949837 104.017494 148.559250 79.095711               2580 
15.773196 177.574005 109.989410 78.486198 181.763901 83.950752 56.560139 197.099411 127.826324 104.247681 148.581436 79.072075               2600 
15.869597 177.730453 110.178314 78.591988 181.625031 83.882393 56.860264 196.912811 127.762924 104.295547 148.419296 78.858727               2622 
15.906940 176.923157 109.838615 78.870926 180.516846 83.952690 57.199532 195.247787 127.876701 104.234024 147.135422 78.391655               2643 
15.868320 176.344925 109.568321 79.049622 179.597778 84.069717 57.860924 194.165070 128.001938 104.072479 146.039063 78.053040               2665 
15.785062 176.395279 109.586502 79.015053 179.644531 84.114670 58.139557 194.386353 127.892433 104.073502 146.115219 78.082245               2686 
15.632843 176.321487 109.550919 78.933075 179.718765 84.191002 58.056374 194.412155 127.812637 104.097298 146.270477 78.149040               2706 
15.462033 176.483673 109.699348 78.919601 180.883499 84.872414 57.362354 196.401520 127.662544 105.068695 147.991196 80.091949               2727 
15.279036 176.203888 109.636177 78.816536 180.701401 84.974602 57.188042 196.166046 127.602623 105.029793 147.859497 80.199158               2747 
15.263464 176.270218 109.637001 78.802101 180.701538 84.965790 57.176270 196.304825 127.106468 104.988129 147.835770 80.205116               2767 
15.164248 176.221619 109.642403 78.734169 180.835175 85.083595 56.964981 196.524063 126.898804 105.056061 148.059128 80.455482               2787 
14.517226 176.056473 109.498215 78.345253 180.987869 85.571114 55.863297 196.757843 126.315269 105.011894 148.423950 81.446480               2845 
14.350507 175.964600 109.536133 78.245560 181.163223 85.778290 55.452705 196.841614 126.162331 105.112534 148.746689 81.795364               2864 
14.103002 175.760559 109.658119 78.078247 181.337662 86.069038 54.903305 196.800217 126.058151 105.210960 149.130371 82.191299               2884 
14.035423 175.790146 109.750252 78.070007 181.362610 86.083923 54.753216 196.693970 125.850754 105.290535 149.231857 82.186745               2903 
13.971541 175.696915 109.863129 78.070267 181.528885 86.175392 54.484550 196.651932 125.698982 105.535057 149.601501 82.320717               2922 
13.871367 175.699951 109.952393 78.049034 181.546066 86.251007 54.158501 196.503830 125.442307 105.625488 149.707687 82.457939               2942 
13.977376 175.492279 110.212631 78.021248 180.970840 85.717117 54.589149 195.649246 125.218544 105.394768 149.037033 81.306503               2961 
13.993123 175.510574 110.432991 77.954277 180.671082 85.306541 54.947979 195.203369 125.084129 105.191597 148.685883 80.447914               2982 
13.692895 175.588852 110.445160 77.811279 180.504013 85.258186 54.810638 194.820786 125.108620 105.027397 148.529861 80.211655               3002 
14.359380 175.913101 110.431168 78.745476 176.885300 85.034035 57.082203 192.669266 125.045593 104.084045 143.432114 79.802284               3021 
14.502422 175.653931 109.835747 79.460236 174.082123 85.424446 58.137695 190.404709 125.342278 103.588264 139.765732 80.062157               3042 
15.060209 175.733475 109.771637 80.139580 172.652893 85.423279 60.296387 189.962662 125.354294 103.530052 137.867401 79.820938               3064 
14.993570 175.771790 109.835709 80.277626 172.025162 85.633690 60.728771 189.401978 125.523033 103.403656 137.106216 79.769768               3082 
14.381902 176.144180 110.400513 79.949913 174.208176 86.373459 59.744625 191.420441 125.911224 104.328545 140.079391 80.947624               3100 
13.431946 176.645447 111.231911 79.320480 176.721237 87.708015 58.138515 193.811234 126.725365 105.079651 143.508148 83.029655               3117 
12.855186 176.982681 111.532921 78.963882 177.879761 88.294586 57.234413 194.834305 127.023918 105.356461 145.122513 83.944214               3135 
12.809147 177.204315 111.647171 78.903122 178.069199 88.073982 57.275974 194.927673 126.887283 105.349976 145.380600 83.540680               3152 
12.636473 177.602463 111.751289 78.760696 178.325317 88.076897 57.090210 195.245453 126.828003 105.218834 145.643280 83.562233               3168 
12.523433 177.714050 111.797821 78.685402 178.580093 88.120148 56.770218 195.455170 126.755486 105.279701 146.000107 83.668312               3184 
12.480892 177.818024 111.876022 78.662834 178.920441 88.164520 56.487114 195.751297 126.659523 105.448761 146.485657 83.802254               3200 
12.371498 177.852676 111.844345 78.614143 179.065796 88.195908 56.105087 195.804520 126.522369 105.521820 146.722824 83.901749               3216 
12.331159 177.937851 111.852570 78.617790 179.260345 88.237648 55.944984 196.037674 126.463333 105.664185 147.016388 84.072289               3232 
12.304222 178.008255 111.880287 78.632912 179.479385 88.296242 55.783226 196.279022 126.408356 105.842056 147.355042 84.268867               3249 
12.278421 178.104050 111.914497 78.638802 179.505554 88.291695 55.645206 196.260834 126.316681 105.879936 147.406769 84.276764               3265 
12.250798 178.186768 111.971054 78.645905 179.635727 88.329552 55.414211 196.340042 126.196152 106.003319 147.624969 84.403473               3281 
12.320173 178.148987 112.032784 78.710785 179.583694 88.280960 55.118649 196.045288 125.981064 106.112389 147.614990 84.320625               3298 
12.392492 178.179016 112.099037 78.772568 179.658035 88.259674 54.854107 195.949570 125.795364 106.254791 147.754318 84.333908               3314 
12.385754 178.327072 112.147667 78.800552 179.833099 88.308495 54.513538 196.003555 125.637474 106.409554 148.022858 84.516068               3331 
12.545986 178.410355 112.288139 78.921104 179.948242 88.298683 54.432442 196.055328 125.534569 106.624222 148.211075 84.581024               3348 
13.744929 177.918365 112.773476 79.616989 178.770325 87.380440 56.095493 194.840469 125.289619 106.806725 146.705307 82.788727               3366 
14.602444 177.700104 113.056740 80.180923 178.336685 86.810524 57.202431 194.337143 125.175621 107.191383 146.196640 81.713135               3385 
15.025656 177.579559 113.200928 80.454079 178.126648 86.534477 57.728176 194.096710 125.156227 107.374329 145.950531 81.193245               3402 
15.914006 177.474854 113.335060 80.765373 176.849091 85.265381 59.320923 193.092834 124.692024 106.877205 144.157959 79.101494               3420 
16.045143 176.821335 113.195976 80.924759 176.705978 85.041794 59.549183 192.587128 124.870560 107.210258 144.216660 78.557396               3440 
16.059244 176.684143 113.189301 80.983139 176.653564 84.959892 59.672234 192.441788 124.985321 107.332420 144.239471 78.358932               3459 
16.042061 176.671143 113.219429 81.024971 176.616013 84.901215 59.833096 192.398041 125.116722 107.420013 144.256241 78.217003               3478 
16.050272 176.610489 113.227470 81.110535 176.509491 84.818993 59.974613 192.194366 125.171249 107.550781 144.210815 78.019005               3497 
16.042938 176.598312 113.243134 81.183807 176.418259 84.748581 60.078575 192.007477 125.203781 107.662895 144.172409 77.849724               3516 
16.048466 176.528000 113.241760 81.242371 176.345352 84.692299 59.891472 191.710449 125.118591 107.752586 144.142059 77.714638               3535 
15.110950 177.969528 113.789261 80.845459 178.659866 86.455391 58.229397 194.370697 126.052795 108.237297 146.952255 80.724312               3554 
14.542073 177.473099 113.788925 80.886169 180.299194 88.066780 56.585209 195.516769 126.841644 109.563744 149.574173 83.365631               3573 
14.568023 177.534882 113.548935 81.055801 178.990204 88.013268 57.051876 194.267853 126.936729 108.945511 147.610916 82.910782               3592 
14.394496 178.142273 113.824051 80.991722 179.187988 88.380890 56.954479 194.824158 127.141632 108.843689 147.732697 83.547302               3609 
14.270083 178.295288 113.938461 80.962997 179.083084 88.681061 56.809929 194.839432 127.284294 108.739281 147.543472 83.962791               3626 
14.144396 177.965820 114.092331 80.995728 177.771576 89.055420 56.905087 193.377609 127.638626 108.202400 145.800430 83.939453               3643 
14.250634 178.282532 114.279984 81.087364 177.676910 89.047318 57.197041 193.586929 127.601990 108.179146 145.603394 83.962517               3661 
14.005543 180.149078 114.957390 80.917976 178.189392 89.378357 56.673378 194.750397 127.369301 107.870125 145.911682 84.876984               3678 
13.855359 181.625702 115.452408 80.848373 178.721298 89.605278 56.155987 195.639679 127.118210 107.792206 146.375534 85.566406               3695 
13.891190 181.577438 115.412338 80.917725 178.497711 89.562485 55.755486 195.181610 126.835381 107.801918 146.106247 85.492661               3713 
14.144588 181.602219 115.504517 81.071747 178.351425 89.395821 55.924507 195.040527 126.654633 107.863731 145.895889 85.229393               3730 
14.175391 181.639801 115.545036 81.092407 178.380798 89.383087 55.918781 195.096436 126.597221 107.890961 145.928406 85.234550               3747 
14.168653 181.658585 115.556259 81.095482 178.367508 89.391556 55.897144 195.111465 126.564812 107.885956 145.905518 85.265877               3764 
13.432753 183.170853 115.812477 80.684837 180.128601 90.526474 54.803982 197.715393 126.842766 107.989929 147.951538 87.769699               3781 
13.377852 182.755539 115.710876 80.699043 180.100769 90.559029 54.626396 197.386414 126.872231 108.112251 148.025696 87.688942               3798 
13.386881 182.716461 115.724251 80.706772 180.086639 90.555054 54.614227 197.367432 126.856689 108.125168 148.015839 87.686859               3815 
12.399722 183.832016 115.937271 80.213882 182.706985 92.031944 52.897873 200.227844 127.363266 108.702835 151.483154 90.623589               3831 
12.300750 184.226913 116.197075 80.149284 183.977173 92.488586 52.517143 201.544678 127.742317 109.082603 153.150192 91.443993               3848 
12.099257 183.048874 115.864037 80.109749 184.696350 92.841759 50.253384 200.572159 127.325264 109.889847 154.673859 92.270035               3865 
12.336161 184.196945 116.187195 80.115204 185.765839 92.797012 49.880016 201.841476 127.604019 109.911194 155.755020 92.513550               3882 
13.024070 184.584152 116.215858 80.515312 186.661957 92.326546 50.207870 202.476913 128.400604 110.500282 156.840958 91.950630               3898 
12.939177 184.526764 115.968170 80.346664 187.396362 92.454849 49.410454 202.807022 129.004929 110.564484 157.809158 92.344093               3914 
12.935015 184.487747 115.833061 80.203758 188.173798 92.630356 48.673290 203.229218 129.424301 110.664070 158.836609 92.802818               3929 
13.116974 184.443832 115.792297 80.229416 188.324844 92.555862 48.511749 203.240982 129.678894 110.685364 158.983200 92.741776               3945 
13.238933 184.393158 115.769249 80.233734 188.404877 92.515831 48.375412 203.202805 129.928589 110.677818 159.050888 92.695381               3961 
13.339364 184.366623 115.743988 80.222084 188.508865 92.484680 48.240372 203.224274 130.130356 110.662659 159.151306 92.672897               3976 
13.385213 184.368896 115.670204 80.105492 188.434219 92.261475 48.210953 203.047836 130.242096 110.383232 158.908188 92.206612               3992 
13.501245 184.162933 115.600037 80.104645 188.511948 92.221359 46.660641 201.470856 129.616882 110.422340 159.027023 92.132881               4008 
13.525201 184.573578 115.555901 80.089371 189.360352 92.367638 44.700417 200.644470 128.906754 110.687683 160.169205 92.757133               4024 
14.404215 184.157059 115.660530 80.681412 188.743011 91.679382 45.613300 200.175644 128.651779 111.239807 159.508057 91.861618               4040 
15.106690 182.751526 115.269493 81.154770 186.127365 90.488708 47.250713 197.945221 128.652786 110.881294 156.064209 89.453415               4056 
14.964079 183.029800 115.282104 81.044670 186.282867 90.594604 47.029915 198.256577 128.655838 110.766281 156.209122 89.742226               4071 
14.923636 183.289673 115.376053 80.962646 186.401352 90.648010 46.635281 198.204758 128.507370 110.632690 156.274796 89.867065               4086 
15.055630 183.706421 115.578316 80.954231 186.714600 90.683647 46.545654 198.640991 128.561417 110.600395 156.561264 90.041321               4102 
15.017878 184.132034 115.648651 80.855339 186.911835 90.685265 46.234112 198.886230 128.480896 110.441154 156.696350 90.200729               4116 
15.035023 184.473770 115.719734 80.791885 187.072708 90.611076 45.961452 198.984787 128.388306 110.333923 156.813171 90.212639               4132 
15.243217 185.194687 115.815887 80.745628 186.656265 89.999535 46.372902 199.218887 128.050934 109.826904 155.955307 89.488670               4148 
15.079998 185.662277 115.697487 80.507187 186.341843 89.688522 46.445194 199.460464 128.194138 109.245201 155.319504 89.167206               4163 
15.613029 184.410080 115.209167 80.862953 184.904221 88.783081 48.077209 198.611740 128.720886 109.320641 153.641953 87.616272               4180 
15.557371 185.046432 115.010506 80.754036 184.450607 88.490654 48.195263 198.490692 128.614853 108.615707 152.664459 87.112740               4196 
16.102306 183.739517 114.696976 81.209076 183.513474 87.981705 48.826439 197.011414 128.530334 109.046402 151.736359 86.024849               4213 
16.116879 183.054504 114.566032 81.242241 183.082703 87.921082 49.372025 196.900040 128.865860 109.132256 151.362091 85.804283               4229 
16.208626 182.514679 114.480743 81.299896 182.446198 87.751907 49.825634 196.350876 128.946503 109.042305 150.622131 85.278374               4245 
16.361343 182.287689 114.507813 81.433395 182.331131 87.721024 50.729691 196.773239 129.317688 109.211372 150.550446 85.093651               4261 
17.255482 181.135071 114.503143 82.079712 181.566254 87.028580 52.401196 195.577637 129.433899 109.758507 149.806992 83.318436               4277 
17.437572 180.717194 114.500534 82.190453 181.464767 86.806870 52.909187 195.181488 129.514847 109.867729 149.768234 82.584435               4293 
17.531225 180.505127 114.496758 82.244583 181.415161 86.698494 53.552349 195.359314 129.467056 109.921463 149.752609 82.225937               4309 
15.967726 181.785492 113.887260 81.167625 182.853577 87.225822 51.742905 197.084900 129.178741 109.108971 151.329895 83.474876               4326 
15.883619 183.083694 113.730736 81.318054 183.785690 87.052628 51.665031 198.377686 128.566772 109.584557 152.495605 83.817528               4343 
14.436488 185.544708 111.653526 80.456871 184.970810 86.315498 50.069191 200.356323 126.869682 108.364662 153.280945 83.983574               4360 
12.749779 187.689606 108.862167 79.522598 188.071274 85.385040 47.249302 203.996674 124.103020 108.488731 157.257797 85.228905               4377 
10.852481 189.700760 104.502113 77.340736 189.882736 80.077827 44.706562 206.725479 117.780449 106.871758 159.629135 81.159134               4394 
8.957958 192.772217 97.293594 76.296562 192.765564 75.294907 41.306076 208.854813 110.818123 105.786499 162.551285 77.738632               4410 
8.890055 196.503555 90.705994 76.315605 194.348984 68.936203 40.528778 210.278885 103.180031 104.900307 163.293549 71.582863               4424 
10.426736 200.521896 84.178818 77.674805 195.383530 62.354164 41.105202 211.632965 95.090668 105.077744 163.334137 65.586174               4437 
9.005133 202.133972 77.248978 77.041489 197.878281 57.785973 36.380684 210.105484 85.725739 104.927223 166.446091 62.575016               4449 
7.943895 205.899216 69.731377 76.309273 199.818054 51.875214 33.424862 210.918320 76.677444 103.605484 168.177170 58.379192               4461 
6.091315 208.875534 63.184753 73.963135 198.664398 45.297512 30.475403 210.388870 68.930191 99.314400 165.430496 51.728119               4471 
3.454728 214.842072 56.653568 70.960716 202.857193 38.333065 26.381639 213.547119 60.057152 96.209656 169.885101 46.324482               4482 
0.821022 216.654175 50.671005 69.052139 207.186020 33.106598 22.630568 213.380569 52.791065 95.551903 175.179169 40.971363               4491 
-6.862898 218.846191 32.430721 63.066391 214.639114 19.542412 14.454353 215.349350 35.131168 91.740623 185.319199 29.870127               4509 
-7.736395 222.008041 24.606119 62.392986 214.939636 13.943066 13.189219 217.158585 27.865908 89.723358 184.879150 25.688200               4518 
-10.022548 227.000183 6.536878 60.470486 217.910049 0.130843 10.145136 220.253204 10.764448 86.430969 187.607880 14.143784               4536 
-11.482935 228.659576 0.483686 58.881237 217.994095 -5.190759 8.309447 220.778717 4.713872 84.113289 187.325363 9.345507               4544 
-13.180342 229.182510 -13.851776 57.723560 219.022827 -19.494356 6.822423 219.190353 -9.697253 84.035057 189.545944 -4.416260               4561 
-15.517925 229.927383 -21.384315 55.935535 221.281631 -24.389874 4.587903 219.259689 -16.721670 82.516243 192.280075 -8.868690               4570 
-20.246191 233.572571 -47.806259 51.566711 226.365051 -43.755787 -0.325868 220.929611 -42.224434 77.425255 197.461319 -26.890409               4596 
-22.169512 233.555466 -54.314270 49.745800 227.561966 -49.147137 -2.056434 220.710556 -48.582367 75.907684 199.239258 -31.771540               4604 
-23.597376 236.694305 -69.732140 48.027637 229.611267 -61.325893 -3.780013 222.486847 -63.596512 73.106689 201.032104 -42.810959               4622 
-25.188217 239.495956 -77.656937 46.090446 231.443527 -67.046463 -5.675198 224.605148 -71.218010 70.286507 202.436798 -48.028301               4630 
-26.432085 243.127411 -93.077522 44.005627 233.711639 -78.264313 -7.396279 226.887024 -86.274643 66.658791 204.018326 -58.423145               4648 
-27.704563 243.573242 -98.710655 42.573574 235.022858 -82.512238 -8.533086 226.846695 -92.235367 65.401382 205.126633 -63.182514               4656 
-31.503553 242.637085 -112.404472 37.972626 235.876236 -92.146568 -11.911065 225.440720 -106.617805 61.162975 205.363480 -74.266129               4674 
-32.166706 242.048065 -117.466110 36.716038 236.058517 -94.967606 -12.346988 224.764664 -111.847069 60.048145 205.384399 -77.553772               4682 
-33.529388 241.203186 -123.145935 34.927578 236.309830 -99.030067 -13.469165 223.989334 -117.426666 58.541119 205.879944 -81.567146               4691 
-36.660530 238.548553 -136.074753 30.913774 237.175415 -109.061584 -15.822804 222.177856 -130.023544 55.696144 207.787674 -91.434166               4708 
-36.994732 237.879669 -140.594055 30.214813 237.886063 -112.601120 -15.972466 221.804398 -134.139984 55.261570 209.092819 -94.376411               4718 
-41.452137 236.608948 -159.238419 24.665089 238.602356 -127.806190 -19.485916 220.121567 -151.687576 50.185772 211.130875 -108.247482               4744 
-43.259686 237.674088 -163.712250 22.147888 239.535980 -130.212189 -20.726974 220.415298 -155.870224 47.769089 212.327255 -110.419014               4752 
-45.609127 249.277969 -166.426758 22.191172 239.928696 -133.945587 -20.799667 220.434265 -159.168854 47.474068 213.089828 -113.233742               4760 
-49.008678 259.886200 -171.347855 20.726631 239.622147 -139.523499 -21.607262 219.448929 -165.381653 46.218307 213.149155 -118.597778               4778 
-48.794937 264.697327 -177.523758 19.927246 239.933319 -144.193146 -22.972462 220.253769 -169.523392 44.212399 213.459198 -121.879852               4786 
-49.277157 265.263458 -181.153564 19.168041 238.483887 -147.331345 -23.665251 218.785736 -172.805893 43.259117 212.050674 -124.760651               4795 
-50.687889 266.646790 -190.173843 17.695566 240.376175 -154.593491 -24.396137 219.034729 -180.051224 42.011150 215.109314 -130.953079               4812 
-51.063419 267.494202 -192.529068 17.345304 241.005417 -156.666351 -24.727274 218.976364 -181.582184 41.794178 216.282028 -132.592758               4821 
-51.727474 267.135834 -196.968246 16.411749 239.823700 -160.422165 -25.253584 216.954575 -185.328888 40.948727 215.650116 -135.884323               4838 
-52.858932 266.063568 -199.051285 15.405887 239.151413 -162.102005 -25.732927 215.534027 -187.215607 40.210659 215.427292 -137.395325               4847 
-59.591595 260.545197 -206.334793 10.439806 239.612747 -168.375977 -27.455763 211.978348 -194.489014 37.245953 218.418076 -143.461166               4864 
-31.202806 229.957748 -207.504715 7.468940 240.784302 -191.717392 -40.742798 226.221054 -207.993317 23.608559 221.835632 -157.526871               4874 
-31.168852 226.120255 -201.638443 6.147513 242.417923 -209.765594 -49.364418 251.173218 -218.551605 17.626106 234.400650 -169.859497               4891 
-31.874895 226.547165 -200.699097 5.405059 241.743164 -212.991699 -51.610870 256.458344 -220.175781 17.562708 236.542969 -172.821060               4899 
-32.294647 227.166367 -200.405655 4.908937 241.292267 -215.147430 -52.656246 261.369537 -221.600327 17.619268 237.843002 -174.959366               4925 
-32.430592 226.663986 -199.399475 5.146468 239.760803 -214.288055 -52.063526 262.343292 -221.129913 17.542677 236.657928 -173.973816               4936 
-33.103107 225.296204 -199.446304 4.863171 236.871384 -214.761017 -51.984585 262.015656 -222.971176 16.988710 235.961639 -174.255768               4960 
-32.986729 224.792587 -199.459274 5.272645 236.289474 -214.197952 -51.439857 262.397980 -222.912903 16.870558 235.246414 -173.541687               4969 
-33.210800 224.217224 -199.659439 5.651057 235.425674 -213.258682 -50.758770 262.857239 -222.934021 16.247210 234.104568 -172.337936               4978 
-32.271442 223.292572 -200.635788 7.192587 235.601517 -212.274261 -50.055027 261.600891 -225.093765 15.868965 236.143143 -170.886368               4995 
-31.920132 222.595291 -201.376617 7.902070 235.688797 -211.728622 -50.097092 261.378693 -225.985870 15.431442 237.296982 -170.144333               5012 
-32.247101 222.138870 -201.942032 7.888237 235.585434 -211.075195 -50.179077 261.900635 -226.403458 14.316732 237.545731 -169.321609               5021 
-33.148537 221.478851 -203.107727 7.476184 235.362991 -210.062317 -50.467552 262.818542 -227.331787 11.973519 237.688400 -168.075455               5038 
-33.423042 221.240387 -203.520493 7.339819 235.289368 -209.727112 -50.591938 263.101257 -227.617310 11.195750 237.730804 -167.683075               5047 
-34.131516 221.073364 -204.358368 6.981791 234.961182 -209.094772 -50.705860 263.757874 -228.188416 9.567648 237.428619 -166.955063               5064 
-34.374348 221.011276 -204.660416 6.847879 234.838440 -208.858261 -50.781025 263.925446 -228.376892 8.958906 237.320572 -166.692947               5073 
-34.473736 220.729080 -205.001587 6.714397 235.128769 -207.260742 -50.932648 264.266846 -228.755630 6.833236 237.665283 -165.046021               5090 
-33.976929 221.439957 -203.205475 6.931207 236.759064 -204.421448 -50.707752 264.946838 -227.643051 5.806316 239.662949 -162.245239               5099 
-37.062981 223.075592 -199.416061 4.764884 235.747757 -200.321228 -50.726807 267.445221 -225.866577 2.968379 240.662384 -158.355164               5116 
-37.681038 223.343430 -197.192612 4.375057 235.213989 -198.457901 -50.951168 268.320221 -224.819168 2.647537 241.575150 -156.683731               5125 
-35.683636 221.886063 -188.852173 5.648967 235.579865 -192.746552 -52.717049 265.996277 -219.544632 5.047461 245.509521 -151.642166               5142 
-36.575306 222.718796 -187.250900 5.103820 235.474274 -190.629456 -52.430798 267.535156 -217.959824 4.279002 245.283173 -149.499954               5151 
-33.532089 225.645004 -174.001633 7.783815 237.149139 -182.530502 -51.869701 267.896423 -207.477859 11.007966 250.990692 -142.699020               5168 
-33.336521 225.842697 -172.291351 8.256662 237.000229 -179.914398 -50.706657 268.784424 -205.543381 10.903623 250.298447 -139.855927               5177 
-35.536667 225.877380 -170.439056 6.125963 237.114700 -177.600220 -52.097145 269.615479 -203.833145 8.486611 249.886597 -137.353027               5187 
-38.409657 225.657898 -167.233948 2.953681 237.748886 -174.728729 -54.811081 268.902008 -201.071442 5.545780 250.072464 -134.356201               5198 
-41.601311 225.626617 -161.561508 -1.556327 238.472702 -173.487930 -61.745304 264.968597 -197.916641 3.841849 254.110565 -134.566895               5208 
-50.341190 236.333374 -153.205704 -9.432669 238.996292 -168.279419 -64.133644 273.450317 -194.461472 1.464554 258.074890 -132.143723               5229 
-50.677036 238.193527 -146.532349 -11.061124 235.016174 -164.616898 -62.741966 275.141602 -188.458405 4.908408 253.790161 -130.250595               5239 
-48.638977 238.874359 -129.257401 -11.923388 232.899567 -152.075760 -63.969299 274.935883 -170.863724 9.289328 251.762451 -120.727028               5259 
-46.219826 239.032440 -120.822144 -9.836581 229.411987 -142.894058 -57.009380 275.284515 -161.596649 12.534163 245.084213 -110.606880               5268 
-41.618443 239.678482 -112.392555 -4.964665 225.385330 -130.849884 -45.254715 274.614868 -151.223221 15.631269 236.702896 -95.689529               5278 
-36.969086 238.513641 -98.318497 -1.013551 220.830124 -114.264816 -37.858253 270.039917 -134.980484 17.676819 229.402634 -77.309265               5295 
-31.013739 240.868912 -81.824486 2.245315 218.824371 -97.637764 -32.583492 267.628784 -119.310303 22.889896 227.778427 -61.830547               5312 
-14.320542 224.569077 -127.580826 16.625845 224.069473 -80.319176 -33.270878 247.193741 -97.888901 20.906898 215.530655 -39.120972               5321 
-25.765350 261.524841 -110.555305 25.334970 228.357712 -62.015629 -26.620848 228.478058 -65.899300 46.827442 201.335037 -37.594742               5338 
-29.904531 260.826538 -100.723488 27.802559 229.112045 -55.473495 -22.958298 225.975815 -57.466595 52.838737 203.350464 -33.156204               5347 
-33.309448 255.530731 -88.628967 28.648336 228.272690 -44.577576 -20.799562 224.495636 -44.714195 55.666470 204.737701 -22.113029               5364 
-32.876553 253.436234 -81.448006 31.037022 227.963867 -38.882366 -18.129963 223.734802 -37.666508 59.089977 205.202805 -16.893816               5373 
-32.991463 250.161392 -64.098930 34.640896 225.815018 -26.792648 -14.172351 221.408157 -21.595490 64.640060 203.523605 -7.001893               5391 
-31.330744 248.627518 -55.240112 37.825138 224.565567 -20.593796 -10.739325 220.278809 -13.428530 68.610390 202.400757 -1.898328               5399 
-30.368189 245.145859 -39.404690 40.411549 222.674652 -7.015769 -7.815639 217.722305 1.716429 72.216156 201.202209 10.758698               5416 
-30.852226 240.622849 -22.893461 42.674175 219.645721 3.899872 -4.595994 215.731186 17.274504 76.008629 199.009125 19.757853               5439 
-30.566364 240.083069 -20.405058 43.002808 218.937500 6.136231 -4.223818 215.516708 19.793503 76.314095 198.250000 21.976566               5443 
-30.143587 232.157257 3.488696 46.227383 214.949371 24.282532 0.471845 212.844101 42.702461 81.450798 196.239792 38.346462               5469 
-30.686666 230.451920 8.665296 46.392570 214.613113 27.837677 1.011353 211.718140 47.056629 82.225433 196.440125 41.039162               5477 
-30.074377 227.632660 13.900798 47.417725 214.181473 32.900406 2.136058 211.451569 52.420670 83.645241 196.867554 46.179192               5486 
-29.692347 223.014908 24.349146 48.233185 212.765182 42.797970 3.078034 210.152023 62.894543 84.967499 196.305344 55.766972               5503 
-29.360968 218.762985 29.720871 49.123943 212.347473 46.800056 4.407814 209.882278 68.321198 86.583046 197.341003 59.455177               5512 
-29.258720 217.009171 35.189396 49.349628 211.926239 50.908607 4.828725 209.842514 73.314682 86.968254 196.798859 62.930767               5521 
-26.988722 214.772995 49.858803 51.835602 211.639862 60.689018 8.594481 213.575439 86.122368 89.599808 196.116058 71.707504               5538 
-27.534052 214.096771 56.326141 51.337852 211.413208 63.663670 9.205425 214.655045 91.286560 89.225922 195.187805 73.137917               5547 
-27.377432 209.851608 60.016747 51.242645 209.965149 66.394997 9.232789 212.334671 94.705315 89.410889 194.042236 75.236778               5555 
-26.038679 205.078629 64.559502 52.094898 208.957672 69.198456 10.470342 210.795242 98.569687 90.692947 193.745209 77.402260               5564 
-25.196301 207.453018 73.983276 52.757549 206.913025 76.146324 12.414273 214.673218 108.060982 90.165512 188.860306 84.100845               5581 
-26.366508 211.826355 79.754044 51.320248 207.622818 82.351669 11.504335 219.795486 114.666451 87.553650 187.730698 91.294540               5599 
-5.267476 184.536804 93.332855 49.261097 207.675751 85.352875 9.025194 217.168060 118.468964 86.802658 190.140701 93.819519               5616 
0.545715 180.367310 97.191017 47.381119 208.480652 86.326134 7.407531 218.438446 119.687424 84.644417 190.248474 94.545952               5625 
11.189097 173.926712 105.996239 48.150223 207.317520 91.730568 9.903639 214.667801 127.720894 86.392578 190.054718 97.026733               5642 
14.516724 174.360153 108.660706 49.725262 207.633850 93.542801 12.311207 215.370407 130.327835 87.663582 189.459442 97.890823               5651 
16.809278 175.651749 113.240723 51.157322 207.211151 95.459946 16.871891 217.248535 134.741684 88.108490 186.722672 97.294174               5659 
17.871950 177.510696 116.221756 52.785248 207.417557 96.792160 21.003073 219.457336 137.798355 88.752716 185.173630 97.074654               5669 
18.233822 177.791229 116.292839 53.900299 207.130341 97.380760 23.145321 218.835693 139.290894 89.043839 183.627396 96.344208               5677 
18.013044 181.276352 118.017578 54.912857 208.527481 98.350204 24.070827 222.984268 139.413712 89.200089 183.773239 98.728600               5688 
18.964931 181.320663 117.443306 56.914734 208.117157 99.092346 26.046736 220.046539 140.878235 90.077248 181.920517 97.506615               5703 
19.348879 181.775467 117.770523 57.457951 208.234161 99.196487 26.704203 219.558258 141.254150 90.259903 181.633148 96.972000               5711 
19.577147 182.084549 117.992912 57.810093 208.310013 99.264000 26.875034 218.936508 141.424881 90.371017 181.451813 96.626984               5720 
19.099022 182.898346 118.123199 57.739338 208.615768 99.453827 25.721369 219.763779 140.769882 90.288872 181.655533 97.969223               5729 
19.215481 183.590729 118.205322 58.246452 208.838257 99.648277 25.625937 220.806000 140.387375 90.735718 181.769226 99.151962               5737 
19.421566 183.861450 118.379692 58.812748 208.582184 99.816002 26.378574 221.505890 140.941956 91.071434 181.234329 99.764023               5746 
19.302896 183.982773 118.092575 58.776035 208.829346 99.835510 25.526873 221.935104 140.494003 91.289177 181.797211 100.666382               5763 
19.060402 183.792740 117.405998 58.952019 208.551712 99.612534 24.967392 221.816605 139.670807 91.566933 181.676285 101.196846               5772 
18.794174 183.865280 117.160133 58.977562 208.587402 99.643860 24.472624 221.922134 139.326050 91.711403 181.894226 101.765289               5781 
18.705624 183.683411 116.905319 58.983894 208.562805 99.647064 23.943041 221.655869 139.103851 91.892860 182.118835 102.146553               5798 
19.307215 183.154343 115.968246 59.983643 208.125671 99.565109 23.524614 220.768387 137.979065 92.997826 181.927872 103.068001               5807 
18.949617 182.374725 114.958191 60.075291 207.778198 99.507210 21.693792 218.888626 136.568375 93.472816 182.226883 104.008995               5816 
18.768051 182.107925 114.213127 60.419315 207.655701 99.313118 20.720238 217.987091 135.317001 94.064972 182.622864 104.777321               5825 
18.815149 181.895813 114.195610 60.616562 207.436981 99.312981 19.993841 216.764069 134.462967 94.372444 182.652054 105.210297               5833 
20.020338 179.637131 115.638428 61.080200 204.803635 97.886703 22.659245 210.154846 134.889191 94.515366 178.933228 99.045540               5859 
20.952003 179.271072 116.479004 61.501602 204.507721 97.587448 24.514027 206.983963 132.638031 94.995361 178.687500 97.709976               5868 
21.238455 179.194397 117.037407 61.778648 204.215240 97.372543 25.878105 204.008301 130.342728 95.212051 178.326202 96.668137               5876 
20.900055 179.378021 117.183609 61.864010 204.138245 97.285301 26.268227 201.776901 128.492981 95.302101 178.268723 96.193359               5885 
20.511463 179.663239 117.268761 61.888485 204.144806 97.231239 26.478025 200.594559 127.426819 95.335991 178.295395 95.965324               5894 
20.400274 179.967880 117.389839 61.872780 204.339432 97.153885 26.721256 200.128983 126.969734 95.357384 178.549789 95.668449               5903 
20.225275 180.340286 117.563904 61.821507 204.891602 97.401306 26.860359 200.047577 127.052925 95.505516 179.376801 95.694435               5912 
20.186857 180.797897 117.730080 61.977417 205.324844 97.506348 27.245224 200.150803 127.110558 95.756454 179.947830 95.631584               5921 
19.990574 180.811325 117.287239 61.767822 206.151230 97.727936 26.946596 199.945892 126.769920 96.077187 181.481583 96.052635               5931 
19.860868 180.778900 117.138519 61.716785 206.455551 97.907036 26.990318 199.569885 126.581619 96.245117 182.097183 96.176453               5942 
19.697662 181.131271 117.254852 61.792023 206.626465 97.912407 27.260841 199.749542 126.531746 96.377800 182.342636 96.284363               5953 
19.440125 181.396835 117.326981 61.817623 206.683670 97.942421 27.478886 199.824890 126.517303 96.419281 182.420334 96.346428               5963 
19.202723 181.620377 117.370262 61.861710 206.687622 97.940094 27.774488 199.902573 126.502724 96.458191 182.416550 96.349770               5974 
18.933962 181.840210 117.394279 61.902241 206.666046 97.913582 28.031002 199.909851 126.474045 96.487785 182.381973 96.284355               5986 
18.679487 182.056030 117.417389 61.936615 206.647736 97.891098 28.304998 199.971237 126.473923 96.512856 182.352646 96.228889               5997 
18.364595 182.319122 117.444893 61.968979 206.630508 97.869926 28.765226 200.273636 126.644173 96.536423 182.325043 96.176689               6009 
18.127321 182.527130 117.499886 61.992241 206.637680 97.883186 29.223053 200.620239 126.887878 96.558884 182.334152 96.146446               6021 
18.543591 181.803909 117.476822 62.159126 207.015640 98.390533 29.485512 199.694595 127.025864 97.274681 183.527283 96.460213               6033 
18.631893 181.606110 116.946793 62.659245 206.417419 98.061150 30.172127 198.481537 126.271996 97.375198 182.423782 95.297295               6045 
18.307896 182.220734 117.241325 62.730309 206.401123 97.998207 30.416567 198.490799 126.128944 97.274994 182.176834 95.103394               6057 
18.072733 182.902832 117.515518 62.742496 206.658066 97.975571 30.519995 198.924362 126.169777 97.251144 182.371399 95.175346               6069 
18.058298 183.470291 117.521164 63.031479 206.777985 97.833588 30.794485 199.211914 125.988289 97.466095 182.368713 95.192375               6081 
18.131256 183.911224 117.369507 63.479401 206.685440 97.711052 31.114605 199.358841 125.726746 97.749985 182.023621 95.291801               6093 
18.016163 184.293945 117.400917 63.790485 206.376007 97.734497 31.308844 199.432968 125.677460 97.805832 181.346100 95.500504               6105 
17.958929 184.671219 117.412926 64.050369 206.180817 97.657944 31.558468 199.529694 125.650101 97.810745 180.812744 95.371292               6119 
17.859680 184.957932 117.383842 64.178085 206.109039 97.582024 31.703571 199.631058 125.633316 97.811737 180.572693 95.300735               6132 
17.946587 185.581345 117.538666 64.804482 205.047195 97.034515 32.522369 199.749908 125.569649 97.650291 178.520126 94.585434               6143 
17.662441 185.889282 117.311989 64.811386 204.547653 96.523949 32.653702 199.645050 125.300095 97.248169 177.545197 93.830833               6169 
17.873980 186.028244 117.034988 65.190910 204.205048 96.116234 33.065823 199.610077 125.033585 97.392998 176.927048 93.383514               6183 
17.900705 186.555649 116.766037 65.631462 203.796494 95.733582 33.508675 199.589050 124.810020 97.326553 175.958344 92.735237               6200 
17.866644 186.965118 116.647804 65.912163 203.539322 95.507484 33.751167 199.542419 124.782486 97.294655 175.367462 92.342476               6218 
17.768564 186.929733 116.681862 65.876244 203.661758 95.646011 33.579178 199.409958 124.910858 97.433838 175.674362 92.587494               6236 
17.998459 186.609268 116.664139 66.428284 202.721024 95.715134 34.022278 198.754333 125.125633 97.616920 174.339706 92.505669               6254 
17.897013 186.837662 116.701500 66.624474 202.367752 95.850838 34.067955 198.779495 125.379700 97.532158 173.673233 92.709084               6272 
17.914804 186.801880 116.932869 66.474266 202.638412 95.918007 33.997623 199.331573 125.924408 97.749313 174.297745 93.232986               6289 
17.900402 186.491196 116.960236 66.322433 202.357285 95.638603 34.040314 199.438324 126.186005 97.734459 174.151810 93.135429               6307 
18.318079 186.666367 116.578743 66.960678 201.912277 95.289253 34.603859 199.859497 126.042976 98.175713 173.449966 93.277000               6325 
18.785711 186.916016 116.881264 67.329735 201.959808 95.381752 35.095303 200.387772 126.454124 98.489273 173.426575 93.519409               6343 
19.226416 186.785187 116.927826 67.747520 201.853180 95.522842 35.394386 200.286911 126.444107 98.921028 173.326828 93.793762               6363 
19.417110 186.475082 116.873619 67.943031 201.694183 95.650841 35.309856 199.579605 125.983208 99.150864 173.207932 93.880028               6382 
20.007372 186.854782 117.011246 68.962570 199.932739 95.334190 36.313423 199.258820 125.580620 99.056740 170.260864 93.768494               6402 
20.424358 186.336945 117.047928 69.554085 199.253265 95.526459 36.592194 198.446030 125.418465 99.626602 169.552963 94.088860               6421 
19.735615 186.353790 116.903549 69.182785 199.420853 95.750961 35.772457 198.270798 125.181076 99.597778 170.052658 94.767174               6441 
19.284529 186.266922 116.894318 68.990265 199.428421 95.951523 35.370419 198.112320 125.163010 99.688942 170.346893 95.329521               6460 
18.948431 186.155411 116.820107 68.898010 199.049591 95.933884 35.209053 197.948578 125.200928 99.581345 169.949509 95.435112               6480 
18.698980 184.149231 116.637360 68.457741 196.908646 95.188957 35.382042 196.004196 125.468834 98.786308 167.479630 93.563629               6499 
18.021553 183.538071 115.885063 68.257286 196.587265 95.640488 34.515106 195.412842 125.304085 98.689774 167.246399 94.412254               6519 
17.753433 183.452499 115.779373 68.328674 196.248077 95.704338 34.373066 195.248016 125.185341 98.798470 166.932098 94.870247               6538 
17.751608 183.116852 115.247154 68.884438 194.925323 95.334656 34.763996 194.449783 124.728668 98.849762 165.092987 94.533035               6557 
18.150002 184.151794 115.052391 70.044098 194.150620 95.460892 35.727306 195.533630 125.209923 99.190514 163.507385 95.362045               6576 
18.822834 184.263184 115.004730 71.412750 192.424667 95.444214 37.267250 195.475754 126.129425 99.583458 160.882431 95.272400               6595 
18.606396 184.363403 115.486443 71.442116 192.108978 95.652130 37.771088 196.153473 127.799423 99.385727 160.371277 95.016975               6613 
18.633213 184.339676 116.152641 71.772163 192.358032 96.466324 37.851131 196.341187 128.751678 100.059036 160.922714 96.013603               6632 
18.281527 184.671768 116.879379 72.414505 193.183075 98.072357 35.597004 194.769821 127.288574 101.709732 162.688889 98.724701               6650 
18.121317 186.040573 117.603607 73.105537 195.029800 99.753708 34.076347 195.537064 126.548676 103.558441 165.857697 102.938049               6667 
18.274042 186.626053 118.532028 73.508354 194.329422 99.444405 34.829082 195.369492 127.061829 103.603439 164.726700 101.992928               6685 
18.237181 185.963837 118.861008 73.341835 193.798203 99.062241 34.976791 194.550430 127.258545 103.520935 164.229797 100.922897               6700 
18.707335 185.190750 118.701355 73.668716 192.709152 98.215813 35.612247 193.453613 127.079453 103.510284 162.753021 99.017105               6715 
18.615871 185.163818 118.540421 73.700714 192.708740 98.275742 35.387272 193.497253 127.018425 103.574471 162.788376 99.203682               6730 
18.656685 185.132660 118.496506 73.809563 192.617172 98.254440 35.496830 193.988663 127.477478 103.650742 162.662521 99.122742               6745 
18.992655 185.021759 118.783745 74.161324 192.515030 98.287086 35.899891 194.067215 127.785042 104.130394 162.688904 99.174278               6760 
18.992582 185.056030 118.871788 74.239868 192.520386 98.299889 35.953056 194.097610 127.841904 104.298576 162.787292 99.273582               6775 
