43.590706 149.293625 69.851868 44.151848 188.262024 73.406380 12.989937 131.672928 59.889931 89.213593 182.872543 94.454277                  0 
43.788761 150.016510 70.307732 43.985947 188.981369 73.939079 13.019332 132.054855 60.912636 89.235832 183.998337 94.681267                 12 
43.937275 150.278442 70.643494 43.929985 189.244019 74.272507 12.971561 132.102692 61.715630 89.299774 184.518661 94.812096                 26 
44.016460 150.418442 70.821732 43.900177 189.383911 74.450096 12.920512 132.115479 62.140091 89.332779 184.796021 94.881729                 39 
44.107601 150.578476 70.716743 43.883823 189.527634 74.511269 12.760083 132.209320 62.410488 89.305901 184.972992 94.973724                 52 
44.149372 150.574356 70.667992 43.868061 189.518829 74.506660 12.421037 132.207748 63.096634 89.297668 185.008286 94.962151                 65 
44.235313 150.615448 70.612289 43.890430 189.554550 74.499901 12.227445 132.238617 63.504570 89.320244 185.090866 94.965225                 79 
44.354679 150.687683 70.555382 43.934605 189.620529 74.497902 12.156218 132.282135 63.741386 89.350533 185.210556 95.005638                 93 
44.431732 150.740189 70.524529 43.946087 189.665070 74.537437 12.059362 132.325302 63.948357 89.343147 185.288345 95.094009                107 
44.590542 150.850525 70.445892 44.009171 189.761612 74.578117 12.020736 132.445313 64.151955 89.364693 185.420853 95.233765                122 
44.756489 150.988159 70.363220 44.066853 189.883026 74.629280 12.045808 132.564728 64.250084 89.392601 185.586914 95.359489                137 
44.889565 151.098846 70.294029 44.105305 189.979691 74.670166 12.082141 132.642136 64.286972 89.412666 185.727737 95.449623                152 
45.037384 151.232925 70.286118 44.155342 190.100677 74.758934 12.146234 132.743149 64.379799 89.457825 185.906891 95.560829                168 
45.188389 151.367767 70.247841 44.208965 190.223068 74.807678 12.177504 132.873032 64.502121 89.495216 186.088928 95.656815                185 
45.458092 151.569489 70.173141 44.320599 190.406052 74.854286 12.385993 133.017990 64.492210 89.569817 186.375931 95.803947                203 
45.952728 151.779373 70.491066 44.495659 190.622498 75.027000 12.924046 132.982300 64.977730 89.733208 187.030975 96.081390                221 
46.013515 151.852890 70.718636 44.495258 190.709076 75.120613 12.914876 133.016968 65.417686 89.743805 187.262955 96.175659                240 
45.917118 151.841095 70.961342 44.667412 190.719086 75.253891 12.623798 133.268433 65.648071 89.776093 186.989471 96.559250                258 
45.940060 151.913055 71.028297 44.618313 190.792953 75.281921 12.644121 133.275406 65.793312 89.760025 187.175095 96.536537                276 
45.921749 151.955292 71.009216 44.532860 190.832672 75.264328 12.576217 133.197678 65.558136 89.695663 187.295898 96.487755                295 
45.895340 152.065720 71.094696 44.491482 190.949692 75.284042 12.478034 133.250916 65.589294 89.679100 187.472336 96.464432                315 
45.878925 152.165405 71.064339 44.456123 191.049118 75.249748 12.441163 133.339828 65.585129 89.650993 187.597382 96.418854                334 
45.857174 152.056519 70.782440 44.319229 190.925095 75.066704 12.434233 133.138641 65.240715 89.530823 187.555191 96.213264                353 
45.818485 151.887558 70.559433 44.151203 190.748123 74.867836 12.403688 132.825989 64.926735 89.389656 187.519958 95.979042                376 
45.900299 151.780899 70.279732 44.048683 190.611649 74.777496 12.545195 132.481277 64.282066 89.340179 187.506378 95.793198                396 
46.019146 151.772827 70.314171 44.003014 190.596588 74.801514 12.721211 132.233963 64.023117 89.316704 187.691696 95.798012                418 
46.096783 151.780365 70.313705 43.982800 190.597000 74.817673 12.830824 132.092728 63.803829 89.309822 187.799194 95.799927                440 
46.159397 151.773254 70.329033 43.913204 190.581696 74.839600 12.975734 131.868759 63.442551 89.250183 187.934937 95.819939                461 
46.268642 151.713074 70.254784 44.067867 190.518707 74.811684 13.082481 131.779251 62.982159 89.364128 187.782379 95.868332                483 
46.369354 151.657745 70.186211 44.210384 190.460663 74.785950 13.179552 131.712143 62.609818 89.468933 187.641693 95.912689                504 
46.402283 151.637589 70.163666 44.264317 190.440308 74.774895 13.046633 131.823471 62.946041 89.497986 187.583481 95.949760                526 
46.427586 151.622116 70.146309 44.305737 190.424683 74.766411 12.842385 132.012024 63.504223 89.520256 187.538757 95.978203                547 
46.449818 151.608551 70.131027 44.342133 190.410934 74.758949 12.694118 132.151566 63.908562 89.539787 187.499451 96.003166                569 
46.560543 151.363541 69.755554 44.212234 190.122360 74.626343 12.925783 131.753937 63.302231 89.357239 187.335770 95.998863                632 
46.598820 151.313599 69.724251 44.173458 190.064713 74.618652 13.005291 131.637100 63.177776 89.298088 187.346497 96.042946                653 
46.653801 151.279755 69.715462 44.173866 190.025925 74.621635 13.111585 131.502686 62.901608 89.290367 187.360870 96.069725                674 
46.506840 151.227188 69.830521 44.015984 189.979446 74.682777 12.984073 131.354599 62.890621 89.182762 187.372971 96.032021                695 
46.467438 151.195007 69.758003 43.955376 189.951340 74.566551 12.987567 131.206985 62.634022 89.154930 187.403793 95.853447                716 
46.433361 151.115387 69.629959 43.905968 189.875107 74.403061 12.992362 131.016373 62.369751 89.143730 187.376923 95.614510                738 
46.421520 151.013641 69.542107 43.877674 189.774933 74.293701 13.027550 130.806915 62.110706 89.135246 187.313766 95.467186                759 
46.407570 150.929611 69.467697 43.851601 189.691727 74.206024 13.078539 130.595428 61.813259 89.124031 187.256500 95.350739                781 
46.432819 150.931961 69.471680 43.859100 189.694000 74.200859 13.162946 130.488541 61.620747 89.136246 187.285675 95.338539                802 
46.496155 150.942886 69.446571 43.889263 189.702103 74.180809 13.283697 130.398804 61.431404 89.170616 187.330460 95.313622                824 
46.579090 150.968750 69.410973 43.933872 189.723557 74.160095 13.420628 130.339172 61.247116 89.210831 187.386383 95.306168                846 
46.655586 150.992645 69.378159 43.975025 189.743332 74.140991 13.545027 130.288132 61.085632 89.247879 187.437943 95.299332                869 
46.821892 151.130676 69.449806 44.073071 189.879654 74.187561 13.778684 130.327576 61.031700 89.321533 187.658417 95.406990                892 
46.988949 151.292862 69.496155 44.177864 190.039978 74.212601 14.006673 130.402618 60.966091 89.402832 187.894257 95.489815                914 
47.131023 151.443253 69.559357 44.270775 190.189438 74.253746 14.198366 130.478958 60.940441 89.479897 188.107162 95.570892                937 
47.240967 151.559692 69.608337 44.342690 190.305130 74.285591 14.348796 130.534775 60.913193 89.539474 188.271973 95.633621                960 
47.328007 151.651932 69.647148 44.399632 190.396744 74.310814 14.469772 130.575928 60.884789 89.586609 188.402466 95.683266                983 
47.398289 151.726425 69.678520 44.445621 190.470718 74.331177 14.568910 130.606827 60.856571 89.624641 188.507843 95.723343               1006 
47.310612 151.784271 69.782829 44.486542 190.540604 74.414925 14.260034 130.871368 61.495827 89.634056 188.431213 95.859589               1029 
47.259483 151.820328 69.836998 44.520321 190.583588 74.462219 13.960511 131.149445 62.237251 89.642418 188.372528 95.950104               1053 
47.181484 151.640289 69.696457 44.503635 190.396652 74.414330 13.818650 131.068268 62.095806 89.572128 188.046860 95.999763               1075 
46.898903 151.734344 69.798683 44.583836 190.537933 74.316277 13.325805 131.449295 62.341534 89.595703 187.868271 95.982529               1097 
46.620430 151.837387 69.957275 44.677132 190.687851 74.241119 12.838573 131.842438 62.648975 89.629623 187.708939 95.990173               1118 
46.783730 151.981049 70.120819 45.145088 190.890594 73.974121 12.854473 132.198486 62.906593 89.949600 187.770569 96.006889               1140 
46.805183 152.050110 70.329262 45.395691 191.000870 73.841736 12.765268 132.426346 63.192223 90.081024 187.788498 96.102089               1161 
46.998234 152.166519 70.489464 45.648460 191.148743 73.659676 12.953650 132.562225 63.311131 90.154335 188.029678 96.289742               1183 
47.066425 151.535294 70.150436 45.517563 190.499817 73.444786 13.168156 131.792801 62.628654 89.861565 187.500183 96.406349               1204 
47.279125 150.973495 69.801140 45.545235 189.916168 73.257629 13.527102 131.075165 61.938503 89.783257 187.006134 96.434151               1226 
47.336071 150.635849 69.656052 45.509495 189.566330 73.201050 13.695624 130.611328 61.494194 89.690231 186.694977 96.491379               1246 
47.339725 150.416580 69.627678 45.473377 189.340759 73.220886 13.814969 130.260422 61.113316 89.618378 186.477188 96.579834               1267 
47.382675 150.237396 69.773911 45.418701 189.146423 73.477531 14.011298 129.888626 60.886837 89.592094 186.332184 96.788765               1287 
47.478649 150.069641 69.793312 45.460342 188.961227 73.647781 14.207762 129.571075 60.654255 89.741669 186.143051 96.752853               1307 
47.548347 149.948288 69.807228 45.490574 188.826767 73.771385 14.363691 129.328583 60.436188 89.849678 186.006821 96.726547               1327 
47.602100 149.854965 69.817863 45.513885 188.723099 73.866692 14.489189 129.138321 60.241020 89.932625 185.902390 96.706146               1348 
47.643345 149.783524 69.825966 45.531769 188.643570 73.939812 14.602757 128.976700 60.031963 89.996063 185.822647 96.690422               1369 
47.676823 149.725632 69.832512 45.546284 188.579025 73.999146 14.707772 128.835388 59.813969 90.047417 185.758163 96.677620               1389 
47.704651 149.677582 69.837929 45.558346 188.525360 74.048477 14.795042 128.714417 59.638214 90.090019 185.704712 96.666954               1410 
47.617718 149.612015 69.891121 45.497387 188.466202 74.055580 14.778559 128.560577 59.452335 90.065918 185.652786 96.602249               1431 
47.601776 149.555588 69.930756 45.501953 188.412018 74.084595 14.839284 128.407547 59.237587 90.126228 185.596252 96.520439               1452 
47.587734 149.505966 69.965576 45.505966 188.364365 74.110115 14.902578 128.270416 59.004028 90.179024 185.546402 96.448387               1473 
47.563179 149.479141 69.993538 45.475353 188.336365 74.145958 14.943326 128.153061 58.839443 90.212357 185.537643 96.358330               1494 
47.693783 149.540009 70.408134 45.467480 188.408035 74.383842 15.257145 127.947067 59.001747 90.253914 185.880173 96.528961               1516 
48.458542 149.952194 71.237747 45.833260 188.815018 75.015831 16.359663 127.899933 59.561092 90.608437 186.850708 97.240730               1538 
48.941330 150.278305 71.666031 46.057735 189.134476 75.322243 17.080944 127.925751 59.758282 90.808929 187.528183 97.624077               1560 
48.672424 150.272324 71.806290 45.902637 189.142395 75.402351 16.636984 128.012482 60.240166 90.781311 187.473511 97.441887               1582 
48.732784 150.349930 72.023415 45.869164 189.221664 75.526695 16.677364 128.017578 60.695770 90.801590 187.726517 97.468971               1603 
48.693474 150.359695 72.015244 45.859257 189.228531 75.574371 16.571032 128.097412 60.772495 90.809372 187.672745 97.476158               1625 
48.505501 150.297272 71.977257 45.747780 189.166504 75.591660 16.307816 128.109329 60.796429 90.750435 187.505630 97.377525               1646 
48.356644 150.158340 71.785835 45.619297 189.021347 75.481674 16.129221 127.998566 60.617287 90.673981 187.305298 97.155441               1668 
48.183365 149.951950 71.596802 45.485294 188.810486 75.367767 15.930442 127.826668 60.385471 90.583733 187.019272 96.944237               1689 
48.102116 149.788025 71.398880 45.466972 188.643341 75.246719 15.805268 127.707237 60.161510 90.635910 186.756500 96.667000               1710 
48.232548 149.813309 71.308434 45.588799 188.657852 75.257851 15.976948 127.746887 59.866230 90.720764 186.714584 96.750893               1732 
48.268116 149.822418 71.308380 45.590343 188.663895 75.265045 16.053265 127.718666 59.772533 90.715515 186.753754 96.775330               1754 
48.306812 149.833069 71.317123 45.594940 188.671600 75.279465 16.132236 127.693527 59.692097 90.710182 186.794678 96.813484               1775 
48.343548 149.843201 71.325455 45.599300 188.678909 75.293167 16.206537 127.670319 59.619156 90.705070 186.833511 96.849739               1796 
48.412384 149.882751 71.315979 45.631271 188.714401 75.297737 16.314175 127.676460 59.529491 90.727913 186.900940 96.876099               1818 
48.578506 149.957901 71.245522 45.746487 188.778564 75.297882 16.513353 127.719238 59.396297 90.863564 186.990219 96.835587               1840 
48.722698 150.023300 71.184364 45.846478 188.834259 75.298012 16.686764 127.756325 59.278400 90.981209 187.067886 96.800507               1863 
48.819683 150.073074 71.142609 45.913097 188.877106 75.300095 16.807529 127.786125 59.181709 91.057167 187.124115 96.784081               1886 
48.899532 150.114105 71.108246 45.967945 188.912369 75.301811 16.907927 127.810135 59.097927 91.119675 187.170471 96.770592               1910 
48.932381 150.131317 71.102425 45.987358 188.926254 75.317375 16.957836 127.817772 59.040688 91.137230 187.187393 96.790321               1933 
48.961288 150.146484 71.097305 46.004444 188.938461 75.331078 17.002287 127.824196 58.988102 91.152672 187.202301 96.807686               1957 
48.978363 150.158066 71.096779 46.014679 188.948502 75.339821 17.030199 127.828018 58.952499 91.163872 187.215378 96.814651               1981 
48.980461 150.165314 71.103325 46.016575 188.956024 75.343819 17.037037 127.828758 58.938995 91.170517 187.225967 96.808914               2005 
48.982410 150.172058 71.109413 46.018341 188.963013 75.347534 17.043438 127.829414 58.926201 91.176697 187.235825 96.803574               2029 
48.984264 150.178467 71.115196 46.020020 188.969666 75.351067 17.049467 127.830063 58.914238 91.182564 187.245193 96.798500               2054 
48.986015 150.184509 71.120651 46.021603 188.975922 75.354401 17.055101 127.830696 58.903137 91.188095 187.254013 96.793716               2078 
48.987675 150.190262 71.125839 46.023106 188.981873 75.357567 17.060421 127.831322 58.892723 91.193359 187.262405 96.789169               2103 
48.989262 150.195740 71.130783 46.024544 188.987564 75.360596 17.065462 127.831940 58.882904 91.198380 187.270416 96.784828               2128 
48.990780 150.200989 71.135513 46.025917 188.992996 75.363487 17.070251 127.832542 58.873619 91.203171 187.278076 96.780678               2153 
48.992222 150.205978 71.140015 46.027222 188.998169 75.366234 17.074785 127.833130 58.864864 91.207741 187.285355 96.776726               2178 
48.993603 150.210754 71.144318 46.028469 189.003113 75.368866 17.079096 127.833702 58.856571 91.212097 187.292313 96.772949               2203 
49.203075 150.368881 71.370049 46.055473 189.170288 75.373756 17.434942 127.785324 59.068871 91.166519 187.770248 96.952812               2228 
49.554276 150.680328 71.829605 46.151325 189.502731 75.397041 18.023911 127.781609 59.487911 91.087715 188.591782 97.363213               2253 
49.848118 150.962555 72.235359 46.236225 189.799805 75.414742 18.524626 127.797707 59.852703 91.007164 189.306534 97.729332               2278 
50.099026 151.159348 72.541290 46.328018 190.004578 75.424698 18.932243 127.788979 60.139099 90.978142 189.834854 97.984825               2301 
50.114864 151.143707 72.453300 46.369183 189.988144 75.379997 18.944277 127.807335 59.986847 91.003021 189.760208 97.971817               2325 
50.120117 151.123688 72.379417 46.398357 189.967148 75.349319 18.947363 127.820663 59.846592 91.014046 189.682159 97.976318               2348 
50.139019 151.126877 72.361687 46.407253 189.968811 75.338768 18.977377 127.816162 59.806313 91.019707 189.690323 97.972221               2371 
50.074593 151.052887 72.231491 46.419754 189.894699 75.304047 18.878742 127.835365 59.579922 91.013702 189.467789 97.971619               2394 
50.001251 150.965820 72.111259 46.459133 189.807144 75.319221 18.726814 127.875862 59.411896 91.082321 189.179596 97.924507               2417 
50.027451 150.985840 72.297226 46.453846 189.829636 75.439651 18.784435 127.850220 59.595486 91.057503 189.271393 98.085258               2440 
49.948620 150.935135 72.253906 46.456551 189.781586 75.454559 18.666021 127.884117 59.488052 91.046638 189.092682 98.123276               2463 
49.861839 150.874588 72.165230 46.470760 189.722778 75.452225 18.517218 127.929619 59.353012 91.069626 188.870300 98.098114               2486 
49.785156 150.821503 72.087120 46.483307 189.670868 75.450172 18.386164 127.970184 59.233433 91.089622 188.674057 98.075470               2509 
49.717819 150.775192 72.018707 46.494312 189.625320 75.448364 18.271511 128.006027 59.127899 91.106949 188.501953 98.055267               2532 
49.642570 150.672501 71.901657 46.471863 189.519852 75.410988 18.148510 127.963829 59.013931 91.123528 188.300003 97.935692               2555 
48.936882 150.092194 71.839005 46.279198 188.973099 75.402489 17.130672 127.813454 58.966579 90.943047 187.140625 97.861427               2579 
48.390308 149.723373 71.689407 46.090332 188.627670 75.246452 16.371267 127.730461 58.849594 90.755623 186.393036 97.666069               2602 
48.012280 149.382065 71.623825 45.978184 188.292816 75.270996 15.843896 127.635887 58.733574 90.626617 185.700989 97.685753               2626 
47.778564 149.170166 71.460129 45.874535 188.083511 75.149605 15.497942 127.528862 58.671375 90.595543 185.337326 97.400711               2649 
47.601669 149.010254 71.336868 45.796185 187.925293 75.057846 15.233565 127.449432 58.633995 90.571327 185.062332 97.185020               2671 
47.439922 148.903671 71.205208 45.723999 187.819672 74.958328 15.001229 127.422516 58.554317 90.518120 184.841476 97.031807               2694 
47.324230 148.806717 71.123444 45.678055 187.721252 74.922691 14.836219 127.397217 58.485867 90.468468 184.637024 96.989143               2716 
47.231709 148.729324 71.058113 45.641319 187.642563 74.894196 14.704861 127.373566 58.434235 90.428642 184.473572 96.954895               2738 
47.155338 148.665527 71.004227 45.610996 187.577621 74.870682 14.583310 127.357216 58.441360 90.395699 184.338684 96.926552               2760 
47.131950 148.650192 70.996338 45.598721 187.562454 74.865471 14.527102 127.365227 58.523571 90.370850 184.306458 96.944336               2783 
47.123539 148.656830 70.978035 45.595978 187.567917 74.861328 14.474212 127.397438 58.638607 90.370499 184.298035 96.933289               2805 
47.115215 148.663406 70.959930 45.593266 187.573318 74.857231 14.428364 127.425095 58.730885 90.370155 184.289703 96.922363               2827 
47.107296 148.669662 70.942719 45.590687 187.578445 74.853340 14.394843 127.444809 58.788170 90.369820 184.281784 96.911957               2850 
47.099754 148.675644 70.926323 45.588226 187.583328 74.849625 14.363107 127.464668 58.840096 90.369507 184.274246 96.902039               2872 
47.092468 148.681412 70.910484 45.585854 187.588058 74.846039 14.333644 127.484215 58.883911 90.369194 184.266968 96.892448               2895 
47.085526 148.686905 70.895401 45.583591 187.592560 74.842628 14.301224 127.505188 58.941063 90.368904 184.260040 96.883308               2919 
47.142551 148.736771 70.838028 45.619736 187.635620 74.843735 14.346751 127.561340 58.930344 90.414841 184.295990 96.863426               2943 
47.257042 148.844055 70.799171 45.648872 187.734238 74.855354 14.505578 127.624474 58.870884 90.416809 184.455750 96.939400               2967 
47.204281 148.856003 70.830643 45.585995 187.746002 74.884659 14.446744 127.623512 58.942448 90.378670 184.486343 96.921280               2991 
47.172569 148.856796 70.819771 45.552311 187.745102 74.889244 14.398444 127.619987 58.983116 90.385399 184.489044 96.844070               3016 
47.145264 148.857483 70.810371 45.523312 187.744324 74.893196 14.358768 127.614861 59.010689 90.391075 184.491409 96.777534               3040 
47.120544 148.858124 70.801834 45.497059 187.743622 74.896774 14.323157 127.609970 59.033443 90.396111 184.493576 96.717270               3066 
47.098915 148.858688 70.794342 45.474098 187.742996 74.899902 14.295264 127.603828 59.038418 90.400444 184.495483 96.664520               3090 
47.078407 148.859222 70.787224 45.452324 187.742416 74.902870 14.270324 127.596954 59.036175 90.404488 184.497314 96.614471               3114 
47.054085 148.861679 70.807594 45.408794 187.745499 74.909676 14.253573 127.572044 59.064594 90.381920 184.535156 96.583008               3139 
47.137226 148.893585 70.823402 45.414181 187.774567 74.920586 14.380271 127.531982 59.070885 90.402939 184.659286 96.575348               3164 
47.153358 148.917892 70.814888 45.416069 187.795120 74.941505 14.402739 127.553261 59.048683 90.408058 184.680496 96.589638               3189 
47.138512 148.941376 70.838768 45.417095 187.820480 74.954346 14.380924 127.588249 59.069420 90.402519 184.692245 96.614151               3214 
47.157310 148.960434 70.867775 45.494259 187.844330 74.961945 14.359475 127.638824 59.126846 90.513870 184.670547 96.543961               3239 
47.141441 148.954910 70.906296 45.534378 187.843185 74.981346 14.325488 127.656937 59.121071 90.570992 184.620728 96.520630               3264 
47.127876 148.950272 70.939240 45.568623 187.842194 74.997902 14.313467 127.659500 59.063431 90.619644 184.578125 96.500763               3289 
47.088234 148.953354 70.968208 45.575615 187.848785 75.010979 14.259689 127.679474 59.057087 90.640129 184.543900 96.479309               3314 
47.114632 149.030304 71.092644 45.697712 187.930817 75.120972 14.208107 127.804466 59.274857 90.846680 184.546310 96.398590               3339 
47.137440 149.097519 71.201401 45.804123 188.002335 75.216835 14.163090 127.913834 59.464806 91.025833 184.547882 96.328087               3364 
47.126892 149.151688 71.370026 45.908100 188.064911 75.340179 14.091409 128.021240 59.649506 91.177399 184.516205 96.333496               3389 
47.112415 149.182175 71.463295 45.994762 188.101990 75.398430 14.043773 128.084152 59.682121 91.309601 184.467880 96.278564               3414 
47.019623 149.225845 71.600883 46.069389 188.159775 75.439056 13.803000 128.265991 60.043636 91.418793 184.394684 96.220718               3438 
46.950836 149.277344 71.628899 46.155266 188.210587 75.509163 13.565124 128.528519 60.275192 91.542854 184.255447 96.171829               3463 
47.262287 149.793381 71.735794 46.455734 188.712509 75.752785 13.752844 129.370880 60.514999 91.666664 184.654907 96.779663               3534 
47.233303 149.896622 71.716179 46.456547 188.814209 75.753975 13.603884 129.616898 60.768845 91.690826 184.717072 96.722885               3558 
47.197407 149.997269 71.638664 46.412537 188.909744 75.723824 13.448479 129.893738 60.944271 91.646591 184.796265 96.690018               3582 
47.167122 150.082230 71.573257 46.375397 188.990356 75.698387 13.288445 130.174332 61.149456 91.609268 184.863098 96.662262               3605 
47.141903 150.153046 71.518791 46.344463 189.057510 75.677193 13.067633 130.514725 61.604900 91.578194 184.918762 96.639130               3628 
47.120735 150.212509 71.473068 46.318493 189.113876 75.659401 12.894619 130.783188 61.954525 91.552101 184.965515 96.619690               3650 
47.120113 150.250015 71.431633 46.294876 189.147522 75.649361 12.799145 130.955170 62.173206 91.521912 185.006729 96.625320               3672 
47.125038 150.266418 71.411842 46.276825 189.161377 75.648407 12.657559 131.175873 62.606174 91.485268 185.031876 96.666618               3694 
47.175636 150.265793 71.422562 46.263641 189.158127 75.670021 12.606089 131.293518 63.014481 91.482101 185.097702 96.680145               3716 
47.223568 150.265305 71.432732 46.251152 189.155045 75.690498 12.625787 131.332901 63.129406 91.478981 185.160095 96.693024               3738 
47.267189 150.264938 71.441994 46.239788 189.152237 75.709137 12.613519 131.442932 63.233192 91.476028 185.216904 96.704788               3760 
47.296371 150.270401 71.436394 46.228844 189.156158 75.707695 12.567595 131.601898 63.320805 91.469040 185.265228 96.703110               3782 
47.286419 150.157471 71.205482 45.986591 189.025070 75.576485 12.653175 131.399979 62.924503 91.170746 185.329514 96.727295               3804 
47.169079 150.078964 71.088188 45.643024 188.949158 75.361923 12.610180 131.164368 62.882423 90.859085 185.572647 96.497871               3826 
46.992035 149.859451 70.810455 45.247124 188.711655 75.163345 12.533986 130.826660 62.450191 90.441254 185.535507 96.377121               3848 
46.953983 149.805573 70.749451 45.165539 188.657349 75.088394 12.496124 130.775162 62.377769 90.379890 185.544128 96.268379               3870 
46.900826 149.769424 70.687202 45.102047 188.619781 75.034706 12.432682 130.771225 62.279881 90.321838 185.515213 96.204353               3893 
46.868744 149.742905 70.620499 45.058052 188.590454 74.987930 12.393746 130.773666 62.171398 90.280113 185.489273 96.153221               3915 
46.869072 149.727264 70.582886 45.044827 188.572479 74.965500 12.388305 130.779617 62.104618 90.273102 185.480255 96.118820               3937 
46.833565 149.623993 70.543610 44.974716 188.463760 74.959915 12.365071 130.678329 61.996273 90.203041 185.392715 96.116211               3960 
46.773773 149.871078 70.559021 44.761112 188.691727 75.074806 12.214934 131.112488 62.265984 89.956406 185.732391 96.317444               3983 
46.765743 149.760559 70.402321 44.579777 188.575760 74.884262 12.274027 130.878479 62.121716 89.787636 185.836716 96.129692               4006 
46.698509 149.645416 70.220062 44.438168 188.455963 74.705460 12.260098 130.732224 61.753036 89.616699 185.791336 96.022621               4029 
46.584827 149.528137 70.118874 44.272545 188.336075 74.600296 12.207681 130.553360 61.472485 89.442581 185.730499 95.942749               4052 
46.233791 149.788284 70.124641 43.909801 188.605957 74.514732 11.678810 130.901031 62.248463 89.300606 186.129868 95.399315               4075 
46.117798 150.122772 70.024368 43.556667 188.929001 74.383698 11.515558 131.136047 62.835976 89.151634 186.805634 94.858368               4097 
46.087856 150.803619 68.948929 43.121117 189.494858 74.015701 11.607809 131.714050 61.608540 88.697052 187.460617 94.541733               4119 
45.365513 152.448639 63.533585 40.507492 190.794678 69.654572 11.595482 131.616791 57.952511 87.249733 191.004562 87.479843               4141 
46.595284 157.580582 55.389282 39.649025 195.902710 59.216747 13.898140 134.630600 52.731628 86.849609 199.985580 75.280891               4162 
45.660622 161.935852 47.205723 39.229496 200.459167 49.671684 12.628789 139.378159 45.773209 86.604935 204.519592 65.218468               4179 
43.430798 166.839645 35.370281 41.431019 205.645157 40.019882 8.116571 148.631882 30.604715 87.818001 202.981522 58.561039               4196 
35.093113 186.746384 9.749476 63.988365 214.673615 43.203835 24.214016 178.228195 5.773622 104.807350 192.285919 61.512932               4209 
33.677769 204.528915 -3.256674 72.389206 215.733261 41.422859 32.538845 193.314789 -3.506054 110.870461 185.946991 53.024250               4221 
33.512405 210.572327 -9.860543 75.307007 217.336868 36.137295 35.993958 196.076630 -7.137018 114.357681 187.223083 44.553146               4230 
40.040073 215.949387 -28.989429 79.731453 219.202682 20.947317 45.032413 197.922028 -23.531775 119.408432 189.895355 29.280401               4247 
41.077763 217.402054 -36.612339 80.726532 220.050339 13.804794 46.645828 197.487534 -29.132044 120.686974 191.056473 21.875748               4256 
44.683491 219.506973 -46.293171 81.452950 220.440964 6.561505 50.385101 197.421829 -37.141388 121.354439 191.700699 15.753329               4265 
50.960522 223.163437 -59.685204 82.567734 221.215210 -3.428629 56.003426 198.935532 -49.457542 121.528107 192.021545 8.079641               4278 
52.729965 224.455109 -64.727829 82.717636 221.322662 -7.580081 57.629044 199.493988 -54.403809 121.450920 192.024719 4.419262               4284 
60.714081 229.046753 -84.007225 85.537590 221.751495 -24.668198 65.924789 202.154999 -74.404060 124.320015 192.964447 -11.635523               4300 
64.295982 230.364319 -93.246361 86.221268 221.944412 -32.865673 69.509407 202.469955 -83.341537 124.830124 193.527679 -18.566454               4309 
68.062920 233.653992 -112.306488 88.203423 222.986740 -49.110081 75.715378 203.004822 -100.195900 125.254761 194.256516 -31.663172               4326 
68.668205 236.926743 -119.609673 89.550652 224.062881 -55.525917 77.721497 204.018707 -106.520584 125.504738 194.424545 -37.318932               4334 
70.500244 241.273346 -136.542542 90.197823 225.520691 -70.465141 81.995506 205.109756 -121.629951 124.455124 195.493484 -49.790867               4351 
72.900429 241.305984 -144.379181 90.942856 226.165344 -77.048386 83.920494 204.346512 -127.575233 123.642288 195.792450 -54.446259               4360 
74.636093 241.804352 -152.774261 91.440651 227.901169 -84.469818 85.584755 204.649155 -134.173080 123.189354 197.761490 -60.257381               4369 
79.819130 242.431107 -166.853882 92.790314 229.296539 -97.223015 89.495033 204.713470 -146.039642 122.313934 198.954117 -70.571281               4386 
80.879417 244.609756 -170.863495 92.393517 229.138931 -101.326004 90.566345 205.903030 -150.556824 121.360847 198.027115 -74.952347               4395 
84.101578 246.839371 -179.499130 91.604057 228.692947 -109.866913 92.855774 206.572403 -159.026352 118.720627 196.431702 -82.912766               4412 
83.317635 249.071442 -183.091171 91.748619 229.894379 -113.383293 94.476845 207.785004 -162.167892 119.557365 198.365921 -86.267776               4421 
80.873421 254.389938 -189.847748 89.489830 229.755432 -120.691849 96.397087 209.825729 -169.582413 117.286552 198.278671 -93.504028               4438 
79.095322 256.263397 -192.722397 89.189293 229.763763 -123.536308 97.845444 210.339096 -172.177322 117.404518 198.921021 -96.054543               4447 
74.854118 257.558777 -202.658081 88.563637 231.616638 -132.155777 101.108757 211.925568 -179.565765 118.620979 204.355957 -102.897728               4464 
74.234718 258.391357 -204.815857 89.008820 232.049011 -133.887741 102.451607 212.221527 -180.860306 119.086372 205.352356 -104.134567               4473 
74.095184 260.313751 -208.529877 90.372429 231.959366 -137.491592 104.779655 212.424225 -184.108658 120.090782 205.205673 -107.430321               4491 
74.188667 261.247375 -209.468460 90.857254 232.007507 -138.391357 105.681389 212.608414 -184.865479 120.326324 205.142059 -108.184692               4499 
73.701591 262.385620 -213.859070 90.803612 232.802689 -142.262970 107.107635 213.370361 -188.110916 120.005341 206.618271 -111.210495               4510 
73.522675 263.074860 -217.898468 91.768082 233.029312 -145.998535 109.381523 214.020355 -191.416824 121.165794 207.643082 -114.471786               4525 
73.108536 262.693817 -221.440781 92.026176 234.001541 -148.888794 110.423332 214.757828 -193.806107 121.823250 209.822342 -116.793274               4534 
72.773605 262.225311 -224.240753 92.184044 234.058441 -151.093704 111.758698 215.037506 -195.459549 122.151535 210.866928 -118.432938               4551 
72.576256 262.544495 -225.730087 91.579086 234.037186 -152.279541 111.743683 215.024994 -196.321838 121.163208 210.868637 -119.255005               4560 
72.316582 263.132446 -227.775497 91.246872 232.923431 -154.156189 111.246346 213.322495 -197.896423 119.847466 208.839676 -120.920662               4577 
71.697273 263.926208 -227.773926 91.268982 232.533752 -154.245102 111.292862 213.007645 -197.917419 119.681808 208.140015 -121.074654               4587 
72.223938 264.549316 -226.990936 92.694954 230.652710 -154.247070 111.778191 211.207794 -198.191711 120.825844 204.943237 -121.838776               4604 
71.962662 264.299011 -229.607300 92.195290 228.980240 -156.825348 112.734657 210.135620 -200.138672 119.988243 203.323486 -124.085411               4629 
71.825027 264.341980 -231.264328 91.355064 227.816727 -158.562653 112.793579 209.417755 -201.487366 118.684898 201.871429 -125.660622               4646 
72.726463 265.058868 -232.119476 91.679581 226.248230 -160.149078 112.782356 207.901764 -203.118088 118.333115 199.016571 -127.735382               4664 
72.389908 265.235046 -232.890625 91.444916 226.108353 -160.958466 112.775414 207.855927 -203.813751 118.087387 198.890549 -128.524063               4672 
72.038864 265.439758 -232.953400 91.534050 226.169540 -160.933655 112.735985 207.159348 -203.344696 118.196510 199.031250 -128.449066               4691 
71.900414 265.385376 -233.149033 91.763618 226.268616 -160.981033 112.706482 206.657562 -203.151978 118.434875 199.214874 -128.433212               4701 
71.211929 265.416046 -233.233536 91.561073 226.083679 -160.969269 112.440643 205.708557 -202.611374 118.208611 199.098450 -128.345230               4721 
70.869720 265.375092 -233.243698 91.432587 226.040695 -160.898758 112.365913 205.411118 -202.319580 118.085930 199.144669 -128.205872               4732 
70.130508 265.266663 -233.103622 91.039330 225.903152 -160.641922 112.266541 205.276413 -201.856812 117.768692 199.219589 -127.837196               4743 
69.267044 265.051025 -232.748108 90.264961 225.919754 -160.009399 112.166374 205.026810 -200.573669 117.071503 199.692947 -126.900703               4754 
70.827614 269.503906 -230.406479 85.260025 224.924133 -159.137878 112.570862 207.906799 -198.084869 109.335876 196.953156 -125.365120               4766 
73.405312 273.356445 -225.058502 82.708046 222.437729 -156.985992 112.694733 208.197800 -195.027023 104.091583 191.439545 -124.054565               4778 
74.049644 278.961884 -209.251404 75.714836 217.374893 -149.252319 107.860931 206.850067 -186.737442 92.567154 180.504898 -119.939789               4803 
74.807793 280.559540 -202.902100 71.132561 216.212433 -145.522583 105.290878 205.987900 -181.292267 84.866318 177.705643 -116.691483               4815 
73.844658 282.431396 -195.991531 69.153946 215.760895 -140.791367 105.336906 207.174210 -175.032257 82.160599 176.740189 -112.316231               4826 
73.682030 282.851196 -187.597397 68.054680 212.578415 -136.464630 108.139565 207.731781 -166.978882 80.343552 172.929733 -108.543533               4837 
72.160980 284.485321 -173.381226 66.757278 214.193481 -121.413033 107.762482 209.106033 -150.845367 78.609421 175.110779 -92.522011               4858 
69.478470 282.385925 -168.876694 68.813644 213.151108 -114.765701 105.890228 205.871658 -148.715546 82.809647 174.452484 -86.320137               4868 
62.213070 278.899353 -165.887619 67.170807 211.331345 -109.470695 103.303047 204.316742 -144.603012 83.843025 174.371384 -80.168472               4878 
61.497795 278.259338 -158.444122 61.269524 211.714737 -100.176285 98.693733 202.023468 -133.590836 74.799164 174.926361 -69.092751               4895 
61.114616 278.312622 -156.263824 58.870331 212.065033 -97.242073 97.569855 201.648102 -129.138351 70.882568 175.681396 -65.077522               4904 
51.139278 277.586182 -153.762589 49.917629 211.675034 -92.939842 90.010094 200.727936 -123.230606 61.383526 176.884048 -58.870174               4922 
45.931107 275.699646 -154.415207 47.679268 211.155106 -91.287880 86.867599 198.552460 -122.290970 59.847469 177.893494 -55.957710               4930 
72.705284 250.089798 -135.846619 43.460583 210.303879 -86.820503 87.138062 199.137054 -112.015015 54.911839 182.743454 -46.671852               4939 
84.166458 240.707092 -121.620636 41.515347 209.085938 -83.780510 88.427071 199.134094 -103.268768 50.437462 186.405212 -40.092957               4948 
80.900101 230.454391 -85.886032 37.530693 208.328583 -71.544281 87.262520 199.902679 -83.769524 43.283035 197.100388 -23.134983               4965 
80.446152 227.464111 -77.557228 36.579578 207.699539 -65.051895 86.351181 197.366791 -75.813728 41.458988 200.492874 -15.788548               4974 
75.989449 227.971451 -74.462326 34.343727 205.797409 -59.826492 84.460999 198.612442 -71.793419 41.432278 202.800156 -10.395827               4982 
74.529930 227.899506 -69.462692 34.585030 204.214294 -53.040165 84.808586 198.777054 -65.896027 43.017368 204.289398 -3.729805               4991 
67.966965 247.157516 -50.934490 52.981842 187.817017 -32.342407 86.034943 229.810959 -54.679226 75.568703 175.177017 10.467468               5000 
25.239223 245.436890 -21.290792 59.811752 181.625046 -21.292900 44.068367 241.546265 -28.667440 99.001465 177.739655 9.556608               5008 
9.793536 232.804230 -1.256060 63.063492 179.983597 -14.008857 27.121822 233.338287 -7.145685 103.559021 180.409027 15.360387               5017 
4.112093 223.645828 23.834904 64.463829 179.975433 0.106284 19.922455 225.595474 17.581379 107.504303 183.294571 25.387159               5034 
1.789048 215.380188 30.578054 68.470558 182.338181 3.399826 17.951443 219.704300 25.140690 111.268311 189.647614 28.250299               5043 
2.765329 211.762543 35.569225 72.411804 181.520050 9.642782 19.494970 216.151871 31.561260 114.749222 190.559464 34.711750               5052 
2.245893 210.122406 39.940849 73.914063 180.210678 16.065374 19.730408 213.913101 37.853317 116.015129 189.762878 41.341400               5061 
0.375900 210.055099 54.130733 74.204231 177.939789 34.469238 19.461838 212.048035 56.985638 116.749367 187.303055 59.063190               5086 
-0.389887 208.652481 58.285751 73.938423 177.031601 38.913479 18.519405 210.259399 61.804234 116.690544 187.801010 62.554482               5095 
-2.382281 202.868958 68.865456 73.534424 174.317474 50.641579 16.149437 205.416763 72.200211 116.065445 190.710449 71.257195               5112 
-3.188631 203.712234 73.154625 72.244629 173.410721 55.556263 15.373346 206.265564 76.090729 115.350410 191.467163 73.402206               5121 
-3.344984 205.883820 78.215134 70.936600 172.657257 60.725460 15.321799 208.037781 80.750114 114.974083 191.084747 75.683723               5130 
-3.650110 205.956436 81.389748 70.729698 172.370300 64.700340 14.946442 207.937149 84.383804 114.830490 191.537094 78.498024               5138 
-3.952107 206.240585 83.543503 70.302574 171.530884 68.348305 14.521209 207.790268 87.543823 114.513206 190.553406 81.993256               5147 
-3.868217 205.988571 85.640236 70.339455 171.296173 70.024117 14.487994 207.264511 90.217621 114.642090 190.320053 83.365425               5156 
-3.598630 209.289993 91.313965 69.180298 172.201889 74.367004 14.663052 209.523422 96.516228 114.319511 189.619537 87.083099               5173 
-3.930442 207.521652 94.359444 68.909752 170.988785 76.404015 14.277125 207.454971 99.923393 114.033455 187.964035 89.757454               5190 
-3.884280 207.705856 96.016495 68.841194 171.102585 77.691978 14.310498 207.524948 101.729462 114.067085 188.137009 90.617500               5199 
-3.974687 207.845993 97.577820 68.431534 170.762482 78.938492 14.157628 207.376358 103.608574 113.843605 187.618164 91.438553               5209 
-4.445868 207.339035 98.371918 68.037155 170.420502 79.723808 13.635531 206.796234 104.652260 113.418213 187.364456 92.217155               5217 
-4.124009 207.393829 100.735382 68.262260 170.197327 82.214996 13.894345 206.605820 107.511543 113.705360 186.885788 94.826180               5234 
-4.101871 207.058655 101.337608 68.368713 170.154205 82.623093 13.898832 206.294006 108.228745 113.788780 187.131256 94.928337               5243 
-4.283940 206.354675 101.682961 68.090172 169.517502 83.175880 13.389140 205.376129 108.732101 113.408035 186.738724 95.518608               5251 
-4.292325 206.605942 101.607643 67.939598 169.400375 84.062027 12.952000 205.328506 109.038345 113.144646 186.817474 96.542816               5260 
-3.782757 204.942062 103.157837 68.791061 169.106674 85.498161 13.034052 203.837189 110.481171 113.597496 188.191711 96.933479               5269 
-2.735632 204.152542 103.862762 69.361328 168.677917 85.939201 13.104985 202.471207 111.070877 113.881424 188.594635 97.070564               5278 
-2.077697 203.461365 104.331749 69.480873 167.953278 86.511971 12.843085 201.162369 111.471458 113.772453 188.576981 97.260933               5294 
-1.875480 203.125381 104.552795 69.477051 167.649826 86.816910 12.631577 200.536240 111.657974 113.643890 188.588989 97.468826               5303 
-0.780061 202.501282 104.667809 70.304962 167.308868 87.118279 12.928305 199.332016 111.707001 114.157494 188.834625 97.898788               5312 
-0.298405 202.555725 104.563667 70.155205 166.801590 87.177917 12.667797 198.587860 111.534592 113.973518 188.303558 98.143463               5321 
-0.543194 202.425537 104.612541 70.492073 167.445618 89.162567 11.900784 198.205811 111.852402 113.651466 190.071884 100.473648               5338 
-0.726499 200.875290 103.719666 72.581650 169.681213 91.124725 11.727653 197.330063 111.437225 114.038025 195.232758 102.575043               5347 
-0.625658 198.658234 103.674255 73.793098 170.212509 91.696732 11.802164 195.297485 111.446396 114.112106 197.661896 102.811172               5357 
-0.454743 198.882843 103.691765 73.655296 169.922943 91.670746 11.789786 194.987579 111.507881 114.110558 197.118332 102.913734               5366 
-0.647000 201.047470 104.288818 71.836182 168.953827 91.514656 11.215541 196.145966 112.011520 113.424164 194.699493 102.013321               5386 
-0.342801 201.544632 105.455566 71.033188 167.997986 90.880257 11.417887 195.565979 112.861557 113.336159 192.669708 101.097214               5397 
-0.059355 202.228043 106.338455 70.616661 167.828049 91.281784 11.514499 195.380203 113.482704 113.186096 192.316833 100.808792               5408 
0.088602 202.569962 107.076111 70.221230 167.617355 92.049522 11.297944 195.119415 114.176361 112.833031 192.301620 100.855370               5418 
0.921343 201.869614 107.719093 70.031326 166.424377 91.593346 11.334020 193.369034 114.355286 112.720634 190.930099 100.521645               5429 
1.999882 202.183884 108.041443 70.069450 166.378082 91.672043 11.239244 192.576904 114.079224 112.544106 191.231720 100.662102               5441 
2.491113 201.580399 108.354622 69.980293 165.693451 91.311646 11.193769 191.257813 113.814087 112.408073 190.480026 100.699463               5454 
2.915156 201.810364 108.325264 69.836006 165.456665 91.265053 11.078538 190.898666 113.415756 112.284767 190.064438 101.021179               5466 
3.055913 201.808167 108.447609 69.640335 165.328339 91.357475 10.821158 190.445847 113.313713 112.016266 189.976730 101.325401               5479 
3.313202 201.790131 108.601242 69.547195 165.146622 91.300171 10.767093 190.061111 113.214638 111.918953 189.760468 101.370605               5493 
3.331789 201.582245 108.762054 69.388992 164.846497 91.260239 10.651961 189.670013 113.261078 111.794044 189.340057 101.482674               5505 
2.949368 201.248825 108.692307 69.519241 165.272018 91.857582 10.303666 189.353455 113.287209 111.498016 190.463257 102.143715               5519 
2.922859 201.349716 108.501778 69.561882 165.591614 92.100555 10.130244 189.386642 113.179131 111.311462 191.272369 102.105194               5533 
2.898857 201.369781 108.448273 69.479599 165.732529 92.215027 9.916679 189.255768 113.025299 111.082130 191.645142 102.234390               5547 
2.991184 201.725403 108.597031 69.033058 165.457718 92.083900 9.726455 189.389420 112.966713 110.869301 190.965134 102.169662               5561 
3.051871 202.784790 109.406487 68.249969 165.455215 92.146568 9.576986 190.306564 113.608810 110.581932 190.322250 101.751595               5577 
2.921592 204.119110 109.427315 67.569939 165.710281 92.719879 9.230392 191.590897 113.894753 110.190681 190.316391 101.699432               5591 
3.044429 205.013641 109.480042 67.189392 165.864120 92.952530 9.110105 192.393768 114.133354 110.020653 190.255417 101.506432               5606 
3.041456 205.242645 109.499062 66.872231 165.918900 92.998367 8.766026 192.486832 114.109230 109.692795 190.301056 101.631500               5621 
3.012284 205.764038 110.031265 65.933327 165.804474 92.596420 8.207149 192.723618 114.285072 109.042656 189.598785 101.430328               5636 
3.087848 206.183533 110.316139 65.322723 165.905991 92.674278 7.593116 192.856094 114.323227 108.438812 189.604813 101.729126               5652 
3.252938 206.237823 110.416161 64.611778 165.328842 92.294861 7.134019 192.686951 114.196808 107.944427 188.536163 101.585953               5668 
3.254011 206.634888 110.346207 64.395218 165.418915 92.468216 6.997077 193.124878 114.258430 107.780235 188.639313 101.477966               5684 
3.266697 206.880997 110.332092 64.266495 165.500015 92.497124 6.934501 193.409378 114.304863 107.695488 188.688309 101.376709               5701 
3.370581 207.053452 110.520134 64.153183 165.538177 92.403999 6.959709 193.613815 114.433426 107.664581 188.607651 101.189186               5719 
3.149163 207.712036 110.680771 64.200150 166.606140 92.841103 6.721673 194.334702 114.646164 107.486191 190.118668 101.564674               5737 
2.929851 207.993530 111.047806 64.154411 167.334030 93.180161 6.465050 194.653625 115.038017 107.230026 191.312820 101.673126               5756 
2.922727 207.879562 111.105499 63.992386 167.424286 92.853905 6.229856 194.506897 114.615898 107.001938 191.338593 101.848679               5775 
2.845533 207.623932 111.204536 63.899006 167.499557 92.713867 6.059134 194.248154 114.080048 106.765114 191.586945 101.928917               5793 
2.770984 207.368851 111.248924 63.820843 167.526276 92.586502 5.946905 193.969437 113.506340 106.556900 191.785156 101.954430               5812 
2.998655 207.313400 111.515717 63.690300 167.328247 92.276688 6.085404 193.882751 113.261086 106.551018 191.346756 101.694298               5831 
3.098157 207.525818 111.564850 63.591221 167.405319 92.271866 6.057008 194.043655 113.210785 106.481445 191.402832 101.608360               5850 
3.174304 207.603302 111.713814 63.497402 167.467789 92.219170 6.007202 194.057114 113.252777 106.391403 191.486069 101.484612               5869 
2.960679 206.773849 112.193237 63.006527 167.020111 91.585640 5.579497 193.217514 113.294815 105.900856 190.891159 101.222626               5888 
2.991631 206.268417 112.821800 62.596272 166.529388 91.009094 5.516581 193.026108 113.640778 105.709267 189.954437 100.764023               5908 
2.787312 205.632034 113.288704 62.160355 166.087341 90.542580 5.267549 192.849915 113.781883 105.394279 189.100983 100.731895               5928 
3.140332 205.061111 113.909462 62.015648 165.506165 89.945610 5.565120 192.811356 114.049774 105.497520 188.050201 100.129692               5948 
3.429251 204.848892 114.309135 61.928780 165.202026 89.605888 5.769925 193.048157 114.329430 105.600929 187.343277 99.859154               5968 
3.602813 204.931580 114.568756 61.798489 165.099609 89.477089 5.863952 193.529160 114.630287 105.621758 186.930511 99.751076               5989 
3.687649 204.965469 114.693596 61.708847 165.016403 89.359322 5.955266 193.902832 114.756111 105.648277 186.583008 99.695168               6009 
3.591949 204.888077 114.726944 61.642845 165.009552 89.307587 5.938507 194.168716 114.692451 105.600632 186.482529 99.759651               6029 
3.580684 204.835861 114.797874 61.606144 164.994644 89.281052 5.959496 194.471741 114.597298 105.573067 186.409302 99.814018               6050 
3.464096 204.581161 114.867935 61.511341 164.932648 89.113571 5.951849 194.784683 114.177429 105.466782 186.276993 99.835533               6070 
3.392833 204.530304 115.053391 61.419117 164.992538 89.095627 5.873485 194.861008 114.329971 105.382713 186.268997 99.918571               6091 
3.252659 204.227448 115.151176 61.161232 164.867584 88.673752 5.746055 194.874908 114.079445 105.187157 185.844193 99.823692               6111 
3.145466 204.009018 115.160774 61.036064 164.862366 88.341743 5.607264 194.739883 113.974747 105.078857 185.552673 99.950592               6132 
3.301044 203.800003 115.131317 61.063721 164.776047 87.849648 5.747254 194.566071 113.836800 105.187675 185.125824 99.748573               6153 
3.198947 203.588333 115.016594 61.076309 164.832687 87.607216 5.659448 194.378433 113.676613 105.139954 185.220261 99.663887               6173 
3.055578 203.347260 114.862473 61.062309 164.853958 87.361298 5.535465 194.167542 113.471458 105.060081 185.279846 99.592422               6194 
3.029645 203.278992 114.705910 61.092896 164.886993 87.215942 5.467778 194.129852 113.375992 105.051445 185.336914 99.547569               6216 
3.043106 203.048416 114.524269 61.100151 164.803558 86.831436 5.454314 193.942749 113.180054 105.056992 185.183960 99.283623               6237 
3.073161 202.777603 114.263252 61.090271 164.664200 86.321648 5.426380 193.701279 112.924278 105.064514 184.875443 98.986290               6259 
2.883458 202.500778 113.952324 61.006817 164.639786 85.918159 5.188523 193.392822 112.605072 104.918411 184.798676 98.880127               6282 
2.718699 202.364471 113.705307 60.889397 164.701736 85.557434 4.893803 193.061371 112.545052 104.758324 184.767853 98.804695               6304 
2.754019 202.492737 113.721367 60.710812 164.738495 85.408348 4.682145 192.931763 112.940521 104.628563 184.673874 98.691177               6327 
2.978776 203.040985 113.961311 60.097328 164.713211 85.133202 4.433057 193.290771 113.227837 104.270584 184.121231 98.349625               6349 
