19.939316 170.648056 86.160950 52.120815 206.767700 101.406898 20.014791 179.354034 106.687401 89.110466 182.466766 78.086266                  0 
19.962923 170.920273 86.007263 52.177399 206.913925 101.462021 20.059029 179.583405 106.587280 89.169128 182.639420 78.117180                 16 
19.922615 171.116669 85.913307 52.189453 207.009842 101.509422 20.059164 179.758514 106.519630 89.187912 182.755493 78.154289                 32 
19.902849 171.298584 85.933533 52.146042 207.185974 101.608719 20.074982 179.936981 106.557266 89.197243 183.001740 78.264496                 49 
19.887083 171.442780 85.950096 52.110970 207.328278 101.688942 20.102077 180.078018 106.591225 89.204727 183.200638 78.353737                 65 
19.865141 171.547226 85.936958 52.078133 207.418777 101.743675 20.118347 180.174072 106.599525 89.202873 183.336472 78.410912                 82 
19.884781 171.655609 85.927887 52.164379 207.456665 101.776558 20.203436 180.267059 106.610077 89.254608 183.365341 78.398270                 98 
19.916376 171.758972 85.911751 52.247276 207.493088 101.808167 20.275414 180.346359 106.614487 89.304359 183.393280 78.386101                117 
19.944069 171.842545 85.897514 52.314514 207.522629 101.833801 20.329212 180.407990 106.614151 89.344742 183.416092 78.376213                137 
19.832794 171.920212 85.874542 52.272640 207.505341 101.896751 20.248760 180.485641 106.603676 89.298370 183.296143 78.537994                157 
19.802261 172.394394 86.234985 52.380119 207.929932 102.099113 20.261694 181.081329 106.916916 89.334785 183.426178 78.935776                178 
19.836107 172.688690 86.428551 52.589779 208.078293 102.247826 20.364874 181.394348 107.105461 89.412315 183.374924 79.086090                200 
19.983498 173.126984 86.410355 53.128513 208.008865 102.534897 20.683756 181.564621 107.192734 89.620148 183.263657 78.898964                222 
20.397186 172.277893 84.087929 53.088825 206.900299 101.922928 20.687658 180.182999 105.016510 90.373695 182.942383 78.717789                243 
20.378071 171.793350 82.673843 53.017601 206.135635 101.696228 20.610882 179.303619 103.668892 90.861320 182.710785 78.854347                266 
20.458225 171.503738 81.743622 53.014355 205.686676 101.456505 20.578402 178.805283 102.873055 91.166832 182.576859 78.808189                286 
20.561047 171.318359 81.242966 53.009060 205.407593 101.371483 20.495770 178.531464 102.551201 91.338409 182.463577 78.853592                305 
20.657286 171.196793 80.898491 53.005512 205.220291 101.314415 20.390457 178.357666 102.401932 91.453110 182.386505 78.886269                325 
20.742867 171.114410 80.656952 53.003170 205.127060 101.231033 20.290308 178.263977 102.344315 91.534027 182.381027 78.856651                344 
20.874567 171.040695 80.179657 52.922897 205.163269 100.972054 20.242659 178.094833 102.087173 91.680656 182.709457 78.694618                363 
20.832430 171.039749 80.250633 52.999207 205.276672 100.953514 20.280787 178.069382 102.261497 91.866982 182.985687 78.704254                382 
20.876085 171.023315 80.282570 53.065327 205.374924 100.937454 20.263060 178.062088 102.412201 92.027718 183.225540 78.712280                401 
21.240540 171.068405 79.828583 53.355694 205.650543 100.770767 20.556555 177.996552 102.011604 92.751114 184.190323 78.632973                420 
20.887041 171.142593 79.627716 53.549904 205.639359 100.761955 20.487774 177.933426 101.755775 93.165382 184.608551 78.604767                439 
20.787279 171.161026 79.427269 53.692459 205.631149 100.755486 20.346037 177.914276 101.585060 93.468636 184.916168 78.588676                457 
20.844440 171.164780 79.281754 53.742802 205.636185 100.756424 20.068247 177.954391 101.562790 93.602127 185.087662 78.584038                476 
20.960764 171.165039 79.016197 53.750282 205.599915 100.725067 19.688976 177.955246 101.484795 93.697670 185.240417 78.536819                494 
20.808958 171.269882 78.673531 53.776089 205.470139 100.694359 19.350426 177.885773 101.329689 93.744202 185.290848 78.379173                512 
20.959553 171.472092 78.546822 53.539925 205.861298 100.858261 19.100422 178.062286 101.339653 93.815590 185.934570 78.871490                532 
20.963671 171.673294 78.502663 53.512001 206.024017 100.909760 18.759056 178.318451 101.443314 93.831497 185.958252 79.130745                551 
21.327112 171.868576 78.667793 53.797405 206.175507 101.092781 18.638639 178.619492 101.746765 94.112000 185.882751 79.515968                572 
21.373825 172.463806 78.835564 54.169556 206.303741 101.456177 18.391832 179.237473 102.026970 94.306602 185.537582 79.999115                591 
20.447599 172.737503 78.733360 54.206043 205.404312 101.655655 17.267757 179.706131 101.980965 93.811432 182.951859 80.921074                611 
20.009327 173.004837 79.344070 54.167236 205.751541 101.535965 16.824879 180.441177 102.591995 93.481606 182.377762 81.271004                632 
19.293797 173.487885 80.791199 54.026173 206.458176 101.518700 16.135092 181.878632 103.879295 92.782379 181.521698 82.057182                651 
19.014442 173.963913 81.772408 54.092445 207.013000 101.482605 15.771986 183.069580 104.747543 92.391235 180.909286 82.656555                670 
19.495670 174.142166 82.887703 55.143387 207.271347 101.238045 16.732126 183.622833 105.846634 92.791573 180.645523 81.839554                689 
20.157719 174.971100 83.994194 56.100925 207.940720 102.038788 17.738489 184.127884 107.114120 93.376610 181.781845 81.329872                708 
20.675152 175.276627 84.272507 57.017418 207.698914 102.514267 18.503107 183.930435 107.542641 93.872154 181.927505 80.601166                726 
20.841837 175.298904 84.300224 57.262417 207.637695 102.575302 18.707855 183.770035 107.567123 94.033516 182.090240 80.263077                744 
20.954309 175.288849 84.294846 57.484249 207.561417 102.597145 18.824451 183.650681 107.481354 94.214653 182.150711 80.062836                762 
20.937878 175.252625 84.382515 57.478489 207.606812 102.624130 18.752455 183.604401 107.443779 94.254463 182.207458 80.151436                780 
20.806009 175.253693 84.434204 57.495941 207.594299 102.626411 18.653257 183.573181 107.348991 94.269821 182.184586 80.161995                798 
20.642618 175.261017 84.304626 57.500336 207.420959 102.785172 18.521357 183.400787 107.139755 94.328445 182.071671 80.341347                816 
20.599550 175.251572 84.185150 57.511967 207.321396 102.867058 18.413557 183.287064 106.959366 94.388184 182.012970 80.456116                834 
20.486254 175.298462 83.977516 57.569214 207.005661 103.120590 18.224783 183.138733 106.698120 94.446114 181.673355 80.737801                852 
20.485977 175.293167 84.084991 57.489243 207.222977 103.205673 18.187643 183.174530 106.672798 94.553963 181.958542 81.057594                870 
20.428690 175.316513 84.141655 57.473412 207.163757 103.430046 18.048323 183.197464 106.608368 94.593674 181.807907 81.480370                888 
20.570292 175.319138 84.273804 57.413166 207.553406 103.428383 18.045111 183.399811 106.537460 94.783394 182.195587 81.909348                906 
20.497898 175.399750 84.196022 57.376003 207.532471 103.590775 17.849483 183.469910 106.295700 94.813507 182.177567 82.185532                924 
20.601730 175.330917 84.220184 57.392719 207.640213 103.610489 17.811581 183.518250 106.093269 94.971855 182.366257 82.358246                943 
20.632393 175.259033 84.143654 57.432285 207.583527 103.654175 17.764771 183.440460 105.828125 95.098656 182.366272 82.489197               1003 
20.547083 175.239243 84.104485 57.454842 207.516937 103.721214 17.764528 183.354080 105.719604 95.173698 182.359695 82.578300               1023 
20.243376 175.226532 84.103951 57.431358 207.467621 103.790314 17.742203 183.225616 105.569695 95.247093 182.401733 82.712051               1044 
20.031998 175.192947 84.049690 57.356815 207.442688 103.837662 17.680410 183.117920 105.409996 95.285599 182.476105 82.844841               1066 
19.885706 175.206940 84.050514 57.359402 207.439987 103.867355 17.670462 183.083435 105.327850 95.330360 182.522232 82.892776               1088 
19.775415 175.217667 84.046288 57.361610 207.437698 103.892731 17.643137 183.060333 105.244804 95.368591 182.561630 82.933907               1110 
19.748363 175.280075 83.867317 57.529289 207.085312 104.198433 17.648708 182.903961 105.060532 95.514183 182.221756 83.184792               1133 
19.765400 175.328552 83.713997 57.662056 206.806320 104.440483 17.620371 182.795166 104.882317 95.630447 181.953629 83.384201               1156 
19.809433 175.360382 83.602608 57.751793 206.617737 104.604088 17.563532 182.726517 104.727570 95.709534 181.772888 83.519386               1179 
19.775766 174.659088 83.456818 57.560841 206.611389 103.734299 17.502840 182.427948 104.379875 95.657303 181.648376 83.042999               1202 
20.226067 174.066696 83.194252 58.409431 205.887543 103.071571 18.287422 181.637375 104.076996 96.141006 181.464066 81.106964               1225 
20.147324 174.179779 83.081131 58.658920 205.936890 102.670914 18.403709 181.788147 103.807770 96.219299 181.579605 80.342407               1248 
20.393435 174.699478 82.688713 59.935917 205.866653 101.855469 19.298532 182.169312 103.158615 96.952896 181.466797 78.681961               1270 
19.975878 176.011124 80.325447 59.611641 208.059006 98.448158 19.049147 184.109497 100.265060 96.905205 183.354385 76.054092               1291 
18.419106 176.759766 76.995369 57.124897 210.137741 95.346703 17.015707 185.232620 96.432182 95.625130 186.042770 74.375626               1312 
18.155981 179.693527 69.081314 57.075649 213.590454 86.293610 16.677122 189.015472 87.917107 95.632286 188.559723 66.558632               1331 
16.986446 180.861572 61.044319 54.050697 216.805618 78.004318 14.315963 191.136490 79.269463 94.114433 191.950928 61.278194               1347 
16.130512 182.139862 49.616711 53.411934 217.059052 68.144836 13.268782 191.980545 68.048927 93.400620 192.030411 51.498714               1364 
16.450348 185.194397 38.508034 53.823441 217.097977 61.683880 12.876428 193.684814 57.519115 93.785042 191.728409 45.495071               1377 
16.793745 186.219696 28.028337 52.822922 217.470276 53.942204 12.287605 193.930161 47.307213 93.599136 192.358093 39.474995               1389 
16.746075 187.752701 18.414993 51.656593 217.877289 46.916386 11.743688 194.035675 38.297005 93.067329 193.749496 32.576866               1399 
18.362740 189.100159 9.456356 52.169552 218.593689 39.417889 12.747981 194.426117 29.685625 94.028763 195.217590 25.135521               1410 
18.832163 190.401260 1.286273 50.791317 219.531906 32.629398 11.846303 195.161758 21.640364 93.100151 196.277161 19.522104               1419 
18.548855 190.352448 -7.335062 49.000141 219.504562 25.436806 11.085373 194.161987 13.382128 92.025696 196.812012 13.754698               1427 
18.181805 190.908676 -16.504898 47.458767 219.354462 18.056318 10.599831 193.258896 4.566353 91.161972 197.578354 7.172731               1436 
16.853067 191.119202 -26.132248 45.187679 218.896652 10.089560 9.460227 191.927002 -4.138482 89.185448 196.711533 1.450207               1444 
16.042845 191.651627 -35.857159 43.726151 219.160980 1.164478 8.896963 190.969406 -12.675014 87.833076 196.710831 -6.128790               1454 
15.630188 193.157822 -56.833748 41.511620 220.084839 -18.127588 7.997768 190.905182 -32.790459 85.971985 197.816452 -23.606298               1470 
15.959197 194.040939 -65.613029 39.620636 220.367661 -25.174345 7.462570 190.721542 -41.727257 84.746574 199.200607 -29.443659               1479 
16.663130 197.271194 -87.043732 37.200172 222.541107 -44.386597 6.785263 192.552322 -63.284378 82.643486 201.686142 -45.998184               1497 
16.107897 199.652328 -97.660805 33.959496 223.011215 -52.802544 4.887630 193.510941 -74.344841 79.352264 201.988678 -52.388981               1505 
19.561235 204.561859 -116.595726 33.345707 222.815506 -68.119576 6.996908 194.997742 -94.781754 79.161957 202.791016 -66.534431               1522 
20.550577 205.190918 -123.913544 33.436749 222.519791 -74.838127 7.619521 195.175522 -102.495895 79.120819 202.266266 -72.518135               1531 
18.039675 209.623306 -141.033646 31.570965 228.983429 -92.912605 5.649397 200.156250 -118.927559 77.337486 208.966782 -90.195854               1548 
15.591777 212.457855 -151.993835 31.372917 233.209656 -105.186172 3.404734 204.367538 -129.004807 76.121017 210.991989 -102.616333               1566 
14.878153 212.739670 -157.457230 28.171160 232.785095 -109.633354 1.064110 204.633743 -135.232300 72.107025 209.437622 -104.422142               1574 
13.759219 214.354233 -164.000122 25.081615 233.975327 -115.589745 -2.007333 207.193192 -142.656052 67.022957 207.987625 -107.332344               1584 
13.131267 217.174347 -175.442932 20.494173 235.050201 -125.790199 -4.645758 209.551056 -155.825027 61.103294 207.976669 -114.810928               1600 
12.671924 220.027618 -181.315582 18.714394 235.550461 -130.697342 -5.943542 212.001022 -162.662369 58.214470 206.974060 -119.483284               1609 
14.053930 219.367477 -190.212280 17.081110 235.651398 -139.960327 -5.679904 211.274399 -172.698776 56.726765 208.087402 -126.880951               1626 
13.495889 221.551956 -197.307648 14.633523 236.550186 -146.905136 -6.938620 212.775070 -180.837433 54.541443 209.332138 -133.899078               1644 
14.862678 223.852509 -202.126282 13.446330 236.829437 -151.392685 -6.222109 213.733429 -186.798050 53.492577 209.922058 -138.167252               1661 
15.551637 225.417496 -206.659698 12.633418 237.324493 -155.932190 -6.093812 214.670380 -192.038544 52.623947 210.353973 -142.666809               1679 
15.475934 226.075958 -207.740219 12.796042 238.360901 -157.186249 -5.987727 214.953537 -192.726852 53.381634 212.082138 -144.346542               1687 
15.229053 226.327621 -212.881622 11.932640 239.359711 -162.610840 -6.818464 214.926376 -197.408752 52.106613 212.697617 -149.276443               1705 
18.176136 227.974411 -216.377365 12.077600 237.535187 -165.566360 -3.660985 213.692200 -202.203506 53.429802 212.704300 -152.298187               1713 
20.747812 231.570419 -221.759399 12.125616 239.284149 -170.894211 -0.336849 214.076965 -207.910706 54.996155 217.672180 -156.835022               1731 
20.639305 232.887970 -223.231461 10.936485 239.642914 -172.373108 -0.447838 214.479141 -209.787537 54.000320 218.682495 -157.923584               1739 
21.033457 231.581161 -223.925674 10.394346 237.881332 -173.108139 -0.215977 211.810257 -210.166916 53.494236 217.294312 -158.235489               1757 
21.743383 230.851974 -224.534470 9.796941 236.630325 -173.907791 0.463531 210.037506 -210.932846 52.837894 216.531464 -158.219147               1765 
23.406744 230.498276 -226.695587 10.701998 235.993820 -176.166519 2.526447 208.294083 -212.593613 53.978451 216.754242 -160.054153               1774 
25.019133 230.106339 -228.155914 12.274686 234.960815 -177.475494 4.654399 206.995728 -213.738815 55.933884 216.319809 -161.695496               1791 
25.801826 230.528259 -229.439987 12.374929 234.756668 -178.854507 5.430465 206.967575 -215.341064 55.931522 216.126175 -162.781250               1800 
25.876856 231.990967 -231.739044 12.239723 235.496887 -181.109787 5.667100 207.640488 -217.505295 55.711082 216.482101 -165.257339               1817 
26.257744 232.478973 -232.587585 12.176726 235.705261 -182.029526 6.369987 207.445114 -218.199097 55.679802 216.986877 -165.913513               1826 
26.880890 232.852814 -233.580368 12.303783 236.057068 -183.102036 7.452726 206.724197 -218.539825 55.755272 217.549042 -166.608322               1843 
27.047167 233.024597 -233.859726 12.425528 236.225769 -183.374725 7.791763 206.451202 -218.488266 55.836639 217.621613 -166.882828               1852 
27.002275 233.383743 -234.206146 12.278072 236.469849 -183.710953 8.000218 206.221909 -218.514664 55.665607 217.795670 -167.236191               1861 
27.046995 233.790359 -234.943787 12.176250 236.396545 -184.434814 8.158008 205.937637 -219.154144 55.441246 217.315430 -168.104691               1872 
26.783552 234.128067 -235.331177 11.569899 236.275497 -184.886841 8.112053 205.583466 -219.510468 54.813084 217.207474 -168.483826               1887 
26.933538 234.623306 -235.368759 11.124733 236.145035 -185.072937 8.214097 205.533142 -219.827866 54.128288 216.738724 -168.438309               1896 
27.197733 234.982544 -235.233200 10.494136 236.031555 -185.184586 8.312393 205.464981 -220.019821 53.145638 216.317703 -168.013840               1906 
27.418732 235.707718 -234.450577 10.206144 235.793213 -184.547699 8.319535 205.680405 -219.799118 52.515179 215.313110 -167.426590               1916 
26.272814 237.924835 -232.920502 10.171830 236.336807 -182.641281 7.455095 207.213318 -218.624695 52.664684 214.880157 -167.259766               1927 
25.769787 239.482040 -232.164368 10.244934 236.736328 -181.723877 7.076599 208.279022 -218.156235 52.752403 214.568436 -167.429794               1937 
23.633345 239.237549 -230.874207 9.701589 236.309784 -179.867477 5.084494 208.020401 -216.210831 52.291370 213.367813 -167.123901               1948 
22.966009 238.519989 -230.221008 9.654318 235.565277 -178.942307 4.900362 207.057098 -215.013229 52.456497 212.751678 -166.689346               1958 
22.171215 239.855469 -228.216904 9.800397 235.828201 -176.651276 4.184803 208.129288 -213.140762 52.526665 212.200058 -165.751801               1969 
24.862980 242.568283 -224.699768 9.389217 235.569305 -173.839218 6.047527 209.940613 -211.972321 51.039234 210.708572 -161.598221               1991 
28.344379 240.623138 -219.782043 9.338855 236.624985 -169.544846 8.327824 208.865417 -206.269440 49.623398 212.006058 -153.001404               2002 
28.674171 240.609421 -212.208115 9.805309 237.940231 -161.664032 8.499592 209.274338 -197.655106 49.920490 213.360825 -144.656769               2014 
32.196800 238.295593 -204.015732 8.303755 239.465927 -155.349350 9.024892 208.813965 -189.665115 45.095814 213.926392 -133.062622               2026 
34.304630 240.119553 -195.443588 8.919082 239.748199 -147.291397 8.960089 211.196823 -183.366608 43.325634 210.628922 -125.591675               2038 
33.424244 239.491684 -190.805908 9.296047 240.362625 -141.788498 6.798461 211.973007 -177.888184 42.482296 209.215210 -121.024765               2049 
32.865330 239.557114 -184.881012 9.752674 242.648453 -135.318390 6.569024 212.623474 -169.995026 43.394199 212.491409 -113.837662               2060 
32.402546 238.467300 -177.857590 9.538887 243.612854 -128.215576 6.213448 212.175797 -161.543823 43.294525 214.383148 -105.658920               2070 
31.678028 235.411392 -173.413132 8.779657 244.049622 -124.158600 5.371716 210.439224 -155.216461 42.362198 216.271027 -99.598785               2080 
-29.745565 273.705872 -152.740219 24.095556 233.532364 -93.679993 21.823851 206.660965 -135.854156 61.890915 211.169113 -69.721336               2098 
-32.394119 275.599640 -148.794876 26.120840 232.327957 -87.300735 22.440994 204.993851 -131.130371 63.030003 209.877884 -62.075169               2108 
-29.921122 278.622070 -136.147217 26.807753 232.211609 -72.261986 23.834431 206.355927 -118.338402 62.082539 208.481445 -45.895515               2125 
-31.211720 276.457489 -131.470047 26.679663 231.555649 -67.179443 21.546085 203.901001 -112.355659 62.225189 208.193558 -40.847897               2134 
-40.345078 268.562714 -121.929962 21.808382 230.601624 -56.984055 14.446681 198.581985 -98.991829 59.118191 210.218430 -30.618826               2151 
-51.069515 262.651703 -107.984215 17.371593 229.758408 -46.647400 3.534464 192.257004 -82.323090 56.995869 210.961151 -22.580797               2169 
-51.961750 262.062775 -103.267410 17.275604 230.217651 -42.249710 0.314670 190.204132 -73.832520 56.962593 211.350296 -18.341818               2178 
-58.049210 260.530365 -94.433548 12.202352 233.068512 -32.423515 -5.464876 189.369049 -58.525715 52.325726 216.043900 -7.869515               2195 
-52.084122 262.293671 -98.894989 12.193263 235.408829 -30.471886 -3.458257 190.943359 -56.739658 49.876255 218.595734 -2.188784               2203 
-35.745476 267.801483 -102.273354 16.441925 238.255310 -25.193727 3.703625 194.310974 -53.936737 48.839226 220.049286 8.296235               2213 
-9.138381 272.889648 -98.865097 24.208952 238.570465 -13.720418 10.925007 195.967590 -44.217533 47.459160 217.076767 25.010321               2230 
-1.552286 273.052826 -97.744301 26.397598 238.531693 -10.753688 13.372165 196.053162 -41.542923 46.999672 216.716263 29.274590               2239 
2.606981 273.071442 -97.005310 27.597221 238.510437 -9.127587 14.690899 196.082336 -40.050602 46.734402 216.563339 31.550598               2256 
3.914565 272.969513 -93.497719 27.529795 238.406631 -5.237120 14.670373 195.997116 -36.215317 45.983456 216.408890 35.728519               2269 
17.246302 266.185699 -65.523781 35.622532 229.482483 23.123009 25.135452 187.774918 -9.704830 51.689808 206.567627 64.588341               2290 
39.078941 229.723312 -49.451954 37.906044 227.583664 27.968117 29.053026 185.752655 -5.198169 53.038681 204.863800 69.889862               2299 
63.942108 197.798019 -1.571072 41.738346 226.084717 39.608612 33.984264 184.035049 6.346241 53.055908 203.583221 82.831482               2316 
69.020905 193.301712 8.297687 43.571499 225.632660 43.780228 38.185154 182.153305 11.874681 53.242046 205.371017 88.485580               2325 
75.631935 187.228928 15.445968 49.490135 223.501846 46.245232 44.487141 178.528687 16.436434 55.742249 205.709686 92.580658               2334 
60.758644 193.180023 8.252093 58.634277 224.808212 60.227654 53.860332 187.192596 16.274000 87.593269 207.768707 97.290489               2342 
30.908693 196.557632 43.563793 77.790611 222.688278 85.528809 37.226490 191.408951 47.581341 116.848793 196.416107 102.465546               2368 
27.460817 193.702103 47.329433 78.224998 220.300949 85.779457 34.473091 188.414734 51.927746 117.052773 193.701080 102.734467               2377 
26.060152 191.883560 50.454140 78.588097 219.493134 86.531395 33.621719 186.746704 55.204006 117.872993 193.394928 103.210793               2385 
23.967983 188.479233 53.344524 77.786156 216.814392 87.691406 32.010784 183.401382 58.345493 117.309547 191.090332 104.388588               2403 
23.495911 187.767624 54.389984 77.737259 216.321503 88.186417 31.703030 182.720215 59.469845 117.308174 190.711655 104.946495               2412 
23.465084 187.550049 56.230667 78.509666 215.330795 89.804817 31.906462 182.460068 61.309753 118.138252 189.319031 105.791840               2422 
23.078085 186.942444 57.418430 78.451576 215.285995 90.228371 31.712276 182.090057 62.449924 118.351173 189.631577 106.118431               2429 
22.547495 185.751572 58.394970 77.315773 215.126007 91.673897 31.414988 181.353989 63.480309 117.646996 190.286819 107.768280               2439 
22.384930 184.110229 59.657539 77.653336 213.971619 91.876656 31.405636 180.072769 64.653725 118.155708 189.386658 107.931541               2446 
22.209938 180.486542 62.999222 78.642738 210.844635 92.996300 31.421398 177.133698 67.834732 118.751801 186.318680 110.094902               2464 
19.831591 174.520798 67.737068 82.151573 198.632690 91.193642 28.892036 170.573517 72.084785 119.511963 169.926132 108.008995               2472 
21.847008 169.008926 70.704491 86.023888 191.333847 90.663315 30.791922 165.475342 74.550903 122.420067 161.531586 107.685791               2481 
22.646948 166.480179 71.003586 87.293472 187.667664 89.716423 31.052946 163.983093 74.088638 122.691620 156.678055 106.723381               2498 
22.788223 164.917709 70.493591 87.509933 185.768463 88.949959 31.045694 162.752518 73.261353 122.779213 154.334183 105.399445               2507 
23.332579 164.057953 70.411430 87.569145 185.673035 89.234215 31.431503 162.402130 72.916885 123.043945 154.403214 105.554733               2516 
23.471891 163.995987 70.062485 87.744530 184.591522 89.582291 31.442656 162.555847 72.314453 122.743835 152.493515 105.310883               2533 
23.927061 161.400375 71.962753 88.479111 182.866516 89.462387 31.920513 160.165909 74.074135 123.652634 151.531204 106.301102               2542 
26.389198 155.853897 74.666969 86.368286 188.548248 90.883163 34.344139 156.198685 76.937126 124.993286 164.889130 112.119377               2551 
27.316986 153.031586 73.936874 84.106056 190.158569 91.771484 35.074902 154.118881 76.224213 123.954498 169.303955 113.676025               2559 
26.067818 151.327438 74.792412 83.757011 187.687317 91.265022 33.887753 152.412323 76.809563 123.497742 166.456879 113.003563               2576 
25.302151 151.848007 74.626869 86.644302 181.888443 90.678520 33.275047 152.131744 76.384827 124.797127 156.111862 110.237434               2585 
27.413773 152.224564 73.768349 87.182655 184.134781 91.954178 35.328232 152.837006 75.611839 125.989769 159.242325 111.370544               2594 
28.440590 152.818695 73.181725 87.487450 185.323517 92.617584 36.337708 153.582672 75.031570 126.658485 160.621841 111.540558               2602 
28.073044 151.918259 74.175240 87.383987 184.692535 92.401512 36.051563 152.702927 75.916367 126.542511 160.408783 111.883072               2620 
18.355778 188.622818 66.540314 87.954208 185.494080 93.935410 39.708694 150.120743 72.670937 129.262482 164.322540 112.590530               2628 
10.872270 195.731354 62.888748 89.058685 185.858673 94.933342 44.995575 146.377853 68.772163 131.919403 168.919189 114.391869               2637 
10.497223 191.692093 62.661652 91.190956 184.638916 95.613823 49.405968 142.892685 67.629929 134.805771 170.126877 115.356400               2646 
11.971030 184.552597 63.440243 93.614647 181.219635 95.820267 52.747021 138.292267 67.061562 137.563202 167.942688 115.691574               2663 
12.701097 182.259613 63.727119 94.467186 181.014221 95.587479 54.223789 137.554428 66.415291 138.675858 168.383347 115.302345               2672 
12.834132 180.786789 64.053070 94.571205 181.186462 95.605766 54.832569 137.446976 66.127831 138.958832 168.979187 115.184906               2689 
12.564830 179.632751 64.411423 94.254715 181.464615 95.584297 55.003254 137.543396 65.468170 138.827209 169.562592 114.930008               2698 
12.395554 177.842972 64.907295 93.917458 181.652298 95.611603 55.596100 137.241302 63.509583 138.656403 170.092606 114.779854               2707 
13.034490 174.585327 65.423363 93.846535 181.357147 95.630699 56.520569 136.614120 60.970798 138.626801 169.908447 114.769073               2724 
14.893980 173.969894 65.757050 95.696609 179.837433 95.377304 57.407921 135.982758 59.948208 140.279160 167.256363 114.264732               2732 
16.792116 173.639389 65.919006 97.748283 177.023575 95.089844 58.229881 135.086594 58.143723 142.050369 162.699020 113.386124               2741 
16.897879 172.682938 66.715981 98.380371 175.330643 94.330177 57.800674 133.012283 57.872402 142.723755 160.557343 112.163727               2759 
16.803625 172.662933 66.895264 98.271355 175.878220 94.395790 58.101547 133.352966 57.303516 142.742035 161.324020 112.091972               2767 
17.284683 174.179703 66.855621 98.728577 173.001740 94.524300 57.214725 133.506622 54.881519 142.507584 155.919052 111.676620               2785 
17.358549 174.032440 66.933197 98.782570 173.526321 94.652802 57.574318 133.160217 55.107895 142.579453 156.822540 112.129570               2793 
18.024780 172.796646 66.887726 99.328827 173.329697 94.884575 58.880550 131.796204 54.907360 143.141403 157.182434 112.838577               2811 
18.508873 172.523148 66.639084 99.726761 172.741226 94.865540 59.388035 131.287689 54.346546 143.417862 156.406143 112.945190               2819 
19.001539 172.225174 66.373512 100.149055 172.087860 94.818085 59.891735 130.662308 53.814320 143.708496 155.560455 113.040100               2828 
19.326353 171.845825 66.130142 100.417877 171.789413 94.750107 60.502323 129.979919 53.186184 143.909027 155.298508 113.167274               2839 
19.537983 171.716202 66.004562 100.625214 171.733978 94.667213 60.936310 129.747055 52.679188 144.115341 155.266876 113.108063               2848 
19.525244 171.733307 65.986008 100.619125 171.734909 94.675583 61.198574 129.459747 52.099930 144.100555 155.240387 113.112450               2865 
19.239962 173.369492 65.706223 100.058502 173.470535 95.329536 61.451653 131.096054 51.788574 143.409760 157.056717 114.141144               2881 
18.711504 173.660492 65.981331 99.745712 176.015686 95.111526 62.576431 133.243622 50.544384 143.837418 160.809387 113.203293               2891 
18.747337 174.400009 66.278709 100.015160 176.209625 95.243675 62.109905 133.561737 51.750641 144.092865 160.831360 113.223862               2906 
18.714741 174.855377 66.242317 99.999855 176.326981 95.425880 61.395172 133.991608 53.381863 144.015289 160.807327 113.437080               2915 
18.523621 175.134811 66.271713 99.891861 176.470322 95.508415 60.582409 134.441849 55.044460 143.944839 160.904114 113.387161               2925 
17.899426 175.640884 66.410217 98.915054 179.748840 96.479515 61.207882 136.574722 56.162399 143.348083 165.666687 114.645996               2938 
18.030411 174.972076 64.694214 97.929260 183.202515 96.925964 63.677002 138.788589 55.155224 142.687256 171.359665 115.875641               2949 
17.805761 174.967606 65.019814 97.922585 182.918732 96.907478 63.177982 138.406219 55.702682 142.672577 170.924667 115.780785               2962 
17.777302 174.924240 65.073441 97.964470 182.914566 96.857140 63.124535 138.348236 55.819164 142.728943 170.926544 115.699928               2975 
17.865070 174.688950 65.088531 98.057953 183.682632 96.702362 63.736092 138.924881 55.461498 143.043747 172.203506 115.333794               2988 
17.686911 174.819672 65.220665 97.909492 183.693130 96.888245 63.458458 138.940186 55.771397 142.835175 172.107956 115.598877               3000 
17.324692 175.739624 65.007942 97.762871 180.905243 97.023216 61.436668 137.841614 55.737820 142.023163 167.230194 115.908157               3013 
12.461979 196.629349 60.019707 92.087776 195.967056 100.914696 48.042301 165.031143 60.779400 135.857559 173.669830 110.383652               3026 
35.521034 181.937424 62.128662 88.645592 201.688583 102.498940 40.848396 178.783493 61.978306 131.417999 175.908371 105.418503               3039 
42.707779 179.266937 62.969017 88.665565 207.797943 104.161575 40.768555 183.767395 64.194275 132.062927 182.998367 106.228317               3052 
43.121010 179.635956 63.169674 88.436050 208.495865 104.673080 39.977322 185.555634 64.694000 131.620865 183.275757 105.953606               3061 
39.226181 180.291824 65.807121 85.984444 207.508820 106.431168 35.373474 187.201385 67.467339 128.472183 181.126526 105.252953               3078 
37.466175 180.505783 66.787872 85.151192 207.005219 106.906540 33.684231 187.715805 68.422195 127.284523 180.112366 104.862350               3087 
36.060314 180.749725 67.589729 84.506767 206.654022 107.271652 32.433098 188.247299 69.050400 126.343155 179.351517 104.642776               3096 
34.906586 180.857834 68.813896 83.884872 206.816727 107.854225 31.424847 188.823898 69.688538 125.643120 179.434082 104.844040               3105 
33.688023 181.870834 69.693558 83.267418 207.175888 108.424019 30.314352 189.932419 70.481850 124.753738 179.447266 104.870178               3113 
32.793522 182.542313 70.108459 83.000923 207.066788 108.577713 29.561464 190.639252 70.937576 124.116249 178.849594 104.585098               3122 
31.992538 183.103577 70.495155 82.903458 206.796188 108.615997 28.926317 191.228638 71.376320 123.563225 177.985504 104.217178               3130 
29.182556 188.118622 71.575943 84.899124 202.474731 107.650398 27.235683 196.283920 73.362068 121.302383 169.427490 98.414398               3139 
27.176216 188.867447 73.192398 84.304726 204.640427 106.428391 25.397392 196.954071 74.788010 120.091125 170.784668 97.725372               3148 
25.149353 189.269089 74.787659 82.914352 207.696518 105.515541 23.391632 197.153748 76.305916 118.654716 173.394363 98.543427               3156 
24.314377 190.239410 74.782722 82.792183 206.832611 105.259308 22.878796 197.527237 77.383934 117.545418 171.673431 97.599899               3166 
23.880976 186.501587 75.129951 82.504242 208.509628 101.635689 22.522423 193.980408 76.998154 117.028236 172.312820 100.924294               3174 
23.698215 183.807114 76.646118 82.246223 209.542419 99.576744 22.216801 191.613647 77.893623 116.964653 173.709213 103.214569               3182 
22.269825 184.345810 76.398140 82.204155 205.914978 99.827965 21.102970 192.413116 78.071106 114.877914 168.064529 101.374413               3191 
21.806877 182.832428 77.282166 82.341644 204.014954 99.235229 20.697811 191.205856 78.803543 114.266502 165.555344 101.304794               3200 
20.795420 183.187653 75.823227 81.787674 201.258484 98.936478 19.935867 191.869003 77.700180 111.894257 161.327255 100.244774               3208 
20.630917 183.017746 75.573357 82.075905 199.444351 98.480537 19.947430 191.906372 77.947693 111.398567 158.913589 98.233238               3217 
20.926981 182.318954 76.020996 82.366585 199.508194 98.355545 20.294054 191.418640 78.439407 111.967422 159.179413 98.314301               3226 
20.868023 182.614502 75.863327 82.357803 199.255447 98.402306 20.469181 191.854584 78.755898 111.648621 158.703125 97.980095               3235 
20.969639 182.173752 75.379234 82.103546 199.352631 98.398010 20.836411 191.605255 79.092392 111.588463 158.939011 98.381439               3252 
20.712574 182.904053 75.223503 82.154976 198.582794 98.456985 20.945709 192.361649 79.424667 110.841270 157.604248 97.766464               3261 
20.845448 182.824554 75.251541 82.305321 198.685135 98.276085 21.249701 192.469345 79.633217 110.977974 157.694855 97.730339               3269 
20.883718 182.787979 75.302765 82.312180 198.758942 98.308716 21.491365 192.659378 79.941429 110.982887 157.767319 97.761581               3287 
20.755615 183.412689 75.390526 82.503342 198.322891 98.242760 21.591490 193.272934 80.327621 110.740746 157.059174 96.637688               3295 
20.448038 183.444946 75.771797 82.367592 198.261780 98.200768 21.515064 193.401382 80.903984 110.439339 156.886551 96.561188               3304 
19.672325 183.680237 76.163033 82.270050 196.752716 97.765755 21.246910 193.659943 81.530479 109.193451 154.651489 95.476852               3312 
19.712013 182.503845 76.820419 82.362312 196.636765 97.569656 21.475578 192.916031 81.775276 109.296700 154.482956 97.104614               3330 
19.203665 182.352203 76.867477 82.186005 196.536224 97.517929 21.454496 192.737839 81.948509 109.119202 154.379227 97.406021               3339 
18.659811 181.673370 77.087975 81.853935 196.899811 97.550964 21.399797 192.167496 82.143951 109.245209 155.050247 98.527557               3348 
15.899366 183.136703 77.257378 81.543007 196.817337 97.599739 21.348038 192.145493 82.564537 108.906662 154.955368 98.794243               3357 
13.696408 184.857330 77.316208 81.152931 196.730881 97.714539 21.267534 192.694901 83.088554 108.233391 154.674469 98.441185               3366 
11.718520 186.514984 77.742905 81.002563 197.372864 97.684158 21.406025 193.176315 83.657036 108.264290 155.432510 98.337944               3389 
11.068888 186.788330 77.965172 80.391525 198.921646 97.950661 21.019053 193.517807 83.852798 108.385590 157.482376 99.270088               3395 
10.111428 188.346237 78.127815 80.228050 198.526382 98.115646 21.061104 194.447296 84.387634 107.544044 156.618118 98.510567               3413 
7.897063 188.788589 78.993790 79.107681 196.799118 96.709084 19.697266 194.423462 85.107758 105.050026 154.026398 97.040657               3425 
6.881045 191.722626 79.344727 78.897461 195.100922 96.083839 19.622093 196.217026 85.915207 102.536087 151.046417 94.340981               3440 
11.257731 190.503922 84.561768 84.434044 193.233704 95.749641 24.674139 194.918488 89.986885 107.671219 149.175995 91.105003               3450 
12.082675 187.595032 85.332558 84.663673 195.989487 97.737755 25.271971 193.695938 89.794724 111.058952 153.560623 95.349648               3460 
10.229251 189.985382 83.721916 82.492325 197.198853 98.651665 23.545372 195.893494 88.626724 108.382538 154.443085 96.587234               3471 
7.824164 191.023880 81.875374 79.413551 199.971161 99.115105 21.057226 197.191452 87.327065 106.333305 157.816086 98.167473               3491 
7.025383 191.435791 81.071182 78.466217 200.206940 99.075882 20.413176 197.420853 87.018997 105.385719 158.054001 98.031013               3502 
5.750589 192.068863 80.727699 77.581055 198.685944 98.252892 19.882442 196.970139 87.914932 103.626564 156.078842 95.271507               3533 
5.584080 192.331665 80.632889 77.501358 198.336533 98.075508 19.923817 196.937836 88.183754 103.288719 155.610062 94.599625               3543 
6.126022 197.818466 81.611610 78.667061 192.981628 97.185387 21.329720 199.466263 89.446014 98.801247 147.991013 88.636681               3555 
6.689412 196.480682 90.433769 80.769821 194.063782 96.661537 22.741531 198.568741 96.293289 101.157265 149.861938 85.121559               3564 
16.434826 198.202652 76.048485 91.250450 199.295151 102.309334 32.973438 190.521423 87.984619 122.350861 160.886139 94.554695               3575 
12.329942 205.605530 71.152855 86.978500 203.372452 105.879410 30.245604 190.915833 83.444519 122.509888 169.775116 95.326607               3586 
9.878593 208.420975 68.979156 84.029564 203.982239 107.480034 28.662346 190.808716 80.606171 121.619591 173.127594 95.749611               3596 
8.465859 210.099121 67.935181 82.217133 204.085861 108.637604 27.711618 190.698380 79.204987 120.823662 174.604294 96.679565               3614 
8.039410 211.104416 68.780708 81.998466 203.836212 109.320007 27.393837 191.070114 79.495644 120.611458 174.659790 96.655296               3623 
6.579652 211.328735 69.548828 81.033279 204.652893 109.651283 26.394073 191.163803 79.907509 120.060074 176.242065 96.522827               3632 
4.864631 212.450867 70.773590 79.982758 205.080032 109.778152 24.932472 191.852859 80.448318 118.938461 177.079956 95.598236               3640 
3.360125 213.634933 71.930519 79.080727 205.251556 109.793762 23.535007 192.471542 80.946320 117.798477 177.463821 94.581963               3649 
2.236166 214.671982 73.044685 78.433067 205.169022 109.876633 22.414696 192.893173 81.490715 116.838615 177.459244 93.758217               3658 
1.509246 215.337601 73.771683 78.022446 205.116684 109.929176 21.681839 192.944824 81.893440 116.227875 177.468857 93.238922               3666 
1.022497 215.783691 74.255592 77.755302 205.082642 109.963356 21.204189 192.839020 82.177666 115.829697 177.480301 92.902504               3675 
0.675272 216.103241 74.597260 77.570129 205.059036 109.987053 20.875544 192.722656 82.372215 115.553329 177.490601 92.670029               3684 
0.406299 216.275284 74.950081 77.498032 205.108215 109.997604 20.659630 192.539627 82.644905 115.394569 177.528824 92.509026               3692 
0.146607 216.515518 75.383942 77.437073 205.173508 110.046814 20.447098 192.506378 82.981209 115.209221 177.541061 92.373856               3701 
-0.255257 217.082565 76.311966 77.290855 204.966904 110.236229 20.015251 192.658997 83.582352 114.740547 177.222839 92.059082               3710 
-0.593583 217.563080 77.113716 77.165970 204.790436 110.398003 19.662310 192.756119 84.099396 114.337349 176.957062 91.791191               3718 
-0.883193 218.087479 78.377174 77.329384 204.947357 110.524620 19.349228 193.092697 85.150551 114.008820 176.720322 91.538452               3727 
-1.166316 218.449097 79.619354 77.464371 205.016708 110.692581 19.060221 193.383698 86.048859 113.706451 176.473282 91.342995               3736 
-1.370672 218.734894 80.554840 77.565933 205.068893 110.818939 18.877766 193.678543 86.614616 113.473808 176.284973 91.204361               3744 
-1.297939 218.293762 82.023911 77.654747 205.616196 111.058197 18.310001 194.411911 88.333115 112.780762 176.104691 91.111870               3754 
-1.198219 217.852371 83.399628 77.739441 206.138123 111.286362 17.833530 195.196930 89.886711 112.107124 175.920761 91.077576               3770 
-1.184112 217.750854 83.888206 77.768448 206.316864 111.364494 17.697781 195.483429 90.377052 111.874214 175.855682 91.078186               3779 
-1.471232 217.924255 84.848824 77.557724 205.887253 111.414406 17.181715 195.730362 91.063065 111.085419 175.146179 90.593712               3788 
-1.870020 217.380173 85.625214 77.475479 206.293442 111.344254 16.902843 195.703171 91.889183 110.748917 175.155838 90.705704               3796 
-2.023920 215.296005 86.325531 77.230095 206.589752 111.167694 16.493111 195.484299 92.598511 110.320839 175.158813 90.680618               3805 
-1.730817 212.475220 87.316124 77.089661 207.292984 111.229202 16.156527 195.392548 93.908440 109.989037 175.381683 91.181206               3814 
-1.489330 209.945648 88.444473 76.952354 207.980576 111.289337 15.879209 195.564438 94.849068 109.697998 175.618881 91.717293               3831 
-1.419804 208.950668 89.048607 76.883980 208.304123 111.316841 15.767192 195.676834 95.232498 109.583542 175.833496 91.848450               3840 
-1.097550 208.017975 89.327347 76.867790 208.361099 111.369812 15.746900 195.922989 95.229828 109.472061 175.797882 91.896233               3848 
-0.744722 207.169632 89.466118 76.856590 208.400513 111.406456 15.750825 196.052048 95.261444 109.395187 175.773056 91.930573               3857 
-0.428995 206.240402 91.257378 77.250565 209.322296 111.286598 15.861124 196.457138 96.764801 109.419914 176.147263 92.124893               3866 
-0.343197 205.626846 93.141052 77.449707 210.506012 111.188614 15.853716 197.156174 98.112061 109.321724 176.694275 92.653160               3875 
0.047319 204.739136 94.208603 77.547775 211.284744 111.101212 15.870905 197.735016 98.662041 109.280380 177.113556 92.990616               3885 
0.464003 202.546402 94.263145 77.074074 211.535095 111.382080 15.669836 197.347153 98.351074 109.346802 177.817841 93.375404               3894 
0.620250 201.201752 94.206413 76.629463 211.329330 111.651878 15.381108 197.027328 98.092300 109.132576 177.866119 93.585808               3904 
0.629567 200.379745 94.245361 76.303696 211.023346 112.037132 15.198748 196.703186 98.018555 108.960068 177.729477 93.934601               3913 
0.526936 199.818237 94.368210 75.952393 211.104675 112.149734 14.954619 196.571991 98.064064 108.732285 177.919266 94.071335               3923 
0.495442 199.368790 94.441620 75.700378 211.163025 112.230507 14.796962 196.457306 98.115692 108.568497 178.055801 94.168922               3932 
0.312996 199.096207 94.835854 75.463203 211.165054 112.025261 14.576530 196.409515 98.395203 108.186623 178.158844 93.521477               3944 
0.270696 198.785461 95.095200 75.287041 211.166565 111.872818 14.438735 196.366943 98.598190 107.899307 178.235397 93.041985               3956 
0.269476 198.498047 95.290169 75.145775 211.167770 111.750565 14.394858 196.285065 98.778427 107.666649 178.296768 92.658379               3972 
-0.990007 198.978287 95.874039 73.958725 210.699875 112.042313 13.161763 196.623886 99.297493 105.979538 178.175430 91.561844               3989 
-1.758234 198.902740 96.313492 73.131744 211.023987 111.972389 12.430801 196.653839 99.760185 105.094856 178.631760 91.194397               3999 
-2.931683 198.517426 96.523628 71.746834 210.619644 111.449821 11.071207 196.435135 100.260445 103.194031 178.243744 89.874458               4008 
-3.466530 198.096405 96.336540 70.687286 210.808105 110.847359 10.168427 196.418976 100.712532 101.786514 178.054535 89.337761               4017 
-4.285980 197.308243 95.482986 69.174454 210.676346 110.220421 9.121621 195.730637 100.988739 100.115074 177.582108 89.005554               4027 
-5.552322 195.669495 94.383507 66.539978 211.476761 109.011604 7.321289 194.899887 101.620117 97.615219 177.504761 89.444946               4037 
-5.557134 194.268951 93.646240 65.230118 211.925110 108.353523 6.625805 194.334015 102.245911 96.380432 177.535706 89.654625               4046 
-4.746432 192.959702 93.065598 64.657486 212.121109 108.065826 6.457791 193.965408 102.710968 95.844543 177.558853 89.750832               4055 
-4.163678 192.120773 92.715096 64.352997 212.225342 107.912849 6.421843 193.746719 103.020340 95.560555 177.573578 89.803009               4065 
-3.672612 191.348221 92.403839 64.052696 212.241226 107.783455 6.347645 193.497650 103.274681 95.273903 177.555740 89.761940               4074 
-3.346308 190.813248 92.190079 63.833595 212.252823 107.689049 6.308626 193.324081 103.456818 95.064903 177.542984 89.732048               4084 
-3.105225 190.395889 92.024269 63.651749 212.262451 107.610695 6.328832 193.150345 103.657753 94.891533 177.532562 89.707291               4096 
-2.944217 190.111496 91.904266 63.529160 212.293274 107.504501 6.393327 193.005646 103.840019 94.775940 177.547638 89.643883               4109 
-2.828224 189.901276 91.815704 63.436035 212.316681 107.423828 6.420984 192.937820 103.945335 94.688202 177.559189 89.595749               4123 
-2.763132 189.710464 91.760391 63.337673 212.333664 107.314568 6.411860 192.873016 104.030075 94.587440 177.589661 89.456001               4137 
-2.553163 189.364807 91.606049 63.113235 212.362244 107.313301 6.324639 192.798157 104.149910 94.398865 177.659348 89.437614               4150 
-2.321315 189.050171 91.463547 62.922207 212.386566 107.312233 6.288302 192.717209 104.283966 94.238319 177.718689 89.421989               4164 
-1.974285 188.687637 91.312164 62.777367 212.416290 107.283875 6.295329 192.623566 104.417664 94.120712 177.773254 89.393188               4179 
-1.343955 188.150101 91.080048 62.666237 212.439087 107.262115 6.294985 192.562866 104.519501 94.030457 177.815140 89.371063               4193 
-1.255756 187.297455 90.758446 61.973621 212.624008 106.999222 5.858653 192.272720 104.428032 93.641579 178.082809 89.487289               4208 
-2.428797 181.246765 90.906021 58.014015 212.569916 106.319740 3.989634 187.355072 104.675331 92.499657 180.491592 89.457245               4223 
-2.474569 180.120895 90.867867 56.633186 212.947815 107.540901 3.696013 186.018631 105.204338 92.116707 182.736237 89.352921               4238 
-1.436594 175.891663 89.134979 54.916058 211.764160 106.533356 3.537765 182.437653 104.190987 91.831284 183.108505 88.680038               4253 
-0.305498 173.343155 88.035553 53.913803 211.073288 105.945274 3.626689 180.295151 103.784752 91.628517 183.360245 88.275841               4267 
0.307193 172.069000 86.969208 53.169018 210.576019 105.743546 3.616143 178.999557 103.422279 91.321869 183.538956 87.967751               4280 
0.741475 171.447388 86.484505 52.886692 210.375290 105.503014 3.764230 178.341064 103.451523 91.196198 183.619324 87.639023               4294 
-0.264297 174.790359 87.318108 53.052002 211.976517 106.486946 3.573312 180.756531 104.910789 90.377464 185.168091 86.719826               4307 
-0.673310 176.141418 87.267807 53.495335 211.931580 106.634125 3.560190 181.633240 105.153442 90.112000 184.793442 86.009804               4320 
-0.951181 176.754578 86.243835 53.760571 211.200836 106.435730 3.411932 181.816864 104.411270 89.951401 183.759018 85.464508               4334 
-0.762390 174.360336 86.059616 53.107197 210.220154 105.992744 3.377959 179.901505 104.274666 89.983170 182.907211 86.073242               4348 
-0.613220 172.824081 85.963364 52.688755 209.592102 105.709045 3.358019 178.675232 104.195412 90.002182 182.392166 86.460831               4361 
-0.668794 172.685303 85.981926 52.552422 209.478867 105.831184 3.283921 178.527512 104.290504 89.913460 182.278809 86.675735               4375 
-0.663841 172.377945 86.157066 52.424961 209.411362 105.825882 3.284433 178.291260 104.503784 89.858101 182.215485 86.805748               4389 
-0.647019 172.041489 86.317406 52.303562 209.387833 105.678047 3.329699 178.037399 104.714622 89.811218 182.175232 86.829391               4402 
-0.848469 171.950562 86.528503 52.076515 209.412292 105.666786 3.145055 177.994278 104.911644 89.568474 182.206299 86.777397               4415 
-0.894595 171.993713 86.620705 52.029804 209.458237 105.628265 3.092475 178.071991 105.019341 89.470879 182.204163 86.707291               4428 
-0.864808 171.843170 86.831306 51.966351 209.477020 105.576393 3.080193 178.105194 105.215660 89.401230 182.184753 86.698296               4441 
-0.867397 174.098618 87.311760 52.631462 210.353210 106.658211 3.125532 180.167206 105.751129 89.475609 182.796844 87.016998               4455 
-0.666598 175.648651 87.734535 53.261505 211.172913 107.082024 3.344972 182.082138 106.083099 89.689804 183.367371 87.020805               4468 
-0.580394 175.341949 87.884315 53.219452 211.104019 106.950806 3.292440 182.430710 106.127968 89.669121 183.238892 87.011452               4482 
-0.467733 175.396744 87.915100 53.267796 211.120239 106.982300 3.260181 182.942169 106.090645 89.673065 183.220963 87.009613               4495 
-0.255700 175.485825 87.836151 53.312729 211.127060 107.040718 3.149596 183.627136 106.011780 89.667351 183.192780 87.024734               4508 
0.102195 175.595932 87.778412 53.450768 211.198639 107.069298 3.230479 184.222382 106.013191 89.746841 183.210938 87.021713               4522 
0.493565 175.651077 87.700768 53.551594 211.241257 107.136063 3.363284 184.643585 106.029411 89.809494 183.230621 87.051468               4537 
0.665360 175.733429 87.681732 53.626518 211.263809 107.225464 3.519897 184.929886 106.068787 89.861839 183.253296 87.099998               4552 
0.794947 175.790054 87.691437 53.700325 211.285645 107.300789 3.715333 185.145752 106.136604 89.927162 183.281509 87.151184               4567 
0.920129 175.849136 87.692818 53.774662 211.329773 107.329659 3.967305 185.375549 106.216766 89.993523 183.317017 87.177696               4582 
0.940508 175.900009 87.669266 53.719654 211.293106 107.588501 4.170133 185.477371 106.334595 89.981476 183.389236 87.362885               4597 
0.977071 174.550583 87.886795 53.405098 210.712708 107.176552 4.249492 184.605759 106.448822 89.872780 182.830124 87.294609               4614 
1.140389 173.506943 88.024117 53.165440 210.270493 106.862686 4.387206 184.081100 106.549431 89.792877 182.412384 87.241806               4631 
1.243688 172.972931 88.084587 53.070965 210.034317 106.645576 4.647315 183.961044 106.648949 89.767029 182.159363 87.177460               4648 
1.597503 172.736588 88.003960 53.101749 209.930557 106.574974 5.014216 184.100128 106.738472 89.822578 182.059311 87.148300               4665 
1.755857 172.636032 87.916847 53.153622 209.886475 106.534523 5.348051 184.390091 106.705811 89.915443 182.067688 87.110191               4683 
2.096430 172.513977 87.715706 53.197933 209.831375 106.479713 5.614184 184.556213 106.633293 90.004364 182.060852 87.070778               4700 
2.677699 172.311401 87.165520 53.260929 209.716888 106.322060 6.037861 184.541306 106.419945 90.184074 182.067398 86.962074               4718 
3.300394 172.004379 86.527634 53.225456 209.551086 106.220718 6.307998 184.479248 106.056175 90.343330 182.104095 86.945168               4735 
4.137831 171.764679 85.948456 53.261761 209.494370 106.166374 6.598492 184.525986 105.750938 90.584442 182.212082 87.053123               4754 
4.764955 171.564148 85.485855 53.248989 209.414551 106.182564 6.789063 184.567368 105.520599 90.747345 182.285126 87.196014               4772 
5.566271 171.290039 84.732231 53.403183 209.396698 105.895462 7.179206 184.511398 104.927696 91.187553 182.466980 87.193764               4791 
5.872218 171.185333 84.481133 53.416767 209.367325 105.879562 7.323726 184.568237 104.785889 91.316910 182.546631 87.255615               4811 
6.448870 170.911972 84.025696 53.546417 209.448700 105.580505 7.678892 184.496353 104.372513 91.707680 182.828506 87.203766               4830 
6.606633 170.838989 83.882484 53.564808 209.460785 105.533302 7.808393 184.548172 104.254807 91.847763 182.952805 87.247681               4850 
6.602412 170.854111 83.825569 53.576267 209.468307 105.503883 7.887691 184.609283 104.203278 91.934807 183.030472 87.275185               4869 
6.601994 170.864319 83.774895 53.586205 209.474823 105.478378 7.958295 184.648575 104.166748 92.010101 183.097931 87.299110               4889 
6.721246 170.788391 83.703407 53.593781 209.458313 105.503693 8.007952 184.711929 104.142067 92.088242 183.154358 87.368080               4908 
6.729530 170.789734 83.670029 53.601192 209.442154 105.528473 8.036030 184.804474 104.105141 92.164551 183.209671 87.435768               4929 
6.925151 170.735397 83.459396 53.585857 209.420029 105.548645 8.061968 184.841904 103.968658 92.251785 183.283051 87.536827               4949 
7.472069 170.701767 83.110558 53.618557 209.419312 105.527000 8.137796 184.905899 103.758446 92.396446 183.375854 87.620712               4969 
7.913897 170.693619 82.907570 53.626480 209.414536 105.528229 8.175906 184.972763 103.687477 92.461555 183.421616 87.672523               4990 
8.383744 170.716537 82.513252 53.594025 209.450882 105.494957 8.210484 185.030579 103.476166 92.558907 183.531815 87.815544               5010 
8.679989 170.975998 80.106308 53.937408 208.074234 104.872559 8.321290 184.421951 101.974892 92.603485 182.397736 86.210449               5031 
9.079055 170.742966 78.364258 54.020123 206.826248 104.356323 8.333486 183.610260 100.939575 92.560966 181.427231 85.066032               5052 
9.124803 169.623688 79.585266 53.382221 207.189804 104.603355 8.169638 183.292892 102.023026 92.370926 182.438507 85.371201               5072 
8.990497 168.728867 80.803085 52.793453 207.525360 104.831360 7.939202 183.335587 102.939156 92.178940 183.388290 85.627007               5090 
9.099614 168.043472 81.476555 52.273212 207.885010 104.916687 7.631381 183.641464 103.347000 92.050026 184.325638 85.801682               5109 
9.640013 167.169220 81.454453 51.170914 208.746628 104.814056 7.146965 183.889755 103.083961 91.898354 186.530243 86.096954               5162 
10.160043 166.859009 81.006989 50.547478 209.285324 104.578850 6.967244 183.772659 102.589012 91.844398 187.751541 86.317368               5179 
10.715989 166.537888 80.544472 49.862595 209.877121 104.320465 6.779518 183.700806 102.081833 91.765701 189.114349 86.553665               5197 
12.602928 166.029297 79.007355 48.564564 210.644760 104.775200 6.843425 182.681946 100.838211 91.934555 192.108398 88.099823               5214 
13.649469 165.788544 78.170647 47.786861 211.104691 105.047653 6.942442 182.165268 100.116257 91.971291 193.927872 89.069077               5231 
13.888474 165.393646 77.258759 46.636616 211.509933 104.464493 6.503992 181.827988 99.143768 91.420906 195.134079 89.337677               5248 
14.052023 165.166916 76.722343 45.934872 211.757172 104.108719 6.299724 181.642868 98.675476 91.069954 195.881226 89.500481               5264 
14.106309 165.094193 76.400337 45.525272 211.882660 103.946915 6.190234 181.583496 98.497688 90.843521 196.271347 89.623329               5281 
14.100122 165.141434 76.159996 45.228165 212.009491 103.867424 6.162458 181.581039 98.501617 90.659203 196.582428 89.702393               5297 
14.099717 165.179993 75.991570 45.021435 212.097748 103.812111 6.180485 181.569031 98.580116 90.530144 196.798935 89.757744               5313 
14.083341 165.222198 75.856697 44.848125 212.173904 103.762444 6.200799 181.547562 98.684647 90.414276 196.973297 89.787872               5330 
13.989494 165.248489 75.748375 44.645702 212.223206 103.703888 6.323133 181.372803 99.005730 90.253242 197.091568 89.789612               5347 
13.896110 165.279190 75.677826 44.469173 212.259872 103.682007 6.489223 181.141281 99.410309 90.107315 197.199844 89.790398               5364 
13.807202 165.305054 75.617325 44.298859 212.270416 103.699585 6.648558 180.879654 99.825569 89.960373 197.279129 89.810402               5382 
13.754218 165.174545 75.757607 44.063438 212.287888 103.734055 6.962471 180.369629 100.544662 89.754692 197.547394 89.675278               5400 
13.717052 165.076050 75.866516 43.877705 212.301666 103.761253 7.238744 179.940430 101.132797 89.590721 197.758759 89.568092               5418 
13.666482 165.009918 75.952072 43.737209 212.312103 103.781830 7.357153 179.687286 101.469139 89.465691 197.918457 89.486679               5437 
13.518459 165.014023 75.861473 43.606018 212.317047 103.637222 7.515169 179.404160 101.756897 89.307518 198.037109 89.143166               5455 
13.453220 165.024109 75.772949 43.495872 212.321198 103.515816 7.773066 179.060013 102.139748 89.173882 198.136749 88.854897               5474 
13.539390 165.061035 75.674377 43.409721 212.324448 103.420860 8.047463 178.747726 102.506790 89.068810 198.214676 88.629509               5492 
13.691670 165.088104 75.603462 43.382893 212.232071 103.448082 8.173122 178.511551 102.743645 89.012085 198.165405 88.524017               5512 
13.890960 165.117477 75.529449 43.359158 212.150314 103.472176 8.201485 178.375931 102.842285 88.961700 198.122192 88.430847               5532 
14.036911 165.135162 75.458557 43.274784 212.050140 103.478554 8.141981 178.253326 102.915230 88.843147 198.041779 88.315712               5552 
14.240108 164.823044 75.726463 43.324482 211.668472 103.629295 8.159931 177.898392 103.275276 88.810188 197.605560 88.270035               5573 
14.468334 164.517746 76.009483 43.311649 211.238525 103.891457 8.088035 177.528687 103.676353 88.715813 197.108414 88.353668               5593 
14.743662 164.096695 76.362381 43.139271 210.998459 103.892471 8.056039 177.138092 104.107315 88.494423 196.973618 88.117928               5614 
14.530153 163.451584 76.826004 42.703541 210.466507 104.130455 7.712424 176.495300 104.632957 88.018608 196.540451 88.154503               5634 
14.531178 162.036774 77.653030 42.241417 209.762115 104.066589 7.742877 175.294983 105.405579 87.574028 196.255539 87.783211               5655 
14.519637 161.138321 78.164764 41.955173 209.278854 104.030701 7.754746 174.509872 105.891174 87.283836 196.028107 87.527626               5675 
14.502104 160.467896 78.490051 41.748074 208.809860 104.099190 7.707971 173.850281 106.226135 87.070175 195.730270 87.442276               5695 
14.516318 159.994049 78.686333 41.561684 208.501022 104.100212 7.658812 173.383392 106.443970 86.887131 195.564987 87.340607               5716 
14.545492 159.616516 78.824295 41.438248 208.196396 104.168709 7.626418 172.972992 106.618507 86.762299 195.374466 87.317894               5736 
15.042551 158.633530 79.328072 41.260529 207.957672 103.849892 8.096761 172.162918 107.065735 86.632820 195.743347 86.680534               5756 
15.256301 157.847824 79.762253 41.586044 207.445221 103.562050 8.563906 171.573654 107.482658 86.788376 195.220917 85.957024               5776 
15.113695 156.564774 80.780548 41.533527 206.777252 103.108124 8.596496 170.953690 108.230797 86.600174 194.199127 85.404747               5797 
15.173688 155.019638 81.810593 41.500263 205.957321 102.509331 8.695137 170.188156 108.871521 86.525162 193.011795 84.965271               5816 
15.297792 154.053513 82.429657 41.448067 205.426346 102.122681 8.743587 169.688553 109.254265 86.467613 192.280518 84.714371               5836 
15.254564 153.517151 82.706154 41.338402 205.052414 102.004456 8.655656 169.344620 109.435921 86.373108 191.790634 84.723778               5855 
15.248751 153.214645 82.856842 41.243107 204.859451 101.938667 8.590230 169.148163 109.534897 86.307877 191.554367 84.769997               5873 
15.239773 153.099625 82.848511 41.182953 204.754913 101.923004 8.493328 169.055023 109.528145 86.275925 191.424515 84.848282               5891 
15.624957 152.738846 82.798889 41.003944 204.628586 101.805618 8.453136 168.756485 109.405304 86.287941 191.506104 85.078941               5910 
16.015074 152.621017 82.700462 40.957985 204.555954 101.808121 8.464228 168.587463 109.359245 86.333496 191.576019 85.218796               5928 
16.490395 152.761383 82.208588 41.005722 204.523407 102.284271 8.156405 168.570496 108.728462 86.677338 191.787308 86.330696               5948 
16.746609 152.832153 81.864525 40.993309 204.526642 102.405876 7.943227 168.591125 108.272163 86.789719 192.013229 86.634857               5967 
16.902311 152.905960 81.514160 40.949219 204.466263 102.594124 7.787040 168.513672 107.904190 86.842560 192.161880 86.940857               5986 
16.920132 153.157730 80.934341 40.897938 204.418121 102.735634 7.677632 168.438705 107.494591 86.840828 192.251221 87.120277               6005 
16.979250 153.224442 80.805862 40.886837 204.431442 102.716736 7.714357 168.389328 107.499809 86.836494 192.305923 87.089119               6024 
17.036491 153.277054 80.721382 40.882183 204.434265 102.713547 7.771419 168.325272 107.578606 86.834763 192.327530 87.079956               6043 
17.083195 153.438202 80.441338 40.900528 204.391434 102.746628 7.785219 168.252365 107.553413 86.839699 192.281601 87.076088               6062 
17.129749 153.544952 80.305519 40.910439 204.393143 102.744026 7.844879 168.192307 107.673035 86.839821 192.267136 87.057304               6081 
17.167370 153.647995 80.177429 40.919998 204.394791 102.741508 7.898209 168.132111 107.804947 86.839935 192.253265 87.039154               6101 
17.244555 153.729492 80.164375 40.860325 204.486664 102.730415 7.977552 168.081207 107.992767 86.769310 192.476059 86.895889               6122 
17.322435 153.836029 80.057533 40.919510 204.521698 102.774773 8.037334 168.084274 107.966949 86.821777 192.582825 86.866692               6144 
17.400599 153.936127 79.957458 40.973568 204.553711 102.815292 8.065926 168.096130 107.929947 86.869713 192.680664 86.840424               6165 
18.573357 154.394730 79.299583 41.838982 205.053772 102.356049 9.173290 168.319809 107.404732 87.759361 193.631073 86.124535               6187 
18.772812 154.547501 79.034927 41.886883 205.089249 102.468483 9.227950 168.223679 107.264297 87.823044 193.965134 86.075050               6209 
18.791340 154.625336 78.972366 41.942451 205.139969 102.405365 9.223998 168.241867 107.260750 87.831757 194.114487 85.815254               6230 
18.770674 154.671066 78.951202 41.945667 205.152740 102.408287 9.135512 168.251846 107.276596 87.823540 194.168137 85.759544               6251 
18.767843 154.740021 78.972252 41.974495 205.212662 102.396858 9.091520 168.303391 107.328110 87.824677 194.274963 85.641281               6273 
18.826559 154.811844 79.097290 41.891029 205.394196 102.401146 9.124496 168.333710 107.504585 87.721085 194.681595 85.446259               6294 
18.717772 154.882706 79.244255 41.631653 205.481079 102.640015 8.890774 168.294983 107.704201 87.464111 195.016556 85.537338               6316 
18.978468 154.892471 79.457733 41.405968 205.780884 102.676018 9.039903 168.219604 107.970512 87.266212 195.854294 85.328911               6338 
19.090137 154.995682 79.457504 41.257645 205.972305 102.696129 9.051787 168.224060 108.024712 87.137650 196.332764 85.239716               6360 
19.156252 154.853424 79.381386 41.186737 205.846603 102.634300 8.975801 168.042694 107.952301 87.096123 196.267960 85.221687               6382 
19.249897 154.859818 79.169785 41.182690 205.767227 102.634033 8.934638 167.922058 107.778755 87.128052 196.260590 85.276932               6404 
19.323673 154.833252 78.954185 41.151520 205.653259 102.635674 8.871446 167.755920 107.610870 87.131218 196.231094 85.323486               6425 
19.388670 154.813004 78.766998 41.124378 205.554031 102.637093 8.782768 167.614258 107.459763 87.133934 196.205215 85.364517               6447 
19.441957 154.799866 78.612328 41.102261 205.473160 102.638260 8.724053 167.493683 107.342323 87.136124 196.183975 85.398308               6468 
19.562668 154.742386 78.518600 41.088326 205.418564 102.577362 8.780711 167.333206 107.314293 87.119453 196.261581 85.259560               6492 
19.652428 154.642670 78.469963 41.050041 205.345627 102.504700 8.824992 167.154816 107.317856 87.074623 196.301590 85.110306               6515 
19.676575 154.501511 78.330933 40.980759 205.128159 102.539520 8.807495 166.834152 107.260155 87.002823 196.222305 85.067345               6539 
19.708269 154.373383 77.973022 40.869186 204.847855 102.517616 8.720506 166.421753 107.000015 86.929642 196.079636 85.077026               6562 
19.755575 154.290665 77.692757 40.783451 204.632462 102.500786 8.699322 166.052536 106.846123 86.873466 195.969788 85.085548               6586 
19.821281 154.017319 77.458366 40.618542 204.355774 102.381050 8.743167 165.504303 106.716248 86.736351 195.909103 84.933327               6609 
19.638117 153.954803 77.821823 41.779728 204.107132 101.918755 8.980883 166.054840 106.955154 87.585640 194.309601 84.356049               6632 
19.493883 153.950668 78.088707 42.608387 203.929688 101.588844 9.097648 166.463150 107.073837 88.171715 193.170731 83.957916               6655 
