25.311031 178.555023 98.324776 54.510494 212.177094 80.541489 6.587153 184.613953 98.911392 91.793091 190.934601 88.395264                  0 
25.325274 178.517624 98.317825 54.374596 212.223480 80.623169 6.497296 184.589859 98.632919 91.614464 190.858566 88.346527                 17 
24.800467 177.379944 98.434433 53.704514 211.416824 81.403770 5.769498 183.558716 98.644745 90.857277 189.771484 88.756905                 34 
24.673344 177.367966 98.926987 53.324360 211.477402 81.932892 5.411747 183.612366 98.884430 90.428879 189.746948 89.278557                 52 
24.785517 177.301849 98.978867 53.237846 211.482925 82.002884 5.447942 183.544891 98.634872 90.315018 189.658875 89.207848                 69 
24.828176 177.157410 98.908096 53.235996 211.426346 82.080650 5.542006 183.338333 98.260208 90.302399 189.575485 89.259766                 87 
24.776331 177.141586 98.844002 53.203751 211.424042 82.061852 5.590957 183.266891 97.960579 90.256371 189.543610 89.221985                105 
24.968056 177.146790 98.908234 53.323021 211.459366 82.052063 5.773459 183.321655 98.182106 90.401825 189.566666 89.036987                123 
25.457613 176.817703 98.691635 53.657009 211.273621 81.914162 6.163192 183.013336 98.018166 90.795395 189.507156 88.976654                140 
25.639206 176.562592 98.237061 53.972534 211.116699 81.895409 6.343393 182.840378 97.557526 91.035606 189.230499 88.983482                158 
25.773920 176.226822 97.742912 54.199963 210.971680 81.950081 6.459761 182.608551 97.181168 91.214104 188.956665 88.893417                177 
25.780649 176.257339 97.771652 54.217175 211.036774 81.958099 6.495664 182.641052 97.159348 91.255280 189.110657 89.053307                195 
26.215986 175.769211 97.378502 54.935009 210.712540 82.290039 7.019134 182.365051 96.982536 91.834503 188.420685 88.954742                214 
26.612719 174.591888 95.838776 55.930843 209.861710 82.662254 7.475026 181.590759 95.895775 92.486412 186.783966 88.495399                234 
26.695656 174.015732 94.912132 56.488388 209.408646 82.855751 7.649135 181.332672 95.443817 92.824944 185.871475 88.201195                254 
26.588488 173.953247 94.635818 56.756348 209.332779 82.973801 7.696416 181.497620 95.599190 92.983528 185.580490 88.105789                274 
25.984398 174.253708 94.539894 56.719261 209.500778 82.994400 7.559919 181.804733 95.596901 92.877609 185.645660 88.134911                292 
25.853251 174.232330 94.669807 56.797997 209.468536 82.847115 7.678169 181.772049 95.975494 93.069687 185.859833 88.316185                311 
26.239035 173.908936 94.617630 56.991879 209.214294 82.483528 7.916311 181.477417 96.054459 93.404770 185.950272 88.467216                331 
26.453724 173.702759 94.610489 57.116947 209.046249 82.242973 8.055516 181.325317 96.206993 93.627823 186.026260 88.563812                350 
26.511292 173.614136 94.470436 57.292778 208.945847 81.884941 8.229252 181.245804 96.179031 93.893646 186.189789 88.626991                369 
26.378229 173.810791 94.643768 57.327110 209.116058 81.760292 8.263279 181.392807 96.353683 94.047874 186.796585 89.266563                389 
26.311209 173.790588 94.054459 57.683277 208.922791 81.463242 8.292220 181.574661 95.909637 94.219048 186.343399 89.093872                408 
26.410887 173.690948 94.252808 57.665916 208.773987 81.235512 8.295566 181.494751 96.040100 94.278717 186.517822 89.425957                427 
26.526758 173.800842 94.265961 57.766624 208.694946 80.707184 8.390027 181.683304 96.029823 94.384659 186.540649 89.146584                446 
26.508841 173.788040 93.893990 58.087341 208.457870 80.537926 8.439445 181.899582 95.829605 94.482269 185.832336 88.687263                465 
26.521555 173.932327 93.748993 58.314800 208.427017 80.442490 8.483111 182.231186 95.830856 94.559822 185.498306 88.410545                485 
26.419661 174.059067 93.797203 58.286827 208.548599 80.644699 8.328051 182.365997 95.672333 94.490639 185.745377 89.142624                504 
26.890676 175.265686 94.393829 58.949158 209.494293 81.017609 8.771159 183.768341 96.394348 95.027870 186.578659 89.742149                524 
27.401667 175.982101 94.541428 59.621628 210.091415 81.240036 9.176292 184.769135 97.150406 95.592896 186.955780 89.826530                545 
27.602356 176.736008 94.515015 60.294239 210.589630 81.713104 9.410766 185.859451 97.606293 95.941628 186.832397 89.945663                566 
27.544485 177.273727 94.038231 61.195816 210.702545 82.645416 9.573137 186.842880 97.788544 96.155396 185.614822 89.811394                586 
27.470467 177.801483 93.988983 61.652328 210.964691 83.189713 9.686279 187.575729 98.153923 96.274452 185.266541 89.810188                606 
27.455486 178.099121 93.978699 61.933052 211.119858 83.468742 9.799269 187.966934 98.414719 96.386299 185.115326 89.766029                625 
27.491707 178.031769 93.993576 61.983494 211.097839 83.466652 9.855923 187.887344 98.547630 96.486290 185.167374 89.797966                645 
27.442608 178.041397 93.987679 61.979939 211.118896 83.465569 9.850046 187.885956 98.609657 96.499397 185.209717 89.793159                665 
27.334572 178.060699 93.955688 61.979290 211.119125 83.468338 9.842438 187.880478 98.608559 96.496567 185.202393 89.776939                684 
27.204214 178.049057 93.862450 61.967381 211.092804 83.484627 9.808958 187.843094 98.576172 96.465904 185.128998 89.701538                704 
27.119186 178.066269 93.832207 61.967648 211.095154 83.485809 9.798133 187.837311 98.582626 96.463615 185.123047 89.682167                724 
27.043365 178.080765 93.797073 61.968204 211.098557 83.488068 9.786218 187.828293 98.587379 96.461243 185.116241 89.657928                744 
26.895737 177.942856 93.772369 61.616058 211.099991 83.062592 9.662416 187.580872 98.628990 96.306366 185.365158 89.163231                764 
26.913334 177.978699 94.528557 61.194725 211.179199 82.480865 9.648348 187.544296 99.222427 96.247948 186.085022 89.149544                784 
27.098772 177.521866 94.945251 60.818394 210.919312 81.792442 9.707963 186.909790 99.363937 96.325493 186.702545 89.256500                803 
27.221207 177.467545 95.041924 60.876698 210.880417 81.750534 9.797390 186.837173 99.400223 96.435112 186.797424 89.400742                824 
27.293831 177.444016 95.100281 60.896305 210.891617 81.767090 9.820618 186.830933 99.475456 96.472542 186.851563 89.469376                844 
27.315529 177.565628 95.219185 60.897030 211.067490 81.948608 9.823081 186.936325 99.614532 96.490219 187.057220 89.665421                865 
26.821028 177.744583 95.414337 60.258224 211.325653 81.919991 9.343359 187.015442 99.777672 95.971214 187.508881 89.682785                886 
26.738411 177.752228 95.697983 59.955448 211.511856 82.091042 9.236977 186.906387 100.085503 95.814873 187.897263 89.796211                907 
26.738903 177.845749 95.861290 59.719749 211.754547 82.087837 9.194442 186.896576 100.189453 95.699821 188.319656 89.779259                929 
26.691643 178.023163 96.006454 59.493271 212.017502 82.026802 9.154878 186.968231 100.214630 95.565109 188.723923 89.717690                949 
26.433428 178.282104 96.221252 59.101315 212.277084 81.940636 9.004624 187.131561 100.340942 95.217110 188.961868 89.354637                970 
26.268869 178.614212 96.345978 58.722168 212.573196 81.590721 8.885028 187.393021 100.217987 94.881287 189.284729 88.876541                991 
26.139818 178.815811 96.093414 58.688530 212.729889 81.571327 8.762750 187.670364 99.882248 94.667992 189.077087 88.567108               1012 
25.845160 179.147247 95.822685 58.713146 212.890427 81.731110 8.425700 188.077667 99.084534 94.421883 189.022247 89.354317               1033 
25.592762 180.185776 95.591316 58.479179 213.332275 80.436295 8.005748 189.488754 98.755852 93.999794 189.414291 88.750961               1054 
24.849798 181.433411 92.761719 57.481285 215.226044 78.810593 6.788324 190.628510 95.516251 93.036865 191.702499 88.049652               1074 
22.922794 184.285583 89.802185 53.539436 218.636551 72.961235 4.378648 192.694427 91.999634 90.377693 197.876892 83.680229               1095 
19.207216 187.507034 85.275177 51.461418 219.007477 66.123291 1.284587 197.292908 87.542717 87.168617 196.623810 77.387596               1113 
18.226196 192.816879 79.942978 51.352341 221.076614 57.605549 0.751429 204.109482 82.208992 86.254097 198.407120 70.677628               1129 
15.084085 192.217117 70.406647 48.540283 222.170029 50.948715 -3.001450 202.882553 71.605934 83.285942 201.168900 66.905197               1143 
10.928641 194.850006 62.449753 44.640762 225.747849 45.009182 -7.650470 204.633316 61.540703 78.657326 207.109650 64.969345               1158 
9.334349 198.367905 51.483578 46.135117 226.445618 35.668991 -8.560142 209.136414 48.352028 77.087196 207.073685 59.535580               1170 
5.969735 198.960480 39.206509 44.552086 227.829086 30.932499 -11.266529 211.023026 37.532436 73.487175 202.374725 51.371502               1181 
1.373232 205.784637 30.817572 41.118092 233.590820 24.722424 -14.930241 218.099808 28.209303 68.528130 206.425049 45.060265               1190 
0.094203 208.994308 24.091743 40.830486 235.152328 17.700666 -15.574242 221.356583 19.557619 66.772293 207.773438 39.617245               1200 
0.515562 211.483139 17.784056 42.736897 235.301559 12.590126 -14.344349 224.381668 11.188399 65.788559 207.757263 37.345936               1210 
-2.988502 212.062958 10.483800 40.470814 233.570160 7.388114 -17.089785 226.120102 3.000486 60.641727 204.356506 32.737934               1217 
-3.964164 210.572372 -4.795408 39.983639 229.442322 2.691855 -16.879370 227.483215 -10.834476 55.129379 193.976730 23.080967               1226 
-5.116316 211.956375 -16.500568 38.558231 227.771744 -3.296813 -17.417385 230.837921 -21.574366 50.064404 189.649063 14.512903               1235 
-8.153255 217.818665 -42.396774 33.582249 229.284607 -21.248579 -19.909271 239.242020 -46.280643 39.828564 188.900558 -5.983251               1252 
-9.512498 219.460602 -53.126232 30.358648 230.213760 -28.302414 -22.415176 241.161285 -55.292389 37.090389 188.812149 -16.322979               1261 
-11.075568 223.591019 -75.571732 24.652340 236.856781 -45.973228 -27.543446 243.735962 -76.266174 36.174873 195.692154 -37.277107               1278 
-12.825160 225.625961 -83.716339 21.299973 240.525513 -52.998135 -30.755283 244.583755 -84.074127 35.683819 200.057846 -45.356808               1287 
-16.760908 230.163803 -104.303726 14.610151 245.350357 -70.880699 -36.426697 247.440567 -103.754005 32.703106 205.922089 -66.300972               1304 
-17.499846 231.047760 -110.894958 12.874097 246.672546 -76.748161 -37.810261 247.592270 -110.118408 32.670509 207.970520 -73.118683               1313 
-17.267952 231.633820 -117.756584 12.300334 250.273956 -84.402893 -37.220123 248.779037 -119.416534 31.134233 211.807602 -76.123932               1324 
-19.159100 233.474899 -133.967300 7.788035 252.643982 -98.715218 -40.084259 249.648560 -135.798416 28.734196 215.130249 -91.172302               1339 
-20.329037 235.661774 -140.904160 5.564134 254.095291 -104.468124 -41.166840 251.985596 -142.902237 26.585136 216.526871 -97.422012               1347 
-21.855532 234.059982 -153.678268 2.125813 256.279602 -117.997604 -42.617546 249.989075 -158.008926 23.750595 220.033798 -106.973656               1365 
-22.089809 234.485382 -159.347397 0.133897 257.745056 -123.168953 -41.960670 250.869598 -165.780106 19.977365 221.515839 -109.147614               1374 
-22.614605 236.186203 -171.743561 0.470976 259.456421 -136.019226 -42.535789 252.775986 -177.636719 20.700745 223.226196 -122.563972               1391 
-22.813372 235.616348 -177.229004 -0.686821 258.561340 -140.552139 -43.036449 251.877686 -182.809891 20.354479 222.542679 -127.791420               1400 
-23.894781 238.667908 -188.286148 -3.726603 256.472565 -147.473007 -43.393013 255.912048 -192.705994 16.054626 218.769638 -137.980316               1417 
-23.854620 238.935516 -191.280487 -3.975118 256.207062 -149.933350 -43.476631 256.046783 -195.262650 16.306337 218.606842 -141.112717               1425 
-24.450418 238.935547 -195.615204 -4.896293 256.659363 -154.157272 -43.772263 256.181305 -199.935257 15.067367 219.083710 -144.542633               1435 
-24.723669 238.540527 -198.486984 -6.626708 256.186035 -156.226303 -43.544033 256.036530 -203.550217 12.458354 218.422180 -145.616425               1443 
-30.018696 240.372818 -209.364212 -9.829443 254.917587 -166.680634 -46.421146 260.775238 -213.271515 4.714995 215.000397 -156.781387               1460 
-30.346888 240.407410 -210.843124 -9.447659 254.487732 -168.307358 -46.297653 261.703278 -214.079926 4.399478 214.279373 -158.588211               1469 
-30.616322 240.804871 -213.222855 -9.664408 253.233963 -170.175705 -46.098782 263.193176 -215.039352 3.921985 212.619797 -161.880051               1486 
-30.724585 241.174377 -214.051056 -9.685413 251.882339 -170.575424 -46.021980 263.955231 -214.710312 3.883944 210.963257 -163.910690               1495 
-30.462708 242.051651 -215.839478 -10.085348 250.523865 -171.530167 -45.521980 265.338715 -215.248199 3.096918 209.235764 -166.586792               1512 
-30.944550 241.865204 -216.607666 -9.828340 249.831116 -172.524567 -45.601063 265.572632 -215.365326 2.989040 208.377563 -168.026230               1521 
-31.270464 242.317596 -216.580460 -9.713933 249.661209 -172.462296 -45.373375 266.339905 -214.706329 2.708502 208.054214 -168.283997               1530 
-31.573051 243.078659 -217.141220 -9.510366 249.722244 -172.881302 -44.935333 267.263092 -214.636917 2.352736 207.942764 -168.799744               1547 
-31.399235 242.452271 -218.601227 -9.532842 249.295868 -174.156296 -44.372284 266.889465 -216.280014 1.610559 207.400314 -169.308167               1556 
-31.139416 241.574051 -221.961731 -9.510817 248.632904 -177.204361 -43.367439 266.444763 -219.794846 0.370596 206.578598 -171.145432               1573 
-30.783907 240.938522 -223.208572 -9.299563 248.197479 -178.314056 -42.826241 265.980408 -221.083374 0.155343 206.128510 -171.701675               1581 
-30.494953 238.852539 -225.041107 -8.448597 247.062469 -180.242599 -42.365471 264.465027 -222.691956 -0.249684 205.077271 -171.702209               1599 
-29.501293 237.991257 -226.060699 -8.727593 248.674927 -180.949814 -42.100903 263.545837 -224.704300 -0.247391 207.348068 -169.855026               1607 
-28.716457 237.921997 -227.851913 -8.937111 248.003647 -181.634109 -42.837231 263.809052 -224.732880 -1.329092 206.674484 -169.932144               1633 
-28.554007 237.991135 -228.252762 -8.699687 247.756973 -181.810501 -43.064274 264.022491 -224.393372 -1.388954 206.396454 -170.030106               1642 
-28.252272 238.145828 -228.610016 -7.897570 246.698120 -181.811844 -42.619160 264.384308 -223.565460 -1.549820 205.099503 -170.314941               1651 
-28.503832 238.398941 -228.842621 -7.361346 246.212646 -181.935150 -42.647133 264.647339 -222.869797 -1.450010 204.519104 -170.549973               1660 
-28.401232 238.653107 -229.209717 -7.767701 245.508469 -181.588791 -42.670509 264.418915 -222.593887 -1.813752 203.697479 -170.665894               1669 
-28.347080 238.939545 -229.461960 -7.715856 245.499329 -181.568954 -42.637074 264.552765 -222.461746 -1.803875 203.681702 -170.648666               1679 
-30.436853 241.434570 -229.901245 -9.749478 247.600922 -181.740067 -46.278069 265.516632 -221.721893 -0.914019 205.966309 -172.179169               1691 
-29.997883 244.088501 -227.436172 -11.868427 246.003021 -177.698975 -46.860741 266.568268 -217.685287 -2.053930 203.941208 -171.583588               1700 
-33.210423 247.503952 -220.125458 -14.186039 243.910049 -170.542450 -47.649624 270.093292 -208.197235 -7.456686 200.900314 -167.750427               1722 
-34.134308 247.864197 -212.536255 -12.320346 244.744644 -163.978775 -47.688686 270.334900 -200.037140 -4.995377 201.830933 -161.208435               1733 
-34.118805 249.037201 -207.273361 -12.241910 244.366837 -158.752884 -46.934826 271.410522 -194.321823 -5.823577 201.262894 -156.810638               1744 
-34.722107 251.936020 -199.418976 -13.006104 241.156998 -151.707870 -45.760658 273.662842 -184.429108 -9.536004 197.724380 -153.825333               1756 
-29.580738 255.103836 -187.117538 -8.612195 235.114212 -142.025787 -36.724384 276.456879 -169.121521 -13.091213 192.284637 -148.988754               1768 
-20.902470 250.542160 -175.247986 -3.739488 226.256805 -130.649796 -25.739868 272.647827 -156.290405 -15.308668 184.967285 -138.665237               1779 
-17.226070 249.219482 -163.817413 -2.950340 221.381058 -120.299652 -26.825701 271.144775 -141.318268 -16.254381 181.336212 -131.359924               1790 
-14.522631 246.598267 -154.207977 -0.513167 217.116592 -111.735565 -27.293167 268.764526 -128.600662 -15.312591 177.881897 -123.757797               1800 
4.794735 238.896286 -143.094421 5.879593 217.638885 -95.493843 3.030146 221.392029 -156.242538 44.691452 211.033905 -76.707375               1817 
16.616098 239.435349 -137.046173 12.808454 214.839462 -89.937332 22.271582 230.382034 -146.366943 47.496071 211.251801 -63.730171               1826 
22.138180 241.094376 -130.649323 15.598109 212.897827 -85.339355 28.949528 238.998947 -135.488953 47.793232 208.501068 -56.235058               1835 
29.771553 233.938873 -113.139862 24.676300 207.846970 -66.039139 35.921589 236.682465 -114.272041 57.287254 205.284653 -37.179516               1852 
29.015020 235.346054 -108.484322 22.438345 204.952209 -64.182243 34.917397 239.024139 -108.470383 53.977547 199.878662 -34.476101               1860 
5.237872 235.088562 -112.562149 13.877278 198.795761 -64.901939 11.349101 237.294388 -107.432350 50.562229 198.878632 -41.298447               1869 
-13.294262 234.212189 -105.617783 10.801592 197.728577 -56.521118 -6.017370 236.272964 -95.715996 48.004818 206.955994 -35.695843               1886 
-15.999641 231.973740 -104.083427 11.048820 197.924286 -53.204838 -9.180685 235.490784 -91.138512 47.485477 210.217468 -32.609577               1896 
-5.105115 233.231461 -82.619591 11.222981 195.412109 -43.811428 -13.789957 235.155609 -74.335289 47.088322 209.305328 -23.230534               1912 
-1.795668 234.112137 -75.982338 11.723992 195.744431 -39.840294 -14.812388 235.997971 -67.257713 47.887089 210.083527 -20.103567               1922 
2.384544 238.194092 -67.548973 12.809158 196.053574 -35.906380 -12.063271 239.622192 -59.246967 49.665531 206.948441 -15.270795               1930 
6.553888 243.079285 -55.146191 14.073019 196.640274 -30.102442 -9.079193 243.600632 -47.629578 50.691845 203.402084 -7.381157               1940 
8.626354 245.417114 -46.207478 15.151610 196.760513 -25.892357 -7.352940 245.445374 -38.702553 52.147976 200.722946 -3.122078               1947 
9.475071 249.614807 -23.249863 20.680380 199.781219 -9.246580 -6.334881 247.409744 -14.930487 58.914440 204.281662 11.267321               1964 
9.042876 250.185059 -16.282242 21.229004 200.024368 -4.707408 -6.816125 247.237961 -7.989435 59.584995 204.380325 15.609112               1973 
9.701730 250.260651 -9.803083 22.746439 200.146805 0.707781 -6.262641 246.783188 -1.599305 61.074360 204.868652 20.995516               1982 
10.929902 250.027802 -4.107716 23.827023 199.658630 5.025628 -5.138131 246.328171 4.064731 62.310875 203.817978 25.140556               1990 
14.894392 249.970413 13.114194 26.609446 198.562164 12.466105 -1.990693 244.964371 18.946463 63.346970 197.628235 35.969284               2008 
16.458818 249.399002 15.830560 29.088644 198.240082 16.868179 -0.438164 244.239029 21.697622 65.708580 198.768570 40.566669               2016 
18.996208 249.542236 15.793866 31.922619 198.919495 22.483372 2.400363 245.139832 23.196493 69.851135 202.403885 43.748463               2025 
-12.314172 224.962006 19.742136 48.848621 202.893402 29.228474 2.509579 232.421890 34.577415 78.695313 207.643143 60.685307               2034 
-18.844076 215.897293 27.744223 53.725990 206.020462 35.562996 1.341621 221.525925 54.677612 83.158821 194.897095 65.777176               2042 
-17.532335 207.253769 52.395172 58.376942 211.360916 47.235638 7.909158 216.268051 80.651924 94.209351 197.900375 68.158577               2060 
-15.094213 203.302917 59.868225 59.765213 211.521347 51.108265 10.317551 214.253876 87.825630 96.802338 198.022003 69.788101               2069 
-14.552218 202.326813 62.958828 60.002247 209.336365 55.270027 9.760213 209.847061 91.588409 95.876152 191.592270 72.623055               2077 
-11.848010 201.658508 68.757103 61.378201 209.439651 57.532871 11.957821 210.960007 95.203552 97.305878 191.035858 74.068283               2086 
-10.217356 198.315170 72.055328 61.563049 209.672760 59.079838 12.046475 210.634003 96.709427 97.947884 192.582047 76.019981               2094 
-7.843583 195.964737 75.234352 61.627304 210.955429 59.535717 11.510759 213.691925 96.317101 98.406815 197.243759 78.566612               2103 
-4.708336 197.985184 79.159485 63.558201 212.125641 60.300659 13.189471 219.489197 96.129700 100.273117 201.239182 81.191269               2112 
-2.701015 199.449371 81.955750 64.786095 213.208160 61.231388 13.779046 224.635742 96.337440 101.463272 205.165619 83.435425               2120 
-1.020716 200.372116 85.150978 66.401306 212.818634 63.961239 15.053636 227.185791 98.530281 102.759331 205.232697 86.840599               2129 
-0.008953 200.963638 87.804123 67.610550 212.354996 67.026230 16.158497 228.060165 101.530830 103.541855 203.667130 90.186104               2138 
1.333425 200.841553 90.587273 68.698250 211.550873 69.495064 17.155172 228.495499 103.677925 104.338234 202.547226 92.982155               2146 
2.547807 199.315994 94.180199 68.148598 212.669373 70.225540 16.352526 229.103287 104.714279 104.631073 206.765488 93.400749               2169 
3.118638 199.422424 94.588097 68.645744 212.424469 70.478477 16.966711 229.210114 105.076843 105.072090 206.101837 93.631508               2176 
4.462859 199.795929 97.951385 70.601494 210.304611 74.790466 20.665199 226.718018 112.243713 106.223343 197.218750 96.302353               2190 
5.346482 198.842194 99.759140 70.878532 211.265442 76.098106 21.055601 225.806824 114.591682 106.901283 198.049713 96.849586               2203 
6.770510 197.136093 102.213676 71.292198 210.866776 77.390099 22.137526 223.947983 117.354736 107.640526 196.785217 96.971375               2216 
6.739214 196.890060 102.560120 71.187378 210.876160 77.906937 22.015066 223.554199 118.055031 107.435326 196.292160 97.305664               2225 
6.664418 197.293198 102.682159 71.297134 210.966812 78.340042 22.230824 223.551697 118.730026 107.335541 195.560364 97.491852               2233 
6.419311 196.881744 102.846123 71.176727 211.022552 79.070045 22.052402 222.647812 119.750809 107.097832 194.885574 97.836746               2242 
6.061150 197.004684 102.748573 71.319969 210.901230 80.175224 22.037247 221.740845 120.948273 106.738686 193.242905 98.522308               2251 
5.748021 197.094345 102.537506 71.295692 210.698715 80.643784 21.892071 221.291321 121.394371 106.381416 192.207489 98.809235               2259 
5.064897 193.956192 101.401184 70.703690 209.986618 81.771591 20.144348 215.881622 121.957954 105.643684 190.462662 99.118904               2268 
4.616521 193.185745 100.951431 70.196884 210.064789 82.131020 19.003971 214.191483 121.679428 105.067619 190.396637 99.454788               2277 
4.163598 192.119644 100.124123 69.696419 210.007202 82.477524 17.760969 212.419800 121.164009 104.436752 190.177948 99.879448               2285 
3.846644 190.903137 99.567375 69.210449 209.727707 82.789497 16.639172 208.795303 119.665039 103.873215 189.579269 99.978172               2294 
3.519358 189.758194 98.774803 68.774513 209.408600 83.062866 15.537778 205.059219 117.723946 103.294914 188.918274 100.133499               2303 
3.337881 189.247772 98.300140 68.435654 209.300400 83.225098 14.801389 202.708649 115.940231 102.761917 188.444977 100.244987               2311 
3.538345 188.718079 98.230370 68.258377 209.246109 83.302132 14.375781 201.524475 114.973930 102.475510 188.190628 100.295433               2320 
3.690146 188.761948 98.406029 68.156960 209.387878 83.443695 14.162525 200.873306 114.192986 102.225746 187.980713 100.295059               2329 
3.939358 188.566925 98.477982 68.125847 209.410965 83.437538 14.045549 200.350632 113.502251 102.102539 187.837051 100.262154               2338 
3.979406 188.402939 98.303299 68.022079 209.402481 83.476929 13.806345 199.699707 112.630852 101.847946 187.556000 100.253662               2346 
4.363938 187.996979 98.461029 67.996666 209.399918 83.474907 13.735405 199.168274 111.993149 101.764740 187.440262 100.220291               2355 
4.311233 187.624573 98.130699 67.785294 209.252808 83.575485 13.315983 198.648224 111.450615 101.332191 186.766647 100.064720               2364 
4.262304 187.185181 98.411041 67.433838 209.057907 83.515343 13.120153 198.029922 111.407013 101.005302 186.152176 99.364693               2373 
4.785914 186.758759 99.311066 67.081253 209.044937 82.933876 13.130111 198.004395 111.301338 100.847565 186.238831 98.510643               2382 
4.847398 186.372375 99.623062 66.676689 208.875488 82.585487 12.877156 197.673645 110.986107 100.479874 185.919296 97.858849               2392 
5.093606 185.966232 99.939163 66.433258 208.759842 82.374733 12.729226 197.430847 110.782433 100.264259 185.713379 97.449257               2402 
5.315266 185.640472 100.186325 66.262115 208.678528 82.226555 12.617710 197.270599 110.658081 100.111870 185.568665 97.161285               2412 
5.545766 185.329575 100.396309 66.133591 208.602631 82.106819 12.531835 197.060364 110.474976 100.000031 185.445206 96.929626               2423 
5.795923 185.033630 100.558052 66.074509 208.594040 82.092667 12.484130 196.906921 110.390541 99.967934 185.447784 96.871185               2434 
5.934431 184.270813 100.226913 65.931931 208.905090 82.607613 12.114861 196.303177 110.094917 99.925079 186.078110 97.651283               2444 
5.865022 184.188797 99.629692 66.016693 208.975189 82.844238 11.881354 196.131821 109.741631 99.831467 185.865021 97.857529               2455 
5.757281 184.106781 99.153069 66.038177 209.041092 83.068298 11.649646 195.957977 109.461380 99.732666 185.769470 98.102615               2466 
5.593723 184.154297 98.912804 66.016731 208.950760 83.166733 11.509303 195.844543 109.351013 99.564560 185.303604 97.940796               2477 
5.462150 184.221191 98.704498 66.008110 208.875427 83.226006 11.399577 195.779800 109.249550 99.426559 184.915527 97.787865               2489 
5.338439 184.329620 98.541367 65.967133 208.866211 83.213341 11.270907 195.838470 109.121086 99.295837 184.760834 97.740746               2500 
5.225276 184.435471 98.388153 65.932098 208.859558 83.198463 11.155335 195.901108 109.006340 99.178482 184.623108 97.696396               2511 
5.132193 184.483170 98.216637 65.885101 208.817963 83.215912 11.004885 195.936493 108.849014 99.008324 184.375381 97.649529               2524 
5.142244 184.487030 98.146797 65.853325 208.819382 83.207016 10.904513 196.007706 108.733299 98.901070 184.275208 97.641281               2534 
5.041372 184.555099 97.957031 65.807014 208.783279 83.219109 10.742188 196.069183 108.556282 98.723419 184.044266 97.620819               2546 
5.056858 184.552490 97.844505 65.805840 208.739578 83.220795 10.635784 196.133301 108.503792 98.615990 183.815964 97.546486               2558 
4.930793 184.610855 97.702446 65.689674 208.757080 83.249847 10.408890 196.231354 108.397438 98.391983 183.675705 97.546738               2570 
4.939968 184.583313 97.654121 65.644096 208.790985 83.266586 10.313686 196.265564 108.374054 98.308212 183.634201 97.518250               2584 
4.977509 184.518539 97.579933 65.577385 208.828140 83.275459 10.178811 196.305649 108.255653 98.182861 183.591385 97.519997               2599 
5.064164 184.492584 97.524277 65.572914 208.898834 83.295624 10.117911 196.375854 108.235954 98.130249 183.555359 97.460579               2617 
5.061201 184.469467 97.373238 65.593430 208.871063 83.400917 10.036580 196.377853 108.298233 98.047134 183.286209 97.368378               2635 
5.191483 184.586761 97.343697 65.638000 209.265274 83.531860 10.024683 196.599945 108.301880 98.159439 183.879929 97.704292               2654 
5.270673 184.668991 97.306030 65.651360 209.583435 83.741608 9.937049 196.806000 108.352501 98.187996 184.317551 98.091484               2674 
5.078048 184.760422 96.942238 65.715790 209.376953 84.136368 9.758402 196.718674 108.426643 97.925468 183.403610 97.950844               2694 
5.218211 184.575424 97.158226 65.667564 209.427750 84.153198 9.780135 196.684570 108.619095 97.979324 183.570267 97.946609               2715 
5.424085 184.334900 97.409447 65.636429 209.432419 84.215141 9.809914 196.612274 108.822800 98.019562 183.619858 97.925064               2735 
5.557074 184.184952 97.654930 65.570831 209.473236 84.238586 9.792780 196.635147 108.969681 98.031136 183.796783 98.021393               2756 
5.527407 184.115250 97.960861 65.357147 209.646820 84.244377 9.659827 196.741669 109.163010 97.979759 184.309204 98.268929               2779 
5.501680 184.592529 98.771637 65.172729 210.080826 84.280983 9.693940 197.326050 109.727516 97.966965 185.009659 98.383888               2800 
5.431342 184.945572 98.827881 65.189636 210.248367 84.292793 9.754598 197.530853 109.842545 97.935402 184.944397 98.089218               2823 
5.454183 185.181335 98.861450 65.287109 210.326660 84.378433 9.825364 197.690369 109.899200 97.949799 184.832764 98.021301               2844 
5.492610 185.268723 98.880501 65.351974 210.350418 84.438057 9.883352 197.724655 109.948280 97.968445 184.718567 97.932198               2866 
5.541687 185.330978 98.850159 65.412956 210.358932 84.450172 9.923662 197.761032 109.930260 97.978622 184.609833 97.843414               2888 
5.730309 184.957718 98.612068 65.539429 210.239319 84.538979 10.004215 197.340790 109.767166 98.110413 184.424377 97.791786               2910 
5.735381 184.971451 98.541893 65.555679 210.266632 84.556862 9.986905 197.352539 109.710068 98.109657 184.440918 97.830460               2932 
5.899051 184.915009 98.430229 65.710381 210.252960 84.514954 10.110202 197.322723 109.657478 98.261543 184.425995 97.793045               2953 
6.164771 184.562515 98.568893 65.688057 210.011414 83.690491 10.260547 197.380829 109.382744 98.511772 184.938324 97.721214               2975 
6.116586 184.439606 98.531982 65.521202 209.961975 83.380699 10.154719 197.371109 109.225677 98.429825 185.089737 97.569122               2998 
6.128365 184.334763 98.541306 65.396202 209.959457 83.242630 10.053154 197.362564 109.131943 98.347557 185.191345 97.513786               3019 
6.121347 184.033524 98.402161 65.220955 209.850510 83.162086 9.929294 197.037521 109.055176 98.172516 184.866348 97.051048               3040 
6.126670 184.040894 98.293068 64.990112 209.979126 82.963058 9.710463 197.163330 108.897545 97.911247 184.856842 96.673889               3061 
7.208592 183.395187 98.878258 64.655174 210.761398 83.052246 9.470942 197.369293 108.900917 97.899994 186.290482 97.154488               3124 
7.620240 183.105103 99.022835 64.682472 210.780289 83.103783 9.513250 197.281281 108.932442 97.948143 186.296432 97.134193               3145 
7.772603 182.977219 99.044456 64.714500 210.821457 83.175095 9.558311 197.176880 108.958488 98.007919 186.334595 97.134270               3166 
8.102753 182.811081 99.032158 64.951958 211.003067 83.478996 9.765117 196.988312 109.007729 98.312134 186.625137 97.469452               3187 
8.443081 182.673752 99.052124 65.185921 211.173279 83.687233 9.999649 196.846115 109.045181 98.629234 186.946487 97.741608               3207 
8.537984 182.850235 98.984085 65.277390 211.426544 83.653702 10.102265 196.942398 108.876350 98.771194 187.350189 97.845673               3228 
8.975983 183.357422 98.967819 65.700264 211.913330 83.366364 10.660131 197.311127 108.674446 99.297562 188.000854 97.590729               3248 
9.867743 184.178177 99.019753 66.403748 212.889328 83.054680 11.498686 198.106339 108.326721 100.147339 189.359238 97.567497               3269 
10.465941 184.315674 98.049561 66.944191 213.422775 82.623238 11.988123 198.069534 107.233620 100.718216 190.009689 97.254013               3291 
10.646347 184.780823 97.133835 67.021072 214.485092 82.451416 12.237360 198.110992 106.630745 100.909767 190.685333 96.164375               3311 
11.194464 185.793121 96.991302 67.410751 215.819427 82.372330 12.642208 199.052246 105.918106 101.399323 192.604645 96.821152               3332 
11.241193 186.625732 96.654953 67.644051 216.435730 82.331825 12.724031 199.731949 105.254852 101.461525 193.204071 97.150246               3351 
11.255357 187.190720 96.448349 67.837852 216.785568 82.385719 12.822060 200.149719 104.984756 101.516388 193.346863 97.194527               3370 
11.300333 188.286179 96.859940 68.105675 217.241104 82.341263 13.250739 200.851563 104.871101 101.653687 193.418259 96.829910               3389 
11.489674 188.778961 96.861366 68.485603 217.402176 82.371384 13.613873 201.151535 104.736176 101.910431 193.331146 96.733971               3408 
11.546832 188.963165 96.865334 68.632912 217.408066 82.336769 13.763876 201.264160 104.746933 102.006416 193.182922 96.558884               3427 
11.453362 189.358215 96.770493 68.816734 217.296585 82.317917 13.823414 201.573593 104.714653 101.967361 192.663071 96.358688               3445 
11.307741 189.687897 96.690788 68.847893 217.394501 82.487427 13.795013 201.764908 104.790512 101.847984 192.327545 96.109459               3464 
11.342072 189.941589 97.199905 68.680626 217.737411 82.398659 13.794569 202.137741 105.120377 101.852806 193.001892 96.207268               3483 
11.305695 190.002960 97.431503 68.624573 217.672501 82.459396 13.749441 202.227097 105.280014 101.757591 192.859680 96.223274               3501 
11.125473 190.173035 97.614044 68.485756 217.652084 82.484634 13.595780 202.414749 105.371758 101.566696 192.810944 96.322495               3520 
11.086584 190.297714 97.875198 68.392830 217.694595 82.492142 13.546866 202.536301 105.404480 101.480042 192.907974 96.412537               3539 
11.002246 190.331696 98.149216 68.247337 217.633362 82.530144 13.434166 202.541412 105.364632 101.320496 192.888870 96.558479               3558 
11.037008 190.236115 98.373550 68.155212 217.596344 82.543022 13.412642 202.423538 105.319794 101.277832 192.955307 96.636589               3576 
11.096184 189.898773 98.608955 67.996964 217.481735 82.600838 13.351872 202.135361 105.444061 101.218025 192.940643 96.636986               3595 
10.949051 189.624985 98.686409 67.680504 217.422745 82.563255 13.117829 201.887939 105.434982 101.001884 193.017975 96.599304               3615 
10.824478 189.414276 98.744362 67.429802 217.376007 82.533485 12.933356 201.692871 105.428658 100.830276 193.079453 96.569275               3635 
10.187213 187.839737 99.411430 65.479988 217.633118 82.000801 12.009409 200.199768 106.013885 99.947952 194.501312 95.409607               3657 
10.156947 186.795761 99.838966 64.330696 217.788834 81.339638 11.684900 199.279709 106.348335 99.509750 195.378006 94.110947               3678 
9.599928 190.073471 100.340935 65.045517 219.060532 82.526344 11.631124 202.332993 107.154823 99.162315 194.697464 94.584641               3698 
8.715704 193.610306 100.822449 65.086868 220.828888 83.267868 11.285254 205.561279 107.985367 98.248482 194.612686 94.035217               3718 
8.977202 195.100082 101.132553 65.456818 221.704071 83.178123 11.682533 207.026184 108.286430 98.348946 194.966431 93.479782               3740 
9.368247 195.892853 101.429146 65.799591 222.194214 83.035431 12.088109 207.877701 108.448196 98.613434 195.342072 93.288818               3760 
9.335431 196.709396 101.861130 65.647896 222.911224 83.042938 11.860960 208.951645 108.466301 98.597008 196.673737 94.394943               3773 
9.028991 196.950592 101.588928 65.538437 223.076981 83.396935 11.496307 209.118576 108.164833 98.266380 196.575653 94.775833               3791 
9.327895 196.815613 101.987610 65.821045 222.867081 83.782181 11.851324 208.876495 108.605301 98.431931 195.964462 94.538429               3807 
9.308810 195.145950 101.599998 65.884743 221.461090 84.173180 11.948926 206.892746 108.714653 98.265472 193.714935 93.368668               3824 
9.063597 194.136429 101.494659 65.696152 220.591095 84.519196 11.788254 205.665207 108.867973 97.940094 192.390762 92.764572               3840 
8.994891 194.104782 101.530312 65.600159 220.519745 84.407387 11.734076 205.633972 108.848938 97.851646 192.321518 92.630470               3857 
9.874766 186.565475 101.143799 63.036362 218.960159 83.327560 10.845924 198.864960 107.730324 98.405548 195.812973 94.104652               3873 
11.150526 182.015533 101.585518 61.294186 218.048676 82.200111 10.814098 194.768753 107.372299 98.482483 198.982956 94.707954               3890 
13.056947 177.631927 102.674248 59.964268 216.661499 81.230705 11.807014 190.518936 108.166031 98.688911 200.670898 93.380615               3906 
13.820408 175.825104 102.971901 59.259148 216.063690 80.635750 12.143048 188.752411 108.301727 98.569283 201.578781 92.793785               3920 
14.223923 174.929749 103.131691 58.891708 215.752182 80.325714 12.320883 187.864426 108.400650 98.485176 202.054779 92.477089               3933 
14.133362 175.249344 103.821159 58.778503 215.830505 80.569145 12.228667 188.209961 108.966888 98.384819 202.265152 92.826309               3946 
12.297627 176.344803 101.932350 59.962761 215.403137 82.413918 11.432683 188.821548 108.469589 98.392494 197.477448 92.648323               3958 
11.664927 178.528030 102.898888 60.463696 215.983826 83.076180 11.157449 191.075607 109.379120 98.345154 196.976593 93.402756               3971 
11.268340 179.133224 103.397766 61.211452 215.290573 84.037994 11.219920 191.483276 110.005486 98.483185 194.827545 93.784798               3984 
11.084635 179.616806 103.618065 61.352856 215.307205 84.219490 11.058901 191.927933 109.877762 98.473206 194.874817 94.588409               3996 
10.919120 179.794556 103.151260 61.556278 215.141785 84.053505 11.022901 191.955765 109.314720 98.495407 194.386414 94.428139               4009 
10.520321 182.028381 103.633537 62.172474 214.888962 82.875809 10.906546 195.408432 110.793900 98.509193 193.823334 94.657135               4021 
10.234934 183.177628 103.652580 62.656319 214.495712 82.456390 10.842440 197.212418 111.321922 98.488579 192.974411 94.938362               4033 
9.954761 183.947327 103.550293 62.741631 214.467560 82.099266 10.650816 198.360107 111.420334 98.329422 192.835770 95.079704               4046 
9.785854 184.296219 104.051697 62.565083 214.368240 81.898270 10.567021 198.994446 111.943687 98.181656 192.919540 95.101685               4058 
9.613918 185.313904 104.911186 62.513252 214.077682 81.240631 10.541240 200.479355 112.304222 98.095963 193.167572 95.367035               4070 
9.787477 186.220322 106.068504 62.434536 213.757660 80.351974 10.753715 201.896240 112.688515 98.238419 193.944885 95.466652               4082 
10.019885 184.943649 106.872231 62.314407 212.994843 80.901512 10.661567 200.780167 113.163101 98.429993 194.344879 96.736954               4094 
10.816386 185.810425 107.180099 62.813866 213.387390 80.038788 11.281133 201.940842 112.768974 99.168045 196.015350 96.757164               4106 
11.744338 186.324554 107.317146 63.698643 213.059036 79.195328 12.279175 202.632446 112.438911 100.114029 196.204437 96.305534               4118 
11.527869 186.972397 106.853264 64.248383 212.708252 78.733940 12.686634 203.248993 112.082199 100.468086 195.618927 96.025703               4130 
11.100696 187.353973 106.657211 64.386627 212.482895 78.456245 12.886210 203.544815 112.075897 100.599884 195.387512 95.755524               4142 
10.838202 187.537125 106.458771 64.492134 212.352921 78.304298 13.014461 203.788757 112.092010 100.680084 195.151733 95.551582               4154 
10.428433 188.250290 106.199844 65.265976 212.241745 79.409050 12.995097 204.430450 112.096115 100.790497 194.225342 97.194855               4166 
10.199588 188.991333 105.844421 65.512428 212.542130 79.350494 13.040077 205.312881 111.738350 100.870438 194.497345 97.436829               4179 
10.030728 189.312088 105.640106 65.609993 212.675812 79.335594 13.067576 205.661011 111.600128 100.892448 194.562592 97.500847               4192 
9.951897 189.174637 105.394394 65.676102 212.709763 79.465996 13.115881 205.483765 111.609711 100.897156 194.228317 97.377754               4205 
10.019227 189.847168 105.598099 65.410278 213.505783 78.976913 13.057372 206.383087 111.440964 100.939751 195.955872 97.213539               4219 
10.150147 190.372421 105.821365 65.209923 214.119827 78.590645 13.032621 207.116318 111.327805 100.980873 197.325516 97.065147               4232 
9.901350 190.276138 105.305580 65.359512 214.073975 78.966858 12.665898 207.093796 110.840340 100.832504 197.289597 98.015976               4245 
9.589787 191.370285 103.920311 66.214874 214.178879 79.268875 12.380221 208.339661 109.336166 100.779205 197.113281 99.689201               4260 
10.066767 191.699127 103.602776 66.498802 214.400101 79.018005 12.365834 209.102753 108.481819 100.841423 197.617737 100.038338               4274 
10.716870 191.890366 103.597046 66.789940 214.500809 78.612228 12.629194 209.650146 107.825150 101.108826 198.095963 99.966675               4288 
11.046619 191.949799 103.238495 67.066711 214.522064 78.433060 12.817858 209.836685 107.089294 101.221008 197.884079 99.870842               4303 
11.033607 192.530624 103.528259 67.220398 214.585770 78.984070 12.956686 210.455048 107.332932 101.043129 196.820755 100.039810               4318 
11.271469 192.649216 103.527077 67.305412 214.619247 78.871353 13.111586 210.696625 107.004829 101.064346 196.580704 99.796509               4333 
11.455087 192.800583 103.492279 67.393829 214.654068 78.754135 13.325746 210.684555 106.323547 101.084419 196.331863 99.542542               4349 
11.545550 192.820724 103.299644 67.454102 214.518036 78.540688 13.448044 210.578018 105.597733 101.051414 195.937332 99.250473               4365 
12.004532 192.803711 103.382988 67.509964 214.433380 78.206772 13.622225 210.562485 104.898041 101.101738 195.837112 98.911575               4381 
12.282982 192.730377 103.465057 67.510010 214.329147 78.070854 13.679049 210.441360 104.352409 101.061768 195.665085 98.779541               4397 
12.464241 192.663666 103.550293 67.495163 214.277451 78.057953 13.673314 210.278320 103.860863 101.003014 195.573944 98.802116               4414 
12.648885 192.608582 103.559441 67.506088 214.206665 77.915192 13.720102 210.154007 103.418015 101.000443 195.459946 98.642143               4432 
12.794520 192.567108 103.560181 67.515511 214.145615 77.792091 13.757215 210.065308 103.078102 100.998131 195.361633 98.504257               4449 
12.910011 192.530289 103.560707 67.513672 214.109451 77.694153 13.761425 210.066956 102.900963 100.991264 195.324158 98.413246               4466 
12.907858 192.324707 104.386810 66.685242 213.414413 76.644516 13.589993 209.908295 103.200935 100.677261 195.027908 96.878075               4483 
12.949539 192.258255 104.967789 66.047745 212.954300 75.819099 13.451022 209.971344 103.339989 100.423462 194.912949 95.712234               4501 
12.906234 192.154968 105.247749 65.974152 212.288269 75.769417 13.560266 210.030914 103.613373 100.224915 193.547363 95.226585               4518 
13.053603 191.921341 105.492104 65.869827 211.914917 75.570473 13.637863 209.978897 103.684425 100.211060 193.123825 94.818649               4536 
13.000665 191.350723 105.120872 65.814980 211.727829 75.544289 13.479417 209.648605 103.342873 100.111938 192.795959 94.733360               4556 
13.096955 191.136368 105.204109 65.740021 211.626999 75.476654 13.446217 209.618057 103.244301 100.119255 192.842453 94.663277               4575 
13.028841 190.919159 105.223145 65.515198 211.535034 75.373955 13.218825 209.730652 103.050873 99.979614 193.007126 94.657074               4595 
13.025465 190.676376 105.267258 65.263817 211.441666 75.227234 12.999660 209.890305 102.884178 99.822395 193.115829 94.534889               4614 
13.039486 190.438675 105.415054 64.916908 211.388016 75.036232 12.774708 210.012375 102.825684 99.628510 193.240402 94.237442               4634 
13.161160 190.272903 105.658882 64.664925 211.374756 74.908974 12.648540 210.078217 102.824181 99.533524 193.444397 94.029655               4655 
13.377418 190.122086 105.846809 64.398056 211.382980 74.536697 12.540230 210.064987 102.659447 99.522636 193.955200 93.653534               4675 
13.915239 190.117004 105.888275 64.493225 211.421921 74.009163 12.720198 210.201797 102.234322 99.856834 194.701706 93.316330               4696 
14.018104 189.986298 105.914391 64.425941 211.379089 73.971275 12.604727 210.349701 102.100914 99.802773 194.777374 93.356331               4718 
14.020495 189.944199 106.214325 64.398994 211.270386 74.358704 12.617246 210.512253 102.511696 99.635117 194.053680 93.461533               4739 
14.213670 189.936905 106.306236 64.400032 211.288193 74.314064 12.641546 210.710800 102.465935 99.653000 194.072021 93.386276               4759 
14.355210 189.986526 106.384270 64.401672 211.316330 74.243492 12.688173 210.840088 102.406319 99.681183 194.100891 93.267242               4780 
14.641565 188.745499 106.190437 64.579514 210.963104 74.842430 12.792231 209.889297 102.748718 99.668076 192.747299 93.278664               4802 
14.691483 187.855316 106.590561 63.957970 211.322403 75.400429 12.514029 209.209702 103.727379 99.239906 192.350510 92.668030               4824 
15.079946 187.139847 106.982338 63.507107 211.582611 75.748589 12.329516 208.726959 104.344025 98.948029 192.179932 92.192268               4844 
15.434505 186.657135 107.237625 63.234543 211.739914 75.959068 12.217083 208.362701 104.589272 98.771904 192.092453 91.896156               4863 
15.409852 186.284302 107.202293 62.828472 211.914581 76.085831 11.823301 208.043777 104.300766 98.408928 192.174484 91.810867               4882 
15.472893 186.025604 107.168228 62.579327 212.057175 76.137047 11.602127 207.845703 103.976776 98.204369 192.268997 91.699883               4900 
15.605834 185.925781 107.192940 62.430050 212.196945 76.114349 11.485609 207.872147 103.779022 98.114723 192.473267 91.622360               4918 
15.714536 186.365799 106.923340 64.379601 212.041580 78.359894 12.402146 208.569122 103.807671 98.801186 190.536148 94.347008               4936 
15.847430 186.756439 106.744041 65.112679 212.460434 79.321564 12.707516 209.079895 103.655006 99.096344 190.462585 95.573425               4955 
16.128885 186.919998 106.771805 65.276634 212.877304 79.465118 12.825381 209.293884 103.488739 99.307739 191.023621 95.811913               4972 
17.004194 186.968979 107.087425 65.757141 213.204193 79.348373 13.489559 209.321320 103.569183 100.071007 191.726791 95.602516               4989 
17.636791 187.479553 107.582916 65.810051 213.880905 78.999001 13.699330 209.715240 103.377121 100.565903 193.482819 95.698273               5006 
18.349308 187.711823 107.961632 65.901611 214.367523 78.532852 14.060860 209.844696 103.303497 101.120605 194.852737 95.317162               5023 
18.681479 187.906189 108.162270 65.866867 214.635025 78.127831 14.228992 210.005432 103.176979 101.381310 195.678802 94.929710               5040 
18.379316 187.181213 107.549850 66.333321 214.407440 79.148056 14.292639 209.542252 103.168594 101.410294 194.533508 95.807899               5057 
18.436539 187.124390 107.534882 66.039742 214.695251 78.740997 14.049504 209.288376 102.602074 101.465919 195.873688 95.877266               5073 
18.259171 185.734085 107.697739 65.860466 214.364792 79.927879 13.624331 207.854874 102.702293 101.324638 195.947876 97.421501               5090 
18.496620 184.750839 107.824165 66.081413 213.901535 80.484657 13.772317 206.842850 102.732941 101.605385 195.772614 98.156876               5107 
17.481592 185.082169 107.380829 66.121910 213.927155 80.494003 13.839705 206.791168 102.561432 101.670502 195.820740 98.139763               5124 
16.172211 185.684540 106.868828 66.149254 214.028839 80.239822 14.039088 206.738419 102.469398 101.884323 196.169067 97.759819               5141 
16.125231 185.585373 107.138016 66.206543 213.942184 80.204506 14.343693 206.434906 102.611488 102.163460 196.270477 97.459312               5158 
15.551693 185.962341 107.165649 66.159111 214.032516 79.990860 14.520150 206.517441 102.754715 102.324730 196.586563 97.037994               5175 
14.748897 186.420425 107.079918 66.132378 214.093506 79.776962 14.720403 206.546661 102.913498 102.506744 196.867981 96.602661               5191 
13.403535 186.705673 106.654640 65.874191 213.869537 79.689697 14.452957 206.537781 102.748589 102.295624 196.929535 96.702423               5208 
12.698911 186.527191 106.519196 65.857521 213.518311 79.638412 14.548881 206.213440 102.820793 102.476418 197.068085 96.707817               5225 
11.399966 185.405609 104.717209 65.491875 212.860245 79.233582 14.023367 205.040863 101.781769 102.059578 196.256516 96.264038               5242 
11.198014 183.982941 103.960587 65.359749 212.157501 79.145081 13.982867 204.014938 101.725449 102.018776 195.045273 95.460876               5292 
11.036087 183.844116 103.785118 65.266640 212.060944 79.151588 13.849886 204.061050 101.689896 101.889442 194.813889 95.406647               5308 
10.094916 181.947708 102.048813 64.864540 211.081024 79.744110 13.123384 202.388779 101.235916 101.149734 192.523773 95.298225               5324 
9.255773 180.475235 100.512848 64.515091 210.282455 80.375237 12.491558 201.022705 100.906235 100.475136 190.496613 95.150650               5341 
9.178478 180.505753 100.345726 64.443741 210.331375 80.463539 12.305915 201.298309 100.784119 100.280167 190.357773 95.286606               5356 
9.967895 181.614151 101.725250 64.458908 211.128983 79.693939 12.607107 202.793839 100.994804 100.653618 192.331055 95.169662               5372 
10.256444 181.749603 101.888062 64.211922 211.447479 79.383682 12.321984 203.373734 100.657738 100.448914 193.088272 95.281410               5388 
10.777701 181.434967 102.754959 62.717823 211.958649 77.239044 11.515134 203.180298 99.746078 99.937691 196.389053 93.827797               5404 
11.353333 182.507431 104.118523 62.031700 212.529617 76.113243 11.247776 204.323380 99.677399 99.688538 198.442871 93.037888               5419 
11.939747 182.902130 105.009712 61.891052 212.695251 75.833328 11.304595 204.709229 99.626213 99.735802 199.363358 92.949188               5434 
11.687057 183.745361 104.959419 62.919163 212.711899 77.458832 11.578445 205.762833 99.676453 99.936989 197.980728 95.223686               5449 
11.977778 184.504761 105.588173 63.844261 212.751282 78.896805 12.282438 206.859497 100.792946 100.325508 196.212997 96.174568               5464 
12.338493 184.440491 105.700554 64.198235 212.611572 79.679169 12.449003 207.201141 101.070702 100.270142 194.931229 96.683311               5478 
12.764366 183.914093 105.970886 64.120506 212.405548 79.828484 12.388786 206.932724 101.123116 100.214256 194.733948 96.795311               5493 
13.232036 183.741974 106.177528 64.159454 212.361862 79.808479 12.485602 206.905441 100.956955 100.261894 194.652527 96.717384               5507 
13.888836 183.883530 106.684853 64.080376 212.513672 79.192650 12.703964 206.944092 100.673553 100.494728 195.413986 96.060173               5522 
14.441721 184.090286 107.196175 63.825138 212.646179 78.343796 12.851833 206.945251 100.357948 100.632324 196.234497 95.041252               5537 
15.103507 184.465775 107.946259 63.514668 212.907776 77.511078 13.003345 207.013412 100.173355 100.788567 197.428238 94.062752               5551 
15.393447 184.524246 108.267372 63.252090 212.973099 77.096031 13.015446 206.901703 100.002197 100.751099 197.808762 93.429573               5566 
15.547783 184.397247 108.334320 63.237305 212.940475 77.117455 13.065696 206.690201 99.804115 100.752953 197.720215 93.360512               5581 
15.674059 184.239563 108.356453 63.249989 212.872269 77.099396 13.154941 206.452667 99.646675 100.795647 197.592438 93.216698               5596 
16.017281 183.989105 108.143875 64.701401 212.170166 78.224213 14.523326 206.710678 100.629196 101.569130 194.150024 93.021599               5612 
16.163240 183.961792 108.289124 65.473961 211.688690 78.980972 15.266923 206.701843 101.023781 101.904816 192.336075 93.165001               5627 
16.196056 184.040878 108.394226 65.448257 211.692154 78.960709 15.264488 206.752319 100.949249 101.884209 192.367371 93.169563               5642 
16.293991 184.013397 108.683968 65.349129 211.579987 78.941414 15.227152 206.652893 100.917480 101.845200 192.417969 93.216278               5658 
16.252951 184.236725 109.280556 64.897263 211.345596 78.552216 14.889837 206.622925 100.729469 101.594093 192.919037 93.273682               5674 
16.191748 184.491867 109.929588 64.459473 211.208221 78.353394 14.511629 206.592056 100.615067 101.353889 193.631851 93.610870               5691 
16.293556 184.835251 110.612625 63.958660 211.061676 77.823929 14.204301 206.616333 100.520866 101.145676 194.424088 93.419899               5707 
16.461176 185.222824 111.283569 63.584492 210.914276 77.414528 13.999090 206.767334 100.516151 101.001122 195.044662 93.259659               5725 
16.075960 184.655609 110.328835 64.299911 210.421936 78.199730 14.267804 206.730453 100.374916 101.016113 192.868851 93.907288               5743 
16.119373 184.767014 109.975647 64.664665 210.506210 78.401405 14.491316 207.034866 100.266518 101.119293 192.352051 94.034828               5762 
16.160101 184.723267 109.725914 64.850830 210.516129 78.498344 14.607797 207.129044 100.183945 101.156136 191.977005 94.027122               5780 
15.543558 184.480438 108.701187 65.257645 210.589859 79.414619 14.502966 207.212189 99.868950 100.952652 191.028992 95.103981               5799 
15.105502 184.409622 107.986969 65.677155 210.839035 80.492859 14.536715 207.438263 99.946144 100.832611 190.237656 96.068298               5817 
