23.453474 148.737930 39.850494 27.029537 125.543289 126.869972 39.444271 167.200165 141.138107 25.207542 100.007446 164.057999                  0 
23.383337 148.806732 39.872883 27.026810 125.541512 126.860832 39.444099 167.194107 141.147766 25.211210 99.978775 164.030701                 23 
23.258158 148.970749 39.867779 26.987507 125.624146 126.821465 39.360699 167.290939 141.119812 25.210106 100.027939 163.970139                 46 
23.087713 149.169342 39.880230 26.941614 125.701553 126.785110 39.255959 167.390045 141.093140 25.225586 100.053604 163.900970                 69 
22.976954 149.331100 39.891663 26.910719 125.750534 126.749931 39.191490 167.452560 141.066254 25.224516 100.059113 163.837082                 92 
22.852345 149.511520 39.908653 26.873621 125.819183 126.716133 39.079224 167.554794 141.027847 25.230028 100.082787 163.774002                118 
22.737913 149.704895 39.920864 26.824947 125.897560 126.681114 38.945683 167.663834 140.999222 25.226393 100.114250 163.708328                135 
22.574585 149.967346 39.910118 26.775520 126.058060 126.618454 38.681995 167.901031 140.923538 25.286367 100.233963 163.621796                156 
22.336639 150.222458 39.950565 26.738338 126.260506 126.616264 38.400948 168.200027 140.875748 25.410841 100.414223 163.610260                177 
22.146446 150.448029 39.994045 26.708855 126.421043 126.614517 38.177834 168.441605 140.825989 25.509594 100.558388 163.601456                198 
22.041866 150.666306 40.039829 26.693113 126.534439 126.605118 38.022591 168.613953 140.786896 25.571722 100.654556 163.582443                219 
21.959419 150.844437 40.077312 26.680395 126.626053 126.597519 37.895035 168.753662 140.755875 25.621956 100.732620 163.567215                240 
21.963362 150.879913 40.168278 26.745407 126.784294 126.705795 37.779316 169.003235 140.760468 25.765768 100.952240 163.720581                261 
21.998724 150.932999 40.246937 26.788431 126.838379 126.772743 37.721020 169.107376 140.781769 25.837982 101.019691 163.797607                282 
22.215029 150.985825 40.435139 26.895496 126.872581 126.951889 37.752159 169.183151 140.925293 25.914509 101.059212 163.979660                302 
22.363850 150.987045 40.536369 26.937840 126.899208 127.055023 37.752876 169.250854 140.966904 25.911024 101.109215 164.097839                323 
22.455027 150.981308 40.604366 26.969244 126.916489 127.118332 37.764046 169.300369 140.969543 25.904491 101.154488 164.179550                344 
22.508696 150.949188 40.643810 26.996214 126.924469 127.154961 37.778782 169.343430 140.931610 25.904514 101.197586 164.239792                365 
22.607470 150.934250 40.652802 27.004702 126.823273 127.126335 37.855415 169.234894 140.893082 25.821325 101.083412 164.199341                387 
22.725964 150.896759 40.629532 26.993576 126.722137 127.072449 37.939304 169.115143 140.836884 25.685736 100.980865 164.140289                408 
22.796549 150.569427 40.549648 26.955791 126.506714 127.004837 38.035191 168.897980 140.679245 25.514519 100.847862 164.124847                431 
22.563822 150.106979 40.464714 26.890228 126.382805 126.973221 38.076687 168.815308 140.438492 25.434326 100.893105 164.209015                453 
21.845036 149.404053 40.313587 26.868359 126.156242 126.877419 38.424995 168.602402 139.996277 25.546528 100.898376 164.275833                475 
21.103514 148.702805 40.251751 26.853193 126.118431 126.889503 38.482956 168.651382 139.685013 25.702562 101.119186 164.466919                497 
18.771618 146.613266 40.230732 26.736849 126.108818 127.105858 38.706318 168.870850 138.802658 26.252939 101.931503 165.231598                520 
10.964788 140.937180 39.392662 25.821566 124.610664 126.154488 40.960419 167.173996 134.398483 27.376909 102.489380 165.481049                541 
-3.847163 133.089203 38.469345 22.137140 123.519493 123.539009 40.791630 165.434814 125.526741 27.758644 104.915565 164.289978                563 
-19.670750 133.805847 42.868427 18.754646 123.518723 122.947929 39.548096 164.436691 121.387901 29.639353 104.962563 162.641006                607 
-23.292202 135.246216 43.333569 17.969576 122.516876 121.613823 39.254841 163.188354 120.224220 30.065308 102.882446 160.427872                618 
-23.800123 134.251053 43.327698 17.776546 122.601639 121.545975 38.410572 163.601379 119.820488 30.194588 103.449677 160.499069                630 
-21.939917 128.186813 43.210091 18.672890 122.774811 122.543060 36.563171 164.952484 119.196571 31.508671 106.356773 162.593521                642 
-20.428894 124.184357 43.130054 19.148432 122.719719 123.108406 35.664051 165.336472 118.459312 31.941849 108.197769 163.897980                653 
-20.013239 122.769089 43.502029 19.474840 122.832443 123.474716 35.671761 165.463531 117.860558 32.391014 109.299576 164.564651                671 
-19.535429 122.797386 43.528526 19.595066 122.873962 123.609642 35.671612 165.506546 117.617752 32.555462 109.706245 164.804153                682 
-16.295956 126.747299 43.000584 20.731121 123.112602 123.883385 36.529030 166.083237 119.642456 33.081898 108.656906 164.832611                712 
-15.431711 127.888527 42.893703 21.045586 123.135475 123.936356 36.916248 166.157104 120.225571 33.185894 108.297836 164.811844                721 
-12.018956 131.308899 42.076229 21.822962 123.140495 123.918999 37.700359 166.348145 122.065697 32.990791 107.087334 164.612045                741 
-9.939810 132.614197 41.618065 22.293234 123.080711 123.937759 38.114468 166.361115 122.925903 32.861126 106.567970 164.607132                751 
-5.790328 134.374619 40.599991 22.706787 123.691765 124.114525 38.005428 167.205719 124.346626 31.794704 106.849739 165.005890                771 
-4.204036 135.341980 40.195179 22.767696 123.853043 124.091789 37.909821 167.425613 124.898079 31.274027 106.762589 165.005203                781 
-2.378509 136.632675 39.778027 22.954567 123.956757 123.996452 38.163658 167.487122 125.492630 30.802561 106.504250 164.888596                791 
0.500400 138.621231 39.206799 23.173557 124.142120 123.876137 38.559738 167.558365 126.401909 29.974564 106.153931 164.723663                810 
2.554618 139.467987 39.036003 23.494131 124.402275 124.047760 38.935497 167.753525 127.145737 29.524273 106.255669 164.946243                820 
4.857138 140.422180 38.939129 23.667757 124.500298 124.291718 38.925095 167.818237 128.415176 28.706009 105.962723 165.149063                832 
7.261179 141.581543 38.860237 23.910563 124.652954 124.462852 39.198421 167.829529 129.647369 27.867321 105.673172 165.236130                850 
8.190837 142.184586 38.801144 24.042027 124.680328 124.428894 39.491978 167.723969 130.122192 27.542320 105.471260 165.136490                860 
9.438559 142.930649 38.919357 24.342529 124.811127 124.537003 40.150753 167.633316 130.798752 27.143612 105.376427 165.191589                871 
11.891632 143.856369 38.091492 24.739515 124.505051 123.716736 42.066242 166.604538 130.679352 26.013794 104.709671 164.273697                893 
14.243146 144.833618 37.249176 25.225368 124.715935 122.924843 41.921906 166.872162 130.896194 25.638508 104.542717 163.313187                904 
10.872073 144.553070 31.885967 23.289515 126.941399 117.883148 43.097160 168.062271 123.756355 23.579489 108.364120 159.031036                915 
8.260319 144.868927 29.391727 21.940319 128.147583 115.345856 42.514381 168.972458 120.475082 22.599430 110.136986 156.740692                927 
5.189071 145.545578 29.073315 21.244928 129.185745 114.654312 42.034946 169.961960 119.138374 22.946095 111.391502 156.112961                939 
-0.868445 143.523926 29.545135 20.318069 129.214676 114.348206 44.001194 168.588120 115.838623 23.832737 112.900429 156.298676                962 
-5.439090 142.392365 30.353559 18.887373 128.677170 114.399422 44.366085 166.933060 114.055252 23.554749 113.011322 156.484390                972 
-13.746223 137.925232 35.364872 15.669125 124.821098 117.836777 44.317215 160.551804 114.068100 22.216824 110.266167 160.069824                994 
4.018258 141.389343 77.543022 17.615166 121.574471 97.099312 12.121716 165.846344 78.134109 53.253639 119.157684 124.711029               1005 
-7.195293 135.779388 93.288147 21.072676 118.811317 88.183922 -16.934969 167.348328 71.199150 32.103428 122.035233 131.844864               1026 
-8.737126 135.105515 95.595634 21.200193 119.603050 88.871277 -18.667927 168.122864 72.218231 31.353214 121.743713 132.810806               1036 
-10.567574 135.167221 97.169029 20.205839 122.310944 88.696442 -21.779325 169.497543 74.398430 30.514391 122.066170 132.651215               1044 
-12.081284 134.551849 98.579010 18.955359 124.300140 88.321289 -25.663109 169.469604 77.264992 29.919519 121.693260 132.040161               1053 
-15.554846 133.402328 103.506027 15.605228 129.139801 89.649261 -34.823135 169.126251 88.393539 30.662136 121.879379 131.588791               1062 
-17.200428 132.188995 103.534622 13.504148 130.181290 88.009972 -37.598156 168.391708 91.395584 30.983934 120.598999 128.519043               1079 
-17.483288 131.728867 103.846077 13.149810 130.042831 88.087555 -37.868988 167.890884 91.814438 31.054773 120.362709 128.387131               1088 
-18.784206 130.897385 103.921806 12.172429 130.050308 88.640984 -39.298260 166.538071 91.489914 29.769964 120.518425 129.110962               1105 
-19.231295 130.644424 103.891197 11.832829 130.026337 88.770851 -39.664188 166.074600 91.305550 29.332073 120.536392 129.293259               1114 
-19.406506 130.539932 103.572433 11.850298 130.157059 88.698059 -39.459007 165.726074 90.934868 29.224249 120.510361 129.237366               1132 
-19.535769 131.099365 102.011429 12.144531 132.355484 88.056900 -39.970963 166.004150 90.388161 28.720354 121.209709 128.545944               1140 
-17.506683 133.750122 98.371414 15.551500 137.379272 88.571770 -37.301647 167.788742 87.286415 27.725666 122.713799 129.499298               1157 
-16.722006 134.695969 97.218063 16.645788 138.922165 88.728638 -35.867603 167.724197 86.043823 27.522495 123.125397 129.600479               1174 
-16.114006 135.622955 96.764145 17.510798 139.475388 88.993118 -34.267811 167.939545 85.273903 27.395765 123.209633 129.932846               1183 
-15.112599 137.014801 95.566490 18.992973 140.365845 89.185265 -31.868893 168.756546 84.233971 27.242064 122.921425 130.001846               1192 
-13.678565 138.823730 94.091957 20.973515 141.519424 89.732185 -28.809633 170.137650 82.494316 26.821089 123.274254 130.613327               1209 
-13.135785 139.690430 92.731255 21.884640 141.907730 89.888191 -27.180019 170.887375 81.089569 26.080343 123.255531 130.788559               1218 
-11.902503 142.136169 90.452065 23.802225 142.889267 91.598038 -23.233448 173.288315 78.959549 23.806694 123.607185 132.421448               1235 
-10.085581 143.123657 89.565170 25.750931 141.702820 93.308037 -18.786961 174.726364 78.621765 22.407906 121.805321 133.696930               1244 
-8.268690 145.459457 88.144684 27.563299 141.616577 95.302971 -14.074603 177.075195 78.079826 20.622929 121.831413 135.287048               1261 
-7.300708 146.655823 86.998466 28.489416 141.989456 95.427872 -12.032189 178.286179 77.353973 20.363403 122.373375 135.271637               1279 
-6.863063 146.956131 86.606346 28.936520 142.076675 95.470604 -11.196552 178.871277 77.163055 20.503527 122.616440 135.326996               1287 
-6.819848 146.702301 85.963890 29.070583 142.045776 95.731247 -10.718724 179.765884 77.250343 20.364311 122.455856 135.465164               1305 
-7.251195 145.528488 85.494461 28.532894 142.132797 96.422859 -11.510715 179.870163 77.962105 19.457121 121.195839 135.379532               1322 
-7.486532 145.012024 85.401207 28.211006 142.210175 96.836151 -11.821343 180.114380 78.593742 19.005161 120.483780 135.327255               1331 
-7.892415 144.528015 85.517532 27.703827 142.615051 97.458786 -11.832457 181.133270 79.594307 18.427849 120.057632 135.451782               1349 
-8.434158 143.970352 85.844215 27.186333 142.996674 97.827789 -12.716788 181.202744 80.350174 18.429384 119.968399 135.661148               1357 
-10.348892 143.192108 87.238449 26.258188 140.495972 95.376411 -10.833965 183.054291 80.755531 20.253138 120.424500 135.369202               1368 
-12.088074 141.884521 88.441734 24.987505 138.855423 93.824738 -11.286643 182.390244 79.850349 21.685440 120.988045 135.155136               1391 
-12.362290 141.821838 88.885170 24.747425 138.515167 93.403320 -11.105809 182.465973 79.590157 22.038609 121.179916 135.002609               1403 
-12.405842 141.698441 89.508888 24.596697 138.301544 93.138748 -8.009208 184.022247 79.558151 22.268732 121.293083 134.895676               1415 
-12.317932 141.798248 89.997101 24.561335 138.265060 93.146584 -5.437599 185.131454 79.614197 22.283533 121.332748 134.937210               1426 
-12.954486 140.159882 92.023064 23.689760 134.361374 92.052124 -1.892368 182.743195 76.925415 24.285738 121.296547 135.264435               1437 
-13.734388 139.044968 94.602974 22.688595 132.483948 92.863655 -2.370622 180.557327 76.704414 25.347883 121.351212 136.536743               1449 
-16.552643 137.793213 96.335510 20.064663 134.263153 92.139397 -9.487005 180.890381 80.086105 26.162756 121.033752 134.872818               1460 
-20.547266 134.950150 98.511932 15.850080 136.171143 91.855194 -19.739677 179.114807 84.491264 26.353434 121.269394 133.158539               1472 
-24.218718 130.677307 99.837318 11.992564 133.954269 92.877640 -26.069809 174.282242 84.576736 23.626665 120.750626 134.454803               1483 
-25.533398 128.918274 100.139862 10.550968 132.916870 92.945992 -28.237247 171.907684 84.294266 22.676476 120.349983 134.580048               1494 
-25.944946 128.451447 100.134010 10.063685 132.752899 92.804619 -28.850855 171.014404 84.054611 22.424154 120.354759 134.420166               1504 
-25.293442 128.237396 99.013504 10.457488 133.683823 91.520615 -29.630716 169.160553 82.685791 23.303522 121.497734 133.051651               1523 
-25.090689 128.673477 98.616661 10.498358 134.408905 90.957191 -30.086149 168.626236 81.954178 23.497347 122.433182 132.501831               1532 
-24.772932 129.974167 98.440292 10.532047 135.773010 90.523666 -30.282036 168.649643 81.583015 23.509052 123.480293 131.982498               1551 
-24.369274 129.940384 97.689758 10.956445 136.026749 90.315453 -29.979176 168.134827 80.967262 23.349600 123.425888 131.860321               1560 
-23.838839 130.709930 97.224167 11.544165 136.602859 90.187637 -29.203323 167.969986 80.220871 23.372232 123.995880 131.895065               1569 
-22.956621 133.729248 94.328941 12.840071 138.976105 89.221313 -26.756660 170.072433 77.133781 22.143414 125.957321 131.438690               1588 
-22.508926 134.766281 93.332085 13.421539 139.727234 88.923569 -25.753103 170.682114 76.035500 21.792280 126.646774 131.316742               1598 
-21.650166 135.729614 92.062073 14.465146 140.323074 88.926468 -24.053972 171.274963 74.973145 21.235855 126.792053 131.463715               1607 
-20.093641 136.252853 90.046837 16.352901 140.570023 89.640091 -21.245951 171.790680 74.411613 20.304573 125.439423 131.993347               1617 
-18.691046 157.104309 61.120419 21.932198 133.182495 107.601059 -18.527279 167.564651 101.821144 29.137573 108.549194 144.744446               1626 
-18.347652 172.065323 65.950523 24.751463 128.123596 121.395805 -16.220129 165.295090 121.094948 32.071098 97.760612 153.997345               1645 
-18.227068 175.128754 67.143318 25.309317 129.182281 122.985207 -16.127609 166.540527 122.900635 32.740246 98.386559 155.152786               1655 
-17.861969 176.522552 67.598915 25.568542 129.683502 123.567268 -16.281719 167.295731 123.064293 32.850895 98.778694 155.664139               1664 
-16.517864 178.155060 67.947380 25.774477 130.025284 124.155823 -16.050394 168.477966 122.820625 32.296532 99.007439 156.307098               1682 
-16.041824 178.846710 68.322350 26.028114 130.348129 124.386414 -15.656534 169.205368 122.829437 32.304840 99.314629 156.571396               1690 
-15.682966 179.420273 68.643623 26.029881 130.526077 124.637215 -16.010784 169.255692 122.300621 32.060532 99.448692 156.826904               1699 
-15.507371 179.606979 68.714531 26.054176 130.611038 124.657516 -16.853998 168.291992 120.976616 32.017097 99.590195 156.914291               1707 
-15.086336 179.528732 68.468826 26.183140 130.197266 124.184799 -17.398167 166.807938 118.910324 31.930773 99.248688 156.549881               1724 
-14.939919 179.716721 69.044754 26.377621 130.058807 124.372757 -17.247934 166.768784 119.145454 32.182240 99.131554 156.748047               1733 
-14.594780 178.806946 71.020195 27.228321 128.484573 125.214729 -15.821124 166.019470 120.574799 33.300858 97.900978 157.866165               1751 
-13.157279 179.109818 73.664856 28.083000 126.980888 126.520683 -13.803984 165.963531 122.780533 33.852585 96.281258 159.118118               1759 
-13.365029 179.921646 74.953735 28.553202 127.377029 126.682068 -13.712486 166.202560 123.260811 34.710567 96.812920 159.335861               1776 
-13.539225 180.130814 75.512428 28.609688 127.444687 126.730278 -13.838413 166.226334 123.382858 34.823112 96.883759 159.376434               1785 
-14.593938 180.067032 76.979355 28.574028 127.538902 126.752197 -14.357616 166.023880 123.473877 34.860973 96.873108 159.285751               1803 
-16.181456 180.153717 79.035614 28.488443 127.775833 126.724121 -14.832701 166.014465 123.915619 35.032986 96.892609 159.000183               1829 
-16.895966 179.820435 79.722984 28.417837 127.797752 126.644844 -14.893943 166.134720 123.911278 34.955902 96.931572 158.938507               1837 
-18.491524 179.011932 80.755554 28.252012 127.764526 126.241112 -15.238314 166.095917 123.754898 35.018940 96.995911 158.580704               1854 
-18.598551 178.444839 80.718208 28.376640 127.376846 125.871574 -14.982957 165.961975 123.357803 35.073833 96.751617 158.361450               1864 
-21.648293 176.291626 82.805573 28.015299 127.420166 125.690941 -15.909377 165.483673 123.445503 35.136986 96.722244 158.021530               1872 
-24.991461 173.521301 85.148315 27.797104 127.786484 125.405128 -17.032026 165.188248 123.357445 35.292709 96.918106 157.487946               1889 
-26.203655 172.392502 85.936806 27.664816 128.055969 125.354599 -17.549274 165.336761 123.365501 35.225094 97.102318 157.339935               1898 
-27.383699 171.088120 86.767860 27.529932 128.239395 125.169907 -17.902439 165.810287 123.495903 35.078674 97.109581 156.986572               1907 
-29.601023 167.895676 88.922531 27.493258 128.476761 124.989853 -18.237432 166.541641 123.953957 35.113968 97.062637 156.508514               1933 
-30.076733 166.965057 89.281670 27.459656 128.651184 124.864120 -18.326517 167.044037 123.990829 34.833042 96.940765 156.143997               1957 
-30.275061 166.620087 89.424522 27.401989 128.803513 124.804871 -18.402617 167.440414 124.131058 34.578465 96.812828 155.844238               1971 
-30.088713 166.302261 88.306786 27.190538 129.070679 124.306549 -18.895082 167.590210 123.153503 33.610378 96.413841 154.813354               1991 
-29.729315 166.299805 87.435745 27.260582 129.388962 124.075554 -19.128881 167.601089 122.489273 33.342377 96.408470 154.302155               2002 
-29.002272 166.781097 86.180229 27.286028 129.861176 123.862946 -19.268810 167.880051 121.531631 32.790924 96.592789 153.883926               2014 
-27.748707 167.760605 84.667145 27.504223 130.366272 123.513176 -19.002077 169.050919 121.082382 32.160130 96.663643 153.191513               2036 
-26.854071 168.549652 82.943634 27.608278 130.433273 122.513786 -19.022295 169.027100 119.798210 31.738167 96.205849 151.664703               2047 
-25.671585 170.260101 81.626434 27.850309 130.877121 122.062576 -18.688644 169.627686 119.163345 31.555035 96.385391 150.957977               2058 
-24.408133 172.157791 80.401405 28.062912 131.263474 121.812080 -18.481033 170.068115 118.660851 31.467716 96.657402 150.607498               2070 
-23.088404 174.109955 79.620872 28.285269 131.487411 121.770264 -18.176046 170.425812 118.453926 31.394627 96.778900 150.475662               2082 
-21.711889 175.879745 79.369850 28.673567 131.540054 121.721977 -17.188171 171.257965 118.622307 31.352852 96.822479 150.459763               2093 
-20.364136 177.395569 79.006325 29.062752 131.531845 121.607178 -16.489950 171.558685 118.380547 31.394588 96.795067 150.352036               2104 
-20.165251 177.962204 79.256012 29.150631 131.431061 121.758987 -16.557631 171.429932 118.909866 31.644474 96.602852 150.379349               2115 
-18.787287 179.109894 78.722687 29.305481 132.099380 123.077164 -16.764368 171.770660 119.496307 31.916559 97.755196 152.266342               2127 
-17.832624 179.416916 78.730034 29.338520 131.796005 124.403511 -16.948818 171.238815 120.291779 32.207539 98.148743 154.369797               2138 
-17.185156 179.927597 79.162773 29.412214 131.572220 125.326752 -16.746948 171.099152 120.908203 32.381252 98.561615 155.983459               2149 
-16.565678 177.189865 77.771049 29.944542 130.005936 125.775726 -16.098526 169.712051 120.359619 33.318661 98.682114 158.114273               2161 
-16.181824 177.499084 77.953270 30.179401 129.957428 126.121635 -16.092402 169.465378 120.678726 33.750591 98.899712 158.694839               2172 
-14.794858 175.206680 78.217293 31.636801 126.606903 125.444702 -13.536817 167.617538 120.974579 35.489216 96.421066 158.796204               2197 
-14.267982 169.757889 77.573120 32.158199 122.767738 126.475815 -12.461699 164.291031 120.668274 36.125515 94.361893 161.342957               2208 
-12.025760 168.610214 79.520477 32.367985 121.977524 130.697266 -11.275798 164.351822 122.827141 35.015926 94.632652 166.524551               2219 
-11.043164 166.978729 79.920479 32.860016 121.917709 133.006897 -10.810600 164.180359 123.402847 35.113983 95.879776 169.821228               2232 
-15.778590 169.113495 80.219345 31.124229 124.729683 130.933365 -13.940390 165.916199 122.729095 34.564342 98.068428 167.205826               2243 
-22.126955 168.805420 83.173859 30.488129 126.307350 127.854408 -15.680686 166.840927 122.428925 35.819138 98.944809 163.368073               2265 
-24.341896 168.772690 84.548920 30.008669 127.509613 127.419586 -17.119501 166.995758 122.648438 35.752068 99.403214 162.282059               2275 
-26.658411 168.631378 85.835808 29.676277 129.706482 127.265587 -18.920074 167.528870 122.868736 35.971706 100.862526 161.423187               2285 
-28.471842 166.728638 87.215202 29.222172 129.972672 127.313995 -19.874350 167.326370 123.236320 35.648785 100.537109 160.938309               2296 
-29.696182 164.947784 88.375099 29.033360 130.071808 127.258278 -19.994253 167.493378 123.371826 35.470779 100.257149 160.544830               2307 
-30.812050 162.926575 89.572540 28.815144 129.968140 126.967033 -20.000366 167.684616 123.413498 35.133057 99.652473 159.821136               2318 
-31.673330 160.756195 90.902657 28.691322 129.874725 126.541298 -19.453985 168.791885 123.918091 34.533657 98.743752 158.713928               2337 
-31.827415 159.989670 91.199814 28.706051 129.787003 126.366623 -19.230331 169.082031 124.097633 34.300781 98.215363 158.151505               2347 
-31.981396 159.438293 91.484398 28.686733 129.859329 126.334221 -19.039915 169.472000 124.237869 34.028206 97.957085 157.831268               2367 
-31.928366 159.330063 91.395561 28.643154 129.925797 126.316803 -19.074060 169.549484 124.127785 33.749393 97.786812 157.611542               2377 
-31.226992 159.943939 90.630165 28.663609 130.370132 126.509720 -19.185556 169.824661 123.886208 33.145859 97.635376 157.278107               2387 
-30.563313 160.340012 89.870697 28.816980 130.838425 126.607933 -19.306868 169.822708 123.421127 32.891247 97.592949 156.881470               2399 
-29.653313 161.272827 88.907440 28.926239 131.727402 126.874626 -19.375126 170.118652 122.579086 32.422020 98.005615 156.690201               2418 
-29.326895 161.613708 88.577614 28.965769 132.049042 126.971115 -19.391823 170.169968 122.207726 32.262394 98.153069 156.611359               2428 
-29.085970 162.011353 88.225288 29.004261 132.331924 127.055489 -19.425173 170.106689 121.772331 32.137245 98.286621 156.541931               2439 
-29.001301 162.201447 87.995064 29.010609 132.438309 127.155388 -19.444056 169.949142 121.457443 32.075630 98.374123 156.627151               2449 
-28.828606 162.701096 87.734406 29.033785 132.572922 127.225304 -19.383331 170.123627 121.451622 32.002556 98.470856 156.663116               2459 
-28.667667 163.150192 87.459770 29.051027 132.674545 127.270485 -19.347757 170.237579 121.424034 31.951296 98.546219 156.684677               2470 
-28.502079 163.641602 86.980530 29.038282 132.677231 127.259613 -19.364954 170.276779 121.391472 31.924730 98.587791 156.720215               2491 
-28.322392 164.081772 86.575813 29.008518 132.677750 127.255974 -19.395796 170.267761 121.323372 31.882555 98.619965 156.754379               2502 
-28.041687 164.865128 85.997551 28.942907 132.696915 127.231674 -19.432659 170.321564 121.254799 31.791594 98.677963 156.777313               2514 
-27.733921 165.748291 85.373779 28.879023 132.791168 127.160797 -19.451317 170.397720 121.055855 31.708221 98.842331 156.788849               2525 
-27.568758 166.304413 84.357384 28.860817 133.083099 126.715904 -19.231485 170.443359 119.690041 31.658895 99.773369 157.063568               2537 
-27.230543 167.244522 83.623306 28.820587 133.239502 126.559456 -19.183388 169.891342 118.521347 31.583866 100.260071 157.268906               2550 
-26.595638 168.867844 82.915466 28.801497 133.526276 126.537041 -19.171040 169.575211 117.762283 31.520058 100.711861 157.426712               2562 
-25.203300 171.297989 81.676468 28.764486 133.583481 126.589622 -19.169897 168.870987 116.931541 31.407078 100.932373 157.658417               2575 
-23.727398 173.927887 80.229836 28.653210 133.920013 126.637154 -19.202497 168.969650 116.496323 31.331350 101.823143 158.275208               2588 
-22.675051 175.706482 79.307007 28.581434 134.082199 126.748802 -19.311600 169.021103 116.538872 31.409277 102.332726 158.722580               2602 
-21.841307 176.987381 79.256439 28.651361 133.877289 126.979866 -19.020546 169.310135 117.297485 31.605555 102.339523 159.151138               2616 
-19.023296 175.041443 81.709534 30.257269 127.387840 127.006447 -13.967996 167.682907 120.191650 32.975922 97.107422 160.383896               2629 
-17.622786 173.564529 82.872612 30.966505 123.666878 127.061371 -11.290766 166.281784 121.667999 34.001144 94.250023 161.175705               2642 
-18.306524 175.390137 83.110748 30.547121 125.273140 127.310829 -12.239403 167.544266 122.434723 34.196293 95.905869 161.407684               2656 
-18.636435 176.137146 82.780457 30.267982 125.993088 127.424400 -13.111710 167.732468 122.646416 34.362762 96.742645 161.571045               2669 
-18.176695 177.126007 82.876686 30.253195 126.219536 127.581139 -13.472272 168.088242 123.301529 34.383770 96.957710 161.713715               2680 
-17.121582 179.133591 83.983047 30.607367 127.008263 128.351669 -12.850815 170.049530 125.190201 34.618877 97.768890 162.517670               2692 
-16.231167 180.719589 84.829201 31.021772 127.363518 128.555862 -12.226602 171.288742 126.553886 35.059811 98.015938 162.625824               2703 
-16.022657 182.017853 86.138077 31.338877 127.635361 128.712112 -12.466899 171.266205 127.102005 35.394245 98.203079 162.706863               2726 
-16.026529 182.585724 86.902878 31.549164 127.839561 128.828659 -12.110774 171.838776 127.567940 35.652447 98.489838 162.888977               2737 
-16.279718 183.245224 88.098343 31.686584 128.003159 128.987915 -12.101673 172.132996 128.041916 35.822704 98.694122 163.079285               2760 
-16.344625 183.515411 88.455605 31.713774 128.044785 129.022705 -12.322659 172.077972 128.278503 35.876163 98.641457 163.029587               2771 
-16.314379 183.678665 89.208870 31.695896 127.501968 128.926682 -12.547688 171.487411 128.726746 35.813236 97.737831 162.623749               2782 
-15.956956 183.519928 89.977608 31.775343 126.424362 128.795746 -13.076802 169.655136 128.751053 35.721485 96.141357 162.048050               2794 
-14.439870 183.115158 90.468460 32.438522 124.661522 128.358170 -12.394501 167.756363 128.469940 36.008400 94.063179 161.363403               2805 
-12.371211 182.145859 91.600517 33.000847 121.511658 127.924080 -11.291699 165.078888 128.733109 35.825607 90.197205 160.324295               2816 
-10.353250 181.250046 92.604195 33.553806 117.935646 126.099586 -9.761815 162.443985 128.827286 35.782558 85.482239 157.407043               2827 
-6.661557 180.009720 93.952080 34.120850 113.811714 125.879608 -7.028089 160.373840 129.741409 34.882656 80.777397 156.644882               2838 
-5.155662 179.912140 95.044495 34.229034 112.535896 126.361366 -6.181675 159.864349 130.657288 34.329979 79.323524 156.943665               2850 
-4.617726 179.023972 94.940224 34.270916 110.877754 125.303368 -5.767245 158.860291 130.767593 34.319324 77.540474 155.749573               2861 
-4.297395 178.135330 94.775452 34.366928 109.810410 125.089561 -5.828004 158.498230 131.601913 34.236561 76.479973 155.543030               2872 
-4.529909 178.928421 95.612717 34.459908 110.514816 125.355858 -6.358299 158.818100 132.256256 34.396107 76.925491 155.523743               2885 
-4.838196 179.431305 95.666702 34.435646 111.000969 125.009857 -6.714472 159.180893 132.319427 34.489819 77.315323 155.070175               2894 
-5.891877 180.507095 96.833923 34.675575 112.430862 125.203201 -7.921257 159.316437 132.822723 35.129158 78.239738 154.683868               2907 
-6.640286 181.234390 97.696167 34.804340 113.495270 125.525009 -8.789543 159.408600 133.134827 35.509808 79.029816 154.679474               2919 
-7.101587 181.361877 97.760735 34.965992 114.063164 125.630516 -9.205049 159.463852 132.997787 35.867001 79.653481 154.845413               2929 
-7.849842 182.003357 97.404884 34.669407 115.044815 125.406967 -10.010509 159.963791 132.560547 35.763290 80.694290 154.684830               2942 
-8.245933 182.326080 96.849571 34.806313 116.081619 125.703758 -10.657554 160.285446 131.969971 36.018814 81.970955 155.256104               2955 
-8.939735 181.958206 96.112434 34.860558 116.633362 125.719635 -11.135609 160.410202 131.270584 36.241013 82.844086 155.631638               2968 
-9.525691 182.542435 95.700096 34.335545 117.614799 125.985855 -12.063962 161.079987 130.734375 35.432812 83.866005 155.955231               2981 
-9.998636 182.509079 95.296127 34.281227 118.076645 125.922249 -12.652424 161.099869 130.269623 35.355457 84.308517 155.870667               2994 
-11.353639 181.169968 94.695290 34.078671 118.348694 125.965477 -13.269030 161.363556 129.769516 35.110424 84.989960 156.370728               3008 
-12.454574 180.550720 93.468246 33.465286 119.215179 126.243431 -14.244069 162.189102 128.675461 34.139271 86.464684 157.312698               3021 
-13.899373 179.385208 93.196465 33.033463 119.825195 126.439110 -14.927264 162.727417 127.843140 33.437756 87.505974 157.961380               3035 
-16.465601 179.893936 91.865189 32.522861 123.121933 126.006218 -17.299015 163.976715 125.763885 33.042023 90.633461 157.352325               3048 
-18.021013 180.052597 90.691750 32.241577 125.190643 125.498390 -18.655491 165.068863 124.585793 32.861713 92.573158 156.708389               3062 
-18.550632 180.238770 89.651237 32.583118 126.845741 124.959976 -19.138281 165.925156 123.469574 33.188229 94.000679 155.930679               3075 
-17.874056 184.790619 91.741760 33.522919 132.445770 127.750854 -19.170343 170.145142 124.866714 33.639534 98.803368 157.859375               3088 
-16.636038 189.016846 94.905945 35.482555 138.229218 130.964828 -17.392204 175.600723 127.361877 35.414906 104.600418 161.088699               3101 
-16.536390 181.492264 88.103401 36.146439 136.314285 129.072983 -16.267454 174.355530 121.692123 35.647850 106.245338 162.747284               3115 
-14.722451 178.728561 85.304169 37.736076 137.546860 129.649994 -13.792360 178.135468 120.731674 36.306664 110.033585 165.417633               3127 
-9.512728 185.421555 86.437737 40.163277 144.763397 133.768356 -10.100909 187.666733 122.819191 36.062305 117.362030 169.415161               3139 
-5.281853 191.720963 88.545631 42.579994 146.376816 133.430603 -6.100829 191.989655 125.412033 37.221344 116.739967 167.065277               3152 
-2.595537 194.340530 89.304314 44.592010 147.295837 133.142273 -3.828413 193.594589 126.522049 38.694351 116.314232 165.448715               3163 
0.913827 197.872269 90.654861 47.786400 149.015274 132.810730 -0.066967 196.258286 128.172958 41.662144 116.984215 164.033386               3174 
3.683185 200.472076 91.002869 50.072254 150.327484 132.221680 2.448340 197.885529 128.714508 43.556984 117.217377 162.215363               3183 
6.060506 201.883759 90.150742 50.716164 150.750946 132.164474 3.940536 198.890747 128.047318 42.976181 117.059250 161.204285               3193 
13.070693 205.742691 86.667015 54.451271 155.053970 132.414474 8.138262 202.815186 124.676125 44.588223 120.741783 160.050369               3212 
22.649187 212.558716 80.957397 59.914795 163.397934 131.874435 14.116135 209.991562 118.430214 47.961639 129.245056 158.875381               3240 
23.835699 212.257080 79.935287 62.797626 165.876968 132.490250 14.876860 209.577850 117.424828 52.415333 131.759262 160.176697               3249 
42.374397 226.395538 78.639038 59.034508 166.879501 132.891479 -5.091848 199.710831 135.151489 61.086807 131.743958 161.169205               3267 
34.735420 229.601349 78.421364 57.698845 168.940506 132.624329 -10.296711 196.627487 141.978531 64.339020 133.885422 160.290131               3276 
26.085415 229.357819 78.151489 57.191162 170.429123 131.717850 -13.996748 190.206802 143.692535 68.275627 135.960403 158.688034               3294 
22.920893 228.647095 77.367775 57.161175 171.115448 130.763000 -14.907925 187.853851 143.508530 69.867699 137.088928 157.578827               3302 
19.379091 225.603073 75.891281 59.957405 171.894485 128.902664 -13.225906 182.151932 143.104980 76.160393 139.241623 155.541031               3320 
17.183504 224.821152 75.259438 60.559803 172.553619 127.528534 -12.546585 181.227325 143.537643 78.105659 140.312164 153.815033               3328 
13.813271 224.241653 74.346130 60.836502 173.294601 124.774345 -12.133451 179.672882 143.272751 79.964569 141.015823 149.885040               3346 
10.055750 225.608322 71.604660 59.665184 174.905777 119.721489 -13.451966 178.153793 140.435272 80.018753 142.046234 143.052399               3364 
8.973575 225.463440 70.586555 59.845757 175.396011 118.028526 -12.843464 178.611969 141.337128 80.743645 142.556458 140.901871               3372 
2.146632 228.120926 62.493427 55.395668 178.267014 107.450554 -17.793215 175.585724 131.019485 77.828094 144.945465 128.061447               3389 
999.000000 999.000000 999.000000 999.000000 999.000000 999.000000 999.000000 999.000000 999.000000 999.000000 999.000000 999.000000             3399.0 
999.000000 999.000000 999.000000 999.000000 999.000000 999.000000 999.000000 999.000000 999.000000 999.000000 999.000000 999.000000             3406.0 
999.000000 999.000000 999.000000 999.000000 999.000000 999.000000 999.000000 999.000000 999.000000 999.000000 999.000000 999.000000             3424.0 
23.928024 228.175201 9.320555 32.875656 217.784943 67.017754 30.365658 213.686707 9.792654 50.429455 181.411652 87.196854               3432 
21.559071 226.352951 6.667315 30.789730 216.738129 64.521233 30.777956 213.626846 6.528392 49.508232 181.084167 84.935951               3441 
17.869215 226.256973 1.798912 26.734760 217.005936 59.811985 29.281174 214.829758 1.108035 45.946053 181.758163 80.472801               3458 
15.846736 226.010986 -0.861196 24.724146 217.338577 57.256851 27.888493 214.956161 -1.474770 44.408947 182.526321 78.208321               3467 
9.865327 224.725388 -11.054361 18.865099 218.885345 47.430920 23.788143 215.826981 -11.230073 42.723694 187.606537 69.583847               3493 
8.433838 225.778503 -14.165982 17.036083 219.739487 44.369301 22.530403 217.124725 -14.265846 41.083435 188.618668 66.540627               3502 
5.654583 227.766418 -22.555683 12.188493 221.279297 36.222462 20.135868 219.763718 -22.138638 36.635868 190.863800 58.928661               3519 
2.039338 225.399902 -31.458782 7.623221 222.133377 27.700144 17.007317 218.392258 -30.282700 33.474339 194.492447 52.318161               3536 
0.715451 225.880173 -35.417782 5.685662 223.028122 23.827530 15.746047 218.996872 -33.984829 31.607531 195.847839 48.880226               3545 
-3.008320 227.701889 -43.256229 1.160561 224.316711 16.024633 11.957039 220.611313 -41.298145 27.334583 197.426071 41.127674               3562 
-6.179935 227.396500 -51.607220 -3.246458 225.015060 7.797721 8.765706 220.291061 -48.871712 23.086067 199.207550 33.853790               3580 
-7.660859 227.530609 -55.495796 -5.541740 225.527466 3.958533 7.151516 220.220398 -52.369431 20.350338 199.788773 30.519197               3589 
-11.434414 228.503647 -62.896942 -9.991883 225.783920 -3.449285 3.459626 221.366562 -59.548218 16.172998 200.282242 23.072634               3607 
-12.396538 227.348251 -65.653984 -11.404963 225.374405 -6.237924 2.271963 220.439484 -62.156567 14.906487 200.384171 20.623646               3616 
-14.753897 225.104431 -74.861618 -16.500422 225.192200 -15.603581 -0.648046 219.148605 -70.683823 9.834257 202.064667 12.856041               3642 
-16.303606 223.554611 -79.105721 -18.726452 224.695297 -19.952984 -2.441089 217.918442 -74.718330 7.754940 202.390182 9.022285               3659 
-17.415674 221.465912 -84.063576 -21.096432 224.556442 -25.139048 -3.941389 216.104431 -79.256973 5.070801 203.293930 4.886436               3676 
-17.841969 219.327545 -87.394867 -22.589285 224.024200 -28.789577 -4.653389 214.507172 -82.325447 3.684379 204.044388 2.013844               3694 
-18.234034 217.416306 -89.783890 -23.551817 223.191910 -31.426285 -5.219926 213.054245 -84.610100 2.987813 204.228012 -0.211437               3712 
-18.729675 217.136871 -91.227417 -24.239614 222.680176 -32.916000 -5.825436 212.941376 -86.075462 2.469171 203.745667 -1.827837               3721 
-18.622581 215.740479 -93.846390 -25.501669 221.733185 -35.962063 -6.373746 212.130234 -88.797119 1.087885 203.081619 -4.601846               3737 
-18.701807 214.126480 -97.379204 -26.915501 220.860886 -39.880833 -6.878959 210.868454 -92.239449 -0.756028 202.558746 -7.958082               3750 
-17.190500 211.383163 -98.756592 -27.459997 219.935532 -42.117817 -6.061730 208.725601 -93.453331 -1.721891 202.973923 -9.129900               3765 
-16.901110 210.814606 -99.930954 -27.841496 219.868195 -43.646091 -6.185616 208.398300 -94.569954 -2.158319 203.145325 -10.493888               3775 
-16.240801 209.542847 -101.093231 -28.125519 219.438507 -45.346272 -6.023981 207.469360 -95.618309 -2.505628 203.266586 -11.873323               3788 
-15.729472 208.483566 -102.195892 -28.505857 219.007965 -46.975800 -5.917036 206.805191 -96.669113 -2.839606 203.435211 -13.255161               3808 
-15.763114 208.306107 -102.608299 -28.643560 218.941528 -47.449593 -5.980864 206.734589 -97.013878 -2.950360 203.435638 -13.718667               3815 
-15.694947 207.972549 -103.490807 -28.876652 218.753860 -48.442310 -5.970908 206.661545 -97.708534 -3.131945 203.359863 -14.699409               3842 
-16.092436 208.361389 -108.004852 -29.898008 218.436600 -52.981224 -6.516561 206.906570 -102.030106 -4.822673 201.967072 -19.242069               3877 
-15.861784 208.323959 -109.903000 -30.417135 218.221695 -55.044704 -6.427130 207.014435 -103.805153 -5.630588 201.696548 -21.119860               3898 
-15.485995 208.132858 -110.400314 -30.585932 218.132248 -55.769516 -6.300350 207.039703 -104.342751 -5.933568 201.599197 -21.750875               3910 
-15.186975 208.626099 -111.819046 -31.263479 218.436874 -57.477406 -6.289749 207.794098 -105.666924 -6.934999 201.776794 -23.288002               3932 
-15.002664 208.870804 -112.524521 -31.584858 218.587112 -58.323048 -6.226790 208.189178 -106.258858 -7.385551 201.949631 -24.031118               3953 
-14.794387 208.719009 -112.761772 -31.721067 218.640274 -58.707611 -6.129975 208.064102 -106.274200 -7.659074 202.126724 -24.259508               3966 
-14.633067 208.999329 -113.207977 -31.963268 218.890411 -59.290260 -6.088388 208.441467 -106.396973 -7.920669 202.507721 -24.766222               3978 
-14.539336 209.243454 -113.568481 -32.174107 219.097458 -59.754959 -6.078866 208.709473 -106.298637 -8.142996 202.776718 -25.193596               3991 
-14.440959 209.386200 -113.780212 -32.422707 219.243790 -60.141415 -6.179688 208.882507 -106.121948 -8.390415 202.940201 -25.572783               4004 
-14.337097 209.515518 -113.876244 -32.546055 219.360153 -60.350353 -6.240056 208.931503 -105.797508 -8.572240 202.932938 -25.799648               4017 
-14.462078 209.783630 -114.124069 -32.754826 219.468491 -60.585121 -6.386405 209.184525 -105.725471 -8.752989 202.955673 -26.094730               4032 
-14.496202 209.850174 -114.203819 -32.860943 219.475815 -60.664700 -6.454065 209.262085 -105.575897 -8.817911 202.963104 -26.202959               4047 
-14.529325 209.904068 -114.287224 -32.946144 219.481705 -60.728592 -6.515419 209.299911 -105.416183 -8.870049 202.969223 -26.289833               4065 
-14.504285 209.922485 -114.302818 -32.991108 219.486969 -60.751717 -6.537535 209.362778 -105.336082 -8.887586 202.964020 -26.337170               4081 
-14.409421 209.895172 -114.271957 -33.033882 219.491974 -60.773720 -6.561373 209.431625 -105.284073 -8.904257 202.959152 -26.382212               4099 
-14.276101 209.889130 -114.177864 -33.095154 219.516998 -60.796181 -6.624726 209.557999 -105.273247 -8.936431 202.923538 -26.454344               4115 
-14.241277 209.935364 -114.168411 -33.153198 219.540726 -60.817463 -6.689147 209.676163 -105.279770 -8.966864 202.889954 -26.522833               4132 
-14.242441 209.991257 -114.177979 -33.230865 219.568115 -60.866177 -6.787241 209.806122 -105.331200 -9.005707 202.857132 -26.628284               4149 
-14.230247 210.027084 -114.187035 -33.299995 219.593369 -60.914833 -6.881742 209.924057 -105.389648 -9.039462 202.825577 -26.729801               4167 
-14.129936 209.999023 -114.117050 -33.365879 219.623154 -60.965260 -6.966809 210.031372 -105.438927 -9.078352 202.802277 -26.825504               4186 
-14.258789 210.133530 -114.309341 -33.528782 219.840897 -61.190758 -7.193210 210.165100 -105.638916 -9.323625 202.836105 -27.083633               4206 
-14.487445 210.739410 -114.601837 -33.761223 220.326813 -61.483047 -7.513803 210.749451 -105.989807 -9.611038 203.022217 -27.487928               4226 
-14.880932 211.707458 -114.971062 -33.942654 220.929184 -61.705513 -7.903496 211.583832 -106.374023 -9.846951 203.067551 -27.960770               4247 
-15.121126 212.387939 -115.244911 -34.019527 221.391144 -61.857292 -8.150298 212.169495 -106.632446 -9.968435 203.131393 -28.294296               4268 
-15.301152 213.057297 -115.343880 -34.090389 221.954025 -61.885231 -8.337234 212.797928 -106.736229 -10.048092 203.479691 -28.433548               4289 
-15.309092 214.039764 -114.996788 -33.885914 222.716278 -61.420918 -8.330155 213.732086 -106.409149 -9.810334 203.914886 -28.176033               4310 
-15.533987 215.324020 -114.966042 -33.822311 223.607559 -61.222195 -8.519185 214.932068 -106.412086 -9.743752 204.267258 -28.290081               4332 
-15.804574 217.065369 -114.842026 -33.876560 224.762787 -60.927963 -8.784703 216.520142 -106.307793 -9.917011 204.656494 -28.369934               4352 
-15.804538 218.255920 -115.083397 -33.906403 225.874573 -61.152298 -8.824610 217.658463 -106.536507 -10.141622 205.419891 -28.668613               4373 
-15.423733 218.367233 -114.906456 -33.979408 226.676361 -61.223721 -8.612447 217.857010 -106.304382 -10.622468 206.337479 -28.373575               4393 
-15.027874 218.779999 -114.748291 -33.991447 227.458710 -61.258701 -8.405920 218.247192 -105.994576 -10.973366 207.112778 -28.174572               4412 
-14.839315 220.165802 -114.938377 -33.973938 228.594101 -61.462177 -8.335724 219.537201 -106.111404 -11.170697 207.845901 -28.479263               4430 
-14.763891 221.448883 -115.170433 -33.998943 229.574203 -61.670181 -8.298374 220.714340 -106.237991 -11.307930 208.552292 -28.783321               4449 
-14.813409 222.243912 -115.328239 -34.072750 230.208206 -61.795830 -8.342113 221.481979 -106.325752 -11.427299 209.026855 -28.979952               4468 
-14.832956 222.802383 -115.411110 -34.126175 230.675705 -61.871273 -8.357544 222.049469 -106.342712 -11.519582 209.370956 -29.108519               4486 
-14.865811 223.299667 -115.510162 -34.148075 231.095230 -61.944298 -8.331006 222.564941 -106.347702 -11.594965 209.646606 -29.238602               4504 
-14.879918 223.628891 -115.612007 -34.147984 231.392471 -62.000381 -8.289810 222.903412 -106.334412 -11.642558 209.839066 -29.330751               4521 
-14.923654 223.913788 -115.731636 -34.161770 231.632294 -62.051479 -8.299663 223.167984 -106.354996 -11.693496 209.982361 -29.420122               4539 
-14.965911 224.126068 -115.866478 -34.154598 231.827118 -62.103916 -8.298015 223.344254 -106.360962 -11.732173 210.088776 -29.499805               4557 
-15.057292 224.253220 -116.018448 -34.189201 231.959412 -62.182453 -8.331339 223.463852 -106.403305 -11.783471 210.175980 -29.596972               4575 
-15.131403 224.355499 -116.144234 -34.216827 232.065033 -62.245155 -8.349546 223.561447 -106.426895 -11.824519 210.245621 -29.674522               4593 
-15.171106 224.382492 -116.238190 -34.225140 232.109146 -62.290310 -8.341187 223.591888 -106.424034 -11.832097 210.289764 -29.720163               4611 
-15.345037 224.629913 -116.434036 -34.265446 232.228073 -62.335358 -8.403226 223.774719 -106.452988 -11.851154 210.341080 -29.825235               4632 
-15.682837 225.202576 -116.763107 -34.337021 232.494293 -62.418716 -8.586420 224.178055 -106.592850 -11.923631 210.363113 -30.073713               4649 
-16.058496 225.751114 -117.126396 -34.407753 232.737274 -62.508102 -8.774378 224.510391 -106.719131 -11.999806 210.384842 -30.311810               4668 
-17.226822 227.777573 -118.289581 -34.713795 233.932907 -63.067188 -9.585904 225.868942 -107.511345 -12.533707 210.596664 -31.415771               4687 
-17.339256 227.613602 -118.588661 -34.705387 233.997665 -63.353992 -9.703206 225.603073 -107.755394 -12.758782 210.432755 -31.709251               4707 
-17.449175 227.650406 -118.785591 -34.770836 234.051498 -63.537018 -9.830914 225.534531 -107.873299 -12.949088 210.318680 -31.931435               4726 
-17.731012 227.976166 -119.017700 -34.886749 234.190750 -63.674606 -10.098488 225.664505 -107.986259 -13.119136 210.217880 -32.213181               4745 
-17.873745 228.054993 -119.105324 -34.932980 234.235931 -63.720917 -10.242795 225.602295 -107.936859 -13.213501 210.141922 -32.318829               4765 
-18.162676 228.214401 -119.245407 -35.042221 234.314529 -63.771011 -10.526167 225.508194 -107.886414 -13.413419 210.018204 -32.462349               4821 
-18.294151 228.307709 -119.323448 -35.084530 234.345657 -63.790058 -10.639951 225.467682 -107.872772 -13.491140 209.975235 -32.514561               4840 
-18.770041 228.765640 -119.496681 -35.287598 234.474655 -63.776752 -10.996632 225.645340 -107.907593 -13.726500 209.880753 -32.654301               4859 
-19.155735 229.074646 -119.694664 -35.393749 234.553574 -63.783821 -11.254991 225.642273 -107.939491 -13.889368 209.803391 -32.746124               4878 
-19.638638 229.472015 -119.955368 -35.514870 234.636856 -63.794567 -11.569162 225.603836 -107.969467 -14.062377 209.732712 -32.844242               4898 
-21.360519 231.400024 -121.406769 -36.154366 235.433365 -64.641258 -13.209916 226.154053 -109.019585 -15.155869 209.332199 -34.373440               4917 
-23.189814 233.345642 -122.941986 -36.774563 236.007553 -65.466965 -15.165179 226.073151 -109.818489 -16.170055 208.877258 -35.840118               4940 
-25.597569 236.481461 -124.999519 -37.273777 236.615738 -66.314484 -16.877457 226.157196 -110.582314 -16.920685 208.674835 -37.273033               4965 
-25.956165 236.763702 -125.340523 -37.252876 236.462494 -66.349098 -17.077406 225.643997 -110.484009 -16.980810 208.516617 -37.255802               4972 
-27.946848 241.061813 -129.032913 -37.968884 238.065872 -69.274811 -19.511589 226.050522 -113.113785 -19.061705 208.527527 -40.843262               4989 
-27.988565 243.541977 -131.723190 -38.078888 239.264999 -71.602966 -20.493282 225.582413 -114.567116 -20.300287 209.254990 -42.938194               5005 
-29.433762 248.424942 -134.217194 -38.305202 239.955185 -73.285667 -21.303297 225.144592 -115.355217 -21.229553 209.630112 -44.525276               5021 
-30.012543 251.838531 -136.340164 -38.480530 240.264099 -74.675346 -21.423498 224.176117 -115.532646 -21.852802 210.231567 -45.351051               5035 
-30.662798 254.690002 -137.713989 -38.449982 240.423569 -75.441849 -21.756109 223.284042 -115.465019 -22.095387 210.487991 -45.865891               5049 
-30.001814 255.626175 -137.544617 -38.018639 239.428177 -74.950333 -20.942871 221.814758 -114.344505 -22.148932 209.543121 -45.060806               5075 
-31.065216 257.509247 -137.768250 -38.064945 239.458694 -74.939537 -21.216507 221.666077 -114.233322 -22.148359 209.537659 -45.110985               5087 
-31.854515 259.565979 -137.167068 -38.011765 238.922211 -74.287605 -20.789568 221.409882 -113.474113 -22.055054 208.942078 -44.539955               5100 
