-30.563349 200.687073 115.792870 37.921406 151.192734 118.034935 2.669206 184.241440 168.002533 67.131653 120.852272 134.300415                  0 
-34.738712 200.611328 115.078491 36.706207 150.472595 117.666595 0.455332 182.668671 171.189209 67.020752 121.095070 133.677139                 11 
-38.201271 195.244995 116.387650 36.234970 148.985825 118.423347 -1.926370 178.322250 173.346146 67.847298 120.767654 134.003571                 22 
-38.875156 194.487747 116.217644 36.321594 149.285583 118.306976 -1.528418 179.393616 173.516541 68.336189 121.627419 134.068954                 31 
-39.542912 193.639587 116.549957 36.312187 149.351486 118.363197 -1.281145 179.753586 173.886154 68.697929 122.115074 134.101379                 41 
-40.829754 192.313919 117.566315 36.179142 149.841721 118.637009 -0.914113 180.607559 174.512970 69.340660 123.471741 134.234650                 51 
-41.709663 191.106659 118.209877 36.010742 149.778610 118.776474 -1.147054 180.069916 175.022522 69.520081 123.729126 134.167953                 60 
-44.141144 186.182251 118.723007 35.348755 148.299423 119.135857 -3.554258 175.632828 175.851685 69.579491 123.018196 134.217789                 70 
-45.400795 184.122177 119.664268 34.809734 147.685226 120.070229 -5.017582 173.381622 177.019501 69.263451 122.615433 134.996552                 79 
-46.502579 181.722519 121.235435 34.417370 146.831360 120.755920 -6.394064 169.088501 178.544708 69.107018 121.583229 134.809677                 89 
-46.663879 181.183624 121.583061 34.535686 146.922226 120.898285 -6.329484 168.693893 178.914047 69.309731 121.695824 134.781448                 99 
-46.055977 181.398041 122.381615 35.359699 147.633789 121.007095 -4.942123 169.543823 179.457291 70.314560 122.506592 134.613358                118 
-45.623989 181.757843 122.682053 35.797104 148.024078 120.938057 -4.091366 170.225479 179.601242 70.775475 122.857452 134.410370                127 
-45.512787 182.010849 122.727608 35.854797 148.231400 120.823730 -3.902469 170.311737 179.677673 70.631660 122.700684 134.131653                137 
-45.548149 181.560867 122.758034 35.892464 148.237045 120.747574 -3.796871 170.168869 179.748291 70.507576 122.419334 133.922867                145 
-45.639717 180.517868 122.114044 35.066566 146.018478 119.406860 -6.147049 162.693497 179.126129 68.294273 117.653595 130.795502                154 
-41.970276 189.367126 121.072311 34.291985 146.318298 115.467484 -3.514240 165.579407 176.697403 64.128586 113.841682 125.131592                171 
-42.802753 186.445007 120.431412 33.685688 143.960052 114.380898 -6.661035 157.963043 175.442322 63.023491 110.592163 122.395004                180 
-42.892475 185.059509 118.532692 33.493866 142.712143 113.003082 -9.421657 152.663330 173.145721 61.923355 108.280495 119.679451                197 
-43.036812 184.310913 117.693207 33.376144 142.192154 112.423546 -10.449210 150.699326 172.151810 61.508907 107.421684 118.580688                206 
-43.080807 183.720886 116.915207 33.356438 141.775787 111.955849 -11.285952 149.094238 171.264603 61.220070 106.716606 117.684753                215 
-43.064007 183.514069 116.462555 33.323814 141.536819 111.668007 -11.805017 148.201309 170.712982 60.971336 106.264114 117.126923                223 
-42.998089 183.469330 116.385628 33.434162 141.611908 111.676537 -11.792101 148.144516 170.688721 61.034367 106.293373 117.078194                232 
-42.442085 183.898468 116.556290 33.851757 141.884537 111.779045 -11.266280 148.582382 170.888733 61.257614 106.402069 117.095238                249 
-41.992901 184.294830 116.913574 34.164276 142.069595 111.920975 -10.688095 149.042587 171.216766 61.465973 106.500809 117.196114                258 
-40.136101 186.541183 118.086548 35.371006 143.241379 112.465614 -7.432120 153.324951 172.847397 62.415398 107.578239 118.389252                275 
-39.528934 187.151688 118.531975 35.812836 143.611557 112.662613 -6.207520 154.787552 173.414688 62.800861 107.943077 118.807060                284 
-38.516735 187.869797 119.858185 36.851601 144.523285 113.488243 -2.599779 159.401230 175.187912 64.203537 109.330292 120.676651                303 
-38.800236 187.119995 120.164688 36.818893 144.304245 113.614174 -2.382719 159.309662 175.451279 64.362373 109.267342 120.833611                310 
-39.652962 186.861130 121.225143 36.566349 145.216858 114.504906 -0.710929 163.339417 176.720383 64.939857 111.096680 122.817909                327 
-39.813301 186.804337 121.674728 36.593929 145.574966 114.797310 0.057203 164.826721 177.123566 65.243698 111.769745 123.442871                336 
-41.641396 184.530350 122.170357 36.196167 145.987778 115.723885 -0.527450 165.608963 177.840057 66.132957 113.499687 125.033096                345 
-43.604088 180.793228 123.432343 36.152843 146.312271 117.223305 -0.108945 167.820404 179.004913 68.110062 116.195572 127.714699                362 
-43.874466 180.144623 123.966972 36.401230 146.816956 118.002205 0.517929 169.976730 179.416031 68.997856 117.649796 129.186371                371 
-44.426006 178.892365 124.172966 36.783081 147.582596 118.995010 0.108669 170.959808 179.870483 70.140579 119.554344 130.828979                380 
-43.197441 180.302353 124.575668 38.003807 148.645737 118.886253 3.515418 176.931839 178.964401 72.011414 121.874672 131.736969                388 
-41.936413 183.375854 124.514725 38.703575 149.286743 118.930984 5.586671 180.654114 178.259308 72.773811 122.894394 132.385040                397 
-34.188000 187.256332 128.210403 43.715714 147.227310 120.336899 20.317148 193.152023 174.613052 78.543358 122.491440 134.949234                415 
-32.370731 186.135025 128.121582 45.777130 146.505051 120.428932 23.325228 195.304459 172.563065 81.299652 123.050301 135.474640                424 
-29.071135 190.290359 125.910561 48.813858 150.101166 118.245270 30.121756 207.116974 163.022842 85.928322 129.690918 133.874939                441 
-29.274052 190.095551 125.392372 49.005283 150.588882 117.829857 30.370384 209.027832 160.768616 86.688728 131.283066 133.501221                450 
-29.227453 190.389374 120.786423 49.121902 150.375366 116.121735 30.550135 211.975204 154.436096 86.973557 132.486542 133.021164                459 
-29.289484 189.932800 119.750938 49.162964 149.808716 115.793335 30.920225 212.926071 151.743362 87.393631 132.841751 132.789993                476 
-29.377050 189.627991 118.678894 49.042545 149.318726 115.527786 30.967951 213.376099 149.876190 87.331184 132.785065 132.818420                485 
-29.094450 189.763550 118.319527 49.105907 149.000061 115.323311 31.544397 213.637802 148.856735 87.407829 132.521683 132.637299                493 
-29.385828 189.899399 116.206200 48.456985 148.315933 115.270424 31.028856 213.842682 147.122971 86.347908 131.874420 133.499603                502 
-28.760729 191.175385 116.312492 48.147572 147.829132 115.882019 31.668251 213.210785 148.544296 85.381630 130.261169 134.411469                511 
-28.410936 192.006439 116.411743 48.080814 147.866241 115.883629 32.030254 213.053864 149.158020 85.059746 129.766159 134.411819                520 
-28.286709 191.415634 119.198891 48.139397 147.516205 116.634407 31.810871 210.896271 153.124435 84.805031 128.321762 134.677490                528 
-28.109589 191.371674 120.786598 47.975307 147.415619 117.207047 31.416714 209.292816 156.107712 83.944984 126.979820 135.287674                538 
-32.414822 186.627213 121.285149 45.267941 145.991058 119.004158 20.627920 197.217957 167.852051 78.880775 122.079880 137.355774                554 
-33.857220 186.704605 123.564934 43.711250 146.142059 119.865631 16.502462 190.290527 173.982849 76.043083 119.412277 136.554550                563 
-34.523846 187.962067 124.085480 43.026928 147.415985 120.200066 13.980199 187.608551 176.412369 74.623337 119.323883 136.038284                571 
-35.134407 188.217972 125.377045 42.345451 147.812347 120.518257 12.065928 184.041748 178.748108 73.313202 118.363899 135.083145                589 
-35.906502 186.788742 125.412842 41.866436 147.235458 120.273796 10.421767 180.906189 179.419678 72.604271 117.219429 134.150848                598 
-36.559826 186.130875 125.581749 41.422066 147.261932 120.285423 9.061953 178.854004 180.087448 71.921532 116.741531 133.575882                606 
-36.427769 187.424194 125.658035 41.327450 148.287704 120.106705 9.032869 179.319839 180.243149 71.501389 117.306435 133.069855                615 
-36.684177 187.525345 126.164589 41.124195 148.683060 120.226173 8.376233 178.104660 180.930786 71.109344 117.272041 132.578796                623 
-37.825256 187.705032 125.698364 40.196564 149.269257 120.214531 5.803185 176.053085 181.235916 69.867889 117.347260 132.002121                632 
-41.964962 182.040375 122.166214 36.800457 144.935425 118.398628 -5.718307 157.595322 178.869644 65.260887 110.820969 126.433319                649 
-42.746670 181.152191 122.244904 36.117462 144.285065 118.084091 -7.567971 153.785904 178.306122 64.450653 109.797661 124.880997                659 
-43.048145 181.764099 122.448479 35.655849 144.583023 118.172523 -8.379757 153.233917 178.274948 63.758186 109.824249 124.531357                675 
-43.169403 181.731873 122.448601 35.505875 144.503632 118.095451 -8.662601 152.756073 178.160690 63.550823 109.663506 124.259438                685 
-43.308567 181.318573 122.284889 35.528915 144.389877 118.005470 -8.622279 152.647827 178.089615 63.733849 109.695549 124.261215                702 
-42.917847 181.214584 122.230644 36.190666 144.767700 118.379463 -7.189600 155.181549 178.693512 64.807831 110.622223 125.693275                710 
-42.623589 180.785828 122.557396 36.856274 145.016068 118.785370 -5.268362 158.134781 179.466461 66.113983 111.689941 127.253212                721 
-42.487453 180.887482 122.626198 37.072498 145.180679 118.743980 -4.430339 159.474991 179.591980 66.575081 112.179512 127.624794                728 
-42.368534 180.281708 122.873917 37.497059 145.073410 118.780159 -3.004006 161.208801 179.849564 67.590019 112.802902 128.339264                745 
-42.117046 180.264130 123.733971 38.119167 145.845490 119.236702 -0.714958 165.133148 180.477753 69.015671 114.658936 129.779633                754 
-41.510475 179.216599 122.451614 40.197639 147.602036 119.287865 3.418985 175.504807 178.449554 73.486343 120.481010 133.239944                771 
-40.977722 180.405243 123.493378 40.646713 147.750809 119.625137 4.936933 177.453186 178.568298 74.591156 121.563911 133.780350                779 
-40.441113 181.139145 126.302841 41.318893 147.639282 120.263535 7.704608 179.547226 179.292648 76.633141 123.120651 134.050812                797 
-40.886105 179.681595 127.885307 41.269089 146.861038 120.987099 8.144368 178.950150 180.197586 77.318207 123.242142 134.439148                805 
-39.631721 180.905472 128.726532 42.840420 148.716888 120.945038 11.946579 185.841705 178.396744 80.148865 127.339577 134.708710                814 
-39.600212 181.164932 128.598877 43.302528 149.905365 120.495636 13.691204 191.257050 175.696289 81.672409 130.696869 134.536087                823 
-39.387505 182.744644 128.585464 43.165188 149.773102 120.820206 13.937458 191.336655 176.070892 81.667542 130.673111 134.644363                832 
-40.294537 180.521500 130.248856 42.822945 148.448364 122.169151 12.629708 187.739105 178.556549 81.788139 129.915176 135.457596                840 
-40.966339 178.863480 132.468597 42.813892 148.059387 124.133041 11.299331 184.227722 181.876266 82.126236 129.924469 136.939789                858 
-42.009724 176.954742 134.243668 42.001011 146.753204 125.359459 9.796558 180.168091 184.369949 81.339394 128.338486 137.677658                866 
-39.744396 133.887909 103.075989 33.464405 124.750557 87.978600 -24.255041 131.339249 109.744804 61.601578 102.139168 115.096359                876 
-40.126495 142.093552 105.835510 32.400520 127.930412 90.117348 -24.322647 138.497391 112.910645 59.656811 104.109100 117.098602                884 
-40.639668 149.235916 104.770889 31.762897 131.216125 90.860054 -25.875717 142.502686 111.878372 56.851810 104.312462 117.034233                904 
-39.954533 150.867661 103.859482 32.388695 131.208969 91.399048 -25.501183 143.660782 111.321014 56.834023 104.707809 118.573723                910 
-40.558399 150.341843 100.888947 32.162518 130.307114 90.555115 -26.124048 142.996246 108.989578 56.031731 104.145653 118.558456                920 
-41.445755 150.921021 98.530830 32.406475 134.224243 89.921669 -27.095722 143.008163 106.599480 55.825039 105.765305 115.998650                927 
-41.983841 152.974548 95.831490 32.749706 138.119217 89.140388 -27.485334 144.173431 104.240425 55.863049 107.807167 113.333397                937 
-41.363373 155.417664 92.601860 33.824032 140.288544 88.182007 -26.965166 145.116302 101.279442 55.865395 107.489189 110.016144                953 
-39.691196 161.428879 76.794449 35.257454 149.823639 90.401398 -27.037424 150.021774 87.732918 53.694904 114.890869 112.267143                979 
-36.264748 164.898880 71.487274 36.659554 154.845184 94.631691 -24.669601 153.090485 83.581520 53.467236 119.357101 116.912766                996 
-35.140034 166.143677 69.925049 36.927391 155.870071 95.789444 -23.894680 153.935196 82.284523 53.166771 119.948898 117.796272               1005 
-26.676575 182.450195 65.706917 29.458790 167.770172 110.476189 -9.393215 163.192062 60.045486 49.850002 129.522003 123.110481               1022 
-25.840517 185.411163 67.227867 28.283300 168.847244 112.186806 -6.568945 165.916656 58.655003 50.070232 130.947693 123.469650               1031 
-20.092405 192.167236 62.214973 22.818569 160.905090 109.462166 -2.119607 174.269958 53.249435 40.986294 119.777138 113.557716               1057 
-18.342270 193.751266 62.082722 22.874966 159.766602 108.468002 -1.551483 175.813248 53.417866 40.841393 118.399330 110.542786               1066 
-17.070795 193.100571 60.668144 24.239786 160.243683 107.285088 -1.384939 174.894409 52.835949 42.996460 119.236580 109.510689               1083 
-16.784946 192.940002 60.423012 24.128645 159.907990 107.033875 -1.411044 174.801025 52.640015 42.867657 118.883217 109.075012               1092 
-16.283413 192.693130 60.446678 24.141432 159.367081 106.946457 -0.940933 174.961807 52.525826 43.263992 118.497414 108.478302               1118 
-16.294968 192.489838 60.474594 24.175003 159.454376 107.077141 -0.870355 174.876480 52.546043 43.558392 118.710167 108.671616               1127 
-16.222837 190.772614 59.964939 24.266371 159.510971 107.648285 0.612220 174.163574 51.445450 44.774700 119.365753 110.121788               1137 
-15.854959 187.794556 60.076897 24.660055 159.933716 109.729645 2.627906 172.200775 51.622177 46.653320 120.753967 114.155968               1144 
-16.140291 182.374573 60.472435 25.462381 160.615356 112.141251 5.597326 169.172348 51.203953 50.080017 123.445755 119.264526               1161 
-16.339108 180.349487 60.427898 25.893480 160.790039 112.444305 6.803586 168.126968 50.387409 51.178658 124.262993 120.493111               1170 
-16.776491 177.490692 60.914169 26.711609 161.276413 113.009712 8.426116 166.571838 49.355938 52.812641 125.642982 122.355453               1187 
-17.302681 176.006683 60.792690 26.822601 161.882797 112.939903 8.883424 165.563049 48.539230 53.262115 126.758621 123.215729               1196 
-18.265671 173.465805 60.895702 26.986643 162.984329 112.841148 8.940672 163.559158 47.781681 53.963387 128.757980 124.637764               1213 
-18.642860 172.534836 61.755310 27.753218 164.139938 112.979164 8.687874 162.389603 47.976078 54.757389 130.244583 125.637283               1222 
-19.017281 171.162766 62.345612 27.841656 164.521667 113.202667 8.843094 161.781830 47.924828 55.159668 131.063141 126.340492               1231 
-19.477154 169.303741 62.946232 27.891375 164.880981 113.293961 9.007327 161.244095 47.729488 55.797745 132.068222 126.818207               1248 
-19.671959 168.568420 63.230049 27.908682 165.010193 113.333061 9.088714 161.131683 47.639751 56.081921 132.464554 126.949196               1256 
-20.434055 166.419357 63.476933 27.350849 164.619415 113.337303 8.817262 160.488571 47.500111 56.402584 132.875458 126.999886               1265 
-20.838671 163.874664 64.165321 27.180403 164.297775 113.565468 8.887155 159.855362 47.603588 57.124477 133.442123 127.336098               1283 
-20.867601 163.320923 64.368118 27.185181 164.318985 113.607185 9.249022 160.189896 47.463699 57.288288 133.631454 127.406738               1291 
-21.271292 161.432510 65.626495 27.594069 164.542252 113.766090 9.235827 159.783813 47.740520 58.365433 134.571579 127.666817               1309 
-21.452658 160.688828 66.160591 27.741802 164.615311 113.792282 9.147518 159.596176 47.872936 58.682693 134.855591 127.769737               1318 
-23.228304 160.463013 67.100815 27.054939 164.814957 113.540253 7.036666 158.831757 48.330906 57.752163 134.888199 127.697144               1340 
-25.586580 161.195572 68.027565 26.631577 163.558060 112.456993 3.689716 157.562698 48.490383 56.042049 132.190414 126.220856               1353 
-26.970932 162.155594 69.312981 27.455626 163.242661 111.380203 0.503569 155.630341 50.080772 55.766998 131.029541 125.491524               1365 
-27.691589 163.437592 70.112625 28.067146 162.942505 111.005806 -2.397003 154.478836 53.088619 55.687031 130.255249 125.394470               1377 
-28.521011 163.614258 70.269836 28.247957 162.503082 110.116867 -4.751799 152.802887 54.742783 55.286152 129.632034 125.176041               1390 
-30.819601 161.874695 71.938820 28.232794 160.897903 108.795181 -9.377917 147.600662 58.047451 54.332539 128.216217 125.796928               1402 
-31.881393 160.814056 72.563766 28.323032 160.186111 107.988571 -12.048753 144.766891 60.733082 54.310299 127.964470 126.010124               1413 
-32.318996 160.986893 72.772308 28.412878 160.181381 107.882797 -13.805271 143.731735 63.386608 54.407833 128.220444 126.351936               1425 
-32.417633 160.684586 72.410980 28.071232 159.515259 108.193092 -14.425039 143.296738 64.303268 54.082951 127.451019 126.458450               1436 
-32.951382 160.543808 73.220970 28.261984 160.043732 107.996277 -16.028425 142.245361 67.022774 54.273506 128.503250 127.152138               1447 
-34.941147 161.447784 76.174385 28.294519 161.194946 107.524788 -19.385273 141.743423 71.588707 54.372898 130.351730 127.698105               1458 
-36.313545 161.974075 76.371246 27.277082 161.377914 107.256607 -22.009167 141.851868 74.604301 53.081459 130.664261 127.972641               1469 
-37.007355 161.398331 76.627151 26.935705 161.150848 107.021950 -23.656502 141.380325 78.080078 53.063217 130.713181 127.740303               1479 
-37.197781 161.164841 76.802757 27.016773 161.185181 106.813339 -24.527405 141.211304 80.803345 53.328075 130.997910 127.665024               1490 
-37.758518 157.961243 77.040230 26.816999 159.882217 106.303947 -25.018169 138.350540 82.579292 53.937386 130.722061 127.576424               1500 
-38.207661 155.308212 77.219330 26.623865 158.556320 105.959976 -25.418188 136.038223 84.638397 54.447872 130.103485 127.281555               1511 
-38.260944 155.244720 77.350174 26.814075 158.722763 105.805489 -25.576252 135.968277 86.310173 54.861691 130.579544 127.244682               1521 
-38.603405 151.519516 76.978111 26.699528 155.144730 105.894127 -24.666765 130.979370 85.777679 56.542290 127.103722 124.906212               1531 
-38.658607 150.225113 77.989456 27.280725 153.619507 106.614159 -23.495909 128.239655 86.794518 58.623562 126.009094 123.750092               1541 
-37.530399 151.584183 77.725540 27.981359 153.637070 107.923561 -22.510696 128.655731 87.117302 58.965992 125.682266 125.152328               1551 
-35.550930 152.378922 76.688454 28.890196 152.961456 109.217926 -20.677015 128.909180 85.424973 59.510574 124.245911 125.835945               1561 
-33.531258 155.715683 75.440865 30.026917 152.199173 109.660110 -19.327234 130.984558 82.997627 59.637531 121.706291 124.883240               1581 
-33.014420 157.078171 74.962029 30.308163 152.062317 109.600624 -19.055309 131.740967 82.304718 59.536102 121.049202 124.509109               1590 
-32.357094 158.717087 74.206917 30.663012 151.491501 109.198425 -18.793068 132.508057 81.166519 59.341919 119.723801 123.574860               1599 
-33.290024 159.960846 73.927155 31.168215 150.282944 106.051086 -20.812912 132.318451 82.302940 58.869820 117.964409 121.100403               1620 
-33.300392 161.775314 73.259819 31.201101 151.663116 105.286301 -20.990389 133.745773 81.994064 58.769295 119.348289 120.586479               1628 
-33.237938 161.956818 72.785088 31.319393 151.479156 104.793282 -21.200853 133.527954 82.325806 58.641319 119.271477 120.747154               1637 
-32.790180 161.384552 72.493385 32.001080 151.384583 104.379272 -20.804823 132.875305 83.105865 59.330341 119.648056 121.239082               1647 
-32.535351 161.568497 71.769890 32.286861 151.533417 103.751625 -20.777792 132.933029 83.254883 59.402374 120.020180 121.358818               1657 
-33.820179 162.516693 71.509254 31.802286 152.238541 101.962372 -21.831041 133.584000 83.095093 59.308544 120.818375 119.124168               1666 
-37.043877 162.809021 71.169281 29.887629 154.148193 99.436600 -24.173859 134.082870 83.505730 58.525841 123.765060 116.614090               1676 
-38.329269 163.263535 71.762657 29.320328 154.727554 98.516037 -24.977308 134.268692 83.993065 58.581272 124.569183 115.027199               1687 
-38.701191 163.454620 71.661156 29.187853 154.966888 97.958221 -25.201105 134.291229 84.142769 58.661694 124.996552 114.433060               1699 
-38.572060 164.287949 71.542122 29.478933 154.469635 97.164619 -25.216225 134.410385 83.684685 58.881165 124.052597 112.933609               1706 
-38.354538 165.675735 71.328827 29.859617 153.819305 96.126717 -25.226355 134.566895 83.127014 59.150291 122.832184 110.965958               1727 
-38.267307 166.254807 71.188797 29.969193 153.656677 95.853790 -25.207058 134.599396 82.974922 59.234165 122.529884 110.449448               1737 
-38.155506 166.962418 70.927467 30.056490 153.536652 95.602554 -25.193592 134.650452 82.822960 59.276569 122.298729 110.049942               1747 
-38.060947 167.600998 70.719902 30.123444 153.444611 95.409859 -25.183575 134.690216 82.717262 59.308716 122.121819 109.743439               1757 
-37.997509 168.099960 70.501099 30.149490 153.371857 95.305885 -25.193378 134.662582 82.736778 59.308960 122.041695 109.675819               1768 
-37.959595 168.531540 70.438972 30.173813 153.313309 95.296654 -25.217558 134.608459 82.966148 59.334023 122.015778 109.736031               1779 
-37.791935 168.114136 69.869873 30.223839 153.264679 95.374725 -24.993837 134.208527 82.835320 59.419533 122.220863 110.282494               1790 
-33.031746 162.666260 66.376213 32.634293 151.841003 98.812103 -20.795893 130.418243 82.845558 60.968929 122.781319 118.586617               1801 
-29.094065 159.462357 65.010124 34.678581 151.198929 101.382095 -17.337948 128.300262 82.998367 62.297760 123.280113 123.654701               1812 
-26.641344 157.728394 63.890614 35.881821 150.808487 102.652763 -14.992825 126.871597 82.498764 63.184498 123.493973 126.037155               1823 
-25.082542 156.808319 63.953049 36.822540 151.013611 103.909187 -13.476151 126.325783 83.237541 63.983402 124.271873 128.106613               1835 
-23.674202 156.118393 63.078732 37.377987 150.087662 104.331001 -12.413974 125.486618 82.381996 64.099121 123.170998 128.822281               1847 
-22.625677 156.053970 62.559422 37.813602 150.244354 104.769981 -11.560175 125.459686 82.106674 64.287910 123.418785 129.626526               1859 
-21.569269 155.960495 61.996136 38.110146 150.096085 105.313683 -10.733647 125.259239 81.595146 64.268562 123.200394 130.427582               1870 
-20.127441 155.616547 61.580948 38.891602 150.281723 105.967850 -9.364504 124.998360 81.539253 64.875290 123.647072 131.537201               1881 
-17.894848 154.840363 61.648235 40.630165 149.991577 107.017487 -6.790496 124.028732 81.691780 66.854156 123.575920 132.568695               1893 
-15.770070 154.255676 61.424461 42.301411 150.077118 107.929268 -4.426180 123.298630 82.177361 68.701218 124.133270 133.781067               1904 
-14.666240 154.448898 60.985905 43.096714 150.831619 108.496605 -3.588597 123.545349 83.213890 69.277031 125.481781 135.148529               1916 
-11.589644 155.261292 60.725510 45.145645 149.344406 109.893044 -1.553230 123.244637 83.419235 70.400414 123.166252 136.637192               1927 
-10.894177 155.630447 59.513702 45.231186 150.587845 109.758667 -1.007782 123.840210 83.132362 70.252312 124.971680 137.256012               1939 
-10.285408 156.026352 58.912399 45.579491 150.814499 109.855995 -0.284178 123.851295 82.808769 70.611778 125.253883 137.394836               1951 
-9.970188 157.292526 58.669048 45.907558 151.278580 110.026344 0.011433 124.533920 82.824631 70.891083 125.529655 137.433731               1962 
-9.715654 158.712296 59.086231 46.393028 152.758148 110.507668 0.414310 125.849762 83.615471 71.504066 127.157242 137.937164               1974 
-8.275070 159.862854 57.896084 47.059910 153.849915 110.363037 1.594349 126.844971 82.712456 71.822250 128.277725 138.134216               1985 
-8.264280 160.347595 58.713715 47.475510 155.172073 111.064758 2.606558 127.241371 83.365471 73.052040 129.992355 138.454025               1997 
-7.843994 159.753525 57.977200 47.801888 156.228638 110.759865 3.548579 127.088753 83.295258 73.747299 131.899368 138.567612               2009 
-6.368926 160.743591 56.770721 48.523434 157.469543 110.514839 4.638779 128.161423 82.620140 74.052368 133.314514 138.854858               2020 
-5.962770 161.392731 58.280094 49.227264 157.770538 111.799576 5.806647 128.331024 83.305275 75.368927 133.385498 139.373688               2032 
-5.675692 162.891418 59.406265 50.889477 159.716934 111.581039 6.082915 130.372208 85.196388 77.282333 135.611099 139.161362               2043 
-6.303877 164.025085 59.978481 51.736435 160.592072 110.587234 5.642101 131.716537 86.395714 78.693535 136.385086 137.525772               2055 
-5.763945 165.214767 59.884113 52.059536 161.258652 110.806404 6.031404 132.695374 86.487549 79.056213 136.720673 137.403687               2066 
-7.033021 167.264114 61.909138 52.276127 163.239792 111.181190 5.624026 134.698746 88.322670 80.229385 138.603287 136.676422               2077 
-5.602810 171.732986 62.055954 54.274220 161.520218 109.831108 5.591720 137.195663 86.586746 81.296631 133.757660 133.012543               2100 
-7.856430 176.252457 63.692440 53.068085 161.877014 109.088379 3.232904 140.077454 85.879753 80.130371 132.143005 129.627853               2112 
-10.639956 187.908386 62.337029 51.479862 164.337845 101.970802 -1.330712 149.029694 80.307106 77.119835 130.600952 117.551620               2125 
-11.229557 192.984726 62.762856 51.345791 165.414017 98.922546 -2.730573 153.291199 78.327469 76.183739 129.952072 111.723915               2137 
-11.327569 192.345505 61.924877 51.773975 165.873840 97.551895 -2.611804 153.789658 77.696457 76.643593 130.435883 110.358215               2149 
-11.177660 191.107346 60.936951 52.245213 166.112442 96.633568 -2.279927 153.777206 77.265305 77.132446 130.871109 109.938515               2160 
-11.195653 190.494568 60.522697 52.417896 166.266296 96.294060 -2.109144 153.707367 77.029510 77.396767 131.161255 109.786308               2170 
-10.784241 190.205063 59.379089 52.807091 166.764771 95.732849 -1.568892 153.743729 76.310196 77.885605 131.930283 109.731918               2179 
-9.312258 188.750183 55.468498 53.985142 167.906448 93.888657 0.136618 153.302689 74.077751 79.278587 134.065216 109.805984               2197 
-8.874898 188.229019 53.520645 54.210197 168.762497 93.063850 0.572864 153.383179 73.246559 79.493248 135.500412 110.173782               2206 
-8.134200 187.815521 51.622700 54.854458 170.214371 92.352272 1.368529 153.844604 72.896019 80.144119 137.785263 110.983810               2215 
-6.605395 189.214508 45.920887 52.582954 172.098907 92.250496 1.504733 155.112976 67.538200 76.584839 139.829453 112.767326               2225 
-5.240304 190.665039 42.116344 51.423115 173.531143 91.524124 2.027724 156.467621 63.631676 74.517075 141.171173 112.921555               2234 
-2.638072 195.015045 28.888388 43.736469 179.620758 88.388077 3.102255 160.839401 49.578110 64.526955 147.704346 112.625381               2252 
-1.019663 196.503433 26.263622 42.621941 181.437225 87.678543 4.517304 162.678375 46.366386 62.809414 149.432831 112.306435               2260 
1.657912 199.315079 18.293919 38.897259 187.169907 83.760063 6.812904 167.423218 38.020962 57.735233 155.695419 110.081833               2278 
2.433707 198.290375 16.257429 37.824402 188.333069 82.572006 7.643707 167.948608 35.823544 56.388931 157.242493 109.536491               2287 
2.854112 197.869202 10.048410 33.815117 193.357773 76.885536 8.248355 173.001343 27.443893 52.061619 162.398117 104.215248               2304 
3.696445 197.121979 9.066744 33.237347 194.249985 75.778839 8.761132 174.357330 25.695831 51.265308 163.093811 103.030151               2312 
2.472235 196.357529 4.567032 30.235844 197.116684 70.893318 6.994221 176.895523 20.521526 48.128460 166.234680 98.542999               2330 
1.955581 197.102127 3.869123 29.485390 197.931595 69.790932 6.178320 178.728287 19.117376 47.264690 166.491592 96.879128               2338 
9.490778 184.973358 12.590778 23.929302 202.857285 62.348736 3.574604 183.330719 10.635778 41.469898 171.800293 90.027954               2356 
12.453484 180.507813 14.703855 22.867489 203.063171 60.765839 4.495843 181.970306 8.965686 40.769077 173.115067 89.418816               2364 
11.834619 181.383224 8.929920 17.188833 206.346893 52.641476 2.434046 185.346329 -0.263847 34.225082 176.590332 82.012573               2399 
11.247652 181.617874 8.076581 16.160419 206.937943 51.342098 1.599562 186.004089 -1.626988 33.053780 177.140167 80.753914               2407 
11.034410 181.698242 7.111445 15.136824 207.669662 49.767456 1.108918 186.421722 -3.186527 31.907423 178.091400 79.469681               2416 
9.069771 183.440399 2.241454 11.520845 210.020065 44.203453 -1.100432 188.629242 -9.005295 27.806221 180.597733 74.327553               2434 
8.312785 183.893555 0.531753 10.037428 210.975327 41.993752 -2.022393 189.216583 -11.177966 26.284193 181.828720 72.405373               2442 
8.342672 183.755630 -0.994874 9.051586 210.566284 40.328068 -2.228229 189.532944 -13.279839 25.194693 181.091873 70.477829               2452 
5.434919 183.849762 -2.326681 6.291254 212.640793 36.987675 -5.647660 189.815033 -15.709311 22.193808 184.066757 68.116142               2468 
4.829273 184.124741 -2.750061 5.267535 213.517929 35.796467 -6.492227 190.172058 -16.698830 21.153538 185.275406 67.234390               2477 
4.059538 185.415863 -4.606904 3.571715 215.087891 33.054474 -7.530152 192.058807 -19.699270 18.836472 186.614502 64.591782               2495 
2.721220 186.791641 -6.105725 1.802295 217.068878 30.783276 -8.967192 193.498001 -21.788612 16.786150 188.908569 62.733704               2503 
1.440419 188.005722 -7.483090 -0.016914 218.758240 28.482605 -10.531540 194.982178 -24.028658 14.746662 190.715302 60.638149               2520 
0.646149 189.345459 -10.303597 -1.785020 220.385162 24.998535 -11.391172 196.436096 -27.593676 12.669226 192.501434 57.431862               2538 
-0.057773 190.042404 -11.726999 -2.694061 221.251953 23.260021 -12.167212 197.223450 -29.311327 11.651315 193.414215 55.781078               2547 
-0.518474 190.745697 -12.563128 -3.382418 221.911163 22.269793 -12.737881 198.158707 -30.435549 10.875351 193.903351 54.683170               2556 
-0.582605 191.716385 -14.278776 -4.466556 223.286819 19.898518 -12.738375 198.994202 -32.730556 9.539949 195.702148 52.780918               2565 
-1.788037 193.459625 -17.631531 -6.711754 225.674057 15.476094 -13.977944 200.544144 -36.893173 7.078034 198.710342 48.959652               2583 
-2.502881 194.140839 -18.785631 -7.376300 226.579758 13.948450 -14.851185 201.232697 -38.279858 6.476567 199.742203 47.507236               2593 
-3.425546 195.005859 -20.535141 -8.426402 227.739731 11.630264 -15.980696 202.132980 -40.447014 5.459068 201.069290 45.308598               2612 
-3.912398 195.912384 -21.497772 -9.044219 228.588058 10.583809 -16.564295 203.147949 -41.574009 4.873960 201.823257 44.173656               2621 
-5.754076 197.079117 -23.552641 -10.773552 230.329361 7.602849 -18.489433 204.342484 -44.244644 2.741954 203.815659 41.554325               2640 
-6.158970 197.470810 -24.057611 -11.258045 230.857086 6.728187 -19.044651 204.745224 -45.040161 2.289712 204.424271 40.729847               2651 
-7.055779 198.476852 -26.920511 -12.558009 231.733856 3.708350 -20.019848 205.883102 -48.230877 0.944763 205.165176 37.621899               2661 
-9.130293 199.438629 -29.510368 -14.009348 232.778366 1.032676 -22.383001 207.004288 -50.798187 -0.305205 206.085464 34.767437               2672 
-10.579128 199.518860 -31.361519 -15.358195 233.149658 -1.202319 -24.008303 206.931305 -52.757202 -1.476921 206.748688 32.689388               2683 
-11.864443 199.963043 -32.927444 -16.411177 233.688248 -2.861007 -25.318327 207.433777 -54.346909 -2.631525 207.263107 31.053322               2694 
-12.759563 200.315460 -33.854324 -17.064482 234.026657 -3.755427 -26.306932 207.879669 -55.230633 -3.238011 207.501511 30.061632               2704 
-13.648306 201.009125 -34.944225 -17.809406 234.601303 -4.707298 -27.382086 208.648788 -56.214424 -3.706508 207.961334 28.904737               2715 
-14.497199 201.987091 -36.561718 -18.741070 235.354706 -6.095921 -28.270655 209.752472 -57.780148 -4.571668 208.506088 27.321573               2726 
-15.944172 202.284363 -37.970219 -19.684450 235.711914 -7.516334 -29.767654 210.189850 -59.129379 -5.623551 208.729614 25.839245               2737 
-16.934679 202.868408 -39.647282 -20.571640 236.274918 -9.169275 -30.715483 210.868759 -60.822315 -6.674421 209.184479 24.167250               2748 
-18.086676 203.511078 -40.896523 -21.718271 237.000671 -10.519877 -31.880205 211.472229 -62.101250 -7.850321 209.984573 22.889086               2781 
-18.289724 203.481094 -41.046776 -21.862206 237.019974 -10.718491 -32.082924 211.431534 -62.257813 -8.018744 210.032547 22.723785               2783 
-21.021732 204.253983 -43.352394 -23.320980 237.990723 -13.134546 -34.953457 212.472198 -64.400002 -9.661189 210.792633 20.212454               2805 
-22.115866 204.080063 -43.801346 -24.026907 238.216461 -14.016953 -36.053734 212.155762 -64.914055 -10.501562 211.322678 19.630299               2816 
-22.408913 204.431213 -44.703014 -24.489012 238.621567 -15.003830 -36.257381 212.467133 -65.908791 -11.128922 211.791885 18.760416               2828 
-22.958445 206.522949 -47.374146 -25.876715 240.582321 -17.610395 -36.439587 214.558517 -68.839905 -13.044134 213.702744 16.318377               2851 
-23.169388 206.940750 -47.973442 -26.197187 240.997131 -18.222874 -36.612747 214.970230 -69.478035 -13.429511 214.124802 15.736108               2864 
-23.641104 207.097626 -48.569672 -26.503294 241.071121 -18.718178 -37.094856 215.259293 -70.040817 -13.807580 214.033386 15.136327               2887 
-23.979824 207.282852 -49.043015 -26.901449 241.223160 -19.161592 -37.398739 215.478271 -70.534523 -14.277143 214.140839 14.683988               2899 
-24.348360 207.749527 -49.991745 -27.330133 241.618408 -20.038290 -37.794960 215.982056 -71.468300 -14.659279 214.474655 13.740617               2912 
-24.690319 208.104675 -50.429199 -27.682930 241.942307 -20.442635 -38.166481 216.348587 -71.886436 -14.968127 214.775803 13.301447               2925 
-25.096508 208.138245 -50.738113 -27.944572 242.053787 -20.852949 -38.650188 216.377518 -72.206276 -15.176308 214.930328 12.905581               2937 
-25.547626 208.217300 -50.913788 -28.255146 242.192307 -21.219465 -39.213078 216.532196 -72.524078 -15.494442 215.037003 12.516310               2951 
-25.851009 208.277023 -50.981079 -28.470324 242.314148 -21.505821 -39.647842 216.667191 -72.766342 -15.687867 215.135818 12.203171               2964 
-26.178654 208.365265 -51.297516 -28.612207 242.350876 -21.884590 -40.146248 216.915939 -73.168434 -15.742480 215.016525 11.664654               2979 
-26.797544 208.361847 -51.619709 -28.948286 242.433090 -22.404625 -40.946655 217.001450 -73.580231 -15.988038 215.072205 11.088087               2994 
-27.238068 208.380081 -51.887878 -29.091278 242.521835 -22.830477 -41.531864 217.114792 -73.909676 -16.084978 215.118103 10.609317               3008 
-27.552479 208.546692 -52.158318 -29.324806 242.727417 -23.203878 -41.943523 217.305664 -74.228951 -16.250776 215.328796 10.213694               3023 
-27.971653 208.719452 -52.356800 -29.683445 242.916626 -23.499119 -42.406712 217.517090 -74.506378 -16.644779 215.493057 9.911802               3039 
-27.645548 209.507874 -52.534897 -29.938942 243.604385 -23.672195 -42.028038 218.249512 -74.852760 -16.911102 216.197556 9.756675               3055 
-27.423500 210.142502 -52.652973 -30.203575 244.105331 -23.740383 -41.772678 218.869217 -75.096779 -17.166029 216.664124 9.656484               3071 
-27.219732 210.479187 -52.560017 -30.329180 244.294037 -23.578659 -41.543003 219.250381 -75.105125 -17.319742 216.754776 9.748390               3087 
-27.047470 210.752151 -52.416985 -30.419710 244.472153 -23.435061 -41.365860 219.542145 -75.071457 -17.428905 216.880844 9.856188               3104 
-27.024183 210.777420 -52.230549 -30.538363 244.504913 -23.330469 -41.350033 219.530670 -74.971283 -17.553387 216.953903 9.996402               3121 
-26.945555 210.934647 -52.201622 -30.602333 244.592163 -23.287802 -41.316410 219.690491 -74.981499 -17.545750 217.013794 9.988435               3139 
-26.888861 211.157852 -52.169315 -30.701269 244.738800 -23.233305 -41.291069 219.921265 -74.990562 -17.590853 217.126160 9.993301               3158 
-26.797211 211.823792 -52.216072 -30.877487 245.177185 -23.086714 -41.254093 220.645721 -75.020912 -17.615885 217.425201 9.963338               3177 
-26.633860 212.521759 -52.136696 -31.047926 245.644623 -22.823301 -41.106720 221.393997 -74.949310 -17.681776 217.763596 10.075682               3196 
-26.406502 213.275360 -51.956532 -31.161209 246.166641 -22.464783 -40.888683 222.191071 -74.778366 -17.695446 218.164688 10.290565               3216 
-25.854980 214.206436 -51.868942 -31.063057 246.780243 -22.127705 -40.365097 223.164612 -74.679634 -17.416107 218.634064 10.428426               3236 
-25.452284 214.966812 -51.859573 -31.025307 247.281647 -21.924896 -39.945133 223.979355 -74.680565 -17.308136 219.000443 10.484381               3255 
-25.157309 215.676376 -51.872284 -31.075905 247.682388 -21.695015 -39.631195 224.782364 -74.684616 -17.295832 219.212387 10.521704               3275 
-24.802233 216.625443 -52.006927 -31.183554 248.185287 -21.476637 -39.241474 225.882492 -74.795937 -17.325613 219.434158 10.455774               3295 
-24.519520 217.335495 -52.041477 -31.259068 248.552536 -21.256079 -38.932896 226.702148 -74.816879 -17.341534 219.595612 10.463742               3315 
-24.196106 217.978638 -51.827320 -31.254574 248.897400 -20.830423 -38.575470 227.421387 -74.589775 -17.295639 219.776993 10.721092               3336 
-23.780066 218.528549 -51.519157 -31.265497 249.125046 -20.318810 -38.106228 228.027451 -74.289078 -17.259262 219.861450 11.078889               3355 
-23.442129 219.050583 -51.270889 -31.322407 249.353546 -19.896673 -37.700848 228.605698 -74.057007 -17.306019 219.955933 11.371038               3375 
-23.342239 219.826324 -51.120819 -31.435520 249.639023 -19.346157 -37.614628 229.625824 -73.803505 -17.326391 219.873947 11.529752               3395 
-23.398298 220.691879 -50.751072 -31.521322 249.985977 -18.526413 -37.726067 230.808197 -73.278961 -17.315117 219.774124 11.867275               3414 
-22.562275 221.219910 -50.201115 -31.497654 250.156876 -17.883648 -36.758934 231.296356 -72.843109 -17.243504 219.924423 12.467076               3434 
-22.103327 221.869354 -49.323280 -31.643442 250.363968 -16.831833 -36.214432 232.028732 -72.028717 -17.349625 219.962860 13.331185               3453 
-21.687983 222.326584 -49.329868 -31.700348 250.428238 -16.682968 -35.726048 232.585342 -72.081741 -17.390268 219.852509 13.295259               3472 
-21.429485 222.685211 -49.272850 -31.816154 250.483673 -16.518644 -35.407391 233.012573 -72.064064 -17.494410 219.782822 13.325857               3490 
-20.296318 224.060471 -48.818562 -32.110569 250.900513 -15.782830 -33.995361 234.520935 -71.741905 -17.747917 219.925659 13.757339               3509 
-18.601793 226.257721 -47.358135 -32.755791 252.144897 -14.534740 -31.946922 236.362228 -70.680206 -18.108767 221.473633 15.182031               3527 
-17.101074 228.165909 -45.901958 -33.164566 252.899719 -13.126916 -30.094255 238.199951 -69.476593 -18.286474 222.245026 16.491997               3546 
-15.978268 229.201950 -44.687763 -33.356895 252.999405 -11.952971 -28.641300 239.314941 -68.431053 -18.369675 222.265198 17.528219               3564 
-15.324886 229.811554 -43.836479 -33.505142 253.028809 -11.214334 -27.756887 239.966888 -67.726646 -18.387709 222.316910 18.223583               3581 
-14.726403 230.425385 -42.853844 -33.587749 252.769684 -10.160675 -26.879732 240.952484 -66.807358 -18.253258 221.835770 18.930468               3597 
-14.489774 231.552078 -42.354141 -33.913124 253.254364 -9.815344 -26.190372 242.486588 -66.508789 -18.683372 222.071945 19.064760               3614 
-14.094460 232.075348 -41.764328 -33.993515 253.201416 -9.405038 -25.617167 243.192886 -66.083755 -18.730083 221.875809 19.301788               3630 
-13.847284 232.451065 -41.273422 -34.058445 253.135086 -9.063028 -25.220379 243.734772 -65.720459 -18.746616 221.703156 19.501450               3646 
-13.469451 233.117737 -41.020695 -34.106972 253.012421 -8.777128 -24.753557 244.664063 -65.467163 -18.698936 221.273270 19.393192               3662 
-13.232249 233.251221 -40.618786 -34.194580 252.585281 -8.455629 -24.470249 244.932663 -65.108284 -18.669827 220.700806 19.485579               3678 
-13.173174 233.591599 -40.332813 -34.271885 252.420197 -8.198989 -24.380808 245.492249 -64.829727 -18.652538 220.318970 19.439676               3694 
-13.584241 233.139389 -39.349133 -33.991783 251.954803 -7.022804 -24.938528 245.347198 -63.717125 -18.157370 219.659897 20.265640               3710 
-14.185544 233.251160 -37.978271 -33.793804 251.715698 -5.284538 -26.017622 245.770752 -62.058384 -17.732616 218.918167 21.261806               3726 
-14.185300 233.613922 -37.194134 -33.707912 251.652481 -4.478683 -28.584391 244.796341 -59.965473 -17.473343 218.660843 21.719395               3742 
-13.941442 233.376343 -36.468025 -33.407074 251.367264 -3.945644 -31.668276 242.101257 -57.599869 -16.983616 218.507324 22.300171               3758 
-14.085867 233.824799 -36.056778 -33.133606 251.570801 -3.394664 -34.204353 241.019531 -55.839745 -16.521643 218.479767 22.438925               3773 
-14.083239 234.144180 -35.617195 -32.737476 251.683990 -2.785073 -36.023594 240.260666 -54.271664 -15.850156 218.458511 22.694998               3788 
-13.764281 234.770279 -35.133602 -32.383289 251.979385 -2.246513 -37.517418 239.511398 -52.615612 -15.281165 218.664734 22.972536               3801 
-12.870500 235.831665 -34.320770 -31.954384 252.190033 -1.387072 -37.719749 239.439346 -51.205215 -14.455498 218.776794 23.426079               3815 
-11.964944 236.744278 -33.384647 -31.517286 252.377426 -0.481426 -37.656666 239.291443 -49.783653 -13.695121 218.927216 24.050236               3828 
-11.585147 237.259964 -32.487061 -31.311600 252.413971 0.467570 -37.680500 239.314117 -48.597015 -13.352002 218.830948 24.715918               3841 
-11.150313 237.481720 -31.224785 -30.704639 252.316513 1.915021 -37.588867 239.221970 -46.976139 -12.402102 218.685577 25.838356               3855 
-10.937201 236.721771 -29.839966 -29.981445 251.835526 3.406864 -37.696827 238.235382 -45.151211 -11.421484 218.347824 27.332794               3868 
-10.842443 236.501175 -28.755028 -29.378437 251.614578 4.734459 -37.847607 237.982269 -43.657936 -10.535720 218.089371 28.385273               3881 
-10.217803 235.792847 -26.498110 -28.322611 250.793488 7.236484 -35.645809 238.947205 -41.635361 -9.052090 217.300873 30.586868               3895 
-10.220395 234.256622 -24.213503 -27.315207 249.696716 9.812016 -35.260475 238.249237 -38.981766 -7.788540 216.210220 32.957485               3908 
-9.874837 233.649017 -22.716230 -26.512388 249.149109 11.466088 -33.590992 239.029221 -37.726814 -6.676655 215.749557 34.473949               3921 
-9.803932 232.312744 -21.224508 -25.521481 248.264160 13.155627 -32.776989 238.900955 -36.058651 -5.569615 214.901291 36.116241               3934 
-10.383636 229.889053 -20.023323 -24.049814 246.882065 14.735600 -32.682743 237.743759 -34.157425 -3.827314 213.603699 37.581814               3947 
-10.558906 227.394821 -18.247982 -22.209230 245.714798 16.574615 -31.892921 236.568329 -32.076214 -1.736821 212.728958 39.621590               3960 
-10.645137 225.432007 -16.831570 -20.840044 244.841400 17.860638 -31.023350 235.667511 -30.710644 -0.172416 212.193420 41.212433               3972 
-10.805670 222.968842 -15.196313 -19.122231 243.531326 19.335802 -30.201317 234.412140 -29.141485 1.860779 211.175552 42.812717               3985 
-11.034195 220.348068 -13.517415 -17.529114 242.096405 20.680176 -29.660606 232.687653 -27.600693 3.905210 210.161789 44.325432               3996 
-10.899009 217.311996 -11.392202 -15.496788 240.488754 22.171871 -29.064461 230.098648 -25.702858 6.489538 209.189148 46.156956               4008 
-10.691770 214.433578 -8.743246 -13.115083 238.834793 24.222036 -28.236979 227.737335 -23.311401 9.344833 207.946075 48.300823               4020 
-10.386753 212.095139 -6.529707 -11.173080 237.575439 25.734104 -27.626757 225.514603 -21.402439 12.088670 207.362549 49.908905               4032 
-10.106008 209.771057 -3.850542 -9.362205 236.082535 27.896156 -26.574198 223.449707 -19.493242 14.869249 206.575684 51.990372               4044 
-10.173577 206.345764 -1.160121 -6.953502 233.392014 30.047066 -25.672249 220.785904 -17.536617 17.720537 203.925217 53.737751               4056 
-10.191378 204.694382 1.014557 -5.123970 232.471085 31.624208 -24.817030 219.428955 -16.318251 20.069162 203.332474 55.174065               4067 
-10.251326 199.344360 8.318491 -1.250005 229.461395 36.029625 -23.906601 213.670715 -11.584687 25.217299 201.653656 59.790108               4100 
-10.325744 198.284073 10.312601 -0.535818 228.808701 37.446323 -23.593430 212.509140 -10.538722 26.421934 201.340546 61.049896               4111 
-10.128252 196.902267 14.209983 1.644800 227.933884 40.353096 -22.291092 210.500275 -8.293196 28.845160 200.596542 63.829865               4121 
-10.971299 195.998886 17.511547 3.362041 227.075470 42.669930 -22.114178 208.900635 -6.192024 29.926600 199.123566 66.151062               4132 
-12.572895 194.802719 20.227322 3.607709 226.079712 44.536160 -23.479607 206.950134 -4.130433 30.746964 198.201630 67.440781               4142 
-12.885112 194.929855 27.454054 7.920482 224.965698 50.568600 -22.308441 206.547073 2.131574 33.048939 195.166016 73.347710               4162 
-13.334033 193.665680 29.200434 8.633613 224.196182 50.859253 -22.600969 204.071075 3.402875 33.440479 194.889313 74.609520               4172 
-13.720805 192.798416 29.933266 8.395267 223.894516 50.870087 -22.835335 202.355530 3.816929 33.242985 195.240448 75.362617               4181 
-13.262746 189.983185 35.945721 9.189972 222.542923 54.385822 -22.555050 197.404266 9.135429 34.505383 195.760437 80.466026               4200 
-13.346354 189.020340 38.688652 9.158144 222.027664 56.283310 -22.714405 195.733292 11.670703 34.599064 195.884033 82.884415               4209 
-13.479936 187.009903 42.393761 8.758747 220.856262 59.082169 -23.005539 192.866241 15.254277 34.942093 195.793701 86.001465               4219 
-14.550656 183.795197 49.162659 7.848470 218.687744 63.546162 -24.916679 188.206955 21.738224 35.425152 195.133423 90.436111               4237 
-14.991577 182.670792 51.776375 7.612652 217.885330 65.121811 -25.623119 186.696609 24.050909 35.669464 194.784729 91.908485               4245 
-14.786679 179.086823 59.595310 7.914370 215.037094 70.912949 -26.010212 182.216568 31.234245 37.358345 193.031479 97.126564               4262 
-14.056572 177.173447 62.835342 8.764091 213.400009 73.114174 -25.529837 179.884171 34.100872 38.893887 191.876404 98.945908               4271 
-14.123634 175.204254 69.940239 9.131162 211.836823 77.831352 -25.584143 176.551895 40.182224 39.936413 191.403702 103.751854               4288 
-13.682272 172.575699 72.771721 8.962629 209.782837 80.027267 -25.166550 173.385040 42.647377 40.497692 190.237671 105.754196               4297 
-11.406151 169.081207 78.040031 9.756444 207.579880 85.436546 -20.779926 170.484741 46.324352 41.722061 189.900833 111.969521               4314 
-11.014708 167.114624 79.861206 9.064542 206.410889 86.841949 -20.025648 169.278336 47.739536 41.690266 190.029358 113.404251               4323 
-13.622559 166.878525 85.254997 6.651040 206.560425 90.280334 -22.948883 170.986618 52.506592 40.408081 191.139130 115.990135               4340 
-15.090440 165.955292 87.860458 5.678219 205.768524 92.169594 -24.450617 170.966904 54.966690 40.101810 190.589554 117.128838               4349 
-17.812342 161.323029 94.034164 4.792235 201.457184 96.970032 -26.792233 168.301422 61.019150 41.110809 186.747330 119.396126               4366 
-17.268709 155.706268 98.293365 4.567148 197.198975 99.446449 -28.401894 163.699051 65.933487 43.848602 184.478500 117.708580               4383 
-16.345488 153.347748 98.289383 3.959737 195.688049 99.590408 -28.367456 161.472794 66.280296 44.095932 184.298645 116.844849               4392 
-15.506569 151.752060 100.403290 4.305086 194.346100 101.838402 -28.666933 160.861511 68.726074 45.206005 183.177414 117.353691               4401 
-14.671793 149.037582 109.506668 4.454209 191.951157 106.092674 -32.534111 156.895493 79.735207 47.494953 182.055038 115.468689               4418 
-16.675529 148.088394 110.859749 2.520805 191.052979 106.069473 -34.345860 154.959763 81.026833 45.711422 181.808289 115.421196               4437 
-20.088963 145.742966 111.118149 1.442878 187.593765 105.386734 -36.422855 152.354095 80.654335 43.923538 176.751129 116.165390               4444 
-23.689690 143.640915 111.692162 0.398208 184.311417 105.915207 -38.327332 150.396606 80.730431 41.997498 171.745087 118.160011               4453 
-25.570112 143.829514 112.630905 1.299651 183.072800 106.906502 -39.036461 151.115509 81.633018 42.123196 168.382736 119.396057               4461 
-27.488661 143.396271 112.566689 1.318152 181.987808 107.829826 -39.833912 151.573273 81.843590 41.807030 166.016342 119.826134               4470 
-26.696095 143.426224 114.806938 1.268933 183.081436 110.784515 -38.439018 151.216599 84.072334 42.246635 168.568237 122.972343               4488 
-26.741491 143.631485 115.184059 1.741391 183.100067 111.919479 -37.591270 151.399841 84.060204 42.375153 168.268433 124.852707               4496 
-26.235062 142.417740 116.356987 2.360793 181.965897 113.366562 -36.268673 149.527954 84.370384 42.887619 167.356491 126.875450               4513 
-26.120655 142.193665 116.689339 2.517545 181.788147 113.836212 -35.772739 148.434647 84.101036 43.042736 167.245422 127.421738               4522 
-26.245382 142.531693 116.710045 2.755700 182.013367 114.707909 -34.844707 147.297424 83.075920 42.983692 167.184525 128.855804               4532 
-24.380402 142.241592 116.712402 3.297449 182.725418 115.754768 -32.562599 145.900284 83.126457 43.783150 169.089294 130.359985               4541 
-22.898520 142.126923 116.874847 4.193237 183.017181 116.305504 -30.952217 144.949066 83.184624 44.886257 169.826416 130.742630               4550 
-22.250595 142.095657 117.017433 4.041379 183.418594 116.921936 -30.098150 144.122849 83.090553 44.845245 170.727142 131.493134               4568 
-22.111799 142.092590 117.041656 3.994484 183.542557 117.112297 -29.757366 143.689789 82.968559 44.830334 171.005371 131.727386               4577 
-21.991161 142.133011 117.174622 4.119609 183.675583 117.184219 -29.402798 142.997131 83.304771 45.007973 171.262146 131.758057               4587 
-21.799728 142.179855 117.317001 4.243539 183.807343 117.255455 -29.051432 142.330872 83.633812 45.183533 171.516495 131.788193               4605 
-21.731182 142.193649 117.377296 4.294710 183.861740 117.284866 -28.893719 142.223221 83.617950 45.255909 171.621521 131.800568               4615 
-21.176701 142.440308 118.179001 4.872357 184.118759 117.407425 -28.583925 142.036835 84.361229 45.974987 171.975662 131.601349               4625 
-19.870523 144.142349 122.346046 5.783147 185.859070 117.749733 -28.365570 141.270142 88.072792 47.595592 174.822861 130.721619               4645 
-19.642786 144.060150 123.200981 5.472933 185.987427 117.830727 -28.053844 140.407776 88.580933 47.433102 175.614441 130.872742               4654 
-19.214037 143.916763 123.802864 5.424118 185.904312 117.937508 -27.725758 139.723785 88.817902 47.477283 175.881760 130.953979               4665 
-18.391960 143.845535 125.728432 6.055943 185.625854 118.645226 -27.531729 138.870956 90.676262 48.305771 175.749527 131.125565               4675 
-17.688847 143.826859 127.203476 6.542068 185.411621 119.189743 -27.376196 138.230057 92.107208 48.935879 175.633957 131.252518               4686 
-17.189381 143.841446 128.017105 6.807861 185.294495 119.487457 -27.269609 137.868530 92.850945 49.277611 175.565643 131.320389               4696 
-16.363523 143.804733 128.617966 7.355467 185.137634 119.609779 -26.867437 137.494720 93.381592 49.892345 175.449890 131.233475               4707 
-15.791084 143.784241 129.052933 7.762100 185.021164 119.700615 -26.558987 137.210480 93.756470 50.347740 175.362015 131.168503               4720 
-15.049220 143.737152 129.301529 8.428429 184.893616 119.664833 -25.771706 137.232391 93.235977 51.055588 175.257904 130.997391               4731 
-14.443604 143.704727 129.500946 8.956921 184.792465 119.636452 -25.113470 137.281113 92.695808 51.616512 175.174454 130.861511               4744 
-13.743363 143.648209 129.599564 9.674188 184.611710 119.597473 -24.566153 137.366028 92.340874 52.362003 174.840836 130.580582               4757 
-13.253989 143.608917 129.674316 10.144621 184.493164 119.571915 -24.207787 137.423126 92.103386 52.849751 174.621643 130.396591               4770 
-12.670589 143.505890 129.653152 10.800385 184.290573 119.472694 -23.831526 137.554688 91.837914 53.522797 174.205444 130.028915               4784 
-11.177939 142.688797 129.661163 12.959601 183.198029 119.972183 -23.472588 138.311630 91.692497 55.719219 171.801727 128.921387               4798 
-10.290609 142.225052 129.681366 14.216732 182.561920 120.262993 -22.793032 143.702011 91.961174 56.965054 170.432739 128.251282               4812 
-9.866444 142.019257 129.696350 14.791949 182.270859 120.396065 -22.379955 146.537811 92.486542 57.527020 169.814499 127.939362               4826 
-9.634668 141.920959 129.708542 15.077589 182.126328 120.462135 -22.088682 147.995789 92.395630 57.804203 169.509476 127.783333               4840 
-9.465246 141.864883 129.719604 15.251522 182.038315 120.502373 -21.883928 148.891983 92.352249 57.972382 169.324402 127.687981               4854 
-8.882324 141.890930 130.713181 15.760460 181.827072 120.556389 -21.890030 149.149200 93.475021 58.549091 169.006683 127.122894               4880 
-8.887130 142.036301 131.208511 15.760633 181.822784 120.505692 -22.221991 149.105255 94.597801 58.570797 168.964722 126.854591               4896 
-9.527502 143.017197 132.522110 15.276198 182.370346 120.656403 -23.526400 149.499207 96.594612 58.077114 169.223389 126.451912               4905 
-10.150953 144.064209 133.869583 14.915232 182.884201 120.896629 -24.905775 150.058716 99.043655 57.645771 169.220612 125.971626               4920 
-10.960501 145.265182 135.045670 13.945946 183.880600 121.213120 -26.686871 150.680023 101.459412 56.723225 170.011185 125.224648               4931 
-11.440600 145.609940 135.235153 13.766902 184.048447 121.503525 -27.634388 151.155136 103.121681 56.403156 169.538498 124.659431               4944 
-11.565879 145.779907 135.321594 13.683188 184.126923 121.639313 -28.051264 151.178406 104.344566 56.246265 169.323074 124.392303               4957 
-11.596972 145.898102 135.383163 13.624280 184.182144 121.734863 -28.309214 151.187973 105.186607 56.133118 169.173706 124.203377               4970 
-11.610128 145.990936 135.430893 13.577930 184.225601 121.810043 -28.505606 151.233765 105.752792 56.042515 169.057495 124.054207               4983 
-11.401377 146.451843 135.450897 13.971948 184.423767 121.699837 -28.723747 151.905762 106.232094 56.259594 168.689575 123.293083               5008 
-11.309231 146.650894 135.460510 14.141813 184.509201 121.652321 -28.802811 152.160736 106.467957 56.348095 168.532516 122.965080               5021 
-10.685084 147.088043 134.949265 15.304201 184.521133 121.124817 -28.684828 153.280533 106.580711 57.128017 167.518509 121.291618               5033 
-11.136974 149.047577 136.933319 14.888793 185.604858 121.488235 -31.030890 155.566803 110.585678 55.960510 167.097122 118.500519               5045 
-11.838419 150.407272 138.010620 14.282886 186.184753 121.399643 -33.214458 157.140427 114.281143 54.278938 166.152252 115.287102               5058 
-12.204947 151.140060 138.578751 13.940729 186.412415 121.269096 -34.208733 157.455826 116.851974 53.163528 165.472794 113.429932               5071 
-13.531186 152.432312 139.968323 12.787188 186.824631 121.447716 -36.337597 158.680634 120.386658 50.714832 164.499802 111.375771               5082 
-14.467132 152.556473 139.985779 12.067572 186.107758 120.464104 -37.708584 158.854507 122.249916 48.755283 162.551270 108.740120               5094 
