17.266512 188.152374 68.498199 90.659782 212.315857 81.723541 31.797655 189.364517 95.503151 130.044785 189.894791 95.463165                  0 
17.281185 188.370270 68.372444 90.932510 212.258728 81.793617 31.975435 189.308746 95.510010 130.256622 189.876907 95.769569                 14 
17.412998 188.483398 68.320076 91.298637 212.176422 81.794388 32.262444 189.323639 95.533653 130.559601 189.910965 96.129135                 28 
17.752811 188.553955 68.664284 92.081223 211.820892 81.529251 32.983387 189.370041 95.879005 131.305832 189.624771 96.069595                 42 
17.874063 188.648865 68.902885 92.561470 211.557693 81.409737 33.393375 189.354874 96.148300 131.747879 189.431503 96.158119                 58 
17.874481 188.771896 69.004997 92.824539 211.413528 81.344261 33.613274 189.295883 96.265320 131.991135 189.327881 96.205681                 75 
17.821415 188.915833 69.035210 92.997131 211.318939 81.301308 33.752426 189.219345 96.323936 132.151138 189.260757 96.236504                 92 
17.791853 189.038696 69.047844 93.112961 211.265701 81.537834 33.770210 189.219864 96.403900 132.181992 189.281723 96.801346                109 
18.118574 189.804688 69.367607 93.455467 212.046768 82.336639 34.003487 189.906570 96.737709 132.408417 190.230698 98.128578                126 
18.651052 190.326263 70.458878 94.303230 212.214417 82.894005 34.979649 189.838638 97.472847 133.373367 190.283493 98.230820                143 
18.604990 190.863678 70.971672 94.523720 211.991791 83.656311 35.121017 189.523239 97.637909 133.473404 189.644135 98.695061                160 
18.395304 191.173004 71.005943 94.380501 212.116776 84.071754 34.950985 189.426682 97.497650 133.267181 189.728745 99.213127                177 
18.034548 191.313644 70.974770 94.068428 212.264236 84.139450 34.707939 189.277039 97.322289 133.000900 189.925812 99.236366                194 
17.665796 191.462646 70.851303 93.715004 212.443817 84.220886 34.409115 189.175995 97.152603 132.687637 190.146942 99.275513                211 
17.409069 191.566605 70.745079 93.472702 212.547485 84.265816 34.197014 189.115356 97.036491 132.467316 190.267349 99.288269                228 
17.210007 191.661743 70.652168 93.296471 212.596695 84.321793 34.032246 189.067108 96.940323 132.293335 190.309921 99.328529                245 
17.169888 191.735687 70.587914 93.301743 212.619415 84.326736 34.055286 189.023438 96.904839 132.314743 190.334045 99.293587                262 
17.338026 191.893204 70.654732 93.538620 212.744766 84.425919 34.353954 188.994858 97.006180 132.613312 190.486588 99.271812                281 
17.603003 192.052689 70.790794 93.888313 212.868317 84.556580 34.775097 188.965591 97.189087 133.036346 190.645905 99.262192                301 
17.857147 192.481628 70.650948 94.307762 213.121033 84.443825 35.219635 189.214172 97.205582 133.482498 190.994110 99.222107                321 
17.764908 192.708481 70.497955 94.293083 213.240952 84.501945 35.201637 189.269592 97.161743 133.459167 191.175049 99.393967                342 
17.621962 193.033203 70.239883 94.160179 213.574066 84.564865 35.048851 189.499924 96.987885 133.288330 191.630157 99.734276                364 
17.383173 193.326492 70.115784 93.961327 213.710770 84.663086 34.773567 189.674225 96.903320 133.007645 191.761017 100.033569                385 
17.133633 193.435394 69.981934 93.744415 213.678650 84.682648 34.473755 189.716995 96.665771 132.671173 191.753174 100.387413                406 
16.950905 193.564331 69.928207 93.586006 213.667526 84.741463 34.243961 189.772873 96.483063 132.405975 191.729141 100.690628                428 
16.467312 193.460281 69.895561 93.226990 213.361053 84.345459 33.796963 189.827850 96.282356 131.936523 191.425232 100.564278                451 
16.119551 193.592133 69.621841 92.911324 213.348587 84.129173 33.391251 189.946732 95.879852 131.480850 191.439392 100.713417                474 
16.164892 193.507294 69.864563 93.014893 213.356476 83.982056 33.603115 189.728027 95.982750 131.721130 191.477173 100.284874                497 
15.995938 193.382141 69.910423 92.893433 213.150040 83.933067 33.498920 189.453766 95.981476 131.636444 191.180542 100.025909                520 
16.156368 192.640152 69.837799 92.953629 213.056488 83.551140 33.710602 189.050827 95.966438 131.863586 191.521301 99.827164                543 
16.095730 192.408066 69.883659 92.952156 212.820343 83.348846 33.733017 188.782181 95.991531 131.916901 191.293884 99.504929                566 
16.010857 192.303040 69.863907 92.951103 212.650864 83.203667 33.754730 188.598221 95.999413 131.954849 191.130478 99.273514                588 
15.978691 192.270752 69.841362 93.046638 212.474014 83.005074 33.863838 188.442673 96.026833 132.091019 190.938354 98.955322                611 
15.888998 192.336319 69.769447 93.026375 212.384674 82.915215 33.814381 188.438980 95.984192 132.049622 190.791611 98.839531                634 
15.595079 192.438858 69.788261 92.750717 212.540070 82.825844 33.554352 188.595520 95.945038 131.779343 191.032822 98.852821                656 
15.570083 192.375854 69.791412 92.774216 212.566650 82.445251 33.640736 188.631317 95.887642 131.876877 191.151520 98.414986                679 
15.538659 192.370209 69.753250 92.796112 212.470062 82.287750 33.647945 188.601440 95.841545 131.898071 191.021484 98.214249                702 
15.661573 192.267212 69.618057 92.920609 212.483414 82.089455 33.788174 188.533112 95.771545 132.064072 191.129303 98.040955                725 
15.725765 192.169800 69.498611 92.983101 212.469543 81.980659 33.843792 188.425018 95.743332 132.153885 191.178543 97.949440                748 
15.729973 191.998764 69.330482 92.947754 212.420135 81.970047 33.771957 188.362122 95.683060 132.086960 191.250320 98.175606                772 
15.695601 191.820160 69.234688 92.863167 212.413528 81.969833 33.673092 188.340073 95.663742 131.984024 191.390533 98.409142                795 
15.670888 191.593094 69.119110 92.752655 212.482376 81.976112 33.571140 188.329865 95.625961 131.866745 191.688309 98.719872                818 
15.580359 191.437775 69.055862 92.646111 212.441757 81.913078 33.462833 188.269699 95.590332 131.757584 191.751266 98.790756                842 
15.522993 191.302750 69.160103 92.632057 212.371323 81.743858 33.469982 188.244995 95.655197 131.774521 191.774979 98.664757                865 
15.244458 190.893509 68.960098 92.260620 212.222473 81.849762 33.010578 188.176971 95.572548 131.287247 191.855179 99.306976                887 
15.366894 190.801865 69.171448 92.397842 212.306564 81.829552 33.233479 188.110641 95.709488 131.512115 192.039856 99.207481                910 
15.369705 190.874405 69.238831 92.411781 212.419418 81.910828 33.267117 188.104721 95.727928 131.542343 192.160217 99.260818                933 
15.394513 191.045303 69.252144 92.472206 212.537308 81.936874 33.324245 188.152725 95.669861 131.597137 192.234573 99.248650                955 
15.498364 190.926819 69.610420 92.324799 213.856491 81.430283 33.751728 188.447540 95.774170 131.947418 194.380432 98.558914                977 
15.617703 190.760025 69.948296 92.288452 214.654861 81.098808 34.165249 188.465591 95.870003 132.280304 195.721329 97.975784                999 
15.628901 190.695465 70.032784 92.233162 214.968201 81.068878 34.283058 188.390732 95.773827 132.326447 196.263733 97.960625               1021 
15.584931 190.688568 70.066818 92.214485 214.990921 81.111427 34.283726 188.309799 95.768753 132.317245 196.308945 98.005562               1043 
15.492311 190.817627 70.025658 92.221535 214.924362 81.215790 34.259895 188.203888 95.637451 132.276184 196.136292 98.106400               1065 
15.415843 190.940460 70.077118 92.239792 214.784698 81.372177 34.192513 188.158752 95.664383 132.227142 195.839981 98.247269               1087 
15.363099 190.931610 70.090157 92.209091 214.788849 81.357834 34.166664 188.146500 95.674599 132.203629 195.856949 98.230301               1109 
15.252127 190.916931 70.073166 92.158730 214.732071 81.334053 34.143436 188.035446 95.508080 132.145340 195.800720 98.225861               1132 
15.141687 190.924072 70.065689 92.106415 214.639847 81.345139 34.107529 187.927505 95.300217 132.066177 195.663376 98.249847               1154 
15.072971 191.024277 70.213989 92.164490 214.612976 81.079750 34.230991 187.933670 95.231743 132.189835 195.571609 97.754799               1177 
15.220578 191.260208 70.203270 92.421318 214.617569 81.235413 34.358204 188.223587 95.246315 132.303467 195.579224 98.253479               1200 
15.160295 191.471680 70.083946 92.516861 214.514069 81.271606 34.350674 188.335876 95.138466 132.292236 195.385712 98.437981               1223 
15.182592 191.798111 70.209465 92.760399 214.104889 81.513420 34.366066 188.383636 95.225945 132.357162 194.564789 98.628899               1246 
12.110942 196.239227 73.828896 91.152420 214.933182 80.956596 31.969084 192.856964 99.233192 130.561829 193.787979 96.527016               1315 
11.092355 198.088120 74.784233 90.660240 215.247330 80.571022 31.161484 195.024414 101.267990 129.917511 193.445724 95.611465               1338 
9.063698 201.418503 74.194313 89.606415 215.050735 76.431618 29.842501 201.055771 104.013283 128.356934 192.432388 91.579765               1358 
5.721773 205.340622 70.207474 87.159164 213.060944 71.488174 27.013781 205.445602 102.928154 124.373398 187.846924 86.388245               1377 
2.784432 211.097153 63.538929 84.671730 212.982285 65.007889 24.651800 213.369064 99.809937 120.030151 186.016357 81.295280               1395 
-0.833746 210.407867 53.938225 81.295013 212.771500 56.560814 21.507204 213.434616 93.180298 116.997864 186.248978 72.824936               1410 
-1.427403 209.204773 46.430931 80.816917 212.082199 52.749695 19.886446 213.533600 87.892471 116.339180 186.732803 71.140884               1423 
-2.494764 210.989578 38.932655 80.019485 213.352890 46.818932 18.956867 211.895172 81.738258 115.849800 187.455658 63.794834               1435 
-3.152617 210.685745 31.589777 79.481674 213.231384 42.231598 17.611137 210.020096 74.811485 115.473663 188.117111 60.022270               1446 
-4.862491 210.863602 23.522417 77.858688 216.680557 36.184288 15.937539 209.254959 67.000679 115.181816 194.086060 54.599804               1458 
-9.725837 215.534897 5.742340 72.554688 215.454895 24.901281 8.679065 208.109406 50.566177 107.960114 190.715408 44.319641               1476 
-10.582327 217.812897 -1.988476 71.074722 218.123901 20.948406 6.567039 208.341904 43.843376 106.447449 193.998398 41.181763               1485 
-11.640837 220.070709 -20.845325 68.256149 216.405090 9.410258 2.412731 204.408463 26.223448 102.308487 191.370850 30.773407               1503 
-11.551144 220.661285 -27.904099 67.559845 215.360260 4.894340 1.353074 202.908752 19.420938 101.035210 190.069519 26.858793               1512 
-14.004286 219.867462 -46.236923 62.948574 213.621536 -7.817796 -3.474629 198.151962 1.026110 95.697952 188.457443 15.353429               1531 
-15.121169 222.869980 -61.873394 59.813801 214.953506 -18.868828 -6.287454 197.215424 -14.800410 91.866333 190.115295 5.592517               1549 
-18.813417 219.794891 -78.494087 54.503548 213.417633 -31.878475 -10.099195 190.772278 -32.437771 86.978928 189.719498 -6.850340               1567 
-17.905464 222.241592 -85.114746 54.112778 213.369370 -36.306934 -10.415144 190.771317 -39.122768 85.793503 189.352325 -10.574225               1576 
-20.121685 221.384064 -100.253235 50.342644 212.461823 -48.379086 -12.847683 187.027130 -54.408291 81.920738 189.472778 -21.602472               1594 
-20.551800 220.969986 -115.323898 47.658222 214.003769 -59.841068 -14.723298 187.347275 -67.944237 78.218590 192.552017 -30.711267               1612 
-23.375372 220.367676 -129.242157 43.265640 216.561523 -71.381859 -17.712313 187.498917 -81.005768 73.487770 196.928329 -40.660221               1630 
-25.854736 220.367737 -135.484665 40.557560 218.821335 -77.163811 -19.172775 187.471939 -87.236481 71.258759 200.354126 -46.195148               1639 
-26.861071 219.269592 -149.703568 37.306801 221.805893 -88.815125 -20.913206 188.140259 -99.953331 67.270432 205.603348 -55.916534               1657 
-25.946323 221.894012 -155.624390 36.297039 221.905838 -92.658745 -21.941938 189.276489 -106.489784 64.979942 204.503464 -59.235592               1666 
-22.524422 223.829514 -169.154053 34.569157 222.089600 -101.416687 -23.722071 191.622101 -119.371284 59.759766 204.105621 -65.574417               1684 
-22.101627 223.246674 -173.504456 33.778404 221.960907 -104.712624 -23.943996 191.015244 -123.659012 58.427761 204.250565 -68.361397               1693 
-25.233477 228.042572 -179.986145 30.038454 222.624313 -110.434647 -25.793861 190.115265 -132.254929 55.125473 203.785843 -74.960533               1711 
-27.397379 233.663834 -186.859253 27.249821 222.772461 -116.628349 -28.095839 190.934250 -140.629761 51.561516 202.851395 -81.205872               1729 
-29.273022 237.231003 -187.848206 27.129087 223.561707 -118.803391 -28.073343 191.486954 -142.808426 51.963726 203.361649 -83.905579               1739 
-32.265762 237.329758 -195.924683 23.618553 226.040115 -125.427528 -29.824404 191.599014 -150.163910 48.102325 207.467957 -89.395889               1757 
-33.709175 237.530701 -200.415298 22.538942 228.086121 -129.516998 -30.316435 192.522415 -153.987900 46.819157 210.595047 -92.812889               1768 
-34.806145 238.733215 -203.334000 21.292986 228.021606 -131.996323 -30.955975 192.602524 -158.010620 44.928383 210.057724 -95.100174               1784 
-35.529106 238.230560 -209.799469 19.931736 229.645721 -137.286407 -31.382582 193.154785 -163.753479 42.770363 212.736221 -99.403374               1802 
-36.400650 239.263443 -211.495667 19.615366 230.277496 -139.229355 -31.324041 193.511414 -166.096970 42.573952 213.227829 -101.481888               1811 
-36.922623 242.364258 -214.649765 18.361134 231.463806 -141.756485 -32.072151 195.335266 -170.588638 40.464649 213.462036 -103.940750               1829 
-37.575783 242.920929 -216.283432 17.958139 231.295364 -143.537735 -32.525639 195.371246 -172.733337 39.966019 212.948257 -105.832352               1838 
-39.320465 241.936569 -220.552032 16.836512 232.291412 -147.725739 -33.351982 195.289963 -176.223969 38.861000 214.941620 -109.560768               1856 
-39.808678 241.995987 -221.368927 16.651798 232.471130 -148.584610 -33.305374 195.148087 -177.202881 38.661587 215.227371 -110.363136               1865 
-41.180470 243.883652 -222.281494 16.446974 232.829193 -150.035873 -33.331814 195.479385 -179.186356 38.337589 215.295715 -111.877823               1884 
-41.814762 244.205490 -222.917374 16.256899 232.668381 -150.957474 -33.314281 195.230576 -180.452438 38.273651 214.895645 -112.983124               1892 
-41.824833 245.501007 -224.096985 15.953590 232.369827 -151.903137 -33.585754 195.435822 -182.351791 37.419117 214.016418 -113.889427               1910 
-42.755936 244.723190 -226.437073 15.030833 232.647934 -153.920990 -34.451782 195.261093 -183.976974 36.253777 214.902252 -115.484848               1919 
-45.050007 245.808380 -230.024246 12.085938 232.796097 -156.892776 -37.166374 195.752686 -187.898361 32.496449 214.767288 -118.149620               1937 
-45.117661 246.517090 -230.905167 11.980329 233.374374 -157.640381 -37.319309 196.354416 -188.703339 32.140450 215.396835 -118.742607               1946 
-45.311527 247.939194 -231.222733 11.817139 233.904892 -157.887634 -37.620758 197.100723 -189.241287 31.533903 215.759796 -118.840706               1966 
-45.693497 249.037689 -230.966888 12.001802 234.300232 -158.062347 -37.393978 197.455658 -189.585114 31.851431 215.906403 -119.199532               1975 
-47.122623 249.345978 -229.855194 11.968762 233.229599 -158.205429 -37.343826 196.336197 -190.026260 32.507313 214.151367 -120.036751               1986 
-47.548595 250.931442 -229.491760 12.410792 233.605118 -158.719391 -37.075039 196.797821 -190.765015 33.304726 213.932358 -121.048645               2007 
-47.670025 251.191772 -229.293274 12.417349 233.633194 -158.668457 -37.058117 196.783783 -190.802719 33.368130 213.836700 -121.094223               2018 
-47.942616 252.087708 -228.786636 12.347686 233.841141 -158.443924 -37.000751 196.991608 -190.926392 33.368774 213.734329 -121.074295               2029 
-48.023308 253.452408 -226.764999 12.708951 232.391769 -157.555206 -36.991112 196.747162 -190.952591 33.889957 210.922424 -121.043686               2040 
-48.259792 254.403336 -224.408157 13.121401 231.432770 -156.358459 -36.738251 196.494293 -190.340363 34.640163 208.999680 -120.632301               2053 
-48.628269 255.377472 -223.199432 13.361100 231.151642 -156.119843 -36.522770 196.485428 -190.397308 35.258888 208.138550 -120.998009               2077 
-48.546799 255.899078 -222.788559 13.577777 230.844284 -156.134201 -36.296165 196.372604 -190.637039 35.620190 207.516876 -121.311470               2090 
-48.472099 257.588257 -221.685974 13.240637 229.639954 -155.800232 -36.491795 196.481537 -191.781845 35.136734 204.991608 -121.804955               2103 
-47.981403 258.831726 -223.424805 13.049694 230.732941 -156.946915 -36.587242 197.389847 -192.926834 34.611309 206.312073 -122.575752               2116 
-48.373108 258.469482 -224.140015 13.177989 230.788651 -158.010071 -36.129066 196.894836 -193.960419 35.261021 206.486099 -123.886993               2129 
-48.402084 258.987305 -224.428650 13.243727 230.960342 -158.590179 -35.981441 197.065247 -194.679382 35.560837 206.497009 -124.735321               2143 
-48.337620 258.981873 -225.112778 13.099216 230.964951 -159.150146 -35.861671 196.909760 -195.477829 35.509579 206.480621 -125.372154               2157 
-47.771278 258.492035 -225.164703 13.532734 230.217163 -159.388153 -35.317890 196.332169 -196.043854 36.187584 205.417969 -126.005272               2170 
-46.374458 259.322296 -222.781403 13.512987 226.850540 -157.892258 -35.173946 195.765350 -197.167587 35.637348 199.772110 -125.955917               2184 
-43.877022 262.311401 -216.785568 11.948383 218.736069 -155.028656 -36.167038 195.594421 -200.079971 31.893671 186.459686 -126.689987               2198 
-43.963741 260.837952 -224.764221 12.138114 225.022980 -158.434464 -35.932716 196.502548 -200.355026 32.266285 196.394104 -126.529869               2212 
-45.685421 259.145752 -228.343750 11.387243 227.879700 -160.551529 -35.925236 196.113754 -200.992691 32.317028 201.329575 -127.389908               2227 
-46.313847 258.350525 -229.295074 11.123028 227.996902 -161.389908 -35.945351 195.471497 -201.534882 32.360268 201.880661 -128.079529               2241 
-44.720512 259.886322 -222.794708 10.629958 220.792511 -157.721375 -35.465820 193.978485 -202.922058 30.840347 190.488159 -127.458427               2253 
-43.623798 260.558929 -217.631348 10.384397 216.981659 -154.667145 -35.076809 193.943329 -202.531631 30.287973 184.290741 -126.777901               2264 
-41.733734 257.599792 -231.980560 12.105727 229.519547 -160.943497 -34.544697 196.983170 -201.617157 32.021278 203.708755 -126.594810               2287 
-46.267487 251.911804 -239.613602 10.705310 233.953262 -167.843658 -36.579800 195.812546 -202.463531 32.547440 212.852539 -131.507187               2298 
-47.338017 249.180069 -245.400024 8.694182 235.912933 -171.968155 -38.297375 195.744354 -204.630325 30.110741 217.093613 -134.155167               2307 
-47.200436 245.672485 -251.425812 6.332407 237.338516 -175.532654 -40.080551 195.389877 -206.754089 26.435575 220.993408 -135.892288               2327 
-46.110847 245.259689 -252.854614 6.393431 237.535370 -176.214554 -40.091038 195.637054 -207.398987 25.873907 221.527374 -136.128220               2336 
-45.440475 244.557922 -254.424149 6.252772 237.628235 -177.196274 -40.338760 195.690125 -208.169174 25.245424 222.033920 -136.714722               2346 
-45.498161 242.311890 -256.449432 5.439545 237.822769 -178.586060 -40.917904 194.994873 -208.691391 24.082895 223.424088 -137.503677               2365 
-45.604961 242.027008 -256.633453 5.374678 237.886292 -178.794861 -40.939964 194.886627 -208.743622 24.083870 223.620544 -137.696030               2373 
-45.834766 241.671570 -256.831299 5.239557 237.956024 -179.059158 -41.012867 194.695419 -208.811935 24.080587 223.826523 -137.973511               2383 
-46.452904 242.231720 -256.832184 4.804818 238.522552 -179.198975 -40.864197 194.815674 -209.301788 23.974823 224.221466 -138.325409               2391 
-48.474815 241.009201 -255.940094 5.407187 240.805756 -180.040863 -39.477039 194.483322 -207.798950 26.639978 227.917221 -139.720734               2409 
-12.587379 192.077850 -206.960083 8.517778 242.205399 -191.016724 -45.919941 195.253815 -206.937286 20.897850 241.565399 -145.311325               2581 
-10.779942 196.087143 -181.117981 10.837648 241.833176 -186.931717 -48.210854 197.230957 -189.779541 25.172977 250.390305 -142.615433               2619 
-12.214803 198.001465 -171.468399 7.020181 244.630753 -174.561386 -50.168995 197.721268 -182.336121 18.754532 251.399353 -129.183517               2636 
-16.165192 199.637573 -168.781113 6.874264 244.508896 -167.474106 -55.937801 204.527527 -176.513077 21.290319 244.536118 -122.364952               2656 
-22.323919 195.988663 -156.885330 2.222504 240.045349 -155.650391 -64.675888 204.160004 -161.961685 17.332428 239.229294 -110.776314               2672 
-31.712650 204.234695 -147.857513 -6.524975 246.303375 -136.044556 -75.529137 215.027466 -149.942047 7.952984 234.629517 -92.492645               2699 
-32.793545 210.608978 -132.057663 -4.014032 250.402557 -120.464973 -76.590508 223.652969 -125.183723 16.298540 233.994476 -80.957596               2716 
-34.459560 213.987961 -118.076622 -4.047680 253.049210 -107.235786 -77.857948 227.618500 -104.611412 19.715717 234.959427 -70.483643               2734 
-41.933041 226.557861 -115.879143 -2.291897 256.814331 -91.584671 -77.013245 232.801300 -88.029305 22.124403 235.126083 -57.290016               2752 
-44.610523 231.382614 -104.372391 1.863054 255.793793 -76.336472 -73.060593 232.376389 -67.262466 28.383163 233.135376 -44.306190               2770 
-45.202530 230.501617 -82.066528 5.964444 250.694778 -54.933002 -69.197525 229.102417 -38.030182 34.457523 226.491928 -25.863686               2800 
-43.750538 229.087097 -75.463829 9.477246 249.747360 -52.184845 -64.260056 228.372940 -29.016193 40.133228 226.434479 -24.628002               2807 
-42.825043 222.311157 -49.847839 13.651435 244.612091 -34.806812 -55.932255 224.891052 1.162883 48.313442 224.427979 -9.631313               2834 
-43.180832 219.676010 -45.615234 12.901440 243.454132 -30.866180 -55.039112 219.886169 6.338616 48.916916 223.858826 -7.168757               2843 
-36.808334 219.011597 -31.192131 19.909584 241.409195 -15.414495 -48.350517 217.813202 21.943316 55.756943 221.062805 7.901818               2861 
-32.393627 215.651993 -6.301597 26.704983 236.840622 1.875446 -38.014595 219.394012 47.967255 64.208260 217.578537 23.442432               2888 
-30.745358 213.355591 0.260063 28.604351 235.331833 5.013769 -33.967010 219.677612 54.610298 67.216919 217.671402 25.986071               2897 
-28.490374 212.969147 11.504955 32.190426 231.442032 17.100782 -31.223124 217.581909 66.057983 69.889244 211.298050 37.488968               2915 
-23.518530 211.706329 16.734879 36.375927 233.493164 22.160854 -24.494009 212.271912 71.661751 75.947975 214.702301 40.150166               2924 
-24.195265 208.085144 27.135101 38.494038 221.781891 32.442837 -22.679914 218.066620 82.073318 75.391563 198.859238 51.305058               2942 
-21.468861 212.808273 29.935860 42.418846 215.218124 38.525303 -19.727427 220.235016 84.832413 74.173782 184.922073 56.313843               2952 
-17.112747 208.209229 33.328545 46.277756 218.338699 41.328079 -15.021528 219.769180 87.593895 81.541946 192.642685 59.734901               2960 
-13.928784 205.146317 39.949448 49.083126 220.621964 41.480530 -7.823688 227.539093 91.992325 87.494873 200.479019 60.492580               2969 
-7.139758 199.064133 48.671112 53.933956 222.394531 45.589161 1.903080 233.963852 101.004257 95.563339 209.072159 63.814629               2987 
-5.148726 198.025452 50.906067 55.773087 222.390823 48.426601 5.633843 236.332382 105.421211 97.654938 209.298172 66.235352               2996 
-2.809144 194.742767 53.643089 57.652500 221.110107 50.900383 8.909305 237.991058 108.989143 100.009331 209.705658 68.746841               3005 
-2.614484 192.512436 54.426502 58.680626 217.930008 54.268230 11.138000 238.002686 113.074478 100.403580 205.178986 72.687386               3016 
2.198017 185.499176 60.868362 61.352997 216.336990 59.018578 14.449868 234.136444 119.421379 104.557999 207.505981 76.281250               3033 
5.188610 178.964371 65.520409 62.453598 213.425171 61.841602 16.540915 228.424118 123.505104 106.688454 207.263397 77.588623               3042 
9.947911 171.504929 69.118469 64.934319 209.929947 65.061195 18.137453 220.693283 125.955437 109.686798 206.776917 80.224747               3060 
9.115451 170.341125 68.563438 64.021233 209.340683 65.395645 16.511086 218.546326 125.605927 108.724266 206.437332 80.753632               3069 
7.925657 170.852814 68.278824 63.991104 209.437012 65.661308 16.264683 217.533203 125.292419 108.738716 206.269699 80.836227               3078 
7.130648 170.872650 67.963799 64.084656 209.214966 66.102707 16.051565 215.179550 124.984749 108.899284 205.728790 81.007561               3087 
8.283730 172.676514 67.818649 67.310043 208.971802 69.487221 18.975832 208.919220 127.021286 112.120712 202.700775 83.463516               3105 
8.921374 171.543182 66.420616 68.070137 207.923691 70.464310 18.321209 204.479279 125.896202 112.689186 201.332275 84.898727               3115 
8.643198 171.986145 65.669449 68.115265 207.898193 70.904015 17.983940 201.292221 124.722717 112.762115 200.558609 84.884293               3123 
9.016143 172.878510 66.496048 69.132599 207.805283 72.626823 18.694767 197.593399 124.097717 113.857330 199.327362 85.683716               3141 
9.317583 174.374039 66.916702 70.142624 208.045349 73.651833 19.069439 197.207275 123.640633 114.683784 198.523148 86.616096               3150 
12.772160 173.233566 65.424530 72.850136 208.084122 75.095642 21.953531 188.565140 120.573120 117.831818 198.867462 86.687042               3168 
12.621926 172.397202 65.320892 72.507820 207.771606 75.199173 21.263500 186.295929 117.862793 117.534286 198.945099 86.919632               3177 
15.507035 168.373535 66.184418 73.883881 206.285767 76.982536 22.393137 181.201324 114.825684 118.989288 199.148102 89.521065               3195 
16.456421 167.272766 66.785461 74.383911 206.024399 77.615601 22.757317 180.295547 113.888016 119.451363 199.398865 90.564972               3204 
16.633862 166.692871 67.288582 74.382576 205.993286 77.831314 22.982409 179.421707 112.356247 119.522636 199.617691 90.652611               3214 
16.879454 167.153305 68.119225 75.026024 205.957687 79.091331 23.541443 178.297348 110.123024 120.135139 198.879959 91.650482               3231 
16.490906 167.391098 68.144829 74.980888 205.770416 79.147995 23.499945 177.719376 108.005302 120.053528 198.233597 91.570282               3240 
16.381289 167.766800 68.267418 75.128983 205.785461 79.216965 23.668264 177.541000 105.516823 120.135277 197.707870 91.539536               3249 
14.643606 173.567169 71.520630 77.065727 206.044266 79.897896 24.540932 180.718826 101.834480 121.378159 193.782639 91.243370               3267 
10.028749 176.491745 73.104698 76.069084 201.654709 78.600433 21.776798 182.402603 101.346184 119.027626 184.556366 88.840996               3277 
6.400782 181.838028 76.655884 76.145729 194.637497 77.462624 20.661093 185.713974 102.931259 115.823532 170.159531 85.778885               3286 
7.994882 197.138306 75.833588 74.236153 173.698608 63.307842 27.899767 195.388443 97.332283 99.204468 134.105316 70.492073               3304 
10.417747 199.678192 74.784058 74.393631 169.871231 61.437374 30.745962 196.511398 95.138641 96.664551 128.986343 70.102852               3314 
11.729007 200.723587 74.383278 74.440880 168.336578 60.653149 31.739063 196.851639 93.314445 95.622101 127.109978 70.368240               3324 
13.944392 202.327728 76.659142 70.514694 162.386932 57.143837 33.697193 194.523407 92.715721 86.688484 118.451462 64.267143               3341 
17.453794 202.583603 80.211563 70.077858 160.136337 55.641006 37.803967 193.347427 94.441948 84.229614 115.224854 60.675381               3350 
18.576597 200.000916 82.596687 68.848274 157.177612 54.618069 39.500164 190.527725 95.542824 82.080765 111.850822 58.229477               3368 
20.753998 198.891785 81.911392 66.805603 152.898438 52.495129 41.203941 188.224838 94.272659 76.441917 106.636574 55.599957               3386 
22.146957 198.826828 83.419281 66.329231 152.065720 52.591759 42.890099 188.083893 95.053772 75.397400 105.690163 55.711929               3395 
23.302431 198.832550 82.935745 65.509529 150.719437 51.583450 43.576351 187.278122 94.410316 72.788994 104.008095 54.361828               3405 
29.428919 201.179855 87.829872 67.915939 152.444321 52.977470 50.666016 189.757385 97.351227 75.327087 105.755196 55.780857               3414 
33.056019 203.013367 90.521507 68.266197 153.310669 53.633118 54.420135 191.055847 98.991043 74.817223 106.480644 56.219830               3432 
999.000000 999.000000 999.000000 999.000000 999.000000 999.000000 999.000000 999.000000 999.000000 999.000000 999.000000 999.000000             3441.0 
999.000000 999.000000 999.000000 999.000000 999.000000 999.000000 999.000000 999.000000 999.000000 999.000000 999.000000 999.000000             3459.0 
999.000000 999.000000 999.000000 999.000000 999.000000 999.000000 999.000000 999.000000 999.000000 999.000000 999.000000 999.000000             3468.0 
999.000000 999.000000 999.000000 999.000000 999.000000 999.000000 999.000000 999.000000 999.000000 999.000000 999.000000 999.000000             3477.0 
999.000000 999.000000 999.000000 999.000000 999.000000 999.000000 999.000000 999.000000 999.000000 999.000000 999.000000 999.000000             3486.0 
999.000000 999.000000 999.000000 999.000000 999.000000 999.000000 999.000000 999.000000 999.000000 999.000000 999.000000 999.000000             3495.0 
999.000000 999.000000 999.000000 999.000000 999.000000 999.000000 999.000000 999.000000 999.000000 999.000000 999.000000 999.000000             3504.0 
999.000000 999.000000 999.000000 999.000000 999.000000 999.000000 999.000000 999.000000 999.000000 999.000000 999.000000 999.000000             3516.0 
999.000000 999.000000 999.000000 999.000000 999.000000 999.000000 999.000000 999.000000 999.000000 999.000000 999.000000 999.000000             3523.0 
999.000000 999.000000 999.000000 999.000000 999.000000 999.000000 999.000000 999.000000 999.000000 999.000000 999.000000 999.000000             3535.0 
999.000000 999.000000 999.000000 999.000000 999.000000 999.000000 999.000000 999.000000 999.000000 999.000000 999.000000 999.000000             3541.0 
999.000000 999.000000 999.000000 999.000000 999.000000 999.000000 999.000000 999.000000 999.000000 999.000000 999.000000 999.000000             3558.0 
999.000000 999.000000 999.000000 999.000000 999.000000 999.000000 999.000000 999.000000 999.000000 999.000000 999.000000 999.000000             3567.0 
999.000000 999.000000 999.000000 999.000000 999.000000 999.000000 999.000000 999.000000 999.000000 999.000000 999.000000 999.000000             3578.0 
999.000000 999.000000 999.000000 999.000000 999.000000 999.000000 999.000000 999.000000 999.000000 999.000000 999.000000 999.000000             3588.0 
999.000000 999.000000 999.000000 999.000000 999.000000 999.000000 999.000000 999.000000 999.000000 999.000000 999.000000 999.000000             3599.0 
999.000000 999.000000 999.000000 999.000000 999.000000 999.000000 999.000000 999.000000 999.000000 999.000000 999.000000 999.000000             3610.0 
999.000000 999.000000 999.000000 999.000000 999.000000 999.000000 999.000000 999.000000 999.000000 999.000000 999.000000 999.000000             3622.0 
999.000000 999.000000 999.000000 999.000000 999.000000 999.000000 999.000000 999.000000 999.000000 999.000000 999.000000 999.000000             3634.0 
999.000000 999.000000 999.000000 999.000000 999.000000 999.000000 999.000000 999.000000 999.000000 999.000000 999.000000 999.000000             3647.0 
999.000000 999.000000 999.000000 999.000000 999.000000 999.000000 999.000000 999.000000 999.000000 999.000000 999.000000 999.000000             3659.0 
999.000000 999.000000 999.000000 999.000000 999.000000 999.000000 999.000000 999.000000 999.000000 999.000000 999.000000 999.000000             3672.0 
999.000000 999.000000 999.000000 999.000000 999.000000 999.000000 999.000000 999.000000 999.000000 999.000000 999.000000 999.000000             3684.0 
999.000000 999.000000 999.000000 999.000000 999.000000 999.000000 999.000000 999.000000 999.000000 999.000000 999.000000 999.000000             3697.0 
999.000000 999.000000 999.000000 999.000000 999.000000 999.000000 999.000000 999.000000 999.000000 999.000000 999.000000 999.000000             3716.0 
999.000000 999.000000 999.000000 999.000000 999.000000 999.000000 999.000000 999.000000 999.000000 999.000000 999.000000 999.000000             3735.0 
999.000000 999.000000 999.000000 999.000000 999.000000 999.000000 999.000000 999.000000 999.000000 999.000000 999.000000 999.000000             3753.0 
999.000000 999.000000 999.000000 999.000000 999.000000 999.000000 999.000000 999.000000 999.000000 999.000000 999.000000 999.000000             3772.0 
999.000000 999.000000 999.000000 999.000000 999.000000 999.000000 999.000000 999.000000 999.000000 999.000000 999.000000 999.000000             3791.0 
999.000000 999.000000 999.000000 999.000000 999.000000 999.000000 999.000000 999.000000 999.000000 999.000000 999.000000 999.000000             3810.0 
999.000000 999.000000 999.000000 999.000000 999.000000 999.000000 999.000000 999.000000 999.000000 999.000000 999.000000 999.000000             3828.0 
999.000000 999.000000 999.000000 999.000000 999.000000 999.000000 999.000000 999.000000 999.000000 999.000000 999.000000 999.000000             3847.0 
999.000000 999.000000 999.000000 999.000000 999.000000 999.000000 999.000000 999.000000 999.000000 999.000000 999.000000 999.000000             3903.0 
999.000000 999.000000 999.000000 999.000000 999.000000 999.000000 999.000000 999.000000 999.000000 999.000000 999.000000 999.000000             3922.0 
999.000000 999.000000 999.000000 999.000000 999.000000 999.000000 999.000000 999.000000 999.000000 999.000000 999.000000 999.000000             3945.0 
999.000000 999.000000 999.000000 999.000000 999.000000 999.000000 999.000000 999.000000 999.000000 999.000000 999.000000 999.000000             3959.0 
999.000000 999.000000 999.000000 999.000000 999.000000 999.000000 999.000000 999.000000 999.000000 999.000000 999.000000 999.000000             3978.0 
999.000000 999.000000 999.000000 999.000000 999.000000 999.000000 999.000000 999.000000 999.000000 999.000000 999.000000 999.000000             3997.0 
999.000000 999.000000 999.000000 999.000000 999.000000 999.000000 999.000000 999.000000 999.000000 999.000000 999.000000 999.000000             4016.0 
999.000000 999.000000 999.000000 999.000000 999.000000 999.000000 999.000000 999.000000 999.000000 999.000000 999.000000 999.000000             4034.0 
999.000000 999.000000 999.000000 999.000000 999.000000 999.000000 999.000000 999.000000 999.000000 999.000000 999.000000 999.000000             4053.0 
999.000000 999.000000 999.000000 999.000000 999.000000 999.000000 999.000000 999.000000 999.000000 999.000000 999.000000 999.000000             4072.0 
999.000000 999.000000 999.000000 999.000000 999.000000 999.000000 999.000000 999.000000 999.000000 999.000000 999.000000 999.000000             4091.0 
999.000000 999.000000 999.000000 999.000000 999.000000 999.000000 999.000000 999.000000 999.000000 999.000000 999.000000 999.000000             4109.0 
999.000000 999.000000 999.000000 999.000000 999.000000 999.000000 999.000000 999.000000 999.000000 999.000000 999.000000 999.000000             4128.0 
999.000000 999.000000 999.000000 999.000000 999.000000 999.000000 999.000000 999.000000 999.000000 999.000000 999.000000 999.000000             4147.0 
999.000000 999.000000 999.000000 999.000000 999.000000 999.000000 999.000000 999.000000 999.000000 999.000000 999.000000 999.000000             4166.0 
999.000000 999.000000 999.000000 999.000000 999.000000 999.000000 999.000000 999.000000 999.000000 999.000000 999.000000 999.000000             4184.0 
999.000000 999.000000 999.000000 999.000000 999.000000 999.000000 999.000000 999.000000 999.000000 999.000000 999.000000 999.000000             4203.0 
999.000000 999.000000 999.000000 999.000000 999.000000 999.000000 999.000000 999.000000 999.000000 999.000000 999.000000 999.000000             4222.0 
999.000000 999.000000 999.000000 999.000000 999.000000 999.000000 999.000000 999.000000 999.000000 999.000000 999.000000 999.000000             4240.0 
999.000000 999.000000 999.000000 999.000000 999.000000 999.000000 999.000000 999.000000 999.000000 999.000000 999.000000 999.000000             4259.0 
999.000000 999.000000 999.000000 999.000000 999.000000 999.000000 999.000000 999.000000 999.000000 999.000000 999.000000 999.000000             4278.0 
999.000000 999.000000 999.000000 999.000000 999.000000 999.000000 999.000000 999.000000 999.000000 999.000000 999.000000 999.000000             4297.0 
999.000000 999.000000 999.000000 999.000000 999.000000 999.000000 999.000000 999.000000 999.000000 999.000000 999.000000 999.000000             4316.0 
999.000000 999.000000 999.000000 999.000000 999.000000 999.000000 999.000000 999.000000 999.000000 999.000000 999.000000 999.000000             4334.0 
999.000000 999.000000 999.000000 999.000000 999.000000 999.000000 999.000000 999.000000 999.000000 999.000000 999.000000 999.000000             4353.0 
999.000000 999.000000 999.000000 999.000000 999.000000 999.000000 999.000000 999.000000 999.000000 999.000000 999.000000 999.000000             4372.0 
999.000000 999.000000 999.000000 999.000000 999.000000 999.000000 999.000000 999.000000 999.000000 999.000000 999.000000 999.000000             4390.0 
999.000000 999.000000 999.000000 999.000000 999.000000 999.000000 999.000000 999.000000 999.000000 999.000000 999.000000 999.000000             4409.0 
999.000000 999.000000 999.000000 999.000000 999.000000 999.000000 999.000000 999.000000 999.000000 999.000000 999.000000 999.000000             4428.0 
999.000000 999.000000 999.000000 999.000000 999.000000 999.000000 999.000000 999.000000 999.000000 999.000000 999.000000 999.000000             4447.0 
999.000000 999.000000 999.000000 999.000000 999.000000 999.000000 999.000000 999.000000 999.000000 999.000000 999.000000 999.000000             4466.0 
999.000000 999.000000 999.000000 999.000000 999.000000 999.000000 999.000000 999.000000 999.000000 999.000000 999.000000 999.000000             4484.0 
999.000000 999.000000 999.000000 999.000000 999.000000 999.000000 999.000000 999.000000 999.000000 999.000000 999.000000 999.000000             4503.0 
999.000000 999.000000 999.000000 999.000000 999.000000 999.000000 999.000000 999.000000 999.000000 999.000000 999.000000 999.000000             4521.0 
999.000000 999.000000 999.000000 999.000000 999.000000 999.000000 999.000000 999.000000 999.000000 999.000000 999.000000 999.000000             4540.0 
999.000000 999.000000 999.000000 999.000000 999.000000 999.000000 999.000000 999.000000 999.000000 999.000000 999.000000 999.000000             4559.0 
999.000000 999.000000 999.000000 999.000000 999.000000 999.000000 999.000000 999.000000 999.000000 999.000000 999.000000 999.000000             4578.0 
999.000000 999.000000 999.000000 999.000000 999.000000 999.000000 999.000000 999.000000 999.000000 999.000000 999.000000 999.000000             4596.0 
999.000000 999.000000 999.000000 999.000000 999.000000 999.000000 999.000000 999.000000 999.000000 999.000000 999.000000 999.000000             4615.0 
999.000000 999.000000 999.000000 999.000000 999.000000 999.000000 999.000000 999.000000 999.000000 999.000000 999.000000 999.000000             4634.0 
999.000000 999.000000 999.000000 999.000000 999.000000 999.000000 999.000000 999.000000 999.000000 999.000000 999.000000 999.000000             4652.0 
999.000000 999.000000 999.000000 999.000000 999.000000 999.000000 999.000000 999.000000 999.000000 999.000000 999.000000 999.000000             4671.0 
999.000000 999.000000 999.000000 999.000000 999.000000 999.000000 999.000000 999.000000 999.000000 999.000000 999.000000 999.000000             4690.0 
999.000000 999.000000 999.000000 999.000000 999.000000 999.000000 999.000000 999.000000 999.000000 999.000000 999.000000 999.000000             4709.0 
999.000000 999.000000 999.000000 999.000000 999.000000 999.000000 999.000000 999.000000 999.000000 999.000000 999.000000 999.000000             4728.0 
999.000000 999.000000 999.000000 999.000000 999.000000 999.000000 999.000000 999.000000 999.000000 999.000000 999.000000 999.000000             4746.0 
999.000000 999.000000 999.000000 999.000000 999.000000 999.000000 999.000000 999.000000 999.000000 999.000000 999.000000 999.000000             4765.0 
999.000000 999.000000 999.000000 999.000000 999.000000 999.000000 999.000000 999.000000 999.000000 999.000000 999.000000 999.000000             4784.0 
999.000000 999.000000 999.000000 999.000000 999.000000 999.000000 999.000000 999.000000 999.000000 999.000000 999.000000 999.000000             4802.0 
999.000000 999.000000 999.000000 999.000000 999.000000 999.000000 999.000000 999.000000 999.000000 999.000000 999.000000 999.000000             4821.0 
999.000000 999.000000 999.000000 999.000000 999.000000 999.000000 999.000000 999.000000 999.000000 999.000000 999.000000 999.000000             4840.0 
999.000000 999.000000 999.000000 999.000000 999.000000 999.000000 999.000000 999.000000 999.000000 999.000000 999.000000 999.000000             4858.0 
999.000000 999.000000 999.000000 999.000000 999.000000 999.000000 999.000000 999.000000 999.000000 999.000000 999.000000 999.000000             4877.0 
999.000000 999.000000 999.000000 999.000000 999.000000 999.000000 999.000000 999.000000 999.000000 999.000000 999.000000 999.000000             4896.0 
999.000000 999.000000 999.000000 999.000000 999.000000 999.000000 999.000000 999.000000 999.000000 999.000000 999.000000 999.000000             4915.0 
999.000000 999.000000 999.000000 999.000000 999.000000 999.000000 999.000000 999.000000 999.000000 999.000000 999.000000 999.000000             4933.0 
999.000000 999.000000 999.000000 999.000000 999.000000 999.000000 999.000000 999.000000 999.000000 999.000000 999.000000 999.000000             4952.0 
999.000000 999.000000 999.000000 999.000000 999.000000 999.000000 999.000000 999.000000 999.000000 999.000000 999.000000 999.000000             4971.0 
999.000000 999.000000 999.000000 999.000000 999.000000 999.000000 999.000000 999.000000 999.000000 999.000000 999.000000 999.000000             4990.0 
999.000000 999.000000 999.000000 999.000000 999.000000 999.000000 999.000000 999.000000 999.000000 999.000000 999.000000 999.000000             5008.0 
999.000000 999.000000 999.000000 999.000000 999.000000 999.000000 999.000000 999.000000 999.000000 999.000000 999.000000 999.000000             5027.0 
999.000000 999.000000 999.000000 999.000000 999.000000 999.000000 999.000000 999.000000 999.000000 999.000000 999.000000 999.000000             5046.0 
999.000000 999.000000 999.000000 999.000000 999.000000 999.000000 999.000000 999.000000 999.000000 999.000000 999.000000 999.000000             5065.0 
999.000000 999.000000 999.000000 999.000000 999.000000 999.000000 999.000000 999.000000 999.000000 999.000000 999.000000 999.000000             5083.0 
999.000000 999.000000 999.000000 999.000000 999.000000 999.000000 999.000000 999.000000 999.000000 999.000000 999.000000 999.000000             5102.0 
999.000000 999.000000 999.000000 999.000000 999.000000 999.000000 999.000000 999.000000 999.000000 999.000000 999.000000 999.000000             5121.0 
999.000000 999.000000 999.000000 999.000000 999.000000 999.000000 999.000000 999.000000 999.000000 999.000000 999.000000 999.000000             5139.0 
999.000000 999.000000 999.000000 999.000000 999.000000 999.000000 999.000000 999.000000 999.000000 999.000000 999.000000 999.000000             5158.0 
999.000000 999.000000 999.000000 999.000000 999.000000 999.000000 999.000000 999.000000 999.000000 999.000000 999.000000 999.000000             5177.0 
999.000000 999.000000 999.000000 999.000000 999.000000 999.000000 999.000000 999.000000 999.000000 999.000000 999.000000 999.000000             5196.0 
999.000000 999.000000 999.000000 999.000000 999.000000 999.000000 999.000000 999.000000 999.000000 999.000000 999.000000 999.000000             5214.0 
999.000000 999.000000 999.000000 999.000000 999.000000 999.000000 999.000000 999.000000 999.000000 999.000000 999.000000 999.000000             5233.0 
999.000000 999.000000 999.000000 999.000000 999.000000 999.000000 999.000000 999.000000 999.000000 999.000000 999.000000 999.000000             5252.0 
999.000000 999.000000 999.000000 999.000000 999.000000 999.000000 999.000000 999.000000 999.000000 999.000000 999.000000 999.000000             5271.0 
999.000000 999.000000 999.000000 999.000000 999.000000 999.000000 999.000000 999.000000 999.000000 999.000000 999.000000 999.000000             5289.0 
999.000000 999.000000 999.000000 999.000000 999.000000 999.000000 999.000000 999.000000 999.000000 999.000000 999.000000 999.000000             5308.0 
999.000000 999.000000 999.000000 999.000000 999.000000 999.000000 999.000000 999.000000 999.000000 999.000000 999.000000 999.000000             5327.0 
999.000000 999.000000 999.000000 999.000000 999.000000 999.000000 999.000000 999.000000 999.000000 999.000000 999.000000 999.000000             5346.0 
999.000000 999.000000 999.000000 999.000000 999.000000 999.000000 999.000000 999.000000 999.000000 999.000000 999.000000 999.000000             5364.0 
999.000000 999.000000 999.000000 999.000000 999.000000 999.000000 999.000000 999.000000 999.000000 999.000000 999.000000 999.000000             5383.0 
999.000000 999.000000 999.000000 999.000000 999.000000 999.000000 999.000000 999.000000 999.000000 999.000000 999.000000 999.000000             5402.0 
999.000000 999.000000 999.000000 999.000000 999.000000 999.000000 999.000000 999.000000 999.000000 999.000000 999.000000 999.000000             5420.0 
999.000000 999.000000 999.000000 999.000000 999.000000 999.000000 999.000000 999.000000 999.000000 999.000000 999.000000 999.000000             5439.0 
999.000000 999.000000 999.000000 999.000000 999.000000 999.000000 999.000000 999.000000 999.000000 999.000000 999.000000 999.000000             5458.0 
999.000000 999.000000 999.000000 999.000000 999.000000 999.000000 999.000000 999.000000 999.000000 999.000000 999.000000 999.000000             5477.0 
999.000000 999.000000 999.000000 999.000000 999.000000 999.000000 999.000000 999.000000 999.000000 999.000000 999.000000 999.000000             5495.0 
999.000000 999.000000 999.000000 999.000000 999.000000 999.000000 999.000000 999.000000 999.000000 999.000000 999.000000 999.000000             5514.0 
999.000000 999.000000 999.000000 999.000000 999.000000 999.000000 999.000000 999.000000 999.000000 999.000000 999.000000 999.000000             5533.0 
999.000000 999.000000 999.000000 999.000000 999.000000 999.000000 999.000000 999.000000 999.000000 999.000000 999.000000 999.000000             5551.0 
999.000000 999.000000 999.000000 999.000000 999.000000 999.000000 999.000000 999.000000 999.000000 999.000000 999.000000 999.000000             5570.0 
999.000000 999.000000 999.000000 999.000000 999.000000 999.000000 999.000000 999.000000 999.000000 999.000000 999.000000 999.000000             5589.0 
999.000000 999.000000 999.000000 999.000000 999.000000 999.000000 999.000000 999.000000 999.000000 999.000000 999.000000 999.000000             5608.0 
999.000000 999.000000 999.000000 999.000000 999.000000 999.000000 999.000000 999.000000 999.000000 999.000000 999.000000 999.000000             5626.0 
999.000000 999.000000 999.000000 999.000000 999.000000 999.000000 999.000000 999.000000 999.000000 999.000000 999.000000 999.000000             5645.0 
999.000000 999.000000 999.000000 999.000000 999.000000 999.000000 999.000000 999.000000 999.000000 999.000000 999.000000 999.000000             5664.0 
999.000000 999.000000 999.000000 999.000000 999.000000 999.000000 999.000000 999.000000 999.000000 999.000000 999.000000 999.000000             5683.0 
999.000000 999.000000 999.000000 999.000000 999.000000 999.000000 999.000000 999.000000 999.000000 999.000000 999.000000 999.000000             5701.0 
999.000000 999.000000 999.000000 999.000000 999.000000 999.000000 999.000000 999.000000 999.000000 999.000000 999.000000 999.000000             5720.0 
999.000000 999.000000 999.000000 999.000000 999.000000 999.000000 999.000000 999.000000 999.000000 999.000000 999.000000 999.000000             5739.0 
999.000000 999.000000 999.000000 999.000000 999.000000 999.000000 999.000000 999.000000 999.000000 999.000000 999.000000 999.000000             5758.0 
999.000000 999.000000 999.000000 999.000000 999.000000 999.000000 999.000000 999.000000 999.000000 999.000000 999.000000 999.000000             5776.0 
999.000000 999.000000 999.000000 999.000000 999.000000 999.000000 999.000000 999.000000 999.000000 999.000000 999.000000 999.000000             5795.0 
999.000000 999.000000 999.000000 999.000000 999.000000 999.000000 999.000000 999.000000 999.000000 999.000000 999.000000 999.000000             5814.0 
999.000000 999.000000 999.000000 999.000000 999.000000 999.000000 999.000000 999.000000 999.000000 999.000000 999.000000 999.000000             5832.0 
999.000000 999.000000 999.000000 999.000000 999.000000 999.000000 999.000000 999.000000 999.000000 999.000000 999.000000 999.000000             5851.0 
999.000000 999.000000 999.000000 999.000000 999.000000 999.000000 999.000000 999.000000 999.000000 999.000000 999.000000 999.000000             5870.0 
999.000000 999.000000 999.000000 999.000000 999.000000 999.000000 999.000000 999.000000 999.000000 999.000000 999.000000 999.000000             5889.0 
999.000000 999.000000 999.000000 999.000000 999.000000 999.000000 999.000000 999.000000 999.000000 999.000000 999.000000 999.000000             5907.0 
999.000000 999.000000 999.000000 999.000000 999.000000 999.000000 999.000000 999.000000 999.000000 999.000000 999.000000 999.000000             5926.0 
999.000000 999.000000 999.000000 999.000000 999.000000 999.000000 999.000000 999.000000 999.000000 999.000000 999.000000 999.000000             5945.0 
999.000000 999.000000 999.000000 999.000000 999.000000 999.000000 999.000000 999.000000 999.000000 999.000000 999.000000 999.000000             5964.0 
999.000000 999.000000 999.000000 999.000000 999.000000 999.000000 999.000000 999.000000 999.000000 999.000000 999.000000 999.000000             5982.0 
999.000000 999.000000 999.000000 999.000000 999.000000 999.000000 999.000000 999.000000 999.000000 999.000000 999.000000 999.000000             6001.0 
999.000000 999.000000 999.000000 999.000000 999.000000 999.000000 999.000000 999.000000 999.000000 999.000000 999.000000 999.000000             6020.0 
999.000000 999.000000 999.000000 999.000000 999.000000 999.000000 999.000000 999.000000 999.000000 999.000000 999.000000 999.000000             6038.0 
999.000000 999.000000 999.000000 999.000000 999.000000 999.000000 999.000000 999.000000 999.000000 999.000000 999.000000 999.000000             6057.0 
999.000000 999.000000 999.000000 999.000000 999.000000 999.000000 999.000000 999.000000 999.000000 999.000000 999.000000 999.000000             6076.0 
999.000000 999.000000 999.000000 999.000000 999.000000 999.000000 999.000000 999.000000 999.000000 999.000000 999.000000 999.000000             6095.0 
999.000000 999.000000 999.000000 999.000000 999.000000 999.000000 999.000000 999.000000 999.000000 999.000000 999.000000 999.000000             6114.0 
999.000000 999.000000 999.000000 999.000000 999.000000 999.000000 999.000000 999.000000 999.000000 999.000000 999.000000 999.000000             6132.0 
999.000000 999.000000 999.000000 999.000000 999.000000 999.000000 999.000000 999.000000 999.000000 999.000000 999.000000 999.000000             6151.0 
999.000000 999.000000 999.000000 999.000000 999.000000 999.000000 999.000000 999.000000 999.000000 999.000000 999.000000 999.000000             6170.0 
999.000000 999.000000 999.000000 999.000000 999.000000 999.000000 999.000000 999.000000 999.000000 999.000000 999.000000 999.000000             6188.0 
999.000000 999.000000 999.000000 999.000000 999.000000 999.000000 999.000000 999.000000 999.000000 999.000000 999.000000 999.000000             6207.0 
999.000000 999.000000 999.000000 999.000000 999.000000 999.000000 999.000000 999.000000 999.000000 999.000000 999.000000 999.000000             6226.0 
