13.678486 219.626450 30.094616 92.985741 192.850494 83.777481 27.325539 185.221558 81.658913 128.491837 166.527481 116.013870                  0 
13.759631 219.753433 30.141197 93.019241 192.775467 83.749031 27.353153 185.222412 81.674286 128.537430 166.414856 115.941338                 24 
13.806684 219.814178 30.184744 93.047493 192.712173 83.725037 27.382658 185.223648 81.676071 128.575821 166.319839 115.880150                 49 
13.875270 219.905746 30.214804 93.071068 192.659378 83.705025 27.410994 185.220779 81.672829 128.607803 166.240585 115.829102                 73 
13.916999 219.949860 30.248772 93.091385 192.613876 83.687775 27.439207 185.220505 81.665642 128.635315 166.172256 115.785095                 98 
13.941263 219.974396 30.283461 93.108940 192.574539 83.672859 27.464554 185.221054 81.658218 128.659073 166.113190 115.747055                123 
13.963864 219.990738 30.313185 93.124352 192.540024 83.659775 27.491068 185.218079 81.649284 128.679901 166.061356 115.713669                148 
13.985353 220.007370 30.337940 93.137932 192.509613 83.648247 27.521114 185.215164 81.632202 128.698227 166.015686 115.684250                173 
14.005003 220.026672 30.360632 93.150085 192.482407 83.637932 27.595879 185.195084 81.553581 128.714615 165.974808 115.657921                198 
14.020221 220.038223 30.382000 93.161034 192.457886 83.628632 27.663389 185.184006 81.492935 128.729370 165.937973 115.634193                223 
14.035522 220.047379 30.401272 93.170898 192.435776 83.620255 27.724102 185.174866 81.441994 128.742661 165.904785 115.612816                248 
14.051730 220.053635 30.420528 93.179878 192.415665 83.612625 27.810606 185.141037 81.350700 128.754761 165.874557 115.593346                273 
14.066784 220.058365 30.439377 93.188057 192.397339 83.605682 27.909794 185.086090 81.239487 128.765762 165.847046 115.575623                298 
14.079157 220.066101 30.452988 93.195526 192.380615 83.599342 28.027027 185.015976 81.104584 128.775803 165.821915 115.559433                323 
14.102538 220.090302 30.463379 93.202415 192.365189 83.593491 28.156538 184.928177 80.959740 128.785065 165.798737 115.544502                348 
14.128883 220.117157 30.473274 93.208778 192.350937 83.588089 28.261227 184.856262 80.844269 128.793625 165.777313 115.530701                372 
14.166020 220.165314 30.483999 93.214661 192.337753 83.583092 28.361860 184.778931 80.740974 128.801529 165.757507 115.517944                397 
14.181483 220.180588 30.499023 93.220139 192.325485 83.578438 28.454662 184.709106 80.655876 128.808868 165.739090 115.506073                422 
14.196025 220.188400 30.518791 93.225266 192.314011 83.574089 28.563976 184.628525 80.560905 128.815750 165.721848 115.494965                447 
14.213906 220.190231 30.537558 93.230019 192.303360 83.570053 28.606401 184.605118 80.541504 128.822128 165.705841 115.484665                472 
14.230976 220.190048 30.560112 93.234474 192.293381 83.566269 28.630630 184.594864 80.537880 128.828110 165.690857 115.475006                497 
14.249040 220.186996 30.582146 93.238655 192.284012 83.562714 28.672853 184.570801 80.518471 128.833710 165.676773 115.465935                522 
13.425200 217.449203 29.226995 92.443878 195.763489 84.967964 28.670378 184.195145 80.520805 128.632568 172.270905 118.601974                597 
13.292603 216.838791 28.947098 92.200607 196.488388 85.330086 28.671225 184.121338 80.538971 128.439102 173.697449 119.390511                623 
13.315030 216.918442 29.021391 92.250458 196.433411 85.284515 28.755468 184.065567 80.532211 128.521606 173.607422 119.286674                647 
13.260913 216.471024 28.902628 92.117561 197.014893 85.603493 28.897116 183.962662 80.587769 128.450348 174.796402 119.940598                670 
13.354584 216.791046 29.142002 92.182411 196.262329 85.472076 28.914608 183.742599 80.549553 128.430923 173.585236 119.597778                693 
13.337894 217.021408 29.628487 92.466782 195.446457 85.103386 29.097984 183.447800 80.671333 128.842728 172.298843 118.774551                718 
13.375004 217.196884 29.955059 92.627266 194.895813 84.927017 29.182440 183.281036 80.799301 129.048874 171.442657 118.336380                740 
13.359535 217.225906 29.984930 92.552605 194.617310 84.876122 29.096081 183.141418 80.772491 128.947464 171.059845 118.241211                763 
13.357886 217.268280 29.988340 92.492073 194.415619 84.822182 29.035984 183.044647 80.729874 128.866302 170.783813 118.157181                786 
13.080014 216.124924 29.608419 92.292931 195.730255 85.262245 29.211113 182.981277 80.959892 128.943115 173.464630 119.229500                808 
13.135694 216.287674 29.671011 92.290955 195.513596 85.230713 29.247124 182.897598 80.906021 128.918900 173.137482 119.149323                830 
13.150641 216.426361 29.753881 92.325432 195.113907 85.047440 29.282379 182.654602 80.830025 128.995453 172.569824 118.808983                852 
13.185335 216.740982 29.803320 92.325142 194.870941 84.890884 29.247065 182.618790 80.802887 129.007584 172.180450 118.540672                873 
13.192299 216.937256 29.855825 92.289658 194.685730 84.807854 29.190763 182.591934 80.786766 128.966141 171.887131 118.390999                895 
13.149382 217.115021 29.921957 92.213722 194.650681 84.804405 29.047529 182.883011 80.933220 128.841644 171.801071 118.405876                917 
13.127698 217.254639 29.948515 92.148979 194.673477 84.821167 28.933716 183.131805 81.032410 128.734634 171.808685 118.458351                939 
13.231134 217.517319 29.331404 92.038704 194.276352 84.200150 28.650446 183.380508 80.546875 128.455551 171.170547 117.855812                961 
13.901923 217.965195 27.643101 92.149254 193.805573 82.886406 28.577936 183.628998 78.999367 128.192886 170.334091 116.690475                983 
15.311360 219.509384 22.777695 91.547211 195.313828 80.727242 27.907446 186.097794 75.282135 126.250313 172.058746 116.049553               1005 
18.192013 222.340622 12.994491 90.640320 197.869492 75.477798 27.205393 189.716568 66.667831 122.900032 174.676941 113.083450               1026 
19.444818 218.012070 28.709482 94.858582 202.730347 69.233521 28.763336 215.749557 85.447884 131.162659 173.492889 97.868347               1047 
21.578854 211.113388 21.464619 96.503288 201.705673 60.362797 27.877300 212.635468 80.412903 133.520477 170.151154 85.398941               1065 
24.379414 209.918060 12.634983 99.139084 202.440521 52.081841 29.799009 209.002579 70.866608 137.188950 170.973236 75.635765               1079 
26.490921 211.753357 6.408447 99.894928 202.631363 48.085140 30.156057 209.605896 64.052589 136.782501 170.249207 72.240303               1090 
27.817228 219.153595 -11.646685 101.032524 203.515900 37.846436 30.695185 210.533188 47.112072 135.666748 170.167007 63.944153               1107 
30.034714 224.749023 -19.556480 104.250992 204.561142 32.795582 33.893909 210.285004 39.130547 138.552124 171.199646 59.313717               1119 
38.878086 236.876968 -45.472519 109.073471 204.462234 15.441645 40.733986 206.165848 6.248358 139.868118 169.891968 44.585342               1142 
41.955231 240.665359 -51.090641 110.986092 204.752792 11.495344 43.847244 205.031784 -2.082407 140.893829 170.098999 41.452152               1151 
44.627365 243.054871 -59.468811 111.662758 204.600800 5.426086 45.953060 203.786484 -12.773470 140.364716 169.776398 36.349022               1160 
47.919300 244.966507 -66.835968 114.204811 204.545120 -1.142090 49.410847 202.995132 -21.888350 142.286072 169.603500 30.215443               1170 
55.541595 247.169052 -84.904434 117.192535 204.750519 -14.777418 56.037350 201.859985 -43.012062 142.582809 169.791718 18.778278               1187 
58.829952 248.892563 -91.660843 119.245811 204.916534 -20.779106 59.291374 202.028580 -50.970490 143.706558 169.774567 13.272073               1196 
60.786568 247.749725 -99.987320 119.875000 203.746964 -27.288841 61.868088 199.071518 -60.589676 143.836975 169.063034 7.576868               1206 
70.767616 245.805222 -127.552094 123.497147 201.222229 -49.477787 69.489418 195.449127 -88.597191 144.080627 167.178574 -11.926229               1233 
72.816734 246.973831 -135.259933 122.982231 202.073471 -55.294891 70.393082 195.939636 -96.254402 142.158295 168.403442 -16.676540               1242 
77.143105 247.427582 -152.359772 123.167557 201.682388 -69.249458 74.434692 193.123886 -114.364037 140.246307 169.165192 -28.706663               1260 
79.276268 248.110947 -157.000870 123.653481 200.556412 -73.509346 76.459946 191.991959 -120.230507 139.734314 167.790451 -32.759285               1269 
81.366440 249.627304 -163.328796 123.669823 200.477127 -79.147964 78.401276 191.555115 -127.688171 138.516739 167.729080 -37.918076               1278 
85.365639 249.706787 -176.901810 125.516586 199.170822 -91.787697 83.257271 189.292480 -142.815628 139.029648 166.540649 -50.009254               1296 
89.947334 250.870804 -186.515472 127.944412 198.885406 -100.817177 87.848282 188.833618 -153.526474 140.067352 166.189468 -58.665333               1314 
93.651344 252.283051 -198.530792 127.694321 199.562225 -111.232124 90.388344 189.069107 -165.860962 137.496033 167.242233 -68.195938               1333 
93.943130 251.982574 -201.063766 127.698410 199.273972 -113.432953 91.488960 187.992569 -168.561081 137.210419 167.321426 -70.058701               1341 
96.597984 252.878296 -210.129776 127.540680 200.019333 -121.134583 94.690575 187.445694 -177.939651 135.276367 168.715256 -76.942024               1359 
97.085464 252.971268 -212.644577 127.743584 200.005783 -123.449791 95.649529 187.030106 -180.424942 135.126801 168.982086 -78.999969               1368 
98.203850 252.023880 -215.522369 128.185471 200.147552 -125.247665 97.635124 185.756210 -182.279160 134.918152 170.177155 -79.979408               1386 
99.042793 252.479141 -216.983276 128.698044 199.969528 -126.830948 98.679016 185.537949 -183.922516 135.065613 170.077652 -81.458076               1395 
98.560249 253.219986 -224.868469 133.550629 199.972427 -136.845474 99.811829 185.450790 -191.243210 142.238495 170.676025 -91.469154               1413 
99.265129 254.144455 -226.433273 134.670700 200.796326 -138.522812 100.498474 186.015594 -192.287766 143.425323 171.955383 -92.868393               1422 
99.689224 255.403824 -227.575241 136.036819 200.580048 -140.791245 101.401344 186.006271 -193.829071 145.088715 171.705933 -95.215843               1441 
98.617836 255.144653 -228.783951 135.728043 200.638824 -142.054337 101.466309 185.380356 -194.634262 145.117126 172.208694 -96.268524               1450 
95.732346 255.847183 -232.160553 135.272202 201.447708 -146.331589 100.932976 185.271652 -197.987335 145.873016 173.473053 -100.529724               1459 
95.125504 257.203857 -234.646072 135.069839 202.454025 -149.073380 102.283485 185.216797 -200.480469 145.842026 175.029251 -102.979874               1477 
95.183342 257.899384 -235.262756 135.043060 202.721115 -149.838699 103.358681 185.000824 -201.327591 145.761200 175.467453 -103.631248               1495 
95.544128 259.462677 -235.812668 134.872437 202.923981 -151.002762 104.593498 185.493927 -203.051727 145.297745 175.068710 -105.088005               1504 
96.135773 260.500366 -238.878403 133.771149 203.381165 -153.639923 105.387054 185.540268 -206.187073 143.314957 175.576508 -107.503319               1513 
97.641876 261.123352 -242.767654 132.496338 204.496216 -155.934570 107.276772 185.060959 -209.027588 140.590591 177.611557 -108.982811               1531 
98.052094 261.488892 -243.174423 132.615372 204.429092 -156.463806 107.612099 184.741257 -209.478134 140.611954 177.744904 -109.381134               1540 
98.609665 262.882141 -242.944244 132.721863 204.369034 -156.937317 108.019157 184.457581 -209.889328 140.633453 177.865677 -109.738297               1558 
98.805702 263.720978 -242.503326 132.882645 204.230637 -157.129059 108.280396 184.239670 -210.093246 140.887421 177.741348 -109.937851               1568 
99.701820 264.681366 -241.272919 131.066223 204.387970 -155.401535 111.706459 184.343185 -210.473007 137.289703 177.201813 -108.338287               1585 
100.991608 265.040955 -240.189026 130.214752 204.115524 -154.004822 113.352242 184.440369 -210.024750 135.177048 176.461136 -107.064651               1595 
102.023926 265.099396 -239.429108 130.272263 204.057587 -153.002808 114.557465 184.487793 -209.414459 134.670166 176.318802 -106.056168               1614 
102.052971 264.581940 -239.528503 130.309479 203.838852 -152.895798 114.501259 184.069839 -209.189438 134.732803 176.330109 -105.816376               1634 
102.424263 264.389160 -241.322266 130.665833 204.375275 -154.180710 114.773888 184.080780 -210.241806 135.104477 177.356583 -106.819778               1645 
93.799744 264.161102 -242.137314 125.405418 204.115204 -156.188705 113.730499 184.484879 -213.471741 131.153107 175.913635 -109.665550               1665 
92.345207 264.181763 -242.758774 124.286209 204.401550 -156.757828 113.645210 184.796112 -214.236328 130.145477 176.128006 -110.292305               1674 
92.621056 264.151703 -243.175491 124.370651 204.456741 -157.079758 114.185524 184.833633 -214.606552 130.161560 176.217407 -110.584877               1695 
93.811607 264.261597 -243.765869 124.824661 204.629776 -157.383682 114.480186 184.844864 -214.797104 130.304199 176.578278 -110.737602               1706 
95.204948 264.239746 -244.800079 126.152313 204.849365 -158.274155 115.394478 184.826202 -215.510376 131.700455 177.038574 -111.492249               1718 
96.059433 264.884674 -245.798187 127.996742 205.288483 -159.815552 115.966705 185.305405 -216.795639 134.192307 177.499023 -113.102287               1727 
97.155479 263.885803 -248.007156 129.672501 205.697968 -161.342545 115.602974 184.534271 -217.427368 136.408142 179.013199 -114.063339               1750 
97.829147 263.620911 -248.548447 130.245712 205.807770 -161.625351 115.767403 184.298889 -217.484222 137.013840 179.457169 -114.163719               1762 
101.066078 263.682037 -249.296341 131.830368 205.955704 -161.776672 116.091858 184.032333 -217.223740 137.984467 180.178391 -113.918289               1785 
102.591125 263.788055 -249.421280 132.678848 205.953964 -161.771164 116.290977 183.912384 -217.069473 138.600937 180.393753 -113.767273               1797 
101.773949 263.791382 -248.560654 134.477905 206.122849 -161.770798 116.613144 183.922195 -216.722595 141.813461 180.631729 -113.925621               1809 
101.523003 264.448242 -247.598282 135.584396 206.226730 -161.770584 116.776810 183.893723 -216.500122 143.786469 180.784256 -114.040344               1821 
102.315842 266.058990 -246.646133 136.510345 206.683105 -161.745682 116.846367 184.203278 -216.277344 145.061310 181.346619 -114.020294               1846 
102.656204 266.827240 -246.185043 136.771561 206.811844 -161.738647 116.801430 184.267578 -216.219009 145.421158 181.504700 -114.015480               1858 
102.962494 267.282532 -245.751602 136.783936 206.772629 -161.560226 116.504379 184.055206 -216.116837 145.367889 181.532257 -113.789856               1870 
103.137093 267.369751 -245.589081 136.780121 206.744095 -161.411667 116.131424 183.888687 -216.092957 145.268021 181.542618 -113.603607               1883 
103.066238 267.479248 -245.130722 136.679092 206.746323 -161.019577 116.012459 183.856720 -216.128326 145.017258 181.376068 -113.274483               1896 
102.869637 267.009003 -245.131134 136.930862 206.622833 -160.950256 115.217186 183.439529 -215.919617 145.503662 181.451324 -113.141571               1910 
102.778580 266.714905 -244.830612 137.506012 206.501221 -160.799210 115.031410 183.143692 -215.593262 146.444000 181.421661 -113.009079               1923 
102.712334 266.493805 -244.595291 137.945251 206.408340 -160.683853 114.859024 182.886154 -215.337357 147.161819 181.399139 -112.909767               1937 
102.098434 266.455841 -243.532364 139.218857 206.351456 -160.456451 115.025063 182.740738 -214.739349 149.462540 181.273819 -112.928062               1952 
102.588036 266.007629 -240.854263 138.121857 205.409332 -157.457626 116.423317 182.099060 -213.027634 147.235306 179.752548 -110.008247               1964 
102.915108 265.728668 -238.969482 137.373749 204.766846 -155.412552 117.240448 181.765305 -211.808716 145.749878 178.680939 -108.061378               1979 
103.147911 265.257477 -238.928192 137.132324 204.855103 -154.823669 116.954391 181.649490 -211.167847 145.297516 178.978043 -107.321289               1995 
103.263168 264.981323 -238.974335 137.063461 204.876953 -154.621063 116.846893 181.621780 -210.938339 145.165100 179.065521 -107.072113               2012 
103.242859 264.715820 -239.106323 137.005295 204.880112 -154.560394 116.558159 181.531418 -210.760574 145.115662 179.189880 -106.947342               2025 
103.218719 264.457855 -239.229050 136.947296 204.883255 -154.499908 116.254227 181.453156 -210.582214 145.067657 179.314117 -106.823418               2044 
103.451218 264.482117 -239.295303 137.021820 204.986191 -154.463730 116.089897 181.654190 -210.462799 145.093613 179.427094 -106.773605               2054 
102.456062 266.001862 -240.793442 137.877472 206.951523 -156.435928 115.783943 183.611374 -211.970139 146.965469 181.414856 -108.916939               2071 
93.539337 266.205200 -247.115189 130.035767 209.978821 -161.319702 116.369896 185.749817 -219.142761 138.768204 184.290833 -113.815598               2085 
94.067726 267.899170 -248.405411 129.188217 211.474976 -162.194565 118.590050 187.910095 -221.245407 136.953415 185.044357 -114.930489               2102 
96.367027 269.032288 -248.043091 129.839951 211.445297 -161.957626 118.070534 188.233490 -221.232437 136.821899 184.632629 -114.786644               2114 
97.616379 269.155121 -244.667709 130.251938 211.131653 -158.581467 117.170685 188.038330 -218.035721 136.851837 184.154526 -111.449265               2136 
97.949768 268.804810 -243.797150 130.624481 211.388489 -157.335159 114.652092 187.520782 -216.193039 137.394409 185.022659 -109.882240               2158 
96.511757 268.579498 -242.683197 131.406082 212.068314 -156.501678 112.321793 187.441132 -214.366684 139.483810 186.352921 -108.896667               2173 
90.101608 272.151825 -239.133820 126.578606 216.039673 -153.367188 102.668251 191.047165 -209.594360 135.802872 191.058273 -105.580048               2194 
81.793510 278.563904 -230.919144 117.859116 220.650787 -146.216522 90.046623 196.879532 -201.291000 127.299957 195.450790 -98.586700               2211 
77.179642 281.760193 -226.706787 114.788109 222.830002 -143.413132 83.858269 200.037704 -197.408432 125.269905 197.378601 -96.135994               2222 
67.569954 289.108765 -218.137238 107.066452 228.659668 -136.884766 69.309471 208.004486 -187.642700 119.260902 203.277039 -89.982887               2248 
65.618996 288.669617 -217.524124 106.016930 231.975403 -134.083359 65.869797 209.326385 -182.131088 119.078346 209.328369 -86.028397               2255 
51.025780 206.257401 -190.122833 96.094986 240.067856 -127.875114 47.147671 212.665314 -167.080338 110.010155 227.413696 -76.503830               2287 
54.601868 202.245224 -169.729843 93.873466 239.829483 -126.776581 44.465469 214.047867 -166.968796 107.261429 225.691528 -75.652718               2292 
54.148125 196.823456 -140.947937 84.679169 238.890610 -118.187569 38.142372 215.950912 -163.920197 93.106552 222.109238 -66.805336               2311 
52.108898 196.391922 -136.874756 81.576347 238.437912 -114.210793 37.330662 216.644257 -162.699219 87.043579 220.890060 -62.684574               2320 
50.647945 196.596481 -122.690697 77.692589 239.452988 -103.123291 38.829632 215.821640 -154.521683 79.384224 223.097076 -50.946747               2337 
49.624771 195.637878 -117.364426 73.753563 239.985779 -98.243889 39.962303 213.494553 -150.943512 73.967247 224.452560 -45.789696               2347 
47.569408 201.558655 -114.891083 70.361946 241.986099 -87.721329 45.030033 223.550842 -147.278244 62.983204 220.006989 -38.170933               2365 
44.165642 203.376816 -103.813232 70.470184 243.181152 -79.118660 41.395950 224.864929 -136.115143 66.681976 221.646561 -28.972078               2374 
38.173023 203.526077 -91.255974 64.715195 243.673782 -67.526779 40.505905 223.859207 -123.008507 63.962761 221.420914 -17.556671               2392 
37.394981 204.317062 -90.112022 64.182465 243.497665 -65.133011 46.110134 223.569153 -120.805260 62.073696 220.251724 -15.656266               2401 
35.685238 203.396378 -85.686913 62.966267 242.545349 -61.257339 46.737797 222.109695 -116.131401 63.093956 218.539230 -12.099850               2410 
33.214684 205.616074 -82.996239 61.283916 242.178162 -55.677620 47.940037 225.548553 -111.622566 60.724724 214.489777 -8.499138               2419 
30.185583 204.546158 -73.047653 59.358646 240.249619 -45.805130 47.786350 223.437286 -101.478439 58.179077 212.458206 1.301291               2437 
28.872700 193.511139 -54.337288 58.457256 235.834625 -40.213783 43.816868 204.158371 -88.171501 61.795216 221.883789 12.578268               2455 
28.130596 191.972763 -49.395149 57.651966 234.500366 -35.800846 42.975094 202.240662 -83.406441 61.127518 221.104309 17.125847               2464 
30.979015 185.971390 -43.461449 58.764889 230.087387 -31.434372 46.827057 194.558060 -77.522064 60.635971 219.921860 22.286478               2483 
29.851225 184.713257 -39.691555 56.596794 229.075287 -26.321121 45.947453 194.367294 -73.360184 58.094894 217.654221 27.158628               2491 
28.272680 184.219986 -36.459877 54.129829 228.661530 -21.723503 44.258827 195.141327 -69.811798 55.868683 215.594528 31.370741               2501 
25.252663 193.802628 -3.006291 83.619843 213.712921 33.988495 16.533268 208.376709 29.348986 118.230629 191.858139 70.282173               2519 
19.644508 196.573853 14.409287 89.078506 210.574661 46.161087 18.733644 213.194351 56.999382 127.010918 185.405762 76.499626               2527 
17.401131 203.482651 38.842815 93.614807 206.070374 59.990215 26.523342 224.048599 84.643661 130.176880 174.055847 85.111015               2545 
16.910585 199.351212 41.761635 93.218628 204.356079 62.905041 25.392361 218.864914 88.623688 131.019424 172.672729 86.570068               2554 
17.497606 197.520416 45.059635 94.016586 203.655075 65.104576 26.287819 216.815475 92.260742 132.684280 172.277298 87.754364               2564 
18.294201 193.546463 49.422890 94.625015 202.640930 68.754189 26.664030 212.213593 96.720894 134.685699 172.086533 90.069382               2582 
18.351088 192.055939 51.274837 94.489883 202.521759 70.399323 26.403824 211.153778 98.350319 134.944244 172.455444 91.665031               2591 
18.343004 190.346695 56.428253 94.476387 202.430710 73.508965 26.819607 211.489471 102.361366 135.294403 172.780792 94.664116               2609 
18.766891 188.070923 58.517681 94.525459 201.943390 74.404991 26.857027 209.538086 103.135391 135.794220 172.512238 94.983261               2627 
19.291222 186.702515 59.964828 94.693970 201.957581 75.348137 26.815039 206.815552 101.376541 136.294601 172.939362 95.844482               2635 
20.040899 184.457123 63.287361 95.133865 201.294052 77.134140 27.380005 202.119095 99.369957 137.312119 172.597672 96.889687               2663 
20.167299 184.093063 63.840038 95.207741 201.182632 77.434059 27.494431 201.461395 99.187851 137.481598 172.541245 97.064667               2672 
20.349751 183.241043 65.471184 95.337219 200.751999 78.301155 27.892527 199.781128 99.008575 137.867371 172.165970 97.453011               2690 
20.507977 182.457153 67.051781 95.356453 200.503677 79.146660 28.175888 198.144943 98.571320 138.123688 171.990387 97.874290               2717 
20.742933 181.690048 68.068733 95.388893 200.268814 79.645950 28.330660 197.318222 98.886528 138.330795 171.786850 98.018196               2735 
20.973206 181.465500 69.078400 95.508888 200.303818 80.002129 28.607891 196.950775 98.956551 138.546585 171.783981 98.089226               2744 
21.215805 182.064529 71.838127 95.901711 200.531082 80.878395 29.438736 196.790192 99.188026 138.970978 171.664948 98.329842               2762 
21.487722 182.261444 73.258537 96.182449 200.631363 81.198036 29.962103 196.453094 98.970428 139.295242 171.591400 98.249016               2780 
21.645107 182.277618 73.862755 96.291023 200.670151 81.321648 30.163671 196.254990 98.788704 139.418564 171.561722 98.217888               2789 
21.746004 182.055313 75.260963 96.290588 200.557861 81.727028 30.778053 194.069641 96.295326 139.494003 171.414978 98.368088               2817 
21.771601 182.004227 75.629005 96.290474 200.528473 81.833122 30.957912 193.392548 95.545204 139.513199 171.376053 98.407211               2826 
21.894646 181.995590 76.608925 96.355507 200.585922 82.053108 31.343573 192.334778 94.593796 139.661880 171.446365 98.430321               2844 
21.950752 181.986008 76.982079 96.402893 200.584427 82.122528 31.487370 191.949203 94.339531 139.747772 171.444778 98.397369               2853 
22.256767 181.967117 78.213760 96.729546 200.613815 82.266823 32.083561 191.112671 94.285873 140.263428 171.546280 98.161743               2868 
22.493206 181.880844 79.032341 96.916336 200.623245 82.437569 32.445183 190.518097 94.212524 140.556503 171.622910 98.162827               2878 
22.772089 181.793320 79.973862 97.121162 200.648315 82.634216 32.907188 189.772690 94.102707 140.879074 171.732986 98.187920               2891 
22.818392 181.924042 81.186356 97.134048 200.767548 83.187851 33.182899 189.156967 94.002052 140.929596 171.951614 98.819885               2903 
23.526861 182.731583 83.855713 97.852066 201.496796 84.288506 34.318981 188.866150 94.740135 141.806870 173.006607 100.069931               2920 
23.975298 182.924240 84.873268 98.331253 201.437790 84.353188 34.901760 188.584503 95.109406 142.345352 172.919769 99.917587               2931 
24.371822 182.701889 85.606186 98.650932 201.210342 84.192787 35.307858 188.319412 95.570610 142.804138 172.762848 99.489975               2947 
24.869938 182.437897 86.308678 99.042145 201.089905 84.013115 35.838848 188.019760 96.041054 143.411743 172.788483 98.950859               2964 
25.290239 181.735626 86.580772 99.245575 200.980148 83.572655 36.252357 187.280899 96.172958 143.991806 173.051971 98.083366               2979 
25.319071 181.523499 86.676804 99.163483 200.931549 83.653053 36.195267 187.048965 96.183517 143.968018 173.131485 98.229675               2995 
25.421379 181.241013 86.738640 99.177818 200.764343 83.589218 36.265049 186.690948 96.156013 144.068405 173.071930 98.105881               3012 
25.510061 181.106384 86.881882 99.197685 200.677048 83.656090 36.313835 186.517303 96.207741 144.122940 173.059570 98.208252               3028 
25.531250 181.025848 87.020271 99.157845 200.611099 83.822319 36.271824 186.423126 96.259499 144.074768 173.063766 98.532280               3045 
25.593626 181.026901 87.157379 99.168732 200.545395 83.903839 36.277405 186.386719 96.307411 144.066391 172.996613 98.669754               3062 
25.775324 181.054291 87.328224 99.235962 200.689774 83.888306 36.387241 186.418900 96.376625 144.204498 173.286514 98.709251               3079 
26.021015 180.970779 87.461647 99.368256 200.685394 83.762016 36.565559 186.324097 96.403290 144.407532 173.367172 98.525040               3096 
26.127193 180.932175 87.548042 99.381241 200.679276 83.736443 36.597511 186.229355 96.379120 144.447174 173.406006 98.501259               3114 
26.265373 180.620178 87.558434 99.454628 200.329987 83.488792 36.710533 185.855896 96.296684 144.560715 173.021500 98.064667               3131 
26.391685 180.419571 87.920547 99.636131 199.506775 83.199699 36.924282 185.414246 96.399742 144.638168 171.749313 97.239250               3150 
26.428936 180.403397 88.145439 99.697929 199.056290 83.028458 36.984623 185.280228 96.488609 144.605896 171.001968 96.776085               3168 
26.431467 180.476456 88.330307 99.690224 198.893494 83.009834 36.986797 185.250763 96.514557 144.538559 170.694366 96.655518               3186 
26.390804 180.614944 88.530167 99.651039 198.643066 82.903870 36.950462 185.260971 96.531479 144.393372 170.190948 96.371193               3205 
26.391836 180.721481 88.709732 99.620033 198.444931 82.820023 36.957775 185.204575 96.449234 144.276703 169.792770 96.146881               3223 
26.418442 180.803925 88.870735 99.595718 198.289551 82.754272 37.011101 185.106995 96.281723 144.184097 169.480637 95.971397               3244 
26.072464 181.171127 89.292900 99.274948 198.238266 83.328773 36.813938 184.997620 95.855591 143.646652 169.196548 96.763786               3266 
24.962626 180.063110 88.481064 97.937553 198.213150 84.144897 35.611160 183.910904 94.736534 142.417358 169.696854 98.327171               3287 
24.496893 179.632263 88.045952 97.290535 198.239487 84.584412 35.074005 183.532974 93.993050 141.753983 169.911591 99.189278               3309 
24.724033 179.470291 88.119171 97.274620 198.257141 84.614662 35.152458 183.502441 93.783669 141.763641 169.985687 99.250938               3331 
25.098064 179.258133 88.332031 97.277916 198.255356 84.626419 35.231888 183.515015 93.646194 141.777496 170.000168 99.262032               3351 
25.691362 178.865158 88.605804 97.316185 198.306259 84.670769 35.344662 183.418823 93.558060 141.874954 170.156387 99.329193               3372 
26.191868 178.614746 88.885674 97.364281 198.512222 85.007820 35.592899 183.272141 93.265877 141.966705 170.565582 99.920151               3393 
26.726330 178.346649 89.154449 97.492920 198.567352 85.132866 35.869469 183.122726 93.066628 142.128723 170.718430 100.127922               3414 
27.152489 178.178574 89.618523 97.555992 198.637009 85.465691 36.092224 182.981506 92.910538 142.178604 170.871384 100.653229               3435 
27.032282 178.079193 89.762482 97.300400 198.541855 85.813843 35.931408 182.868713 92.563087 141.809006 170.776093 101.332077               3455 
27.054993 178.174057 90.031876 97.263565 198.702377 86.098442 36.039829 182.870438 92.391441 141.761993 171.068451 101.878929               3476 
27.098772 178.145142 90.138824 97.282288 198.706116 86.193115 36.135212 182.793610 92.294464 141.788040 171.128510 102.051292               3497 
27.123075 178.138412 90.230827 97.285469 198.706726 86.290161 36.190739 182.731491 92.252914 141.796066 171.179062 102.221359               3518 
27.128393 178.147598 90.309952 97.285271 198.687698 86.387939 36.239231 182.649704 92.222252 141.801834 171.205963 102.381638               3539 
27.075281 178.279831 90.294540 97.299561 198.690735 86.392845 36.286110 182.623230 92.190895 141.830551 171.237427 102.395203               3559 
27.273815 178.120422 90.406769 97.448845 198.696793 86.484947 36.514343 182.418427 92.273262 142.080505 171.429199 102.524323               3581 
27.453053 177.856293 90.433449 97.542366 198.690109 86.514603 36.689392 182.219025 92.271629 142.272141 171.593079 102.569702               3603 
27.741058 177.367889 90.529709 97.655632 198.652222 86.628365 36.938820 181.848389 92.321144 142.541855 171.853149 102.746841               3625 
27.922716 177.054123 90.566246 97.692978 198.625366 86.706299 37.098839 181.658783 92.303001 142.668182 171.998352 102.861855               3647 
28.117504 176.816101 90.612961 97.750999 198.602493 86.726601 37.271427 181.583450 92.317062 142.802277 172.100800 102.876266               3670 
28.327463 176.307236 90.592659 97.756790 198.480423 86.778381 37.440357 181.328629 92.296486 142.923431 172.186417 102.945290               3693 
28.503723 175.953323 90.653610 97.735344 198.398438 86.847542 37.565681 181.138000 92.284248 142.981232 172.263336 103.050491               3718 
28.668770 175.691696 90.718079 97.718903 198.329010 86.895561 37.655182 181.011566 92.275146 143.015259 172.302444 103.132133               3739 
28.857124 175.415817 90.793282 97.697800 198.250732 86.945442 37.754673 180.871170 92.255417 143.040710 172.331497 103.223740               3762 
29.041100 175.151031 90.841049 97.671318 198.151321 86.973785 37.810219 180.746063 92.238426 143.045502 172.311295 103.290810               3785 
29.205366 174.832321 90.846779 97.612801 198.022675 86.998611 37.847256 180.553070 92.170670 143.023621 172.277115 103.362961               3809 
29.358866 174.685211 90.856323 97.571182 197.977600 87.016823 37.871941 180.504578 92.113358 142.989044 172.272690 103.425461               3833 
29.561459 174.524628 90.903053 97.518150 197.929016 87.053833 37.866432 180.461288 92.083725 142.939621 172.258362 103.506065               3856 
29.886971 174.306534 90.975159 97.496979 197.841949 87.074493 37.921444 180.358932 92.000336 142.926300 172.197922 103.546570               3927 
29.961330 174.231323 90.991829 97.490242 197.801651 87.090324 37.937553 180.311005 91.977013 142.921295 172.162598 103.565376               3951 
30.093403 174.098099 91.021446 97.478615 197.732025 87.117676 37.981689 180.220245 91.916748 142.912643 172.101547 103.597870               3975 
30.219870 173.968735 91.052330 97.458092 197.653137 87.145630 38.001884 180.133911 91.859299 142.888611 172.016205 103.625443               3999 
30.357250 173.844925 91.094193 97.440910 197.587097 87.169037 38.033218 180.062378 91.802277 142.868500 171.944763 103.648514               4023 
30.460161 173.751831 91.119011 97.426117 197.530243 87.189178 38.072861 179.999191 91.737640 142.851196 171.883270 103.668358               4048 
30.448236 173.535187 91.039520 97.338333 197.348068 87.188286 38.025372 179.800720 91.612854 142.754822 171.672134 103.646011               4073 
30.422441 173.373093 90.967850 97.263374 197.146225 87.150673 37.974453 179.645859 91.489410 142.654282 171.394653 103.560768               4097 
30.360050 173.236816 90.894554 97.170868 197.003738 87.167221 37.896702 179.525055 91.393356 142.536560 171.207657 103.577141               4122 
30.372448 173.116196 90.860199 97.128220 196.951477 87.169540 37.883408 179.425369 91.331459 142.506409 171.174683 103.575188               4148 
30.372475 173.018921 90.822868 97.092003 196.909027 87.170181 37.867359 179.345947 91.281013 142.479034 171.150375 103.579872               4173 
30.405668 172.944656 90.819321 97.082794 196.888504 87.166656 37.877205 179.298935 91.257683 142.482086 171.148941 103.572395               4198 
30.452183 172.868713 90.824722 97.074768 196.870621 87.163589 37.889469 179.257492 91.234764 142.484726 171.147705 103.565887               4224 
30.500927 172.787170 90.818481 97.070839 196.846680 87.151550 37.902092 179.209900 91.207329 142.491913 171.141632 103.551086               4249 
30.535311 172.752640 90.839394 97.069046 196.846924 87.154495 37.912563 179.204010 91.200783 142.494431 171.150360 103.555420               4274 
30.488903 172.762131 90.845169 97.017609 196.862183 87.156830 37.922611 179.188950 91.108192 142.441803 171.182999 103.588211               4300 
30.469734 172.767120 90.860046 96.989807 196.871490 87.155861 37.942348 179.178375 91.047035 142.414597 171.203369 103.602867               4325 
30.273457 172.647522 90.750969 96.779160 196.807373 87.176666 37.799587 179.032089 90.855019 142.191605 171.182587 103.725029               4351 
30.185398 172.713562 90.740814 96.742935 196.812988 87.180008 37.806583 179.018829 90.792740 142.154449 171.196365 103.743599               4376 
30.336634 173.139984 91.251190 96.922043 197.085846 87.272003 37.972401 179.434067 91.227890 142.348709 171.498123 103.838722               4401 
30.525333 173.367233 91.656136 97.107948 197.257141 87.360130 38.181473 179.650574 91.553055 142.569748 171.727203 103.919556               4427 
30.609327 173.378418 91.790359 97.189514 197.247177 87.407021 38.271008 179.660019 91.661171 142.660919 171.712997 103.933502               4451 
30.729141 173.365158 91.957840 97.260269 197.279510 87.495773 38.395073 179.635620 91.719543 142.754089 171.778992 104.012581               4476 
30.794413 173.283478 91.988533 97.275597 197.242767 87.512367 38.446312 179.565735 91.686386 142.782516 171.752151 104.008331               4501 
30.758801 173.280121 92.014038 97.222290 197.288651 87.593277 38.419609 179.562820 91.685867 142.732483 171.838455 104.142570               4524 
30.742990 173.286118 92.094330 97.194832 197.321365 87.689369 38.421238 179.559692 91.722977 142.709045 171.898346 104.269348               4549 
30.733122 173.307877 92.196098 97.179024 197.355881 87.798149 38.425560 179.571930 91.786919 142.693344 171.953064 104.408768               4573 
30.748369 173.291946 92.244385 97.189491 197.336044 87.837326 38.445942 179.548080 91.806427 142.703705 171.927658 104.439713               4598 
30.748049 173.261932 92.272827 97.184944 197.291229 87.870865 38.451225 179.505325 91.792435 142.690231 171.864044 104.468918               4622 
30.754034 173.213181 92.294617 97.172668 197.236237 87.901260 38.460449 179.436661 91.739334 142.667618 171.787445 104.494568               4647 
30.781216 173.141220 92.319580 97.146614 197.178024 87.925926 38.439651 179.374161 91.715630 142.634552 171.709763 104.508575               4671 
30.832230 173.007065 92.343559 97.108566 197.120438 87.956551 38.408791 179.284042 91.697327 142.603027 171.651535 104.520287               4696 
30.964119 172.884857 92.406761 97.115723 197.088928 87.951805 38.424274 179.224686 91.688751 142.625366 171.624191 104.480202               4721 
30.980190 172.720200 92.451973 97.038002 197.045456 88.049278 38.393234 179.048126 91.597466 142.563934 171.628189 104.605865               4747 
31.041243 172.577911 92.469223 97.049713 196.986023 88.065544 38.443153 178.904816 91.556213 142.605957 171.603699 104.592346               4773 
31.121277 172.493103 92.539322 97.077003 196.955460 88.085411 38.547710 178.780670 91.485748 142.661346 171.597366 104.571861               4799 
31.211979 172.411362 92.617180 97.102989 196.933640 88.099037 38.662823 178.662735 91.410408 142.714752 171.600555 104.548065               4824 
31.257383 172.374725 92.646942 97.115784 196.928757 88.102356 38.724316 178.604492 91.370529 142.743256 171.614365 104.536560               4850 
31.288588 172.342545 92.676765 97.126823 196.923645 88.109077 38.771313 178.564590 91.357079 142.769775 171.626343 104.526634               4876 
31.319284 172.315613 92.705246 97.137260 196.918808 88.115448 38.814846 178.527390 91.350784 142.794846 171.637695 104.517250               4901 
31.348104 172.297409 92.730415 97.147034 196.914276 88.121399 38.855789 178.492264 91.340416 142.818298 171.648315 104.508469               4927 
31.370556 172.280182 92.790787 97.150345 196.905701 88.146584 38.890915 178.449158 91.353065 142.838089 171.660812 104.520203               4952 
31.025265 171.522186 92.128021 96.654526 196.590942 88.001030 38.504292 177.740723 90.775467 142.424515 171.512497 104.400665               4978 
30.917181 171.134705 91.779274 96.440155 196.459991 87.857330 38.322220 177.463852 90.574440 142.281982 171.492767 104.225983               5003 
30.857164 170.902588 91.564720 96.311218 196.381790 87.770370 38.189865 177.334076 90.515358 142.195938 171.482712 104.122658               5027 
30.839821 170.760437 91.423645 96.239098 196.338318 87.710106 38.096046 177.293655 90.543678 142.152328 171.486664 104.054520               5051 
30.860765 170.662079 91.323769 96.197189 196.307251 87.660851 38.027912 177.293518 90.604645 142.130020 171.490341 104.002998               5075 
30.897833 170.592209 91.254700 96.167740 196.290237 87.625717 37.995735 177.293564 90.631363 142.115402 171.503479 103.971878               5099 
30.930061 170.557480 91.227943 96.136063 196.297302 87.625389 37.969521 177.305069 90.666382 142.093430 171.541336 103.990959               5123 
31.021139 170.515625 91.235893 96.110245 196.304977 87.628311 37.958622 177.287003 90.658226 142.076447 171.576767 104.011017               5147 
31.105032 170.476746 91.255020 96.084900 196.317856 87.640633 37.946068 177.261566 90.646469 142.060776 171.621216 104.043793               5171 
31.201618 170.438065 91.291855 96.070457 196.329269 87.654045 37.941048 177.242401 90.644676 142.054977 171.658600 104.072029               5195 
31.293251 170.398193 91.326813 96.057480 196.339539 87.666100 37.935562 177.226974 90.643089 142.049759 171.692200 104.097412               5219 
31.391699 170.348755 91.366425 96.045486 196.349030 87.677238 37.930119 177.213211 90.642082 142.044907 171.723251 104.120880               5243 
31.493181 170.298050 91.408340 96.034447 196.357758 87.687492 37.925812 177.199081 90.640945 142.040436 171.751846 104.142487               5267 
31.638372 170.217346 91.474007 96.024109 196.365936 87.697090 37.930923 177.179382 90.618591 142.036240 171.778595 104.162704               5292 
31.763865 170.134247 91.533653 96.014580 196.373474 87.705940 37.932716 177.161545 90.604752 142.032349 171.803284 104.181366               5317 
31.921700 170.047592 91.606133 96.005783 196.380432 87.714111 37.929749 177.149139 90.603355 142.028748 171.826065 104.198593               5343 
32.046158 169.970459 91.663315 95.997597 196.386902 87.721718 37.928345 177.136993 90.601212 142.025406 171.847275 104.214622               5369 
32.176323 169.894241 91.722412 95.989952 196.392944 87.728813 37.931580 177.119812 90.590080 142.022263 171.867050 104.229584               5394 
32.297356 169.828995 91.775948 95.982819 196.398590 87.735443 37.939285 177.098984 90.568031 142.019333 171.885529 104.243568               5420 
32.414570 169.764114 91.838997 95.977570 196.405426 87.746994 37.946301 177.083557 90.563644 142.018600 171.905930 104.262627               5445 
32.561096 169.695389 91.931534 95.988693 196.426315 87.756699 37.981625 177.073761 90.565102 142.041183 171.949982 104.274727               5471 
32.658875 169.635208 92.002113 95.999229 196.446106 87.765884 38.020271 177.051468 90.557442 142.062561 171.991714 104.286179               5496 
32.742283 169.589676 92.062653 96.008789 196.464066 87.774223 38.061562 177.027374 90.541504 142.081970 172.029572 104.296555               5521 
32.801777 169.554764 92.109467 96.021782 196.469620 87.778816 38.109898 177.003937 90.517570 142.102280 172.046661 104.297752               5547 
32.859570 169.507721 92.154396 96.035759 196.467300 87.786705 38.183430 176.955139 90.462776 142.125397 172.055557 104.296692               5572 
32.908920 169.457565 92.201569 96.050011 196.460938 87.793991 38.209587 176.939041 90.479408 142.149185 172.058273 104.290771               5598 
32.962597 169.415192 92.253456 96.077164 196.457581 87.799202 38.248730 176.919434 90.517448 142.193771 172.070831 104.270828               5623 
33.033226 169.374130 92.320114 96.121361 196.465378 87.796234 38.311543 176.897751 90.575180 142.267303 172.108749 104.230194               5649 
33.081184 169.336090 92.375023 96.154785 196.477249 87.794868 38.364342 176.881790 90.623314 142.326630 172.149277 104.198517               5674 
33.219315 169.337738 92.520271 96.264313 196.565018 87.733055 38.513123 176.903656 90.746361 142.512100 172.311493 104.032692               5700 
33.248501 169.326614 92.596519 96.294861 196.604431 87.731384 38.571709 176.908203 90.817818 142.578247 172.390854 103.989265               5725 
33.280010 169.305359 92.652473 96.319527 196.632751 87.728760 38.631474 176.897797 90.861420 142.632050 172.452759 103.953644               5751 
33.336601 169.267365 92.730644 96.359001 196.654190 87.737869 38.700916 176.881348 90.936905 142.706360 172.514542 103.923286               5777 
33.466080 169.201233 92.843262 96.461006 196.660431 87.728012 38.845383 176.837845 91.045906 142.863770 172.568008 103.824821               5802 
33.501888 169.150513 92.883751 96.492523 196.674866 87.726646 38.975441 176.785049 91.068146 142.928238 172.623474 103.789764               5828 
33.507328 169.118042 92.896027 96.500183 196.682465 87.725716 39.079311 176.751678 91.056076 142.951630 172.653336 103.776642               5854 
33.517326 169.092484 92.903854 96.503250 196.683929 87.724609 39.190193 176.725418 91.034576 142.962952 172.666107 103.768585               5879 
33.532669 169.047195 92.901894 96.498459 196.688263 87.713745 39.273212 176.690460 91.027405 142.974503 172.696411 103.749275               5905 
33.555527 168.871048 92.842522 96.474365 196.622284 87.691116 39.381069 176.592041 90.991379 142.982559 172.674835 103.699745               5931 
33.569813 168.674744 92.763863 96.443802 196.537918 87.672340 39.467617 176.466904 90.943008 142.981491 172.632782 103.658478               5956 
33.589817 168.528961 92.696434 96.427277 196.479141 87.643929 39.554913 176.373520 90.904228 142.990036 172.609955 103.610741               5981 
