33.553284 173.591248 91.493698 98.389755 197.563248 87.624573 42.703350 177.714554 91.427185 144.850983 173.398331 103.441643                  0 
33.512127 173.758835 91.469879 98.398430 197.582870 87.619850 42.690239 177.684891 91.394501 144.844910 173.392609 103.441490                 22 
33.490444 173.874527 91.460434 98.400749 197.589340 87.620445 42.684547 177.662796 91.371902 144.839127 173.383179 103.441536                 44 
33.484215 173.967194 91.465851 98.403008 197.594421 87.622566 42.691235 177.617249 91.328323 144.834213 173.373398 103.442001                 67 
33.481392 174.059525 91.470886 98.405144 197.599228 87.624580 42.683861 177.562180 91.288063 144.829544 173.364166 103.442451                 90 
33.481075 174.148575 91.477036 98.407204 197.603867 87.626511 42.684597 177.491364 91.241409 144.825058 173.355270 103.442886                112 
33.462406 174.279572 91.489700 98.408905 197.609253 87.633324 42.680046 177.397095 91.188164 144.819412 173.343536 103.444962                135 
33.452526 174.401535 91.511787 98.412628 197.614197 87.643440 42.678638 177.312698 91.136955 144.817795 173.335297 103.450554                158 
33.439075 174.512589 91.538383 98.417870 197.617203 87.657143 42.685875 177.262589 91.110016 144.816895 173.324158 103.460548                182 
33.429264 174.615799 91.565849 98.421898 197.620712 87.671135 42.697350 177.238037 91.088371 144.813980 173.312729 103.471924                205 
33.426205 174.696640 91.598190 98.425690 197.624023 87.684311 42.706169 177.232849 91.085220 144.811234 173.301971 103.482643                230 
33.425114 174.769760 91.628914 98.429199 197.627090 87.696526 42.728832 177.213638 91.069618 144.808685 173.292007 103.492599                255 
33.197086 174.730835 91.439156 98.361313 197.014816 87.433357 42.522015 177.067108 90.871384 144.592102 172.192383 102.903648                280 
33.074051 174.869812 91.466713 98.253983 197.000580 87.517693 42.429295 177.147415 90.863853 144.433289 172.106323 103.026306                305 
33.029007 174.984787 91.489632 98.202866 197.008560 87.569397 42.392818 177.201126 90.851570 144.354599 172.077560 103.101013                331 
32.988762 175.105377 91.504784 98.158661 197.019104 87.615646 42.340626 177.246170 90.852470 144.285843 172.056732 103.169800                356 
32.930233 175.250000 91.509430 98.110252 197.025360 87.673264 42.283440 177.282242 90.861572 144.213226 172.036118 103.256004                381 
32.843861 175.391983 91.463226 98.030907 197.016724 87.736816 42.186798 177.309540 90.823563 144.098587 171.992508 103.367767                406 
32.791397 175.541107 91.424721 97.978882 196.995667 87.769463 42.113827 177.326233 90.777596 144.013290 171.926666 103.426636                431 
32.748009 175.717773 91.383202 97.929893 196.999237 87.804710 42.036446 177.350266 90.733414 143.935165 171.900314 103.499535                456 
32.723911 175.906876 91.338715 97.897820 197.002533 87.822891 41.975784 177.369965 90.685959 143.881226 171.881149 103.545799                481 
32.691650 176.127151 91.285027 97.868599 197.003815 87.837479 41.906132 177.391754 90.637421 143.831039 171.860748 103.587074                507 
32.664448 176.347763 91.234779 97.842415 197.004944 87.850548 41.838131 177.394562 90.578110 143.786011 171.842468 103.624069                532 
32.637291 176.580338 91.180656 97.818886 197.005981 87.862297 41.767834 177.390640 90.508301 143.745544 171.826050 103.657295                557 
32.608639 176.813904 91.124107 97.796989 197.006439 87.872177 41.690380 177.370026 90.430016 143.708817 171.811722 103.686684                582 
32.550163 177.095230 91.044052 97.773674 197.006470 87.881538 41.568226 177.373505 90.350227 143.670975 171.797516 103.715538                607 
32.471130 177.394318 90.942810 97.746338 197.003922 87.876823 41.460274 177.370041 90.257431 143.632507 171.785156 103.727470                633 
32.387466 177.690796 90.835655 97.722496 197.003998 87.871536 41.365101 177.358032 90.173080 143.599518 171.778839 103.738472                658 
32.301006 177.991241 90.722961 97.697159 197.004013 87.864655 41.270874 177.349594 90.099327 143.564911 171.773178 103.749313                682 
32.208954 178.321167 90.602898 97.679863 197.020645 87.846611 41.200745 177.353653 90.034630 143.542831 171.790024 103.745415                707 
32.125774 178.633652 90.488220 97.663971 197.035934 87.830032 41.148132 177.349426 89.958450 143.522568 171.805527 103.741837                732 
32.051430 178.917801 90.386002 97.649574 197.049789 87.815002 41.108711 177.353394 89.912209 143.504181 171.819580 103.738586                756 
32.000546 179.139099 90.310371 97.636459 197.062393 87.801323 41.070023 177.350098 89.845726 143.487442 171.832382 103.735634                780 
31.976460 179.280579 90.261559 97.624481 197.073914 87.788826 41.028656 177.346176 89.788475 143.472168 171.844086 103.732933                804 
31.949738 179.426956 90.206535 97.625206 197.085754 87.765556 40.997684 177.327866 89.717606 143.475815 171.858948 103.706017                829 
31.930166 179.547028 90.160873 97.625870 197.096573 87.744263 40.975788 177.323563 89.678070 143.479156 171.872543 103.681389                853 
31.879820 179.676743 90.115005 97.596985 197.112854 87.763557 40.923626 177.303406 89.634247 143.446106 171.902817 103.734818                877 
31.850143 179.795044 90.074066 97.587769 197.115036 87.763313 40.886990 177.277878 89.581009 143.433670 171.907425 103.747635                902 
31.819033 179.912827 90.034172 97.579636 197.116989 87.763100 40.854343 177.243286 89.518219 143.422684 171.911499 103.758949                927 
31.792349 180.035675 90.000076 97.573776 197.117508 87.766243 40.821945 177.206818 89.462326 143.413910 171.913361 103.772530                951 
31.777691 180.144943 89.971466 97.573540 197.117447 87.767387 40.794933 177.170486 89.410332 143.412674 171.913605 103.777054                976 
31.769482 180.229630 89.951950 97.573318 197.117386 87.768494 40.762085 177.134293 89.353302 143.411469 171.913818 103.781380               1001 
31.770964 180.297226 89.940224 97.573097 197.117310 87.769562 40.712257 177.093689 89.291275 143.410309 171.914047 103.785599               1026 
31.767725 180.379395 89.926430 97.578285 197.112595 87.769760 40.665714 177.054276 89.237450 143.414612 171.909225 103.788200               1052 
31.759941 180.469650 89.911018 97.586609 197.102005 87.774925 40.658096 177.027420 89.221001 143.422272 171.899048 103.795914               1078 
31.756044 180.599960 89.925217 97.617294 197.102982 87.807648 40.679192 177.016037 89.255974 143.458099 171.911423 103.831802               1103 
31.749882 180.766983 89.962502 97.667030 197.108185 87.860977 40.723431 177.015472 89.333130 143.515152 171.929367 103.884277               1129 
31.727230 180.958023 89.980804 97.714272 197.116547 87.914040 40.764961 177.018280 89.408875 143.569244 171.950943 103.938477               1155 
31.748217 181.119034 90.007629 97.849602 196.977051 87.872055 40.868290 176.956238 89.495445 143.713104 171.739532 103.758354               1181 
31.673231 181.303741 89.949959 97.879105 196.943863 87.872711 40.868019 176.956039 89.530060 143.745178 171.695862 103.734947               1207 
31.323380 181.877945 89.169167 98.063751 195.037186 85.585358 40.059330 177.626617 89.459908 143.439957 168.118118 100.046753               1233 
30.082542 184.748657 87.435020 97.241165 196.340927 83.566864 37.562366 182.766678 91.895752 142.253738 168.773895 97.943764               1258 
29.136911 188.278381 84.048073 96.793777 198.523315 81.465515 35.535393 189.370438 93.785408 141.204941 170.630966 97.035820               1281 
26.621336 190.661987 77.102531 94.541367 201.502426 78.425797 31.929188 195.941116 93.081207 138.534897 174.387787 96.373871               1298 
26.104919 195.169250 69.249062 94.981865 202.527481 71.579399 31.750433 204.558945 92.299782 137.789063 173.652313 89.649712               1314 
23.658300 200.960495 60.218307 93.199562 205.590546 66.721848 28.725487 212.155426 87.527542 134.274353 176.120392 87.629723               1329 
23.059235 207.070251 53.722790 93.477303 206.986191 62.434177 29.175003 219.716980 84.844978 132.620392 176.028244 84.843826               1341 
21.763165 210.234909 42.850967 92.673622 207.758255 56.453098 27.399679 222.220108 78.231949 130.469696 176.222916 80.322487               1353 
21.792137 212.509277 30.264511 93.199913 208.137466 49.451057 26.233353 220.762863 70.078163 130.537903 176.532959 73.941841               1365 
22.067604 215.374573 18.871456 93.623138 210.066620 43.196625 24.962139 219.777740 61.724552 130.889618 179.208374 68.725952               1375 
26.033512 219.408768 -2.918120 96.239975 212.245407 29.928513 24.848352 217.615372 43.095364 132.237839 181.980591 57.874226               1394 
26.842070 231.890457 -29.283997 100.623764 215.387955 16.101393 27.693281 216.130951 25.300821 136.329193 186.589447 45.909725               1413 
26.756409 238.344803 -38.634129 101.547119 215.394318 11.887921 28.103132 215.027298 18.887205 136.555130 186.621628 42.536579               1421 
32.095825 246.091904 -60.249866 104.729637 215.876968 -0.788395 30.636810 212.095184 -1.197522 137.522247 187.408875 32.482937               1439 
34.723900 248.239944 -68.941154 105.583084 215.515686 -6.272166 31.579060 210.798141 -10.387431 137.009506 186.772736 28.064283               1449 
37.582371 249.555695 -75.756653 107.199280 214.471298 -11.406891 33.473930 208.814072 -18.483559 137.693390 185.251831 23.365232               1458 
43.889244 249.552887 -94.589653 107.984314 211.426559 -24.472815 35.989540 203.585037 -40.496792 135.329208 181.660660 12.392027               1476 
49.968430 249.768097 -117.838058 107.497360 211.466553 -40.987854 38.336765 201.542831 -65.416351 131.198685 182.460037 -1.117586               1504 
51.737171 249.026840 -123.656586 108.087151 209.860245 -45.837830 39.821972 199.294266 -72.300148 131.091400 180.705276 -5.668677               1519 
60.143326 246.340622 -154.536011 108.321053 207.922104 -70.391922 43.771641 196.141907 -104.508965 126.903809 179.443268 -27.538616               1549 
60.760784 246.129135 -156.593567 108.572464 207.625870 -72.119469 44.421928 195.506363 -106.864372 126.931953 179.181473 -29.147223               1553 
63.960060 244.667465 -172.647659 110.511505 206.988770 -85.968170 48.701527 192.030090 -123.650101 127.805473 179.776825 -41.773174               1575 
65.793083 244.305908 -183.897186 110.808914 208.268570 -95.116051 50.672352 191.312805 -134.576431 127.008575 182.419449 -49.705009               1593 
67.318878 247.625961 -187.946854 110.030518 208.194839 -99.002235 50.730366 192.807434 -140.225647 124.601639 181.522614 -53.515491               1602 
68.486015 249.516586 -196.310516 110.433304 209.044815 -106.609062 53.123028 191.626205 -149.674423 124.219864 183.217209 -60.396145               1620 
68.314270 250.161163 -198.707199 111.260376 208.369141 -109.672295 54.468613 190.131897 -153.073212 125.383629 182.506104 -63.581017               1631 
67.913673 250.257767 -203.808350 109.950447 207.205460 -114.452454 55.332108 187.558380 -159.977585 123.358887 181.315414 -68.163277               1648 
68.580978 251.255692 -207.589203 108.786484 207.197540 -117.624863 55.546589 187.401093 -164.700241 121.039215 181.248337 -71.049362               1657 
69.360802 252.588242 -210.654495 108.129852 207.264618 -120.412285 56.271141 187.299789 -169.026749 119.396454 181.086334 -73.716148               1669 
69.731651 254.279984 -212.969940 107.692802 207.079193 -123.104721 56.752865 187.529404 -172.900787 118.296432 180.288162 -76.601257               1684 
70.190643 256.276215 -214.577621 107.206680 207.205307 -125.124580 56.667168 188.380188 -175.665268 117.093979 179.964539 -78.724686               1693 
69.281853 257.533539 -216.890091 106.822311 208.238022 -127.484268 57.078213 188.377960 -178.528534 116.663483 181.283798 -80.907562               1710 
69.545387 259.184631 -217.496048 106.508514 208.512009 -128.454971 57.016380 189.124710 -179.971786 115.839684 181.297577 -81.924629               1720 
69.270523 260.525574 -217.805740 105.627464 207.966568 -129.425446 57.167141 188.983017 -182.133545 114.430687 180.013214 -83.231491               1738 
69.405289 261.181091 -217.965317 105.407333 207.992752 -129.738174 57.216328 189.178497 -182.805313 113.935425 179.864624 -83.598724               1747 
69.678963 261.923828 -218.225830 105.355614 208.140732 -130.161942 57.376804 189.546524 -183.565933 113.631371 179.796570 -84.108826               1756 
70.395638 263.332214 -219.726837 105.452286 209.183350 -131.510757 57.806065 190.483398 -185.340347 113.239845 180.888290 -85.342445               1774 
70.650627 264.377869 -220.139420 105.196854 209.214249 -132.254654 57.877701 190.847275 -186.571075 112.588646 180.622910 -86.203979               1783 
71.124062 265.976837 -220.877701 105.212845 209.566895 -133.436478 58.300968 191.409592 -188.329590 112.138351 180.705780 -87.481689               1801 
71.083214 266.655609 -221.468765 105.119659 209.780106 -134.252335 58.468754 191.617950 -189.479218 111.937408 180.712173 -88.411934               1810 
70.104523 266.305573 -223.354523 105.871597 210.843796 -135.851837 59.742691 190.944855 -191.041000 113.475792 182.231262 -89.848915               1828 
70.044426 266.675079 -223.564758 105.487892 210.440659 -136.386887 59.907673 190.892288 -192.184464 112.861015 181.358551 -90.641548               1837 
69.973427 266.763641 -224.340302 105.683434 210.495392 -137.229553 60.074516 190.906036 -193.051102 113.086739 181.377045 -91.512146               1848 
72.030304 268.517700 -227.733810 105.760605 211.713211 -140.122070 61.008793 192.490860 -196.829208 112.029007 182.495789 -94.298294               1867 
72.810410 269.303802 -228.967361 105.998993 211.896286 -141.505737 61.643059 192.981735 -198.675491 111.920547 182.390625 -95.820724               1877 
73.066833 268.412903 -232.238998 106.695656 211.648773 -144.440079 63.663692 191.621262 -202.298294 112.678055 182.226913 -98.708977               1922 
73.187492 268.248291 -233.486832 106.930481 211.894623 -145.445496 63.944057 191.512268 -203.226273 112.929283 182.694504 -99.574623               1934 
73.626312 268.163910 -234.959915 107.531471 212.139008 -146.715759 64.632195 191.439346 -204.470505 113.504440 183.116989 -100.728645               1947 
73.661270 267.994995 -235.852524 107.951706 212.250244 -147.511978 65.097137 191.247437 -205.235840 113.982468 183.350174 -101.455666               1960 
73.263138 268.004028 -236.514603 108.295494 212.536957 -148.226974 65.529449 191.124954 -205.925232 114.576073 183.693497 -102.168556               1974 
72.348343 267.587982 -237.593369 108.720764 213.060776 -149.201324 65.800430 190.559830 -206.643997 115.559547 184.501678 -103.045303               1989 
72.028313 267.367493 -238.427643 108.967064 213.432831 -149.855026 65.982849 190.283890 -207.193665 115.975288 185.088913 -103.591919               2004 
72.017494 267.351776 -239.582565 109.079346 214.068329 -150.623581 66.284828 190.216064 -208.030640 116.046188 185.981201 -104.197884               2019 
72.422577 267.993835 -240.100769 109.326920 214.279648 -151.295822 66.457260 190.532913 -208.925919 116.104469 185.988693 -104.965965               2034 
72.065742 267.938324 -240.806107 109.359741 214.723831 -151.828918 66.413536 190.425415 -209.339661 116.243874 186.661957 -105.375610               2050 
72.184776 268.184601 -241.398331 109.601532 215.229675 -152.279999 66.636337 190.620804 -209.753448 116.435188 187.329437 -105.722008               2065 
71.991776 268.634308 -241.576797 109.920593 215.718292 -152.617584 66.839607 190.978500 -210.010925 116.913101 187.810928 -106.087463               2081 
71.538246 268.553833 -241.985168 109.937408 216.113037 -152.914825 66.824135 190.889816 -210.211349 117.068886 188.377121 -106.303345               2096 
71.636124 269.146973 -242.779984 109.486702 216.547333 -153.537262 66.743309 191.226852 -211.319946 116.213074 188.663605 -106.953773               2112 
71.394463 269.361755 -243.208130 109.361610 216.685547 -154.031769 66.638069 191.212082 -212.013474 116.033524 188.668686 -107.520378               2127 
71.170151 269.584045 -244.125397 109.157639 217.432098 -154.610657 66.748260 191.368744 -212.784851 115.693848 189.579422 -107.981544               2143 
70.931450 269.711060 -244.654312 109.017174 217.790390 -155.001968 66.636002 191.340240 -213.279846 115.443527 190.014572 -108.311768               2160 
70.845688 272.030243 -245.918793 109.474342 219.962112 -156.547562 68.193253 192.945267 -215.629974 116.081017 191.758148 -110.140045               2178 
67.037933 270.191711 -246.699356 110.140717 221.071777 -157.684525 68.670258 191.278381 -215.521790 119.071930 193.733551 -111.148270               2196 
67.380402 269.578033 -246.844345 110.584442 220.882935 -157.621902 68.195732 190.903763 -214.837158 119.464981 193.933914 -110.849525               2214 
67.585342 269.695892 -246.807175 110.567482 220.775497 -157.577713 67.972687 190.881897 -214.850433 119.236450 193.771469 -110.797371               2231 
67.674492 269.778046 -246.794312 110.519623 220.692093 -157.561768 67.758331 190.798141 -214.891632 119.002029 193.657394 -110.764938               2247 
67.660934 269.865509 -246.744034 110.479858 220.615692 -157.554108 67.444458 190.614410 -214.916260 118.809303 193.550690 -110.747322               2263 
67.588509 269.954956 -246.669220 110.449875 220.543320 -157.551025 67.066017 190.324921 -214.926208 118.653297 193.450745 -110.737930               2279 
67.599266 270.081360 -246.634232 110.435760 220.445038 -157.602341 66.631706 190.071274 -214.985138 118.508156 193.287903 -110.803894               2297 
67.613144 270.136749 -246.659760 110.385750 220.383621 -157.648209 66.369995 189.899734 -215.059784 118.343857 193.197342 -110.847107               2312 
67.568314 270.182587 -246.683502 110.344582 220.399582 -157.675369 66.252586 189.782822 -215.121857 118.216988 193.218262 -110.856888               2329 
67.551308 270.259521 -246.796768 110.270309 220.392075 -157.796936 65.975334 189.650253 -215.256424 118.038857 193.198486 -110.968224               2346 
68.054077 270.799377 -247.181839 109.958275 220.180466 -158.207550 65.721451 189.949326 -216.093399 117.222092 192.696411 -111.467491               2362 
68.087883 271.031708 -247.399170 109.682526 220.009476 -158.498459 65.369629 190.097549 -216.535843 116.712311 192.382248 -111.807053               2379 
68.156723 271.186859 -247.626694 109.494362 220.022537 -158.676285 65.155945 190.222260 -216.793289 116.320824 192.383438 -111.961739               2394 
68.340195 271.526733 -247.885406 109.508774 220.192734 -158.934586 65.034821 190.494202 -217.070099 116.144928 192.561142 -112.188202               2411 
68.135521 272.419525 -247.012527 108.546112 219.508728 -158.635162 64.632759 190.791550 -217.782761 114.737747 190.991577 -112.362015               2427 
67.970451 272.334076 -247.109131 108.528557 219.706650 -158.625122 64.473038 190.788910 -217.636368 114.746429 191.320938 -112.274742               2444 
68.045715 272.675690 -246.993683 108.629677 219.901245 -158.604019 64.064598 191.038498 -217.413330 114.816917 191.540497 -112.234261               2460 
67.575699 272.915924 -246.807236 108.239456 220.373978 -158.313049 63.175179 191.305405 -216.778320 114.428497 192.232986 -111.809837               2477 
64.653595 273.169128 -244.040039 107.765488 221.710220 -156.066101 61.671047 191.697174 -213.373978 115.183800 193.938965 -109.520477               2495 
62.042171 275.815887 -240.496384 106.587433 224.011688 -153.428497 58.322155 194.234772 -209.337784 114.695526 196.351135 -106.932030               2514 
55.996689 278.941498 -232.785202 103.833481 225.927475 -148.211517 52.101677 197.060211 -201.681244 113.645172 197.978821 -102.218346               2535 
49.993645 284.882721 -220.639374 101.338287 229.381958 -139.794235 46.311855 202.285187 -190.957397 113.060860 200.378067 -94.915245               2553 
43.834335 288.884369 -210.666885 97.635742 232.254730 -132.238220 40.298508 206.009689 -181.290268 110.743141 202.851746 -88.006668               2569 
38.480541 291.597656 -201.119965 95.794579 234.395798 -125.651939 36.176720 208.576859 -171.900345 110.901154 204.767715 -82.215355               2583 
34.358147 293.587830 -193.378357 94.906906 237.226181 -119.829987 32.727612 211.166428 -162.380341 111.915398 208.291504 -76.629700               2595 
30.847012 295.901642 -184.547241 93.488342 238.229950 -113.829224 29.016310 213.495285 -153.557327 111.808899 208.883362 -71.451118               2606 
24.436743 300.610962 -171.833984 88.433945 242.059326 -103.160667 20.235107 220.223221 -137.305023 107.873787 213.193588 -60.951302               2626 
20.486536 298.815399 -168.739304 86.613625 243.098587 -99.791580 17.837940 220.525101 -131.121216 107.309181 215.777557 -57.153286               2636 
10.093002 294.859985 -163.637192 78.701248 244.363602 -93.143745 9.878537 220.247543 -121.010925 100.850426 220.007843 -49.451874               2653 
6.929253 294.434845 -157.670380 76.965820 244.955109 -87.973793 7.310261 221.345840 -113.089546 100.200180 221.462143 -44.373184               2663 
-3.361360 292.768524 -133.704315 71.571114 246.786469 -67.064384 -0.385659 224.174103 -82.683563 98.692101 226.616623 -24.048122               2690 
9.495079 238.033127 -108.847031 71.061783 246.254150 -62.267220 -0.740098 222.750839 -75.202301 100.031982 226.995712 -20.046270               2699 
17.507139 213.977020 -74.223091 70.374939 247.440338 -47.510483 -2.809817 233.796341 -58.590633 98.611191 223.846985 -7.027938               2717 
18.963675 213.203232 -62.499340 69.919479 247.866577 -41.949287 -1.718956 235.832809 -53.127159 98.501831 223.463699 -2.196077               2726 
21.115114 215.019272 -37.034767 72.843079 245.709396 -24.730082 0.445910 240.662567 -29.772522 102.814934 217.834656 11.566699               2744 
22.113312 215.727127 -28.016140 73.992432 244.451996 -18.271034 1.545795 244.320969 -19.936129 103.978622 214.699539 16.490845               2753 
25.143993 211.993851 -8.976071 76.425491 240.366623 -4.849981 4.754962 244.934052 4.502611 109.660919 208.907440 25.124935               2771 
27.839853 207.623749 -1.446716 77.064011 239.150742 0.532952 5.780657 240.275330 13.710553 113.409622 209.751236 28.948332               2780 
29.034550 205.521759 5.159373 77.224770 238.225388 5.962004 6.213329 238.516342 21.272451 114.798492 209.728851 33.691612               2790 
30.404293 199.253662 19.184235 76.329399 234.642731 16.095064 6.626605 232.697525 38.575813 117.459152 208.466476 40.912720               2807 
30.933554 197.365677 23.739779 75.957336 233.689178 20.124567 6.268640 232.110123 44.058731 117.608253 208.739792 45.333652               2816 
30.834908 195.336182 34.441193 74.816101 232.219238 28.334772 5.505043 233.101044 55.529316 117.215881 209.148224 54.078831               2834 
31.256329 193.111542 38.238491 74.533371 230.779770 32.108078 5.204350 231.102631 59.916149 117.339073 208.495621 57.873508               2843 
30.037785 194.651993 48.331112 76.633286 227.597900 40.391319 8.803936 236.318436 71.225014 117.715538 201.239655 65.094742               2864 
30.362545 191.670441 49.536430 76.264191 225.753525 42.506405 7.942884 232.752045 73.091995 117.683487 200.002121 67.286972               2870 
28.616356 192.538315 54.381210 76.249748 223.867294 46.264290 11.012935 242.417358 85.106972 116.454117 196.385727 71.186996               2889 
27.363161 195.008118 58.472187 77.359688 222.188171 50.047688 20.417089 254.545898 97.938538 115.349304 191.172440 74.287788               2907 
26.904959 192.607925 58.847309 76.803413 220.297913 51.861385 22.815395 255.178284 104.353592 114.682861 188.779221 75.620331               2916 
26.992378 191.007278 59.935364 76.301369 219.160400 53.214630 28.603020 259.381744 112.790985 114.243370 187.537582 76.734192               2934 
26.747437 191.080017 61.345417 75.866295 219.120102 54.335808 31.785778 262.607697 116.660286 113.616096 187.447189 78.096016               2943 
25.321400 189.474442 60.654758 74.449860 216.651077 55.871933 34.879364 262.248535 122.537636 110.460983 182.968384 79.566727               2961 
25.619427 186.113785 60.417370 73.334709 215.131439 56.953869 35.673767 259.782623 125.794868 110.035789 181.778320 80.048668               2970 
25.410707 183.014908 60.140152 71.193909 213.730835 58.282455 35.504246 258.954285 128.272415 108.029602 180.765594 81.717323               2988 
25.970789 182.033768 60.338650 70.658295 213.609192 58.726112 35.360493 259.054138 128.747635 107.761032 181.060776 82.321808               2997 
27.747385 180.948563 61.084324 70.282539 214.047394 59.686821 30.154953 256.830170 126.804680 108.007408 182.330765 83.428322               3015 
27.954971 181.059052 61.388451 70.122803 214.084076 59.882298 30.062069 257.000153 126.828873 107.714493 182.200180 83.610992               3024 
28.595961 180.570358 61.956062 69.971031 213.833649 60.525024 29.544474 256.005249 127.687164 107.613724 181.873718 84.069855               3033 
29.399145 180.340469 62.556862 69.986450 213.588287 60.956902 32.018223 257.152191 127.993454 107.551895 181.382919 84.289726               3051 
29.651741 180.202850 62.889904 69.725380 213.502136 61.297531 32.747162 257.976349 126.388596 107.278053 181.250412 84.586838               3060 
32.081177 175.814850 61.870735 69.197632 211.090729 61.487453 32.383617 251.436096 126.935822 108.435867 179.250717 82.447968               3079 
35.032185 172.260544 61.514420 69.195038 209.530411 61.087723 34.300999 247.038193 126.937103 110.675705 178.990326 79.511253               3098 
34.786259 171.277298 61.081417 68.367172 208.796936 60.940739 35.104801 246.870544 126.188332 110.018036 178.355118 79.141556               3105 
35.799915 167.831680 60.151909 66.872726 206.947144 60.923828 34.575500 243.210464 126.360130 110.025757 177.982513 78.001160               3124 
36.153702 167.133224 60.103573 66.580566 206.584396 60.923100 34.608414 242.745438 126.261581 110.062653 178.014328 77.829567               3133 
36.293087 166.787766 60.589737 66.211250 206.450531 61.133503 34.826664 243.369141 125.441727 109.900948 178.233765 78.097977               3142 
35.347458 166.000549 60.853043 64.813538 205.823776 61.621891 33.367569 243.612289 122.912857 108.444885 177.861328 79.148293               3160 
35.251892 165.493774 60.744659 64.452934 205.474411 61.711803 32.941391 243.275696 121.662315 108.177429 177.706100 79.314575               3169 
34.720249 163.864380 58.309200 62.636848 204.649994 60.610401 28.105572 238.535645 116.459839 107.175201 177.651001 77.348328               3187 
34.655323 162.673996 57.206562 62.130219 203.713394 59.809776 25.955393 234.770767 112.813881 107.210152 176.917618 75.383942               3197 
34.657940 161.796188 56.428368 61.738411 203.018616 59.234756 22.209551 229.640259 105.594559 107.216545 176.410110 73.948555               3207 
34.365715 161.660538 56.274944 61.261040 202.970642 58.936459 20.029184 227.930115 101.385956 106.871506 176.606491 73.680443               3218 
34.177200 161.938782 56.628036 61.412647 203.030838 59.014889 20.271856 228.123184 100.679306 107.009003 176.528412 73.553192               3239 
34.194946 161.889359 56.949844 61.567402 202.890686 59.232616 20.699266 228.061737 101.089188 107.202133 176.324799 73.532745               3250 
33.596996 162.095535 57.862518 61.668499 202.644943 59.842106 21.563736 228.523468 101.954468 107.078835 175.521011 73.804977               3270 
33.283352 162.132263 58.248142 61.696388 202.461212 60.092804 21.915207 228.742401 102.243958 106.966904 175.075165 73.997963               3281 
32.748943 162.168076 58.771885 61.702114 202.158203 60.515293 22.275339 228.848328 102.718292 106.777939 174.405014 74.324699               3301 
32.458515 162.403366 59.185513 61.839031 202.107101 60.742661 22.888538 229.305435 103.091980 106.743591 174.016525 74.427254               3312 
31.928852 162.589890 59.491241 61.822777 201.936035 61.033707 24.136343 230.313660 104.222374 106.478355 173.403366 74.618073               3322 
31.776279 162.601120 59.620182 61.559891 202.060501 61.057987 23.840618 230.584122 104.172020 106.362213 173.841965 74.814262               3334 
31.775732 162.601715 59.725220 61.622101 202.040604 61.117302 24.487583 230.906097 104.659203 106.510246 173.885254 74.722404               3344 
31.163647 162.770432 59.586430 61.292233 202.013763 61.107491 25.391983 231.804642 105.451241 106.058075 173.629684 74.640137               3355 
29.622301 162.506485 58.809002 59.946457 201.620132 60.579742 24.875996 232.099304 105.276321 104.611649 173.136765 74.235771               3397 
29.423719 162.375214 58.631989 59.705170 201.532318 60.471840 24.614201 232.030579 105.163490 104.411324 173.152802 74.209793               3407 
29.204109 162.225906 58.381454 59.480522 201.420212 60.297298 24.722952 232.247055 105.003212 104.247116 173.216492 74.199486               3418 
28.860252 162.376587 58.181282 59.322659 201.455414 60.208565 24.734808 232.410431 104.862770 104.026413 173.169174 74.145241               3430 
28.757633 162.430847 58.158611 59.291100 201.463913 60.196091 24.790598 232.506042 104.803650 103.988365 173.182480 74.163322               3440 
28.310928 162.370956 57.707954 59.075275 201.305084 60.105572 24.473642 232.171890 104.646057 103.729050 172.969315 74.101738               3451 
27.828362 162.395782 57.338848 58.955898 201.196899 60.024719 24.463600 232.019257 104.619392 103.587021 172.801376 73.971970               3462 
27.413681 162.434830 57.059341 58.876526 201.113632 59.981308 24.676903 232.033066 104.666512 103.491539 172.669586 73.881134               3473 
27.132788 162.393738 56.778095 58.851658 200.982742 59.914471 25.571688 232.381943 105.060837 103.469101 172.504822 73.736954               3484 
26.883760 162.185013 56.316036 58.781136 200.705658 59.786064 26.460783 232.509933 105.509766 103.393471 172.175003 73.515968               3497 
26.755203 161.868423 55.887463 58.810036 200.429276 59.722889 26.200373 231.747452 105.545517 103.569946 172.068344 73.323502               3510 
28.159891 161.389664 57.029480 59.570004 200.661652 60.303333 26.515408 231.450058 106.111382 105.141869 173.507492 73.668404               3526 
29.412676 160.876083 57.710709 60.092621 200.786575 60.922207 24.260021 229.319763 105.129486 106.208931 174.681396 74.508011               3543 
31.018225 160.247940 57.720146 60.138618 201.333176 61.219463 20.179859 226.463974 102.676292 106.999802 177.166504 75.806114               3559 
31.651392 159.969910 57.635498 60.192986 201.483337 61.320869 18.094183 224.374496 100.703880 107.313545 178.069763 76.295029               3576 
30.997337 159.863556 57.168118 60.102360 201.637451 61.549427 16.378225 222.576111 98.985161 107.511879 179.074860 76.912895               3607 
24.577526 161.876068 54.641239 60.133434 201.680511 61.608593 16.020491 222.090164 98.560501 107.634109 179.373062 77.062767               3621 
19.148779 163.495056 52.465683 60.112896 201.736420 61.775177 15.480855 221.392853 98.084335 107.765320 179.873260 77.396217               3634 
17.228537 163.928391 51.522820 60.265869 201.681870 61.950550 15.203265 220.487152 97.665672 108.107277 180.284943 77.639381               3648 
16.608845 164.135147 51.059723 60.135048 201.936081 62.178741 14.471678 220.319351 97.156158 108.009018 181.050079 78.446075               3659 
16.433596 164.600952 51.350430 60.434143 202.312027 62.531200 14.901745 221.217239 97.361794 108.286575 181.607544 79.091324               3670 
16.108248 164.652313 51.150150 60.115582 202.507538 62.907406 14.042526 221.249359 97.133034 107.881187 182.136673 80.119125               3682 
15.890879 164.779099 50.961948 60.170979 202.501923 62.906876 14.101820 221.251419 97.130936 107.919083 182.102539 80.133385               3693 
15.721501 164.876022 50.761692 60.217861 202.486313 62.904224 14.097847 221.163742 97.075905 107.945259 182.058151 80.153969               3705 
15.127757 165.603745 50.293900 60.112125 202.815079 62.883427 13.644700 221.228638 96.449585 107.649330 182.118057 80.336693               3716 
14.999811 166.023071 50.008602 60.371990 202.976990 62.833214 13.902966 221.393295 96.366570 107.852852 182.143219 80.277145               3728 
14.787635 166.170776 49.778339 60.381390 203.002472 62.828751 13.616796 220.939957 95.793869 107.831078 182.144638 80.328651               3739 
14.507271 166.352402 49.410057 60.228825 203.103226 62.794231 13.008200 220.527847 95.043350 107.593857 182.251663 80.529366               3751 
14.254205 166.549408 49.071926 60.194767 203.099731 62.709385 12.764576 220.213318 94.540535 107.481888 182.108124 80.487167               3762 
13.931117 167.011948 48.596317 60.416454 202.954254 62.380943 13.266946 220.127228 94.542473 107.604805 181.373047 79.709526               3774 
13.859494 167.155258 48.502892 60.449932 203.077103 62.308681 13.148752 220.040329 94.236610 107.644745 181.534393 79.667526               3785 
13.773505 167.274475 48.415359 60.478535 203.148865 62.256538 13.169597 220.121887 94.170525 107.671295 181.610809 79.626747               3797 
13.682727 167.366226 48.339161 60.497562 203.175995 62.223492 13.182563 220.181290 94.108932 107.671364 181.616135 79.618141               3808 
13.590494 167.448868 48.318325 60.510414 203.208481 62.212719 13.218116 220.312469 94.090683 107.668205 181.642044 79.642586               3820 
13.580369 167.438599 48.134647 60.596584 203.107925 62.144367 13.531374 220.469879 94.244293 107.742851 181.478760 79.527618               3831 
13.530622 167.469299 48.111462 60.609802 203.118637 62.150257 13.925431 221.028198 94.554779 107.748726 181.504120 79.571617               3843 
13.490917 167.501587 48.087536 60.628368 203.130493 62.156406 14.333118 221.578522 94.813217 107.754730 181.527878 79.626434               3855 
13.473392 167.514908 47.995522 60.715881 203.038864 62.142597 14.842548 222.066589 95.096443 107.795418 181.358337 79.642326               3868 
13.457533 167.460373 47.759315 60.790424 202.860672 62.059826 15.370402 222.396942 95.360397 107.830254 181.073029 79.533287               3881 
13.439313 167.419556 47.567337 60.850357 202.717407 61.993275 15.567228 222.392822 95.414612 107.858261 180.843796 79.445229               3894 
13.446088 167.361298 47.402126 60.909771 202.593628 61.939625 15.745200 222.349609 95.466660 107.906967 180.670135 79.357796               3907 
13.331346 167.411652 47.178802 61.046486 202.455917 61.874573 16.051830 222.278732 95.570839 108.039108 180.433670 79.180138               3920 
13.011835 167.591705 46.999935 61.168919 202.276321 61.782051 16.399458 222.348969 95.604660 108.084557 180.008606 78.982079               3936 
12.743690 167.738754 46.829609 61.367027 202.060425 61.661785 16.821901 222.251877 95.694542 108.266457 179.594238 78.646561               3954 
12.501429 167.868195 46.735615 61.415203 202.002472 61.618328 16.991236 222.283981 95.727303 108.314880 179.479233 78.526680               3973 
12.291959 168.121719 46.764648 61.549908 202.004074 61.535412 17.501808 222.684372 95.862396 108.427040 179.339279 78.316666               3991 
12.192483 168.188965 46.694706 61.664852 201.926178 61.458668 17.918982 222.847168 96.028305 108.555847 179.200912 78.118980               4010 
12.072448 168.197525 46.677662 61.679733 201.861099 61.480297 18.318516 223.176132 96.413269 108.584923 179.132690 78.096268               4030 
13.071269 167.636292 46.974285 62.444057 201.675735 61.963074 19.570930 223.101044 97.780693 109.607224 179.345367 78.387405               4048 
13.316915 167.555908 47.116829 62.663143 201.640228 62.331532 21.362131 224.812042 99.578827 109.816978 179.402603 78.907806               4068 
13.127998 167.956863 47.000252 62.611259 201.857864 62.383663 23.402515 227.129318 101.086128 109.677986 179.486786 79.027779               4088 
13.025242 168.241409 46.877483 62.622417 201.994827 62.396255 24.376429 228.124573 101.342758 109.623344 179.519791 79.086205               4107 
12.823079 168.353226 46.724258 62.465675 202.001480 62.480839 24.796053 228.836716 101.459213 109.344040 179.462753 79.427635               4125 
12.360326 168.649567 46.486240 62.141418 202.002853 62.570938 24.974236 229.624313 101.607315 108.766075 179.220963 79.888428               4142 
11.926048 168.934296 46.228336 61.851631 201.989944 62.607590 25.179674 230.361237 101.894234 108.234383 178.962448 80.246864               4160 
11.535903 169.136200 46.050251 61.610306 201.909714 62.657291 25.338335 230.810287 102.257416 107.812134 178.646210 80.460938               4177 
11.268923 169.302338 45.950054 61.460983 201.884125 62.686760 25.573696 231.212509 102.734879 107.549644 178.468613 80.584183               4194 
11.152532 169.392380 45.894363 61.422710 201.875732 62.683235 25.863836 231.591080 103.149620 107.466431 178.391693 80.606529               4211 
10.977089 169.550949 45.807213 61.371319 201.862854 62.647594 26.161352 232.029297 103.667831 107.338547 178.242874 80.588585               4228 
10.744199 169.758652 45.689075 61.294292 201.839493 62.588676 26.399506 232.389145 103.998589 107.158134 178.027588 80.540558               4246 
10.467918 170.007751 45.536118 61.208561 201.796188 62.494759 26.602480 232.662521 104.265778 106.948387 177.735123 80.430817               4262 
10.221932 170.240128 45.411572 61.136917 201.766937 62.409275 26.789047 232.922791 104.437035 106.769775 177.485458 80.320770               4279 
9.950147 170.491867 45.274734 61.046112 201.739441 62.314781 26.948843 233.143646 104.567764 106.568245 177.221512 80.185837               4296 
9.700481 170.721558 45.158886 60.953270 201.724884 62.239643 27.058083 233.331329 104.653381 106.374374 177.002808 80.086502               4313 
9.211271 171.116653 44.978718 60.661877 201.753464 62.187920 26.925663 233.643555 104.620583 105.874825 176.722427 80.132423               4331 
8.920169 171.362045 44.865772 60.502571 201.784348 62.117023 26.927692 233.848511 104.708473 105.623558 176.576218 80.045059               4347 
8.580105 171.746262 44.673340 60.355141 201.828033 62.000641 26.984081 234.141510 104.713638 105.308517 176.334412 79.946022               4365 
8.223853 172.085587 44.594791 60.193951 201.833710 61.967232 27.015017 234.369110 104.701881 104.981506 176.063660 79.932404               4383 
7.980973 172.431992 44.443916 60.190598 201.784088 61.823208 27.327042 234.388199 104.808029 104.862244 175.674973 79.586296               4403 
7.620325 173.001221 44.176014 60.199963 201.756592 61.484879 27.899181 234.360611 104.973907 104.745552 175.129913 78.790329               4425 
7.287125 173.374390 43.919964 60.083054 201.748657 61.243877 28.106092 234.328430 105.062180 104.537285 174.797165 78.279320               4446 
7.159027 173.611725 43.863792 60.183270 201.681229 61.029102 28.665588 234.302826 105.454025 104.620293 174.473694 77.698524               4467 
7.064281 173.749496 43.846882 60.235191 201.633926 60.901768 29.040730 234.279709 105.856354 104.677895 174.274384 77.305115               4489 
6.694429 173.936996 43.822586 59.855595 201.829437 60.934364 28.617790 234.753586 105.911911 104.227036 174.494675 77.570297               4510 
6.402604 174.151932 43.835739 59.570961 202.048233 60.957012 28.314123 235.269073 105.911469 103.873276 174.736572 77.813660               4532 
6.415171 174.099213 43.857571 59.426533 202.247284 61.089687 27.871416 235.542908 105.838692 103.762245 175.164703 78.225800               4554 
6.466808 174.005829 43.916401 59.389324 202.339157 61.152950 27.688543 235.652328 105.813049 103.785698 175.426239 78.398987               4576 
6.604387 173.855484 44.067009 59.511135 202.262115 61.264915 27.808620 235.500275 106.006561 103.977257 175.416840 78.436531               4597 
6.738716 173.711685 44.202503 59.631393 202.183929 61.367607 27.927521 235.351517 106.199905 104.161934 175.399582 78.467262               4619 
6.907164 173.582825 44.440498 59.770599 202.184647 61.511436 28.041862 235.388214 106.337326 104.370148 175.522018 78.621475               4641 
7.128462 173.370041 44.751759 59.890659 202.218643 61.751282 28.039467 235.474640 106.626305 104.590454 175.780121 78.947258               4664 
7.308199 173.248215 44.999077 59.955280 202.368546 61.921108 27.944624 235.752106 106.748222 104.737938 176.181015 79.284744               4685 
8.224326 172.366211 45.640392 59.806240 203.217621 62.802879 26.158432 236.793976 106.414322 104.929573 178.606232 81.536087               4708 
8.825107 171.575958 46.025677 59.628685 203.622864 63.345985 24.862453 237.106415 106.178978 105.004593 180.124557 82.881226               4731 
9.186485 171.130508 46.285351 59.559963 203.854568 63.621029 24.213364 237.264893 106.066643 105.096558 181.000488 83.542831               4752 
9.480155 170.764160 46.635479 59.457275 204.130066 63.919891 23.558399 237.630615 105.858826 105.097260 181.909027 84.315620               4773 
9.496269 170.683914 46.686646 59.436199 204.108063 63.990860 23.456644 237.634933 105.869392 105.072502 181.951401 84.464722               4794 
9.503434 170.648605 46.705967 59.435482 204.094025 64.015503 23.422997 237.639206 105.878563 105.070831 181.964798 84.521126               4815 
9.526267 170.590897 46.753040 59.474133 204.033096 64.046394 23.465839 237.606049 105.916977 105.109596 181.908173 84.556419               4836 
9.558026 170.522888 46.820465 59.529644 203.953720 64.089828 23.538258 237.558884 105.973763 105.165199 181.825409 84.595970               4857 
9.550899 170.499634 46.823792 59.591068 203.844498 64.082932 23.658529 237.489716 105.942261 105.198761 181.642166 84.571068               4878 
9.543962 170.481216 46.825760 59.641750 203.754379 64.077232 23.756762 237.431198 105.912384 105.226341 181.491043 84.550575               4899 
10.231541 169.888977 46.616039 60.223221 203.368164 63.797428 24.418978 236.339630 106.224968 106.141930 181.253464 83.676575               4920 
10.737697 169.389572 46.420765 60.599995 203.060593 63.623646 24.833082 235.428528 106.428474 106.774673 181.095078 83.070602               4941 
10.978312 169.057632 46.235775 60.778671 202.808060 63.482101 25.499924 234.220032 104.190445 107.062454 180.906311 82.740685               4962 
11.190720 168.840530 46.155499 60.992374 202.670380 63.260548 26.400263 233.287460 101.968742 107.419281 180.838913 82.252625               4982 
11.236130 168.778732 46.158787 61.022930 202.656464 63.230610 27.073099 232.870346 100.481758 107.477722 180.875031 82.211914               5000 
11.243977 168.759857 46.155563 61.039539 202.642700 63.209450 27.542780 232.645142 99.595581 107.503792 180.870316 82.177986               5018 
11.250547 168.742798 46.152187 61.054901 202.629974 63.189884 27.906490 232.372025 98.821274 107.527885 180.865952 82.146606               5036 
11.255916 168.727798 46.148857 61.068668 202.618576 63.172344 28.238010 232.172623 98.236061 107.549477 180.862030 82.118484               5053 
11.247664 168.720795 46.146362 61.071571 202.603363 63.170662 28.436768 232.041000 97.930214 107.555710 180.842239 82.103371               5071 
11.239631 168.714432 46.143852 61.074280 202.589142 63.169090 28.600508 231.911819 97.664398 107.561531 180.823761 82.089249               5088 
11.212230 168.725189 46.131935 61.064487 202.575119 63.171158 28.722204 231.814133 97.450890 107.543175 180.789429 82.088974               5106 
11.221766 168.735672 46.051338 61.124779 202.503754 63.120369 28.980013 231.581726 97.272057 107.609940 180.637848 81.929405               5123 
11.130153 168.819885 45.973057 61.102947 202.454529 63.116879 29.120939 231.460571 97.103745 107.536858 180.463196 81.906288               5141 
11.086447 169.069931 46.151493 61.243671 202.535477 63.101871 29.518087 231.633469 97.292007 107.654106 180.394196 81.772812               5158 
11.185862 169.235397 46.372448 61.531487 202.545959 63.082668 30.043541 231.658676 97.771576 107.971375 180.263718 81.511093               5176 
12.059612 168.745895 46.759605 62.272701 202.349594 63.295803 30.822704 230.866592 98.673904 109.061073 180.320694 81.138023               5193 
12.669888 168.388565 47.011341 62.781490 202.197525 63.451649 31.341307 230.279648 99.335724 109.809731 180.350494 80.882088               5212 
12.924584 168.212967 47.129059 62.978577 202.113449 63.570530 31.507618 229.983276 99.757988 110.107506 180.349518 80.832153               5229 
13.142162 168.048370 47.233067 63.169659 202.002945 63.658146 31.677120 229.708481 100.191147 110.388428 180.287888 80.734818               5247 
13.241369 167.968140 47.314304 63.264610 201.938492 63.733086 31.702555 229.592010 100.764503 110.523895 180.238770 80.716911               5264 
12.271373 168.737534 47.570908 62.650692 202.182159 63.994488 31.129278 230.755981 101.053200 109.485481 180.012222 81.537720               5282 
11.689336 169.196136 47.452415 62.486088 202.051743 63.792820 31.286629 231.098175 101.128334 109.076820 179.342636 81.296219               5302 
11.254647 169.545944 47.359863 62.361835 201.953308 63.640591 31.303917 231.482590 101.659744 108.763420 178.839417 81.116554               5322 
11.094567 169.644424 47.474785 62.328831 201.936462 63.597359 31.217861 231.875092 102.175156 108.682365 178.728714 81.076454               5342 
10.880112 169.794708 47.569172 62.286964 201.916565 63.493958 31.222143 232.355301 102.433846 108.570129 178.568268 80.972359               5363 
10.549463 169.996674 47.604488 62.241772 201.809448 63.235634 31.448528 232.695419 102.538956 108.448532 178.193146 80.555405               5382 
10.222472 170.438660 47.721497 62.213223 201.867676 63.150600 31.712866 233.150635 102.738998 108.295509 177.915833 80.340729               5402 
9.880793 170.957031 47.860611 62.191055 201.967972 63.066719 32.041916 233.631897 102.910187 108.139885 177.652939 80.103531               5422 
9.595735 171.424820 47.938354 62.192677 202.039627 62.969852 32.367313 234.018372 103.041542 108.011536 177.381363 79.862793               5442 
9.370204 171.805878 47.999199 62.196510 202.095505 62.897083 32.633099 234.321503 103.163162 107.907745 177.157272 79.670158               5462 
9.106929 172.206589 47.876865 62.174278 202.075104 62.780647 32.877155 234.429245 103.306488 107.740875 176.763504 79.387184               5482 
8.856601 172.630203 47.705338 62.184078 202.029572 62.625690 33.194588 234.465164 103.454781 107.597656 176.302017 79.010681               5502 
8.588005 173.108414 47.597763 62.200199 202.009613 62.489086 33.467007 234.550659 103.865402 107.460648 175.846008 78.605118               5564 
8.435856 173.306015 47.510635 62.130894 202.033218 62.445953 33.448635 234.636780 103.939240 107.316803 175.719086 78.526024               5584 
8.192838 173.421295 47.302574 61.928925 202.015182 62.357265 33.174629 234.690491 104.091461 107.049675 175.583923 78.428223               5605 
8.029967 173.476868 47.215393 61.810177 201.989609 62.277840 33.012039 234.773087 104.274567 106.905815 175.489304 78.305504               5627 
7.988264 173.429260 47.221596 61.748436 201.994980 62.266232 32.832863 234.896255 104.468529 106.860611 175.544952 78.330360               5649 
8.118539 173.260803 47.319221 61.795322 202.044144 62.257416 32.741375 234.974747 104.716125 107.025146 175.784256 78.302658               5672 
8.392724 172.986984 47.551933 61.889645 202.166122 62.377674 32.581337 235.184799 104.772003 107.268120 176.260681 78.578598               5694 
8.519253 172.792755 47.574474 61.889000 202.191833 62.434879 32.372131 235.203003 104.833054 107.341835 176.480652 78.736519               5716 
8.539506 172.751511 47.553200 61.884872 202.189301 62.434982 32.304688 235.216217 104.901115 107.351013 176.513321 78.754990               5739 
8.507402 172.794769 47.494690 61.917847 202.122101 62.371647 32.391563 235.216949 105.110245 107.351234 176.350235 78.631645               5763 
8.462289 172.893677 47.453453 61.969093 202.058960 62.312660 32.532589 235.219452 105.354088 107.353203 176.146530 78.486633               5786 
8.426885 173.549683 47.853550 62.331371 202.186111 62.308765 33.496964 235.763748 105.827499 107.556702 175.835129 78.216751               5810 
8.496032 173.944443 48.433765 62.681538 202.266876 62.460670 34.306950 236.270966 106.270355 107.815437 175.671951 78.221710               5834 
8.754663 173.838669 48.923225 63.027084 202.132065 62.680210 34.854271 236.252716 106.778160 108.206795 175.520203 78.280579               5858 
8.892976 173.572800 48.957516 63.138947 201.854568 62.852142 34.898983 235.826614 107.223595 108.327896 175.220520 78.387749               5880 
8.999098 173.362335 48.927048 63.218475 201.619019 62.985577 34.890335 235.476715 107.559166 108.393196 174.954620 78.510521               5903 
9.134341 173.199219 48.930775 63.338768 201.421570 63.116188 34.962292 235.147980 107.904129 108.510971 174.720169 78.584724               5925 
9.301969 173.028336 49.017696 63.481998 201.279312 63.240173 35.068623 234.926926 108.190475 108.682808 174.599869 78.662979               5947 
9.470362 172.750992 49.135342 63.524647 201.200882 63.440388 34.420532 234.617966 107.786682 108.779015 174.696518 79.007355               5970 
9.602148 172.637711 49.274929 63.578003 201.222427 63.608089 33.592838 234.337036 107.295403 108.859612 174.842270 79.306229               5992 
9.711019 172.571335 49.359844 63.636799 201.242081 63.710457 32.633236 233.913391 106.825020 108.936348 174.942490 79.491798               6014 
9.782326 172.379700 49.383438 63.614140 201.172119 63.843559 31.600683 233.299286 106.390503 108.944633 174.977631 79.710625               6035 
9.949812 171.929947 49.411602 63.613224 200.951370 64.064247 30.792654 232.506241 106.239990 109.053650 174.977493 79.979446               6056 
10.914966 170.444519 49.748711 63.712280 201.021011 64.405060 29.527100 231.783340 105.975456 109.794312 176.462402 80.717308               6077 
11.537342 170.096115 49.567738 63.865128 201.357559 64.479836 28.867821 231.452209 105.793808 110.228600 177.446167 80.955345               6097 
12.182261 169.149216 49.153973 63.998833 201.036896 64.516670 28.260002 230.163605 105.841507 110.661545 177.695160 80.964256               6117 
13.138988 168.209839 48.869949 64.491135 200.740082 64.522202 28.135288 228.826630 105.990112 111.556854 178.087570 80.784119               6136 
14.512280 166.943527 48.869728 65.379593 200.244675 64.577515 28.574747 227.135071 106.409386 112.994858 178.439728 80.392052               6156 
15.376788 166.143555 48.909863 65.936241 199.928864 64.712646 28.732569 226.012466 106.673248 113.907227 178.770172 80.328766               6181 
15.905563 165.716583 49.259483 66.294350 199.856049 64.873016 28.949017 225.694031 106.844627 114.475830 179.115616 80.401962               6194 
16.706802 165.185501 49.885342 66.856117 199.871231 65.050430 29.412176 225.493744 107.043816 115.332024 179.702530 80.415283               6214 
17.026060 165.030273 50.188435 67.060211 199.978409 65.123215 29.866243 225.953003 107.274467 115.656784 180.114304 80.503708               6231 
17.189003 164.982193 50.353851 67.193428 200.050659 65.161491 30.244625 226.363800 107.468483 115.867043 180.391861 80.562134               6250 
17.162031 165.026749 50.364063 67.213631 200.062378 65.184113 30.452215 226.605774 107.607079 115.911942 180.483673 80.608681               6268 
17.241316 164.904083 50.411160 67.238884 200.013199 65.253403 30.554831 226.667053 107.745987 115.977364 180.564362 80.715363               6286 
17.321037 164.781219 50.454891 67.261574 199.969009 65.315659 30.621429 226.696228 107.854729 116.035820 180.636932 80.811211               6304 
17.396467 164.675476 50.489273 67.287178 199.927399 65.370125 30.674587 226.702621 107.946548 116.093468 180.697739 80.892189               6322 
17.468630 164.543350 50.413479 67.292290 199.843826 65.407028 30.641788 226.598450 108.000343 116.116638 180.706406 80.986221               6341 
