29.792360 195.851929 76.549484 108.952530 194.740387 99.744308 40.968575 189.627533 104.470322 139.351822 171.563644 132.596329                  0 
29.882896 195.438522 76.638206 108.978699 194.728333 99.711281 40.867035 189.589951 104.517227 139.363968 171.516678 132.551636                 22 
29.942322 195.210327 76.710365 109.017372 194.706924 99.680267 40.780407 189.547653 104.616882 139.413940 171.412704 132.451614                 44 
29.920187 195.105682 76.678108 108.971977 194.764862 99.691902 40.653225 189.482590 104.610291 139.357040 171.442261 132.453751                 66 
29.949942 195.048538 76.655708 109.012344 194.744019 99.655853 40.577110 189.326309 104.657120 139.403870 171.376831 132.379898                 88 
29.954617 195.012375 76.635391 109.024879 194.736572 99.640572 40.472382 189.157990 104.705307 139.414413 171.338608 132.344482                110 
29.852451 195.124313 76.471512 108.929604 194.659241 99.484604 40.242802 189.164200 104.624893 139.237411 171.184158 132.209076                133 
29.907099 195.392044 76.325264 109.056633 194.092880 99.074211 40.232658 188.888992 104.367630 139.227234 170.111069 131.557144                156 
29.950991 195.582138 76.242004 109.143326 193.743439 98.800056 40.211620 188.594376 104.126282 139.194473 169.419983 131.139374                178 
30.002089 195.697601 76.206749 109.224625 193.628433 98.615356 40.195652 188.446747 103.983902 139.200943 169.122391 130.886215                201 
30.062742 195.734070 76.213821 109.306313 193.550629 98.474136 40.198563 188.255295 103.844368 139.219345 168.884064 130.681351                224 
30.092787 195.685913 76.257034 109.343147 193.564178 98.407471 40.131069 188.235779 103.849373 139.205200 168.833359 130.612717                247 
30.189112 195.811584 76.327866 109.468193 193.501816 98.306023 40.144814 188.268341 103.886986 139.256256 168.610931 130.456421                270 
30.272207 195.612442 76.538399 109.553078 193.478088 98.233238 40.127396 188.225952 103.934242 139.296448 168.487869 130.347961                293 
30.313814 195.356995 76.740868 109.600693 193.454590 98.170563 40.082058 188.083481 103.967606 139.317490 168.390854 130.252579                317 
30.243454 195.322601 76.735229 109.579895 193.473770 97.876503 40.010471 187.916367 103.773743 139.311676 168.273499 129.837433                341 
30.089626 195.453644 76.465912 109.357910 195.005508 97.952400 39.901325 187.761414 103.295410 139.269836 170.543671 130.316406                365 
30.228266 195.730881 76.406715 109.508339 195.666901 97.898689 40.140385 187.500580 103.006569 139.486160 171.434860 130.374405                389 
30.377527 195.850342 76.497833 109.710480 195.773727 97.873047 40.378048 187.105667 102.950447 139.722412 171.527466 130.306625                412 
30.425690 195.974518 76.652496 109.796906 195.877747 97.956024 40.520813 186.753708 102.932037 139.813416 171.628296 130.382980                435 
30.598791 196.065643 76.875542 109.946350 195.618942 98.305481 40.655563 186.347549 103.003166 139.798660 171.075027 130.662384                458 
31.224777 196.168762 76.961151 110.427979 194.386627 98.823463 40.954334 186.051636 102.959373 139.654495 169.000000 131.101395                482 
31.402281 196.106857 77.147461 110.549217 194.161362 99.007874 40.992859 186.165024 103.005386 139.551239 168.528198 131.293442                505 
31.626301 196.012146 77.486504 110.782990 193.821869 98.961258 41.123917 186.344925 103.139137 139.623016 167.899612 131.160995                528 
31.800343 195.779358 77.804329 110.950027 193.572067 98.906143 41.203968 186.467880 103.230095 139.662140 167.440445 131.050934                551 
31.919468 195.502060 78.071533 111.055534 193.417694 98.868614 41.235447 186.533554 103.305046 139.674408 167.159927 130.993729                574 
31.958107 195.092575 78.338356 111.052971 193.384811 98.900856 41.179115 186.523361 103.365166 139.616684 167.101395 131.054092                597 
32.131577 195.352707 78.618690 111.249031 192.956543 98.794846 41.275707 186.862091 103.500870 139.577393 166.313232 130.859970                619 
32.048367 195.331619 78.723198 111.179504 193.108276 98.709961 41.203789 186.820541 103.454773 139.527359 166.442917 130.739502                642 
31.812178 195.787262 78.192909 110.832893 193.854370 98.712364 40.903183 186.991592 102.886414 139.007416 167.484375 131.136932                665 
31.673195 196.192032 77.766647 110.658501 194.554565 98.535263 40.796818 187.071732 102.395454 138.790222 168.406128 131.175705                688 
31.736221 196.527130 77.514015 110.769615 194.804733 98.243538 40.900967 187.226456 102.155357 138.891953 168.615021 130.858978                710 
31.723919 196.577042 77.417221 110.783211 194.844299 98.165451 40.916573 187.099930 102.052567 138.909775 168.566025 130.705933                733 
31.781530 196.548630 77.470863 110.861595 194.846069 98.157356 41.003620 186.944839 102.050606 139.012070 168.476395 130.603088                755 
31.795029 196.565384 77.531914 110.894463 194.865051 98.172005 41.022923 186.922287 102.104950 139.055527 168.422333 130.549011                779 
31.793846 196.582489 77.567650 110.909203 194.880051 98.180206 41.007591 186.900940 102.166321 139.075119 168.377411 130.503967                801 
31.770531 196.625366 77.468338 110.947609 194.739090 97.896294 40.973083 186.736237 102.101204 139.162643 167.981339 129.966034                825 
31.793177 196.822815 77.341377 111.015793 194.687744 97.630623 40.927898 186.859192 102.093697 139.202759 167.783127 129.602036                848 
31.758968 196.941360 77.228088 110.998459 194.752335 97.479118 40.846027 186.988220 102.045586 139.152222 167.810013 129.448029                871 
31.492493 196.707092 76.914635 110.516418 196.232422 98.034332 40.435287 187.275589 101.867981 138.728653 170.057159 130.583649                895 
31.776608 195.998917 76.916969 110.686172 196.802307 98.236679 40.648609 187.130264 101.844284 139.003784 171.092453 131.064255                918 
31.892202 195.725266 77.085564 110.828751 196.904831 98.273453 40.767368 187.029938 102.014206 139.238190 171.252808 131.066925                941 
32.003056 195.607697 77.284515 110.999069 196.878372 98.304817 40.855865 186.924423 102.320747 139.504639 171.181931 130.979874                964 
32.159119 195.553635 77.576843 111.233185 196.872284 98.385826 41.012260 186.893036 102.732742 139.845245 171.141632 130.940659                988 
32.534386 196.052368 78.333084 111.858131 195.541672 98.409859 41.391937 187.174210 103.538818 140.189362 169.074203 130.617752               1011 
32.672066 196.305283 78.700317 112.046638 195.126755 98.607719 41.505474 187.440445 103.913605 140.189697 168.471680 130.825867               1035 
33.164677 196.343979 79.487656 112.661903 195.538681 99.014488 42.176609 187.511383 104.659607 141.078140 169.000336 131.088898               1057 
33.350819 196.579926 80.569229 112.979393 195.818710 99.660927 42.549274 187.512604 105.592880 141.610062 169.152740 131.437424               1080 
32.962997 197.041840 79.828049 113.044189 195.590576 99.550041 42.627232 187.081177 105.503082 141.757599 168.825897 131.168488               1102 
31.763668 197.595444 79.098244 112.459335 195.013321 99.150665 42.064850 186.238312 105.347389 141.383759 167.802414 130.190628               1124 
29.182034 197.654465 77.677422 110.424362 196.810822 98.761559 40.413780 184.969543 104.368332 140.301620 170.095322 129.325668               1145 
26.918573 200.033813 76.115318 108.573242 199.705017 97.595840 38.398743 187.351242 104.035789 138.883621 173.244049 127.954224               1165 
26.009136 201.533371 73.899529 108.260300 197.116226 94.702080 37.256783 188.712906 103.714180 138.081985 168.703705 123.752533               1183 
25.902760 207.994843 72.983978 108.917160 197.205978 89.355469 37.915333 197.060013 104.821320 138.121521 167.602753 117.838600               1202 
27.512798 212.086517 69.083839 110.278854 193.936707 82.619446 39.947006 199.625137 101.899307 138.111679 161.106964 108.850647               1219 
22.630207 215.494232 58.395580 106.057526 197.603546 71.852371 35.960304 204.451645 92.908066 134.540344 165.948578 98.819496               1235 
21.841646 216.916656 53.954620 105.844719 198.445358 65.482857 36.308735 205.575485 88.753853 135.032974 166.675781 91.545738               1249 
17.976845 219.650406 41.233017 101.997231 200.442932 58.087379 31.127575 206.023300 77.595665 130.286926 168.807892 85.280243               1261 
9.975415 224.740143 21.866617 92.999199 206.789474 52.667282 21.354719 203.870926 63.772717 122.830742 176.304565 79.523987               1272 
6.928892 228.367416 10.973894 89.640053 209.603088 47.911842 18.399353 202.401794 54.964573 120.817581 179.645172 73.815880               1283 
2.498374 230.617081 -9.374785 84.641563 213.039001 33.212074 14.359446 198.545502 34.467552 117.474678 184.442719 58.604469               1303 
0.863972 232.262589 -16.787487 82.483940 214.255219 27.867310 12.561435 198.231583 27.139647 115.368004 186.169739 53.758965               1312 
-0.882304 236.552307 -34.500538 77.540611 215.141235 15.685278 8.180706 198.233353 8.738437 108.758675 186.494247 42.985756               1330 
-2.549843 237.058884 -41.737274 75.447159 215.426834 9.668553 6.664785 197.067673 0.983822 106.745918 187.108322 37.218212               1339 
-4.949011 239.169067 -60.563965 70.476563 216.539871 -4.901975 2.874819 196.712616 -18.276915 100.663315 188.548370 24.180157               1358 
-5.364798 240.856628 -67.071785 68.487160 216.547852 -9.628901 1.415072 196.900040 -25.516636 97.803749 188.115433 19.912085               1366 
-4.599356 242.418686 -79.114182 67.581024 216.427551 -19.854643 1.579011 196.917023 -38.894520 96.009247 187.581223 10.149690               1384 
-7.604168 240.659927 -88.826324 64.160889 216.164871 -28.198761 -0.675861 194.797546 -48.868122 92.808678 188.089005 2.323111               1394 
-7.664419 242.558258 -96.338638 62.109657 216.898056 -33.635536 -2.224138 196.378693 -56.267479 89.442001 188.625732 -2.105355               1403 
-7.456191 245.679626 -115.180435 59.345100 218.711029 -49.500233 -4.411727 199.684830 -74.413910 84.539948 190.409775 -16.261810               1421 
-7.922308 246.202286 -121.228233 57.885967 218.771973 -54.595779 -5.179891 199.708878 -80.983223 82.527237 190.345673 -21.050480               1430 
-8.179536 251.593933 -136.336929 54.364132 220.056793 -67.996986 -7.435214 203.215668 -98.152847 76.745789 190.138641 -34.166542               1448 
-8.784433 251.530548 -144.145981 52.417084 220.304932 -74.281128 -8.384108 202.922440 -106.087013 74.103592 190.632614 -39.787895               1457 
-10.811460 253.973984 -149.877884 50.217335 221.120453 -80.242020 -9.328234 203.225677 -114.113968 71.950729 190.801132 -46.346111               1467 
-13.016023 254.656174 -164.664230 46.542660 222.800461 -92.540939 -11.086720 202.992920 -128.649506 67.110931 193.757492 -56.847992               1484 
-14.087673 256.894684 -170.875732 44.531071 223.999634 -98.062759 -11.804665 203.755524 -136.073669 64.482780 194.787491 -62.158531               1493 
-14.872573 261.394745 -184.631363 41.403706 226.079300 -110.494774 -13.362136 205.976257 -151.317047 59.613262 196.440140 -74.019218               1511 
-17.271439 259.489594 -187.886246 40.709957 225.938797 -113.887596 -14.181711 203.854874 -153.643295 59.570217 197.611053 -76.707451               1520 
-42.435318 272.648712 -224.048141 22.034248 233.546539 -156.226913 -28.397720 203.824936 -200.817413 42.707150 204.640732 -120.483109               1719 
-41.827400 270.433838 -218.590546 22.815100 230.184891 -151.597382 -26.874565 201.059998 -197.085983 43.560074 200.684082 -116.385429               1728 
-41.272507 268.834412 -216.577515 23.578852 228.835083 -149.624924 -25.671268 199.474243 -195.090652 44.382103 199.528748 -114.285172               1737 
-41.334469 267.759521 -215.348495 23.734217 227.565247 -148.707809 -24.964317 198.255173 -194.375763 44.584351 198.239960 -113.411446               1763 
-42.827633 266.208252 -215.011841 23.057564 227.227814 -148.441574 -24.443560 196.975464 -194.483475 44.486477 198.283737 -113.177193               1791 
-43.304047 265.655243 -214.971054 22.815334 227.142365 -148.356171 -24.320194 196.543015 -194.452545 44.406639 198.376022 -113.045448               1800 
-43.582939 265.710175 -214.913910 22.648722 227.165009 -148.417374 -23.878271 196.569183 -194.885696 44.301613 198.357529 -113.177971               1818 
-43.754189 265.743561 -214.876602 22.549051 227.178558 -148.453979 -23.566946 196.586411 -195.169113 44.238903 198.346680 -113.257286               1838 
-43.847080 265.761597 -214.855301 22.496260 227.185730 -148.473358 -23.355076 196.588547 -195.342880 44.205727 198.341003 -113.299301               1848 
-43.633781 266.090393 -214.948502 22.478222 227.257462 -148.477951 -22.790703 196.847305 -195.885574 44.067680 198.259720 -113.355881               1858 
-43.161846 268.221954 -217.014038 21.901182 228.215057 -150.195480 -22.575478 198.633102 -198.737900 42.883884 198.667450 -115.164078               1880 
-43.205055 269.318024 -217.831833 21.792210 228.963669 -151.153671 -22.638826 199.620758 -199.817535 42.708496 199.275238 -116.201706               1891 
-43.602032 270.514740 -218.250626 21.652264 229.796066 -152.039871 -22.670237 200.701691 -200.812042 42.683693 199.935715 -117.304123               1903 
-43.929501 272.055786 -217.536804 21.628637 230.397034 -152.210648 -22.501148 201.975876 -201.417130 42.814873 200.040497 -118.003067               1914 
-44.833855 273.735107 -217.016495 21.168392 231.160004 -152.728241 -22.404922 203.440918 -202.635483 42.624504 200.253998 -119.187393               1936 
-44.955784 273.905670 -217.011536 21.112839 231.195343 -152.877182 -22.263800 203.562897 -202.920761 42.597176 200.221893 -119.416710               1948 
-44.978516 273.834076 -217.185867 21.083261 231.099976 -153.054123 -22.271275 203.434921 -203.032227 42.526348 200.161285 -119.535088               1962 
-44.788078 273.774689 -217.475250 21.145023 231.081161 -153.179581 -22.128088 203.340912 -203.121353 42.483883 200.212906 -119.529343               1971 
-44.256607 273.698395 -218.102661 21.354609 231.184784 -153.352585 -21.658583 203.221085 -203.278915 42.464661 200.492752 -119.398209               1995 
-44.758217 274.152588 -218.171448 21.242508 231.809036 -153.703110 -21.450312 203.751434 -203.814240 42.618595 201.103882 -119.927521               2006 
-45.525867 274.224701 -217.954666 20.757101 231.929184 -153.739807 -21.447285 203.892990 -204.253662 42.356815 201.125580 -120.196953               2018 
-46.091415 274.270264 -217.794785 20.403381 232.016754 -153.766556 -21.406143 203.986893 -204.589127 42.168797 201.145950 -120.392998               2031 
-46.645176 274.174469 -217.568390 20.283594 232.295395 -153.741409 -21.152378 204.026642 -204.696899 42.344959 201.511108 -120.482460               2048 
-46.931877 274.142029 -217.410126 20.229506 232.378632 -153.747437 -20.997797 204.034790 -204.798767 42.441692 201.605804 -120.578384               2064 
-48.030697 272.246246 -216.188904 20.145952 231.271774 -153.090927 -20.653904 202.512878 -204.240601 43.050133 200.676956 -120.229256               2082 
-48.743324 271.033783 -215.281433 20.129690 230.572784 -152.605576 -20.368216 201.556259 -203.840149 43.507786 200.089874 -119.974426               2099 
-49.155792 270.616577 -214.438339 20.173685 230.358124 -152.132294 -20.160023 201.260544 -203.445541 43.852814 199.891663 -119.703499               2116 
-49.412468 270.356049 -213.916534 20.200794 230.225861 -151.840683 -20.005987 201.059250 -203.216721 44.065414 199.771698 -119.536530               2133 
-49.615768 270.035522 -213.714325 20.237190 230.219269 -151.701752 -19.884226 200.814056 -203.011871 44.254185 199.887772 -119.395126               2149 
-49.580975 269.611359 -213.884949 20.279369 230.213989 -151.657516 -19.719734 200.628815 -202.956268 44.332355 199.969635 -119.296028               2166 
-49.346474 268.697083 -214.434052 20.314051 230.209656 -151.621155 -19.584572 200.466385 -202.910339 44.396561 200.037064 -119.214668               2183 
-49.263905 267.948212 -214.806137 20.335356 230.343002 -151.535339 -19.431604 200.286469 -202.712097 44.480259 200.332977 -119.024490               2200 
-47.515038 266.309113 -215.282990 20.905424 229.146835 -150.567902 -18.984936 198.702393 -201.414810 44.308319 199.389191 -117.291466               2219 
-47.211922 263.684906 -216.047791 20.967524 228.309647 -150.140793 -18.898268 196.606461 -200.235352 44.254108 199.381271 -116.061218               2237 
-46.559235 264.048950 -215.675735 20.964634 228.654236 -149.144745 -18.794432 197.004761 -199.364334 43.870464 199.700363 -114.829582               2255 
-46.689289 267.285767 -215.661682 20.648939 231.224045 -149.329163 -19.010305 200.162659 -199.985306 43.469551 201.867264 -115.300743               2273 
-46.118412 273.728699 -222.126617 18.375214 235.424484 -154.265259 -23.354548 205.504013 -203.937241 39.000923 205.730591 -119.145660               2290 
-45.973778 272.988068 -224.396011 17.265434 236.874435 -154.196640 -24.450850 205.326355 -202.912491 37.097160 208.490723 -117.568771               2307 
-45.051376 275.638916 -228.035690 16.221245 241.144836 -155.325241 -26.584486 208.349564 -202.887604 34.801682 213.911819 -117.198296               2323 
-44.901669 274.907196 -225.749863 15.941953 241.798630 -152.034546 -26.821890 207.929810 -199.767822 34.541035 214.929016 -113.659660               2337 
-45.097443 276.787079 -206.650330 15.537113 234.270752 -137.770233 -25.274342 207.131348 -191.986069 34.727966 201.852234 -104.284653               2350 
-45.305180 280.215698 -205.537537 15.489473 241.621704 -134.548355 -29.196465 211.230820 -184.765778 34.422878 211.400650 -98.928864               2363 
-46.099712 280.690460 -205.112762 14.372629 245.415512 -132.152725 -32.980824 212.611832 -179.329651 32.916584 217.083923 -94.816711               2377 
-47.200005 279.519684 -204.180023 13.558901 246.324280 -130.482880 -35.211388 212.098328 -175.934448 32.226074 219.032135 -92.440666               2386 
-45.970497 279.826874 -200.258072 12.644316 246.410141 -124.924438 -39.972054 213.454468 -167.623917 29.383257 220.046814 -85.360352               2405 
-45.535664 278.224396 -195.674988 13.409378 246.793869 -119.738823 -40.356350 213.060822 -160.504547 30.158260 221.705399 -79.358414               2414 
-44.653034 279.112701 -182.543304 15.832897 248.179031 -107.536263 -40.819332 214.697067 -145.229889 33.074894 223.864487 -66.890839               2432 
-45.033691 277.603760 -179.604172 16.288546 248.795731 -104.433594 -41.115429 215.097031 -140.373093 33.959362 225.577423 -63.333878               2441 
-48.516911 266.777100 -179.520493 12.977377 247.802139 -101.381508 -46.087471 211.896881 -132.306091 30.911007 229.417465 -58.011906               2459 
-49.198997 267.282410 -174.517731 12.587561 247.927231 -96.643898 -48.746243 213.976013 -126.016785 30.548836 229.485611 -53.309929               2468 
-54.828213 262.475311 -165.047546 11.618538 247.682541 -89.874207 -51.428493 212.464233 -113.105743 31.917086 232.580902 -46.280132               2486 
-53.422222 261.234985 -156.646393 14.309616 247.694885 -82.323120 -49.332222 212.306458 -103.649490 35.286011 233.554398 -38.727581               2495 
-52.199699 260.212585 -140.642960 18.413006 247.123489 -68.891769 -47.752613 213.920822 -85.734589 40.970501 233.838074 -25.819836               2513 
-51.578262 257.450317 -135.960342 19.658871 246.596237 -64.418640 -46.706600 212.839630 -79.770905 42.700447 234.426285 -21.273394               2522 
-50.209854 248.448090 -121.162376 24.213823 244.909149 -52.159138 -43.774570 211.175568 -60.089706 49.352695 236.992584 -9.195213               2540 
-27.608210 214.369522 -94.494751 24.731684 244.835388 -48.034962 -43.659466 211.293091 -54.022686 50.558327 237.764679 -5.332228               2549 
-14.541132 203.985947 -67.130524 30.844715 246.524017 -34.310276 -41.387199 221.607605 -37.029907 58.195354 234.632690 6.323122               2567 
-12.096211 204.596237 -59.607113 34.397408 246.527817 -28.371719 -38.870548 224.845139 -29.298243 62.694870 231.978470 10.719253               2577 
-10.518516 206.797241 -52.743927 38.256851 245.419510 -20.867405 -36.072197 228.060486 -20.812490 66.823235 226.930557 16.316656               2586 
-6.595226 205.586563 -37.608288 43.882465 243.486862 -8.497858 -30.505709 228.188232 -4.556979 74.282486 223.208664 26.217661               2603 
-4.694722 206.698730 -30.041462 47.657513 243.208450 -2.710264 -26.570650 229.784912 4.063402 79.200417 221.445679 30.030544               2612 
-1.966031 209.279068 -22.014587 52.047066 244.279984 4.085232 -21.949621 232.747528 13.073890 84.304222 221.147705 35.148201               2622 
2.188842 208.589157 -9.863112 57.412685 241.370514 16.687225 -16.325914 232.058426 26.159779 89.622505 216.309143 46.267441               2639 
3.026451 207.205444 -4.586518 58.538677 240.357605 20.905787 -14.774838 231.167099 31.449244 91.376839 215.546036 50.001751               2649 
4.872720 203.940674 1.779668 60.117710 239.110123 25.084621 -12.240439 228.709167 37.328522 94.441856 215.780518 53.687347               2658 
6.840726 201.910706 8.628428 62.230400 238.289108 29.653870 -9.100628 227.499054 43.801430 97.896492 215.884689 57.339714               2667 
8.016792 201.470978 14.906020 64.083427 237.078796 35.494137 -6.864509 228.036102 49.805267 99.707878 214.143387 62.796139               2678 
10.629349 197.679672 25.551998 66.734398 234.426407 44.061253 -3.547493 225.990570 59.643356 103.070999 212.687943 71.403976               2695 
10.885231 195.677795 37.490211 68.777603 231.851578 50.964592 -0.557124 229.626236 70.447990 105.436676 211.138855 78.670723               2712 
10.887052 204.236420 57.263504 73.957626 233.601120 58.779160 9.919925 245.557877 89.066879 111.708481 210.646530 83.038055               2730 
11.521688 204.904755 61.592827 75.311913 232.574280 61.759628 13.038782 249.629242 93.330521 112.584259 209.066010 86.227295               2739 
14.611358 193.434937 63.008675 76.336044 225.203766 67.588249 13.823318 239.315720 100.884354 114.469856 202.138748 91.132927               2757 
16.139902 187.170700 66.502831 76.987846 220.577103 72.695160 14.609760 233.592972 106.950172 115.648132 197.895584 95.748695               2775 
15.874631 188.819916 70.083961 78.967705 218.007996 76.813416 18.546766 237.215942 112.188301 115.907288 192.751419 100.010551               2794 
16.574400 186.463089 70.797653 79.043251 216.936172 77.836304 19.477173 237.758072 114.271828 116.276604 192.580048 101.521545               2802 
19.050791 179.231705 68.290451 78.402756 213.349503 81.072334 21.006161 238.947876 119.096626 115.108658 190.226944 106.734718               2829 
19.492769 177.886536 67.844795 78.089607 212.600906 81.696251 21.710484 239.993195 120.621841 114.604462 189.586502 107.725777               2838 
20.318390 176.011963 67.713432 77.733971 211.971054 82.247978 21.157038 238.752029 121.543289 114.509979 189.355835 108.259735               2847 
21.133085 175.454407 67.506989 77.735840 212.059204 82.612679 20.722996 237.960083 121.837257 114.577286 189.506989 108.586487               2857 
22.269939 174.428345 67.954239 77.799614 212.040253 83.036026 20.502094 237.164871 122.156624 114.884811 189.788864 108.922279               2865 
23.816168 172.606033 68.201378 78.230370 211.340225 83.710831 20.792614 234.889084 122.843521 115.826279 189.350815 109.079063               2875 
25.659916 170.531128 69.293404 78.593056 210.963379 84.518707 20.276627 231.263382 120.330414 116.920341 189.810516 109.500900               2893 
26.752205 169.341873 70.590675 79.116997 210.635330 85.065735 20.288607 228.215988 118.388954 118.016624 190.029465 109.616722               2902 
29.383511 165.988007 73.636116 79.977005 209.851563 86.330368 19.612263 219.587677 113.365929 120.036621 191.399414 110.728714               2912 
29.870903 166.202591 75.318886 80.747681 209.802551 87.110031 19.958508 217.972885 111.196846 120.604439 191.262482 111.772514               2920 
31.298689 165.294922 76.609711 81.986992 208.998383 87.825378 20.962160 213.856064 109.374756 122.063225 190.328445 112.029976               2929 
32.657310 163.046051 77.993851 82.328659 207.628372 89.308426 21.239761 207.509369 105.251366 122.309174 189.637466 114.176476               2947 
32.980999 163.162003 79.198265 83.015060 207.302750 89.793900 22.104513 206.210037 104.521484 122.960258 188.938217 114.444641               2956 
32.816463 164.054703 81.692238 83.998314 206.954758 90.807709 23.289551 205.656250 104.444969 123.708290 187.779358 115.219917               2978 
32.711647 163.594864 82.485977 83.998184 206.329422 91.078201 23.532286 202.528366 102.430328 123.662910 187.115234 115.533432               3002 
32.754501 163.353317 82.849899 84.289894 205.743286 91.140732 23.943268 201.004608 101.757843 123.962166 186.221939 115.339127               3012 
32.733337 163.409576 83.172157 84.293938 205.450134 91.187157 24.055515 198.854263 99.885170 123.760551 185.666214 115.508263               3028 
32.807785 163.492554 83.438393 84.300262 205.404526 91.259186 24.229393 197.072723 98.482399 123.664482 185.540482 115.680733               3037 
33.036316 163.993637 84.452652 84.468613 205.500092 91.593582 24.520155 195.568726 97.183350 123.600830 185.415253 116.206635               3056 
33.047390 164.300354 84.676445 84.636261 205.524521 91.613022 24.657898 195.260529 96.689819 123.607353 185.299500 116.366539               3066 
33.079620 164.672302 84.750397 85.024437 205.233902 91.699341 24.954359 194.753189 96.079842 123.688866 184.435303 116.458473               3077 
33.225372 165.077225 84.769066 85.452080 205.097595 91.699097 25.191437 194.840164 95.572105 123.736115 183.917389 116.724388               3086 
33.808933 165.286545 85.148407 85.970207 204.872879 92.017883 25.582827 194.055832 95.084801 123.950356 183.197327 117.082047               3107 
34.143547 165.523422 85.184418 86.323326 204.723007 92.050995 25.805162 193.785110 94.730858 124.083290 182.614929 117.070030               3117 
34.903168 166.508438 85.176247 87.416870 204.478271 92.114296 26.477850 194.455643 94.307625 124.473618 181.187775 117.111977               3138 
35.391636 166.737625 85.518211 87.637993 204.769714 92.326210 26.613470 194.479263 94.133194 124.523727 181.578232 117.666512               3149 
36.140083 167.015656 86.185783 88.046745 205.261124 92.521721 26.958927 194.090897 93.810379 124.805420 182.484024 118.416458               3160 
36.581600 167.173981 86.556976 88.352371 205.350983 92.608406 27.129942 193.703140 93.684624 125.003250 182.595856 118.674683               3169 
36.625626 167.473846 86.278740 88.585640 205.025345 92.702614 27.170378 193.536270 93.312668 124.884911 181.583237 118.651878               3180 
37.003880 167.880524 86.277359 88.714859 205.441437 92.667870 27.166403 192.981476 92.551720 124.727371 182.140198 119.138329               3191 
37.271084 168.143234 86.281250 88.890503 205.564651 92.660072 27.129705 192.533203 92.159088 124.665718 182.204193 119.398750               3202 
37.140228 168.460999 85.904533 89.074394 205.345886 92.584831 27.040821 192.338043 91.783386 124.525558 181.518646 119.343224               3215 
37.112156 168.619370 85.836205 89.118011 205.379608 92.588234 26.940788 192.004990 91.550644 124.425652 181.506012 119.494659               3229 
37.041748 168.864090 85.657600 89.231369 205.384842 92.550034 26.868038 191.733292 91.236465 124.325333 181.376068 119.615257               3244 
36.856434 169.119843 85.372375 89.356941 205.196533 92.609985 26.775717 191.558838 90.938889 124.135429 180.817459 119.751320               3260 
36.551983 169.438232 84.954155 89.581688 204.764984 92.649094 26.736885 191.521362 90.617424 123.939743 179.735687 119.734016               3275 
36.333340 169.902817 84.418770 89.926033 204.348953 92.660347 26.765890 191.859650 90.213577 123.711327 178.605652 119.796494               3291 
36.050579 170.261032 84.287682 89.932632 204.362823 92.794044 26.642195 191.932922 90.207748 123.567947 178.260330 119.772919               3307 
35.807930 170.653519 84.019730 90.071762 204.277237 92.915115 26.650824 191.971298 90.110298 123.509697 177.661758 119.636925               3323 
35.738640 170.959610 83.754250 90.240547 204.451462 92.818153 26.686249 191.935532 89.790604 123.497742 177.808197 119.737114               3342 
35.583344 171.214355 83.463654 90.335556 204.516266 92.733727 26.613918 191.928894 89.601677 123.438309 177.725037 119.696152               3361 
35.174026 171.478897 82.875626 90.623528 203.686218 92.938385 26.597603 192.041656 89.138062 122.946297 176.111450 120.056725               3379 
34.779606 171.980759 82.055893 91.015305 202.864655 93.328629 26.655052 192.397507 88.736259 122.446327 174.239517 120.406784               3398 
34.570713 172.264740 81.646072 91.212074 202.801849 93.350792 26.640329 192.507660 88.555283 122.335960 173.997375 120.593040               3416 
34.187069 172.444138 81.169380 91.344856 202.640457 93.421089 26.580227 192.386963 88.493645 122.266365 173.649582 120.696045               3435 
33.572189 172.679657 80.664658 91.400558 202.663635 93.474686 26.506489 192.188721 88.479584 122.249901 173.678024 120.836830               3454 
32.663845 173.126862 79.925636 91.461395 202.703262 93.490417 26.448299 192.017273 88.454330 122.251495 173.713577 120.914894               3474 
31.449114 173.781067 79.015671 91.501083 202.696671 93.542046 26.385708 191.841003 88.419083 122.197487 173.694580 121.058281               3494 
30.319492 174.559540 78.127129 91.552658 202.829178 93.572777 26.351826 191.488205 88.170135 122.104622 173.920044 121.346382               3513 
29.192112 175.399933 77.241249 91.609779 202.958801 93.608124 26.301647 191.213196 88.000526 122.010910 174.138687 121.638573               3533 
28.108728 176.272644 76.335350 91.773422 202.896927 93.680870 26.347670 190.994568 87.926521 121.996986 174.039169 121.864189               3551 
26.880827 177.185989 75.591927 92.033691 203.004593 93.957039 26.792688 189.870880 87.944214 122.463219 174.403687 122.180534               3570 
25.809168 178.261215 75.473106 92.503883 203.280350 94.316711 27.269598 189.380341 88.640724 123.132393 175.127228 122.774231               3588 
24.794401 179.243790 75.070694 92.782738 203.570374 94.526382 27.528982 189.153000 89.134247 123.553017 175.814087 123.219803               3607 
24.037300 179.933685 74.628555 93.085205 203.556595 94.657600 27.755144 188.937424 89.509956 123.890610 176.051743 123.554733               3625 
23.476820 180.504074 74.461227 93.414612 203.500214 94.842987 27.979361 188.778351 89.991608 124.245796 176.169388 123.877419               3643 
22.981571 181.120834 74.275032 93.772240 203.317856 95.012222 28.201992 188.647385 90.422089 124.580688 175.991119 124.074615               3660 
22.706421 181.974106 74.481033 94.439987 202.798813 95.386070 28.610237 188.695343 91.196533 125.160210 174.959137 124.052330               3678 
22.523315 182.754181 74.612602 94.989464 202.328217 95.753654 28.929525 188.756943 91.799355 125.581741 173.932266 124.008156               3695 
22.393888 183.077545 74.409813 95.150291 202.374802 95.903214 28.993036 188.679703 92.013634 125.751877 173.902359 124.070518               3713 
22.222010 183.126389 74.062592 95.143646 202.343887 95.928833 28.968903 188.345627 91.916412 125.762222 173.849365 124.055305               3730 
22.066938 183.163452 73.766396 95.134659 202.314560 95.958488 28.877707 188.158035 91.951439 125.763153 173.789963 124.043648               3748 
21.910349 183.223343 73.484543 95.135086 202.259659 96.003769 28.748158 187.986115 92.059074 125.763458 173.673935 124.026840               3766 
21.907610 183.160828 73.644760 95.292603 201.966309 96.215027 28.717640 187.674103 92.559250 126.023705 173.085831 123.820305               3784 
21.850595 183.193298 73.707779 95.428726 201.778275 96.348473 28.698656 187.487946 92.964714 126.241074 172.685303 123.638245               3802 
21.853561 183.228546 74.591568 95.650070 201.675446 97.004303 28.919346 187.272308 93.939171 126.723915 172.297699 123.685715               3820 
22.065512 183.282211 75.557182 96.131035 201.652985 97.496910 29.391691 187.104706 94.890541 127.463989 172.131607 123.712715               3839 
22.182213 183.313141 76.223305 96.440918 201.648285 97.904076 29.707253 186.933014 95.539436 127.936928 172.033676 123.817596               3859 
22.221092 183.361664 76.657372 96.663315 201.615906 98.158737 29.923292 186.794952 95.962799 128.255264 171.912125 123.852463               3879 
22.139042 183.486603 76.822830 96.813492 201.597519 98.318085 30.054302 186.752914 96.255173 128.459198 171.826996 123.868019               3900 
22.077732 183.546249 76.946800 96.920753 201.584381 98.431908 30.147650 186.723434 96.464554 128.604523 171.766281 123.878967               3921 
22.036226 183.643341 77.196503 97.028809 201.671402 98.590187 30.251337 186.750732 96.744408 128.767456 171.847916 123.962448               3942 
21.987370 183.713531 77.393059 97.115952 201.741592 98.717842 30.338423 186.748947 96.955284 128.898682 171.913681 124.029648               3963 
21.814148 184.006119 77.477867 97.066284 202.039871 98.869743 30.308372 186.926468 97.025742 128.825577 172.262939 124.270844               3985 
21.643438 184.241074 77.493263 97.123428 201.990341 98.944534 30.326006 186.962189 97.103180 128.832657 172.073380 124.243423               4007 
21.457417 184.589951 77.498535 97.273758 201.788498 98.996376 30.402761 186.995239 97.199623 128.900711 171.585190 124.056900               4029 
21.302273 184.929489 77.511147 97.474098 201.542770 99.062836 30.535639 186.955566 97.296158 129.024063 171.035080 123.850235               4051 
21.131390 185.229218 77.107056 97.613220 201.490677 99.008476 30.626081 186.945679 97.140388 129.078461 170.875031 123.770439               4073 
20.921614 185.491318 76.928413 97.689720 201.408539 99.054626 30.667084 186.879227 97.130783 129.110687 170.646362 123.690903               4095 
20.940279 185.527557 76.884781 97.805687 201.300980 99.095871 30.749353 186.785492 97.139801 129.198456 170.419525 123.618591               4117 
20.834383 185.804886 76.887390 97.762703 201.576263 99.167641 30.694014 186.969269 97.144066 129.108078 170.725891 123.789894               4141 
20.727621 186.007858 76.462090 97.681000 201.870468 98.939827 30.595032 187.175354 96.770782 128.916138 171.174164 123.892502               4164 
20.602446 186.143997 76.432495 97.703957 201.899551 98.906837 30.578663 187.141113 96.799110 128.937698 171.162170 123.810661               4188 
20.474901 186.231201 76.371376 97.678223 201.959396 98.927803 30.523941 187.098953 96.797531 128.884491 171.239548 123.887634               4212 
20.346006 186.328201 76.274811 97.668526 201.999130 98.923683 30.479382 187.055374 96.785576 128.848267 171.282928 123.921150               4235 
20.222218 186.405228 76.198479 97.675964 201.990097 98.931747 30.459099 186.997589 96.795845 128.840393 171.250778 123.919876               4260 
20.109039 186.524643 76.139107 97.689209 201.979294 98.962997 30.448305 186.973389 96.805695 128.828766 171.182526 123.911377               4283 
20.001753 186.629532 76.066109 97.681282 202.002396 98.956131 30.416632 186.939209 96.791924 128.816025 171.155518 123.848541               4307 
19.981155 186.597351 76.058723 97.718407 202.003983 98.957458 30.444231 186.824951 96.811966 128.892181 171.119156 123.753784               4332 
19.946653 186.512054 76.068138 97.753654 202.005493 98.958717 30.467468 186.723816 96.839867 128.964554 171.085007 123.663704               4356 
20.017879 186.384552 76.030670 97.922394 201.959869 98.839264 30.580639 186.621353 96.853188 129.180969 170.938705 123.357063               4381 
20.052753 186.180267 75.935699 97.965820 202.011719 98.821281 30.598354 186.600464 96.789696 129.196838 171.013107 123.402641               4406 
20.071497 185.926743 75.894684 97.992332 202.018677 98.795143 30.582924 186.568802 96.763290 129.193359 171.017883 123.411835               4431 
20.040474 186.003464 75.784004 97.989761 202.061646 98.771057 30.536325 186.618744 96.713295 129.136017 171.035965 123.425720               4456 
20.140350 185.887589 75.610748 98.090660 202.013077 98.713448 30.546474 186.575287 96.642235 129.171356 170.903732 123.345398               4481 
20.252035 185.688995 75.443535 98.188210 201.980545 98.614212 30.540617 186.525482 96.583176 129.219528 170.796997 123.214584               4506 
20.339638 185.510513 75.306786 98.263954 201.954773 98.533768 30.527525 186.485306 96.549553 129.254410 170.712952 123.111702               4531 
20.392710 185.356735 75.154312 98.285149 201.989426 98.454460 30.495241 186.492065 96.447403 129.225952 170.738724 123.083595               4556 
20.460678 185.187500 74.957512 98.310287 201.954651 98.398674 30.462017 186.402649 96.345551 129.199463 170.677643 123.059181               4580 
20.526468 185.097733 74.420425 98.238464 202.111115 98.207314 30.321535 186.483597 95.971840 129.001450 170.901779 123.110115               4605 
20.590418 184.626556 73.685524 98.049652 202.222229 97.950684 30.247538 186.077515 95.290840 128.865036 171.204239 123.027168               4630 
20.598101 184.288010 73.007584 97.837578 202.366623 97.679192 30.155413 185.723373 94.627655 128.688507 171.519913 122.922691               4654 
20.599995 184.039841 72.501167 97.683662 202.478287 97.453606 30.113361 185.410614 94.073334 128.550064 171.750000 122.822319               4678 
20.603180 183.859390 72.133247 97.574272 202.572372 97.284546 30.010635 185.299362 93.790627 128.436218 171.928101 122.760086               4701 
20.607962 183.714142 71.799316 97.481606 202.676514 97.108200 29.871710 185.218872 93.598495 128.316437 172.102615 122.700851               4724 
20.573812 183.790955 71.407669 97.370628 202.781128 96.966324 29.707542 185.192383 93.357948 128.119690 172.222977 122.680695               4747 
20.528759 183.897095 71.072144 97.288620 202.879898 96.854668 29.570667 185.163757 93.165039 127.957161 172.319992 122.662933               4770 
20.515778 184.008972 70.808441 97.271416 202.923737 96.744164 29.459000 185.110840 93.078247 127.868835 172.326050 122.592056               4793 
20.519743 184.099976 70.620743 97.272072 202.945175 96.657875 29.338341 185.029022 93.097534 127.812408 172.306488 122.524689               4816 
20.520039 184.175201 70.463264 97.272614 202.963074 96.585846 29.251938 184.940720 93.090256 127.765274 172.290176 122.468361               4839 
20.519222 184.236191 70.331879 97.273064 202.978027 96.525642 29.184908 184.861832 93.081291 127.725853 172.276550 122.421227               4862 
20.524591 184.355713 70.160667 97.286209 203.005402 96.435638 29.130037 184.844498 93.015358 127.677528 172.251877 122.341667               4885 
20.555683 184.395248 69.898933 97.266792 203.093262 96.337929 29.154007 184.673691 92.745171 127.630142 172.334717 122.270782               4908 
20.570614 184.437347 69.650795 97.243095 203.169510 96.240707 29.232819 184.407730 92.396446 127.566101 172.408569 122.217880               4931 
20.559772 184.570862 69.503212 97.254189 203.219162 96.148331 29.210491 184.484985 92.264954 127.502739 172.410080 122.155243               4955 
20.541132 184.597031 69.495369 97.264267 203.236374 96.118187 29.178850 184.540909 92.258751 127.467529 172.382095 122.124146               4979 
20.521242 184.687637 69.448334 97.275520 203.275940 96.071434 29.122450 184.650635 92.260056 127.410530 172.375031 122.101212               5003 
20.502474 184.812820 69.377617 97.287773 203.314453 96.021820 29.061256 184.771301 92.266724 127.350937 172.369415 122.082237               5028 
20.486593 184.902512 69.313110 97.286995 203.353561 95.992805 29.000704 184.871201 92.268204 127.285339 172.380478 122.094551               5051 
20.512980 185.039474 69.185501 97.317474 203.406937 95.950172 28.955425 185.005753 92.250168 127.232971 172.395523 122.101448               5076 
20.524839 185.119247 69.100700 97.333160 203.436722 95.924362 28.904501 185.087418 92.267967 127.191620 172.397659 122.107994               5100 
20.518782 185.119614 69.093376 97.337540 203.446152 95.920654 28.860258 185.119919 92.333679 127.170021 172.396896 122.121796               5125 
20.515409 185.155731 69.035545 97.335487 203.478333 95.900917 28.811083 185.191086 92.345840 127.119095 172.430176 122.158905               5149 
20.504417 185.183395 68.988022 97.325111 203.507080 95.888237 28.773827 185.254105 92.326889 127.064240 172.461105 122.199173               5174 
20.498079 185.188339 68.983238 97.334435 203.506882 95.875092 28.744448 185.297089 92.359978 127.044823 172.447693 122.202896               5199 
20.493946 185.203278 68.976944 97.349747 203.501389 95.857765 28.713659 185.347000 92.398209 127.026985 172.420517 122.197372               5224 
20.488382 185.193497 68.983047 97.355995 203.495026 95.851677 28.684452 185.373474 92.436417 127.011139 172.393524 122.191818               5249 
20.489986 185.189148 68.972244 97.365372 203.496292 95.838287 28.657867 185.402603 92.465271 126.998032 172.378525 122.184525               5275 
20.476328 185.278687 68.861214 97.329544 203.583466 95.815125 28.602322 185.508804 92.386719 126.914490 172.453400 122.200424               5301 
20.478214 185.277679 68.853668 97.329979 203.596542 95.823265 28.599728 185.505707 92.384628 126.913612 172.453934 122.195244               5326 
20.520771 185.012512 68.650536 97.230637 203.828644 95.728493 28.624104 185.289413 92.168243 126.919319 172.926758 122.265060               5352 
20.520445 184.809052 68.531776 97.130493 203.986069 95.685112 28.655691 185.034988 91.978485 126.904381 173.250031 122.318649               5378 
20.509365 184.789276 68.530602 97.128403 203.997879 95.671646 28.658014 184.990112 91.976837 126.916534 173.270126 122.298813               5404 
20.552458 184.638443 68.628258 97.167313 203.953812 95.672050 28.690624 184.927521 92.012550 126.971909 173.209259 122.261375               5429 
20.642841 184.343628 68.699715 97.212006 203.810165 95.700050 28.787348 184.654556 91.938881 127.029549 173.035461 122.239937               5454 
20.817760 183.948105 68.924080 97.310204 203.685059 95.727005 28.870674 184.553024 91.972122 127.118179 172.866806 122.227066               5530 
20.902386 183.850616 69.007881 97.360222 203.679413 95.724823 28.908169 184.578384 91.977356 127.157249 172.830856 122.201927               5555 
20.996685 183.662445 69.170776 97.386948 203.670959 95.770645 28.931833 184.577301 92.014648 127.182098 172.793777 122.216484               5580 
21.069010 183.522522 69.296410 97.418510 203.640060 95.790733 28.949203 184.582977 92.045502 127.198883 172.732544 122.217781               5604 
21.114521 183.433929 69.396568 97.434296 203.615952 95.810776 28.925884 184.604370 92.112907 127.189438 172.671829 122.223412               5629 
21.168716 183.331787 69.476189 97.461258 203.582993 95.822472 28.971663 184.541641 92.086792 127.204163 172.611496 122.216774               5654 
21.223387 183.262329 69.567886 97.513245 203.519760 95.839745 29.042732 184.470810 92.070084 127.241714 172.495392 122.188210               5679 
21.257715 183.206696 69.673279 97.546219 203.483963 95.868881 29.103502 184.409225 92.066284 127.267258 172.421402 122.180687               5704 
21.284340 183.157501 69.755089 97.564423 203.483261 95.887482 29.158573 184.355530 92.043480 127.282043 172.411209 122.191925               5729 
21.290392 183.125366 69.851242 97.568031 203.479828 95.911469 29.165781 184.356735 92.073044 127.274864 172.392029 122.209503               5754 
21.301485 183.074646 69.949631 97.569351 203.477158 95.929970 29.179230 184.346191 92.087585 127.267899 172.377747 122.223640               5779 
21.317085 183.004898 70.004814 97.565697 203.479767 95.929695 29.266703 184.229462 91.968964 127.263268 172.388153 122.233696               5804 
21.339729 182.936218 70.073227 97.567154 203.480164 95.931221 29.294205 184.197739 91.939545 127.257675 172.388290 122.242851               5829 
21.357117 182.888672 70.166962 97.567039 203.486267 95.954002 29.289230 184.230957 91.965973 127.233055 172.398499 122.298111               5855 
21.371805 182.855026 70.256325 97.566406 203.498627 95.987183 29.282757 184.276276 92.000397 127.204758 172.421158 122.374550               5880 
21.393763 182.862213 70.332825 97.604385 203.475067 95.996956 29.296011 184.338028 92.035385 127.206276 172.376999 122.400978               5905 
21.414104 182.846985 70.390251 97.631699 203.454727 96.002998 29.314465 184.345901 92.062309 127.232697 172.327377 122.373497               5931 
21.446739 182.808914 70.486923 97.671318 203.387909 96.037849 29.340221 184.332520 92.111847 127.268669 172.193893 122.333557               5956 
