17.738672 193.577774 78.361549 94.987480 187.217941 67.681328 31.978088 190.071777 94.201782 124.263611 153.071350 84.447311                  0 
17.754429 193.596863 78.345253 94.994057 187.183670 67.654640 31.986742 190.120651 94.237053 124.216270 152.962845 84.363243                 24 
17.977333 193.013611 78.500580 95.355171 188.532501 67.802986 32.288311 189.787216 94.420341 125.376839 154.884262 84.255173                 49 
18.095369 192.900070 78.605721 95.496193 188.691315 67.873070 32.436401 189.697723 94.554535 125.625923 155.083145 84.209229                 73 
18.126722 192.871048 78.654869 95.556190 188.758881 67.902893 32.502842 189.681030 94.638977 125.731926 155.168091 84.189796                 98 
18.406185 192.853409 78.795609 95.847198 188.229263 67.875816 32.860653 189.453278 94.790344 125.846214 154.374496 83.941101                122 
18.487864 193.139679 78.795311 95.939949 187.581375 68.002838 32.932404 189.510269 94.849815 125.522606 153.356216 84.055405                146 
18.493210 193.357239 78.767815 95.958885 187.244446 68.084152 32.934406 189.608505 94.879112 125.290817 152.811859 84.153183                170 
18.521748 193.510437 78.742706 95.995438 186.940765 68.137032 32.964752 189.658005 94.900719 125.122635 152.334732 84.205887                194 
18.335457 193.613525 78.624725 95.899895 187.152390 68.497864 32.707912 189.811783 94.885696 124.991447 152.623413 84.795433                217 
18.190504 193.671555 78.531166 95.818031 187.333694 68.807014 32.489189 189.942047 94.869400 124.877235 152.870468 85.300270                241 
18.122190 193.604294 78.510529 95.761208 187.459564 69.021622 32.338444 190.030746 94.852089 124.796974 153.041809 85.650551                265 
18.076456 193.521561 78.485573 95.708527 187.539688 69.171196 32.213371 190.121536 94.817314 124.713066 153.158127 85.929008                288 
18.054369 193.411316 78.478935 95.660851 187.612442 69.297447 32.105350 190.216049 94.789024 124.638451 153.268402 86.178352                312 
18.044407 193.300644 78.479134 95.623070 187.670105 69.397491 32.019810 190.291168 94.767357 124.579033 153.355865 86.375854                336 
18.049284 193.184677 78.489273 95.592751 187.716370 69.477783 31.954296 190.367447 94.764236 124.531158 153.426117 86.534325                360 
18.064281 193.060394 78.510857 95.567871 187.754349 69.543671 31.902285 190.437164 94.765915 124.491753 153.483780 86.664307                384 
18.105309 192.973923 78.537300 95.573395 187.754532 69.568680 31.899513 190.490143 94.772461 124.475082 153.477051 86.712959                408 
18.132633 192.917465 78.547302 95.578903 187.745438 69.586159 31.895102 190.512421 94.759933 124.459351 153.458954 86.748238                433 
18.152515 192.835709 78.551712 95.580566 187.725037 69.635353 31.875761 190.519821 94.749214 124.437981 153.438080 86.835152                458 
18.241274 192.757355 78.506989 95.645309 187.473709 69.588013 31.948450 190.456100 94.700279 124.406868 153.107849 86.790932                483 
18.288691 192.705475 78.442833 95.682251 187.295227 69.552963 31.985832 190.423111 94.654335 124.370010 152.871689 86.763786                508 
18.321749 192.738846 78.410110 95.709053 187.204010 69.539604 32.016560 190.463516 94.637543 124.337776 152.741898 86.771515                534 
18.196270 192.827591 78.333649 95.640175 187.523590 69.806198 31.833916 190.613998 94.584961 124.301559 153.177826 87.215210                560 
18.209970 192.908508 78.351746 95.660789 187.560089 69.861176 31.846272 190.688477 94.582520 124.301422 153.219452 87.314362                585 
18.220348 192.974930 78.369629 95.675354 187.566742 69.882355 31.862476 190.735229 94.567741 124.297188 153.224991 87.364197                611 
18.236177 193.016693 78.382973 95.687897 187.572449 69.900581 31.875481 190.778961 94.563263 124.293549 153.229797 87.407104                637 
18.258793 193.036972 78.403328 95.699272 187.577637 69.917107 31.885775 190.816330 94.563240 124.290260 153.234192 87.445999                662 
18.291973 193.028809 78.432846 95.709709 187.582397 69.932281 31.895945 190.853546 94.565498 124.287254 153.238251 87.481720                688 
18.414736 192.299591 78.642433 95.916374 188.780960 70.128937 32.039028 190.512589 94.757103 125.316048 155.144424 87.690887                714 
18.426388 192.236084 78.688660 95.898483 188.750488 70.127792 32.029285 190.506332 94.778061 125.294823 155.110336 87.688423                740 
18.442766 192.167587 78.734604 95.881393 188.721375 70.126709 32.020248 190.499130 94.795105 125.274551 155.077789 87.686066                765 
18.575546 191.283249 78.943794 96.050583 189.603775 70.242737 32.191654 189.914932 94.978050 126.205528 156.595047 87.715065                789 
18.543003 191.151825 79.047279 96.012596 189.741882 70.257584 32.182846 189.851456 95.060120 126.305885 156.861130 87.731903                814 
18.531137 191.164749 79.120590 95.990677 189.586227 70.276253 32.180267 189.869598 95.124786 126.231491 156.677246 87.788292                838 
18.474689 191.363785 79.215744 95.928986 189.504456 70.339264 32.134129 190.062775 95.210213 126.073769 156.549637 87.930511                862 
18.366266 191.474625 79.232254 95.806458 189.275482 70.306442 32.033543 190.173172 95.219437 125.830719 156.254990 87.980431                886 
18.278160 191.564972 79.243988 95.705154 189.086182 70.279305 31.950968 190.263260 95.226257 125.629807 156.012283 88.022232                910 
18.218388 191.624115 79.244156 95.632317 188.941437 70.248940 31.893250 190.323410 95.217049 125.479828 155.818985 88.031197                934 
18.177485 191.659500 79.248932 95.575981 188.829468 70.225449 31.848930 190.370682 95.211075 125.363770 155.669724 88.038315                958 
18.148327 191.680267 79.255089 95.531197 188.740463 70.206772 31.813957 190.407928 95.206017 125.271515 155.551270 88.044090                982 
18.157978 191.727905 79.251106 95.492271 188.347687 69.982170 31.856899 190.363632 95.160172 125.080276 154.949600 87.682381               1006 
18.169044 191.883774 79.291107 95.389671 187.609726 69.468391 31.960382 190.217728 95.104515 124.663971 153.669891 86.652184               1031 
18.094830 192.039230 79.276733 95.270401 187.289322 69.335487 31.901793 190.263107 95.087112 124.339149 153.094559 86.362106               1054 
18.093542 192.102707 79.263992 95.239281 187.101151 69.218246 31.928129 190.301147 95.101250 124.205544 152.762436 86.129410               1078 
18.107325 192.049973 79.269806 95.248390 187.085617 69.170792 31.967913 190.292313 95.149628 124.233360 152.727188 86.009735               1103 
18.137560 192.045105 79.332085 95.283607 187.122040 69.116844 32.050064 190.276138 95.214211 124.320343 152.762085 85.863190               1127 
18.134892 192.050568 79.341736 95.286819 187.111069 69.114952 32.067066 190.294647 95.242874 124.325172 152.747620 85.851349               1152 
18.185095 191.903702 79.424301 95.372444 187.364822 69.230141 32.137619 190.255890 95.359428 124.589546 153.166016 85.992653               1176 
18.204218 191.752945 79.443710 95.416702 187.493256 69.277229 32.165634 190.148071 95.385757 124.752449 153.392532 86.032364               1201 
18.349785 191.395721 79.496063 95.499901 186.935089 68.767921 32.446640 189.553192 95.354477 124.833649 152.563812 84.964394               1226 
18.325575 191.353561 79.458069 95.478790 186.649246 68.572144 32.500416 189.354965 95.331345 124.752602 152.124435 84.549042               1250 
18.271763 191.460922 79.419426 95.442039 186.445038 68.441521 32.530483 189.343140 95.354614 124.634056 151.792542 84.291115               1275 
18.229626 191.538712 79.378555 95.426262 186.371445 68.346153 32.563793 189.356613 95.374664 124.598091 151.663757 84.111931               1299 
18.231405 191.521973 79.293243 95.441055 186.148132 68.158798 32.642128 189.245300 95.329330 124.567734 151.343231 83.793213               1323 
18.177586 191.835938 79.302391 95.444016 186.554214 68.434143 32.581966 189.760712 95.454178 124.610916 151.932831 84.397583               1348 
18.216330 191.967972 79.374435 95.462799 186.533203 68.308998 32.714981 189.948120 95.590019 124.614212 151.852875 84.172440               1373 
18.342205 191.946167 79.489510 95.431686 185.950195 67.440025 33.087841 189.669113 95.622009 124.482040 150.840057 82.524246               1397 
18.447798 191.928482 79.527832 95.426414 185.345276 66.757957 33.410549 189.372971 95.640923 124.327232 149.839172 81.188408               1422 
18.463623 191.905777 79.508652 95.381691 184.895813 66.175812 33.638180 189.063248 95.651749 124.187988 149.069702 79.991249               1445 
18.459593 191.948547 79.485580 95.355064 184.628265 65.829300 33.797703 188.931534 95.702522 124.101883 148.615051 79.277290               1469 
18.440304 192.004959 79.459991 95.331100 184.471268 65.635895 33.894207 188.895706 95.753044 124.040039 148.351807 78.878258               1492 
18.354551 192.121841 79.401642 95.276764 184.438370 65.648537 33.867210 189.018967 95.806351 123.949059 148.293396 78.900719               1516 
18.309767 192.235214 79.361320 95.275589 184.439621 65.646599 33.904087 189.114304 95.858177 123.952278 148.297379 78.896721               1585 
18.273932 192.239899 79.332909 95.264610 184.442291 65.680199 33.875332 189.098221 95.848625 123.949120 148.312408 78.947052               1609 
18.085869 192.450745 79.228752 95.190010 184.687653 66.135475 33.605782 189.416489 95.871498 123.852188 148.682053 79.783020               1632 
17.911196 192.639832 79.111504 95.129295 185.003067 66.583061 33.346951 189.748138 95.879448 123.801041 149.154648 80.618782               1655 
17.789274 192.773300 79.029984 95.083687 185.214020 66.895569 33.170448 189.986893 95.879021 123.754684 149.471527 81.200363               1678 
17.765694 192.699081 78.990799 95.096100 185.320480 66.972076 33.146217 189.992004 95.869240 123.831108 149.648880 81.325333               1702 
17.650072 192.461578 78.870491 95.096046 185.633743 67.315376 32.957211 189.904327 95.835281 123.993752 150.164505 81.842430               1726 
17.657421 192.114349 78.833664 95.211533 186.030594 67.645248 32.916489 189.765778 95.857231 124.378067 150.852173 82.341202               1750 
17.696436 191.705399 78.855400 95.366974 186.581329 68.040840 32.909698 189.617157 95.939812 124.900475 151.797195 82.941010               1774 
17.781786 191.360016 78.913452 95.510811 186.941544 68.242973 32.989216 189.447083 96.008621 125.328331 152.428360 83.207443               1799 
17.712358 191.253036 78.877846 95.476929 187.068329 68.434479 32.879311 189.444656 95.995621 125.350670 152.658096 83.523399               1823 
17.674238 191.156570 78.859207 95.453049 187.157669 68.569420 32.806335 189.448502 95.975800 125.365807 152.820053 83.746208               1847 
17.618805 191.165649 78.762970 95.376762 186.833984 68.529419 32.730476 189.415756 95.866119 125.115120 152.342026 83.698959               1871 
17.590366 191.192261 78.701942 95.355988 186.788513 68.613327 32.676861 189.478500 95.782295 125.034523 152.289047 83.882599               1895 
17.585392 191.183075 78.668083 95.348083 186.781631 68.629951 32.662128 189.496201 95.709351 125.011589 152.283447 83.931313               1919 
17.582315 191.182312 78.643990 95.342964 186.781677 68.639832 32.652782 189.514191 95.659187 124.995712 152.284042 83.963272               1944 
17.591381 191.194122 78.643402 95.337837 186.784088 68.648102 32.648281 189.561371 95.644272 124.970505 152.275635 83.985992               1968 
17.621859 191.152893 78.656799 95.337700 186.786102 68.649925 32.649410 189.591125 95.639870 124.959747 152.271881 83.995369               1993 
17.651466 191.282104 78.652252 95.300987 186.656052 68.510681 32.678242 189.760468 95.621147 124.801582 152.017853 83.810661               2017 
17.653378 191.279831 78.598801 95.235985 186.652161 68.542580 32.590767 189.936356 95.583191 124.649918 151.974274 83.919304               2042 
17.666193 191.210571 78.540474 95.149506 186.650101 68.579514 32.467537 190.087921 95.514023 124.471909 151.928467 84.032166               2067 
17.659166 191.214066 78.442825 95.059616 186.509384 68.539795 32.367908 190.191757 95.415207 124.228439 151.658951 83.993149               2092 
17.700607 191.298798 78.270470 94.992302 185.879440 68.210487 32.399883 190.133972 95.245773 123.801254 150.619888 83.408760               2117 
17.685270 191.326828 78.193176 94.969681 185.863144 68.305557 32.321518 190.201157 95.190193 123.704529 150.578537 83.585754               2143 
17.522934 191.036011 77.911995 94.951988 186.707535 68.860382 31.963383 190.158432 95.038963 124.007462 151.819962 84.442924               2168 
17.486687 191.035110 77.861313 94.898537 186.668869 68.855537 31.898159 190.179550 94.985153 123.908890 151.749771 84.451553               2193 
17.423691 191.092194 77.761810 94.812286 186.589630 68.768715 31.815754 190.235764 94.885773 123.739243 151.596512 84.353722               2218 
17.372404 191.125702 77.675827 94.740105 186.517441 68.697075 31.745424 190.271683 94.801468 123.596954 151.460663 84.268967               2243 
17.198574 190.777466 77.436234 94.726364 187.708496 69.467079 31.339176 190.331375 94.730919 124.061218 153.292328 85.565910               2267 
17.414839 190.878204 77.579849 94.945213 188.104126 69.702972 31.520960 190.587219 94.885361 124.388245 153.855270 85.960388               2292 
17.619205 190.796783 77.664154 95.143791 188.058899 69.725044 31.742445 190.521652 94.965866 124.614906 153.821732 85.956184               2316 
17.787401 190.715225 77.728188 95.302322 187.940689 69.710396 31.931816 190.444931 95.021996 124.775536 153.694473 85.918602               2340 
17.934864 190.648346 77.793068 95.436508 187.787094 69.649597 32.118267 190.368958 95.082649 124.902817 153.508789 85.802422               2364 
18.072412 190.641571 77.840134 95.567886 187.611008 69.549774 32.317814 190.309906 95.143883 125.009041 153.269196 85.613327               2388 
18.009295 190.593399 77.863106 95.472504 187.284607 69.118187 32.397163 190.099991 95.129143 124.901985 152.782913 84.857239               2412 
17.947176 190.576874 77.913353 95.396118 187.147415 68.956123 32.413113 190.021973 95.183067 124.827438 152.574173 84.533897               2436 
17.857096 190.676880 77.935959 95.310356 187.076477 68.959656 32.355457 190.090851 95.229050 124.684929 152.446625 84.518799               2460 
17.763283 190.720291 77.905396 95.243011 187.194824 69.104233 32.234707 190.191727 95.239845 124.628281 152.630585 84.788582               2484 
17.671793 190.783264 77.852409 95.177666 187.296555 69.269142 32.100567 190.314957 95.230087 124.546394 152.790436 85.111664               2508 
17.599388 190.838211 77.799316 95.126961 187.385239 69.414162 31.987803 190.428482 95.215866 124.478165 152.931793 85.403130               2532 
17.542860 190.881821 77.758156 95.087723 187.453842 69.526360 31.900490 190.514847 95.203621 124.425018 153.041306 85.628532               2557 
17.495838 190.915863 77.713852 95.056824 187.517303 69.625664 31.825338 190.588303 95.185318 124.382027 153.141006 85.826950               2582 
17.460094 190.940842 77.679398 95.032669 187.566910 69.703270 31.767448 190.645462 95.168419 124.348251 153.218979 85.981979               2606 
17.325047 190.961502 77.558418 94.950737 187.833023 70.013695 31.546734 190.800308 95.100792 124.299843 153.661545 86.600426               2632 
17.260464 190.965988 77.551384 94.893089 187.867996 70.078735 31.474638 190.843842 95.078247 124.241768 153.729080 86.733131               2656 
17.174902 191.000854 77.540451 94.812401 187.926392 70.162636 31.370195 190.930267 95.064598 124.148140 153.817612 86.901390               2681 
17.136118 191.006729 77.530807 94.770966 187.944992 70.202545 31.316187 190.977356 95.049202 124.091629 153.845245 86.986038               2706 
17.112484 190.993774 77.527885 94.736145 187.960632 70.236084 31.271294 191.016159 95.033737 124.044128 153.868500 87.057152               2732 
17.103884 190.967758 77.533440 94.710510 187.980759 70.280678 31.231543 191.061737 95.030357 124.005356 153.900223 87.148033               2757 
17.118919 190.937759 77.541191 94.712616 187.982040 70.291557 31.231876 191.080261 95.023865 124.001678 153.906143 87.178337               2782 
17.129242 190.949692 77.552643 94.714088 188.005554 70.360786 31.215303 191.163956 95.034103 123.978760 153.947464 87.325592               2808 
17.147272 190.944183 77.570274 94.715431 188.027054 70.424026 31.200663 191.240829 95.042725 123.957787 153.985336 87.460045               2833 
17.160456 190.908569 77.572472 94.712387 188.032013 70.442390 31.188675 191.274429 95.029144 123.941223 153.996246 87.513466               2859 
17.164070 190.885651 77.579300 94.702461 188.033279 70.455933 31.174099 191.306839 95.022446 123.917740 153.998886 87.552910               2884 
17.168579 190.865005 77.583107 94.697914 188.032181 70.462288 31.166761 191.327057 95.016212 123.903252 153.996857 87.574371               2910 
17.184774 190.821518 77.586502 94.695412 188.038925 70.468353 31.158527 191.352646 95.003510 123.888115 153.999405 87.593666               2936 
17.190525 190.782394 77.578751 94.683464 188.040222 70.462723 31.141327 191.372635 94.981056 123.862892 153.994446 87.598221               2962 
17.192133 190.748962 77.578453 94.659019 188.046341 70.453461 31.114437 191.420334 94.959068 123.815758 153.987320 87.601273               2987 
17.212021 190.676788 77.583534 94.636131 188.059616 70.445892 31.086140 191.469315 94.931664 123.769600 153.986359 87.604988               3014 
17.244545 190.600754 77.589310 94.637253 188.048492 70.363434 31.110453 191.460129 94.909569 123.778091 153.958099 87.475868               3039 
17.244064 190.567612 77.586441 94.610229 188.015259 70.320648 31.096651 191.494598 94.895050 123.723129 153.894913 87.420959               3065 
17.272758 190.709473 77.604187 94.602295 187.764252 70.225891 31.142416 191.623245 94.883972 123.545654 153.495346 87.316902               3090 
17.279913 190.775162 77.631584 94.591789 187.707108 70.207512 31.152151 191.734055 94.888039 123.478432 153.418259 87.354401               3116 
17.295568 190.759689 77.646240 94.585472 187.681244 70.178619 31.158453 191.779083 94.880119 123.449310 153.380707 87.340538               3142 
17.427742 190.421677 77.731354 94.751740 188.543045 70.407974 31.221134 191.778931 94.967224 124.097946 154.757248 87.771706               3168 
17.585930 190.364944 77.895828 94.891129 188.778763 70.349548 31.419363 191.801926 95.087738 124.406639 155.107895 87.649460               3193 
17.642298 190.315994 77.970146 94.938583 188.825516 70.317940 31.497120 191.765350 95.144081 124.515358 155.180252 87.562943               3219 
17.636379 190.262146 77.978905 94.932381 188.834122 70.344696 31.482695 191.731567 95.152130 124.524223 155.204285 87.593941               3244 
16.885788 187.820786 77.133888 94.169365 192.559341 72.370392 29.761787 190.910965 94.698975 125.571175 161.626877 91.377991               3269 
17.042229 187.615433 77.213966 94.143646 192.265564 72.285797 29.745306 191.020386 94.693420 125.365517 161.117401 91.237473               3294 
17.095457 187.139694 77.047020 94.006065 191.786499 72.100662 29.577524 190.763321 94.428909 125.038834 160.366470 90.913651               3315 
17.076612 186.911407 76.907364 93.878761 191.304947 71.913361 29.445818 190.600723 94.200462 124.688820 159.572220 90.566895               3336 
17.078972 186.732773 76.821083 93.792397 190.978226 71.786285 29.363039 190.472839 94.011330 124.450142 159.034805 90.330826               3356 
17.093609 186.587448 76.768814 93.734947 190.760910 71.701759 29.311890 190.366821 93.849121 124.290833 158.677963 90.173424               3377 
17.125408 186.454086 76.743629 93.694130 190.606506 71.641708 29.279949 190.287094 93.715370 124.177391 158.424774 90.061432               3397 
17.176264 186.412399 76.766525 93.671013 190.451767 71.528580 29.283102 190.343445 93.677536 124.070892 158.171555 89.913742               3418 
17.436222 186.386841 76.919472 93.859863 189.853333 70.938385 29.687035 190.263245 93.710030 124.146202 157.261185 88.956940               3439 
17.650932 186.387894 77.040573 94.035706 189.377563 70.507133 30.035410 190.186310 93.777168 124.230850 156.543076 88.236443               3459 
17.683743 186.480026 76.993904 94.058701 188.791779 70.250366 30.135138 190.141754 93.738678 123.989143 155.610168 87.781158               3479 
17.725454 186.554535 76.968353 94.076294 188.444122 70.088760 30.202524 190.151474 93.721535 123.829155 155.040024 87.498886               3500 
17.754885 186.569077 76.905258 94.076454 188.206512 69.973518 30.222000 190.110214 93.637810 123.702370 154.647385 87.301796               3521 
17.762815 186.623047 76.761963 94.056335 187.810211 69.764801 30.230801 190.016449 93.470558 123.462265 153.968811 86.917969               3541 
17.801460 186.613464 76.753845 94.049042 187.790054 69.782501 30.206493 190.043365 93.444603 123.405113 153.913300 86.951248               3564 
17.864012 186.661987 76.744080 94.061760 187.689362 69.753029 30.217730 190.109650 93.415985 123.313087 153.720703 86.918938               3588 
17.934729 186.664627 76.748215 94.065590 187.630524 69.733246 30.215017 190.157257 93.397446 123.240898 153.597626 86.901299               3611 
18.041502 186.644806 76.763710 94.102852 187.583817 69.666801 30.261906 190.169617 93.403908 123.232941 153.489075 86.788918               3635 
18.044516 186.737686 76.784714 94.092766 187.606018 69.676163 30.234985 190.170151 93.390221 123.186745 153.484940 86.807167               3660 
18.015133 187.258759 76.794037 94.103325 188.664429 70.296890 29.984781 190.592667 93.212753 123.317352 154.919479 87.960373               3684 
18.107405 187.669220 76.941643 94.190971 188.781082 70.428940 30.025259 190.566818 93.005745 123.282043 154.967529 88.164009               3708 
18.153399 187.904160 77.023590 94.233215 188.836487 70.484688 30.031893 190.411957 92.776505 123.262329 154.986053 88.250908               3732 
18.187679 188.173981 77.090157 94.275818 188.791809 70.474495 30.055441 190.233765 92.551247 123.211548 154.851425 88.221397               3757 
18.182484 188.488327 77.142502 94.301598 188.747543 70.474396 30.060940 190.029297 92.306053 123.145447 154.720200 88.204338               3781 
18.160311 188.840347 77.187126 94.327484 188.698578 70.466873 30.066381 189.844009 92.087990 123.078041 154.582703 88.178215               3805 
18.395809 189.901398 77.596672 94.532570 187.879837 69.988823 30.536209 190.135437 92.232086 122.747513 153.121490 87.307968               3829 
18.539425 190.849289 77.869339 94.659195 187.240021 69.593842 30.887257 190.401291 92.341446 122.450287 152.028076 86.680496               3853 
18.646120 191.462250 77.972168 94.768120 186.855576 69.282257 31.139551 190.502655 92.356285 122.324745 151.392166 86.227982               3875 
18.630459 191.715256 77.967567 94.808250 186.846909 69.281265 31.154161 190.404327 92.280182 122.335770 151.376434 86.259514               3898 
18.638695 191.887131 77.975555 94.847740 186.834778 69.284691 31.160315 190.244278 92.166267 122.349586 151.355835 86.286812               3920 
18.657158 192.090561 78.007523 94.892502 186.823883 69.304161 31.170778 190.088150 92.053856 122.357613 151.330536 86.335579               3942 
18.672028 192.343445 78.058739 94.941940 186.887558 69.371140 31.187086 190.053543 92.014030 122.379395 151.398849 86.456688               3964 
18.690943 192.586258 78.105522 94.993217 186.940460 69.426804 31.218998 190.086975 92.029633 122.401787 151.454926 86.565277               3987 
19.095398 192.748688 78.458160 95.502380 187.613449 69.605774 31.751513 190.136459 92.373627 123.299545 152.432907 86.747131               4009 
19.130053 193.118500 78.642113 95.613449 187.775757 69.903656 31.825455 190.311920 92.583565 123.395798 152.662567 87.206390               4031 
19.101295 193.316513 78.647255 95.637001 187.795074 69.925156 31.840385 190.311630 92.598854 123.405655 152.673782 87.233414               4053 
19.063509 193.461212 78.654892 95.634224 187.831253 69.951004 31.827707 190.326797 92.616821 123.396332 152.710266 87.270386               4076 
19.014902 193.609116 78.697983 95.603210 187.915161 69.994286 31.790230 190.392624 92.656319 123.362503 152.798386 87.326706               4098 
19.096069 193.635406 78.785309 95.607864 187.446884 69.657951 31.917849 190.209213 92.682716 123.215828 152.046249 86.651299               4120 
19.400780 193.198502 78.865631 95.808968 186.709412 68.970108 32.325485 189.469345 92.674561 123.382271 150.937515 85.226288               4143 
19.581432 193.062469 78.975319 95.964279 186.249359 68.550560 32.638454 188.991470 92.755516 123.532539 150.252289 84.310707               4167 
19.459259 193.413269 78.898445 96.029816 186.223175 68.443687 32.738121 188.824631 92.825920 123.677010 150.229675 84.073166               4190 
19.398848 193.544296 78.856987 96.075226 186.165314 68.467255 32.774250 188.725067 92.898170 123.743073 150.182892 84.085686               4215 
19.285471 193.433914 78.824257 96.061707 186.423447 68.634163 32.686470 188.642807 92.975540 123.906593 150.619202 84.347168               4238 
19.225664 193.206543 78.810005 96.093132 186.742096 68.798889 32.648746 188.519226 93.059166 124.180832 151.171387 84.609795               4261 
19.200260 193.006348 78.822449 96.131737 187.062454 68.945953 32.637077 188.468384 93.172485 124.444885 151.715469 84.856209               4284 
18.803905 192.779190 78.683868 95.870682 187.702332 69.358490 32.202526 188.498352 93.175941 124.496368 152.785690 85.655052               4308 
18.689753 192.399353 78.665321 95.824806 188.071152 69.482124 32.109692 188.255081 93.186119 124.758781 153.436172 85.835190               4332 
18.792269 191.881241 78.950989 96.057449 189.322327 70.146072 32.242729 188.168396 93.599846 125.725891 155.485580 86.850487               4355 
18.861734 191.665497 79.094116 96.131256 189.435562 70.196312 32.345356 188.105377 93.854820 125.974304 155.766739 86.928986               4378 
18.854626 191.653229 79.110924 96.128189 189.443268 70.207047 32.334160 188.218414 94.080925 125.985809 155.795609 86.956299               4401 
18.908133 191.582581 79.179138 96.169724 189.411621 70.132011 32.412727 188.340576 94.432167 126.080772 155.795731 86.849686               4423 
18.779215 191.696060 79.113129 96.040306 189.208511 70.102798 32.266632 188.611481 94.695969 125.806854 155.478836 86.849174               4446 
19.019184 192.188416 79.076088 96.149132 187.837296 69.627174 32.533554 188.991821 94.911385 125.186974 153.394196 86.199936               4469 
19.093924 192.760086 79.017876 96.170670 187.413132 69.614326 32.566074 189.528564 95.064056 124.763802 152.633377 86.257080               4492 
18.841158 192.638199 78.608833 95.837112 186.686127 68.744843 32.393024 189.123093 94.591675 124.223152 151.513657 84.909927               4515 
19.010838 192.733170 78.653259 95.996880 186.689255 68.751610 32.575497 189.291824 94.693542 124.369286 151.548660 85.009689               4537 
18.313919 194.308929 76.657852 95.439178 188.733414 67.275131 32.192410 193.892502 96.782310 124.145691 154.534546 84.897636               4604 
18.267059 196.793915 74.333351 94.957100 188.326218 63.049686 33.307915 197.969788 96.647301 123.082916 153.766953 80.903984               4626 
13.442962 196.303146 63.469700 91.167374 192.254181 54.148594 29.784672 201.532547 92.690598 121.179649 159.582596 72.479195               4648 
10.300100 206.407028 54.433277 88.108192 197.208755 44.459702 29.998198 217.536240 87.489220 117.607559 166.261108 66.281914               4669 
6.816832 209.151535 46.039558 84.005249 191.998657 34.541409 29.211971 213.985168 81.973557 110.756149 156.359283 52.385296               4687 
4.672952 214.363235 36.168079 83.608978 195.233337 29.503887 26.578972 216.125153 74.889809 110.555344 160.340378 48.492157               4700 
4.235527 220.108734 26.287073 83.448265 194.812027 25.897730 24.520927 216.972290 68.313522 108.219292 158.915359 45.947792               4711 
4.977386 226.065720 5.371327 83.780312 196.303848 17.311256 19.368515 216.980316 51.877457 105.753815 159.789200 39.402561               4731 
3.737148 226.214386 -3.036720 83.988365 199.603195 12.652325 16.814146 214.638702 44.783836 107.739594 164.332581 34.924339               4741 
3.862772 229.106079 -23.082462 83.321877 202.796631 2.579668 11.761463 211.094223 25.743347 106.893143 168.260941 26.156361               4759 
5.097724 231.419022 -30.448204 83.638237 203.015305 -2.152697 11.220152 209.725113 17.582403 106.600479 168.061935 21.409485               4768 
2.928222 236.474884 -49.100021 80.434113 206.974945 -17.182144 6.909930 208.513489 -4.360428 103.196648 171.388763 5.614119               4786 
3.143207 236.922318 -55.763588 80.248009 207.708969 -21.826689 6.662912 206.819702 -12.593168 103.081856 172.393097 1.316003               4795 
2.895668 238.323349 -64.786758 78.939865 208.435699 -28.016232 5.484990 205.544662 -23.254128 101.366043 173.323929 -4.174897               4804 
1.646413 236.903488 -85.147385 76.366287 210.363846 -41.980263 4.017341 200.551666 -45.531883 99.455521 176.884369 -16.481407               4822 
2.249553 237.176071 -93.441826 75.279900 210.230194 -46.966743 3.820089 198.645355 -55.030731 97.787086 176.914276 -20.743561               4832 
3.077758 237.149506 -100.439690 74.699829 209.635895 -51.571625 4.178389 196.546402 -63.398151 96.827126 176.217514 -25.156204               4841 
0.698222 233.775024 -122.179810 69.426163 209.754227 -67.167000 0.927011 192.813477 -84.567513 90.956795 177.921967 -38.403854               4858 
0.755251 235.625809 -127.575920 69.060585 209.842819 -72.306351 0.955326 192.720200 -90.925362 90.429039 177.709412 -43.757908               4867 
-0.493384 236.647202 -135.454437 67.046196 209.974274 -78.853165 -0.010396 191.300140 -99.650055 88.357071 178.155914 -49.911545               4876 
-3.716076 240.190094 -150.877991 61.265606 208.716949 -92.396935 -3.058698 188.796204 -119.711426 81.791718 175.807190 -64.116089               4894 
-4.365245 240.439560 -156.412231 60.856857 208.975830 -97.487015 -3.109533 187.841888 -124.749481 81.438004 176.962524 -68.233917               4903 
-5.871334 241.811874 -163.735611 58.720451 209.596375 -103.577660 -4.115184 186.956985 -132.293289 78.939049 178.434174 -73.175270               4912 
-7.390508 242.005737 -173.809982 54.194111 205.065140 -112.370369 -6.065884 183.168060 -146.905426 72.913872 172.358566 -82.637726               4931 
-9.268718 240.937088 -180.867523 52.957890 206.944611 -118.000198 -6.987811 182.532913 -151.409027 71.985825 176.095291 -86.528999               4940 
-12.420402 241.307892 -189.049118 52.018909 209.330353 -126.566490 -7.403492 181.943558 -158.581543 72.144951 180.258942 -94.101509               4969 
-19.172228 239.976471 -198.945557 45.626163 210.151718 -135.543610 -9.903490 179.358643 -171.322845 66.933884 181.351944 -103.594681               4989 
-20.865625 240.714706 -208.963211 41.383850 212.069046 -142.286682 -12.746801 180.284851 -179.383087 61.152523 184.273849 -108.510864               5002 
-22.676985 240.549667 -223.869095 36.001564 214.021042 -152.932419 -16.986292 181.063965 -190.728210 53.469261 187.960449 -116.601929               5021 
-26.416634 242.133881 -227.773514 34.400875 216.209824 -158.220749 -19.316906 182.500854 -194.289169 52.849674 190.730484 -121.962997               5039 
-28.582388 240.604050 -231.565826 32.623905 217.742355 -161.176575 -20.587717 182.019714 -196.049316 51.341698 193.860489 -123.981415               5049 
-29.482388 240.794678 -232.920837 31.995197 217.822311 -162.658722 -21.554405 182.123825 -196.999878 50.635147 194.226151 -125.242783               5066 
-29.885979 241.453186 -232.586731 31.754309 217.821854 -162.619644 -21.731665 182.378433 -197.185684 50.399082 194.011124 -125.342300               5075 
-34.594765 247.108093 -226.358536 29.531033 216.749481 -161.369110 -22.934666 184.149445 -199.844574 49.930054 188.866989 -128.043060               5084 
-34.891926 247.152893 -229.121918 28.733936 217.638657 -163.225555 -23.775583 184.809128 -201.138428 48.647476 190.396957 -129.085846               5093 
-35.972473 247.270416 -231.321014 27.242657 218.282837 -164.762360 -24.964970 185.386902 -202.526520 46.745659 191.495987 -130.030853               5111 
-36.479103 247.217346 -231.665314 26.782932 218.510880 -165.013672 -25.135674 185.497101 -202.774384 46.269737 191.900269 -130.137894               5120 
-36.632256 249.469467 -230.159500 25.548195 216.988953 -164.200027 -25.625927 186.391174 -204.442978 44.313549 188.578415 -130.363922               5138 
-37.544327 250.381210 -228.952545 25.004066 217.260773 -163.650146 -25.475830 186.934128 -204.744766 44.080521 188.376007 -130.394485               5148 
-48.307217 245.941193 -225.088318 21.786068 218.545441 -164.981812 -28.266827 184.139755 -202.102615 45.598972 191.737274 -133.068695               5166 
-50.188778 246.567566 -223.796341 21.070763 219.116257 -165.092361 -28.139267 184.806580 -202.629395 45.625084 192.135742 -133.894333               5175 
-51.222687 247.310089 -223.374649 20.955139 219.545700 -165.945221 -26.942898 185.843262 -203.400772 45.701134 192.666962 -134.810852               5193 
-51.291607 247.218201 -223.322235 20.948622 219.535431 -165.927963 -25.864311 185.890121 -204.009186 45.713104 192.684677 -134.784134               5202 
-49.525581 250.513687 -220.494308 20.324230 217.519333 -162.943985 -26.323841 187.525833 -203.645447 43.278305 188.419189 -132.440353               5211 
-29.990564 212.308563 -216.732010 20.366350 217.756516 -163.102081 -26.078623 187.644226 -203.754715 43.696625 188.694305 -132.848724               5220 
-24.509245 197.575195 -213.982758 19.970745 218.188782 -163.539810 -26.676760 186.142395 -202.269867 44.837490 190.339844 -133.369293               5229 
-24.826544 190.642197 -213.407562 19.680342 218.758163 -164.309174 -26.830969 183.682022 -200.089462 46.205944 193.094757 -133.617783               5250 
-26.851418 189.447113 -215.357376 19.678074 218.602097 -164.989594 -26.876896 182.588821 -199.625595 46.827927 193.658813 -134.250412               5265 
-27.102911 189.502548 -215.707901 19.773155 218.428238 -164.822449 -26.766237 182.603012 -199.590393 46.732132 193.391876 -133.991074               5274 
-27.186632 189.666229 -216.306946 20.087658 218.157822 -164.958969 -26.583229 182.671677 -199.850372 46.815235 192.926147 -134.085373               5283 
-27.206453 189.893280 -217.101974 20.469627 218.152634 -165.067123 -26.108801 182.679001 -200.050888 47.132107 192.921463 -134.136887               5301 
-27.083553 189.914734 -217.504013 20.732918 218.690445 -165.567505 -25.755951 182.815079 -200.213852 47.476952 193.794952 -134.436325               5310 
-27.365433 190.194870 -218.534683 20.327724 219.413345 -166.424927 -25.576075 182.922150 -201.160416 47.807564 194.778412 -135.730331               5319 
-27.399696 190.174347 -218.718918 20.468487 219.598053 -166.470612 -25.130861 182.875351 -201.182205 48.074879 195.143555 -135.745316               5328 
-27.347183 190.239227 -218.987717 20.564762 219.679169 -166.499146 -24.701132 182.855499 -201.411789 48.448376 195.239197 -136.013565               5347 
-27.354536 190.286942 -219.098267 20.584646 219.720886 -166.499680 -24.606710 182.878876 -201.472351 48.568333 195.271255 -136.113693               5356 
-27.366131 190.338257 -219.300827 20.615339 219.785294 -166.500504 -24.471430 182.919159 -201.562042 48.753651 195.322266 -136.268478               5366 
-27.371527 190.610550 -219.805771 20.402206 220.109497 -166.690308 -24.341473 183.104996 -202.032471 48.792126 195.674240 -136.671814               5374 
-27.352203 191.119537 -220.514816 20.234859 220.129044 -166.730087 -24.265368 183.440536 -202.684708 48.663891 195.408569 -136.983353               5391 
-27.338331 191.270248 -220.678284 20.246761 220.134933 -166.716629 -24.242722 183.566025 -202.800446 48.649117 195.326324 -137.017838               5400 
-26.966413 192.009506 -221.593521 19.550602 220.530457 -166.366226 -24.130308 184.144394 -203.621262 47.575588 195.535995 -136.465454               5419 
-27.117529 192.772446 -222.119858 19.492599 220.693649 -166.334152 -24.114632 184.590698 -203.950653 47.455700 195.476700 -136.562531               5428 
-27.354824 193.564743 -222.713867 19.439537 220.842957 -166.304810 -24.088264 184.999725 -204.256500 47.347256 195.423615 -136.653580               5437 
-27.617668 194.439407 -223.360626 19.381790 221.005447 -166.272888 -24.073481 185.453094 -204.574585 47.230579 195.367126 -136.755066               5456 
-27.660559 195.062210 -223.617462 19.360933 221.225174 -166.185303 -24.044827 185.884064 -204.735687 47.137463 195.429504 -136.736572               5465 
-27.704960 195.801712 -223.914078 19.336105 221.486771 -166.081024 -24.022186 186.393173 -204.914322 47.027225 195.504379 -136.716125               5473 
-27.757757 196.480606 -224.194031 19.313843 221.721298 -165.987534 -23.984085 186.854019 -205.084167 46.928974 195.572098 -136.699249               5482 
-27.736317 196.928986 -224.430573 19.345064 221.924118 -165.970413 -23.912483 187.176529 -205.213379 46.862045 195.692520 -136.663452               5491 
-28.006458 197.557632 -224.883133 19.175100 222.478821 -166.333160 -24.044428 187.699661 -205.586334 46.785992 196.260452 -137.102768               5500 
-28.278120 197.809753 -225.103531 19.004622 222.851883 -166.573990 -24.193838 187.935638 -205.715714 46.676361 196.730927 -137.313950               5509 
-28.542747 197.879120 -225.199005 18.815372 222.305954 -166.354553 -24.551090 187.902786 -205.728195 46.011440 195.864120 -136.937149               5522 
-28.628309 197.661346 -225.268188 18.674704 221.897552 -166.184555 -24.710218 187.685074 -205.666122 45.437607 195.365555 -136.452759               5534 
-28.790171 197.737244 -225.350464 18.535126 221.899216 -166.145203 -24.763199 187.687149 -205.694565 45.280285 195.364532 -136.399857               5547 
-28.933008 197.809433 -225.429779 18.420605 221.900589 -166.112915 -24.781805 187.689438 -205.729919 45.151199 195.363678 -136.356461               5565 
-28.705076 198.167618 -225.355652 18.651424 220.819763 -165.397736 -24.739204 187.699951 -205.713959 44.829445 193.552231 -135.811050               5581 
-28.327581 198.275696 -225.315598 18.959057 219.978699 -164.877533 -24.548265 187.606354 -205.660416 44.615330 192.236771 -135.274826               5597 
-27.747972 198.419144 -225.295105 19.458334 219.720306 -164.583679 -24.044088 187.678177 -205.600937 44.772732 191.786499 -134.867310               5614 
-27.639782 196.912491 -224.810379 19.807781 218.444122 -164.356079 -24.046921 186.407654 -204.972321 44.729057 190.602722 -134.223618               5632 
-27.719606 194.811417 -224.207794 20.361044 217.803146 -164.787430 -24.174974 184.988190 -204.007614 45.000046 190.702026 -133.761169               5649 
-27.581472 194.693146 -224.268463 20.398815 217.827362 -164.809296 -23.978760 184.861755 -204.073929 45.172428 190.800583 -133.825424               5667 
-27.581516 194.513016 -224.254593 20.419811 217.883438 -164.878113 -23.912617 184.729065 -204.025131 45.348148 190.980087 -133.910919               5684 
-27.622702 193.731537 -224.086334 20.734060 217.566559 -165.165436 -23.886051 184.164597 -203.751495 45.713886 190.910004 -134.026779               5701 
-27.521379 193.195938 -223.660248 21.265467 217.725433 -165.367477 -23.637232 183.886185 -203.222687 46.441521 191.441177 -134.070755               5718 
-27.619408 193.269180 -223.548645 21.377531 218.035706 -165.519562 -23.553186 183.989075 -203.125610 46.835651 191.877396 -134.345749               5735 
-27.754673 193.046326 -223.664978 21.121328 217.899017 -165.549286 -23.618139 183.733093 -203.254807 46.723919 191.784424 -134.457245               5753 
-27.769894 193.042526 -223.675949 21.124233 217.898987 -165.550598 -23.598396 183.740753 -203.252075 46.739483 191.786377 -134.467331               5770 
-27.637344 193.327957 -223.639130 21.507158 217.875137 -165.581390 -23.367168 183.949020 -203.270340 47.198166 191.599548 -134.698639               5788 
-27.525822 193.569382 -223.606964 21.830160 217.855011 -165.607376 -23.157171 184.134949 -203.289734 47.584080 191.442322 -134.894424               5806 
-27.609968 193.188812 -223.097809 22.118492 217.483856 -165.386902 -23.076015 183.904221 -202.798828 47.822044 191.069656 -134.633087               5824 
-27.607170 192.859070 -222.698883 22.224493 217.362198 -165.133514 -22.890676 183.750244 -202.426971 47.867249 191.051834 -134.240265               5843 
-27.655537 192.718735 -222.477921 22.404356 217.284912 -165.115097 -22.759083 183.713608 -202.259674 48.149120 190.982635 -134.299881               5861 
-27.696774 192.710571 -222.301102 22.488300 217.299606 -165.039337 -22.603312 183.762207 -202.156616 48.317459 190.991623 -134.299728               5879 
-27.725918 192.248932 -222.394455 22.052208 217.063873 -164.860229 -22.665773 183.397217 -202.228180 47.763363 190.857880 -133.935135               5898 
-27.790323 192.242432 -222.226440 22.185493 217.083206 -164.867508 -22.569195 183.455704 -202.121124 47.991699 190.870773 -134.027145               5916 
-28.144745 191.997345 -222.256195 21.848555 216.967270 -164.980331 -22.790228 183.277557 -202.232086 47.859470 190.778992 -134.291794               5935 
-28.030811 192.457199 -222.248749 22.131001 217.313141 -165.072418 -22.636574 183.757553 -202.264740 48.181126 191.037140 -134.492325               5957 
-27.958206 192.892838 -222.246414 22.370596 217.606537 -165.150543 -22.524334 184.160843 -202.283539 48.453465 191.256073 -134.662567               5979 
-28.535553 193.263657 -222.870331 21.379463 217.520309 -165.211563 -22.980869 184.190720 -203.076538 47.853882 190.926361 -135.277527               6002 
-28.699987 193.352539 -222.594971 20.914045 218.047882 -164.842087 -23.058405 184.308823 -202.785660 47.609261 191.696259 -134.889847               6025 
-28.706999 193.097336 -222.458664 20.871330 218.095505 -164.797455 -23.053379 184.145981 -202.600159 47.626083 191.897003 -134.764130               6047 
-34.986519 205.854324 -224.094177 17.270573 224.469498 -165.869446 -29.678484 195.467972 -203.962158 40.764355 195.537399 -135.617905               6112 
-39.519234 212.867706 -225.537476 13.946251 226.484192 -166.663818 -34.156685 200.973434 -205.546982 35.501610 195.670334 -136.830093               6133 
-45.836922 220.769012 -225.693985 8.475312 229.236435 -165.732635 -39.914848 206.406387 -205.303162 27.181366 197.491699 -134.966843               6151 
-50.026154 229.517883 -225.571274 5.844096 231.137009 -164.923309 -42.241970 210.429306 -204.982773 22.464458 198.655380 -133.732178               6169 
-55.572289 237.810303 -221.963318 2.803475 231.419632 -162.627289 -45.335075 213.352097 -201.967972 17.054678 198.221634 -131.020706               6183 
-57.736706 242.481598 -218.344452 2.898683 232.593048 -160.912888 -45.049469 214.539902 -199.146637 16.788403 199.543182 -128.991714               6195 
-58.955826 244.160904 -204.865311 7.648042 242.477432 -152.500305 -41.842533 216.926834 -183.324890 26.009670 214.862137 -117.795479               6210 
-62.653671 246.642059 -193.552170 7.010455 245.692673 -144.403748 -43.909325 218.730850 -171.475266 27.488842 219.479645 -109.796059               6228 
-65.241203 250.931564 -186.213272 6.809996 244.151382 -140.866043 -46.585232 220.772583 -166.458038 27.841928 215.368973 -108.719337               6238 
-69.622635 251.820419 -171.117462 4.302345 242.844025 -129.129486 -50.113670 220.558243 -153.472076 26.579926 212.728653 -99.113602               6257 
-70.367203 251.938126 -168.449829 3.863431 242.615204 -127.075233 -50.732483 220.525909 -151.206802 26.345533 212.273300 -97.442413               6266 
-64.745506 255.849594 -152.675095 10.829771 244.303146 -114.312645 -46.693317 224.824661 -133.719391 32.712170 214.799377 -83.411713               6284 
-61.525127 250.321701 -149.489182 13.472010 242.769348 -109.013680 -43.055313 220.875900 -129.184692 35.801800 214.830719 -76.998177               6293 
-60.314102 243.958862 -139.297653 14.896403 241.079865 -98.543556 -44.716724 219.821625 -114.760078 38.591080 214.943497 -65.991577               6311 
-55.544407 245.910873 -131.482697 19.891453 240.218857 -91.615036 -41.883720 222.358810 -106.583946 43.245762 212.377609 -60.252319               6320 
-41.953903 249.597549 -101.991684 35.268932 236.722427 -68.996346 -30.688614 227.384247 -77.240471 58.186256 205.181076 -40.994221               6347 
-38.462841 248.693451 -93.002533 39.447189 234.654343 -63.210911 -27.536976 227.904709 -68.073288 62.493084 202.426254 -36.110790               6361 
-32.567963 242.183441 -69.010124 49.258888 234.392105 -50.875748 -18.152657 225.304077 -43.227116 77.880241 204.013824 -27.165888               6383 
-28.968151 233.911362 -54.295860 53.923954 232.833847 -41.984924 -12.464725 220.352737 -28.136034 86.084564 204.799301 -19.986305               6401 
-26.233341 233.372131 -41.312199 56.925991 231.728073 -32.464001 -9.205729 221.218674 -14.686636 89.574585 203.524002 -11.421670               6419 
-23.224939 230.299454 -35.001911 60.235748 231.808731 -29.401943 -4.762191 219.629517 -8.384740 94.713509 205.287567 -9.101915               6428 
-20.871302 225.828232 -21.425125 62.536827 231.214218 -23.946602 0.320777 219.571991 4.971824 99.953751 208.338959 -4.430573               6447 
-18.259069 223.197952 -16.748178 65.128052 228.698471 -18.572664 2.748596 216.212250 9.655840 102.424728 205.068176 0.262049               6455 
-15.894427 220.097015 -8.636590 66.971367 227.715530 -15.628592 6.797180 214.971695 16.973833 105.917641 205.340225 1.304006               6466 
-13.949327 216.877716 1.698902 68.458778 226.631760 -7.955557 9.839083 213.986374 27.279346 108.622101 206.220795 8.611891               6483 
-12.765371 216.947800 5.810017 69.902763 225.251160 -3.095351 10.861420 214.182419 31.845774 109.609436 204.364151 13.971936               6492 
-11.531342 212.865829 14.410553 71.229401 221.376251 6.049599 12.222432 211.008789 40.736839 111.004196 201.112259 23.699404               6510 
-10.128195 211.960632 17.870544 72.956047 218.918945 11.110766 13.408159 209.184082 44.135742 112.041000 197.314713 28.712000               6519 
-8.594534 209.368896 26.783556 74.808113 208.860931 20.526037 16.219408 207.040787 50.219017 111.545517 182.315369 36.333496               6537 
-6.994838 207.011414 29.975466 76.442848 206.659744 24.167471 19.270338 209.059784 53.725090 113.150360 180.127228 40.065998               6546 
-6.310395 204.522141 33.043602 77.151543 205.202301 27.209337 21.386288 210.595444 57.241398 114.233421 179.032547 42.838089               6555 
-6.454032 201.143600 35.485424 77.137367 202.419266 30.541092 21.941772 207.961731 60.554630 114.284561 175.668076 44.985435               6565 
-5.655726 196.210648 41.847992 77.775711 200.505493 35.602638 23.894571 206.219070 66.914162 116.113441 174.944199 49.056927               6582 
-6.118061 198.781494 44.955074 77.262421 196.629272 37.353626 25.321968 207.809601 70.231796 113.670624 167.927765 49.797318               6591 
-4.820133 199.588928 51.777306 77.270920 194.659256 39.186733 30.203033 212.062653 76.572960 112.849915 164.122742 49.474350               6609 
-6.068098 200.767670 54.770267 75.202171 192.536148 40.653496 30.658216 211.819672 80.190300 109.025749 159.433029 48.674011               6618 
-4.540948 198.415390 59.049004 75.654587 193.038467 41.441219 33.679935 213.237579 83.498436 110.348572 160.533951 48.071705               6637 
-3.835451 197.091339 61.073147 75.846512 193.298218 42.131901 35.125767 214.236313 85.321228 111.045181 161.261810 48.369003               6645 
-2.231069 192.110275 65.306602 76.119286 190.741348 42.760914 39.301712 212.835419 89.553001 111.930855 159.031921 46.788700               6666 
-1.595954 192.223434 66.927155 76.124054 189.593124 42.404465 41.301529 213.163544 90.267143 111.609436 157.450195 45.839420               6672 
5.188670 196.014725 71.718704 79.221466 172.992325 46.266273 53.395847 206.695145 94.272430 105.642723 133.132996 50.429314               6690 
11.029076 197.075287 72.886581 82.960922 168.032715 47.456932 60.714062 204.100311 96.076393 106.072578 126.171593 51.661339               6699 
14.583994 197.135529 76.712776 84.777191 165.564133 49.390217 66.159225 202.019150 99.944206 106.197319 122.710838 52.382217               6709 
18.221704 198.340012 81.149681 87.222473 169.788788 47.583923 70.660286 203.861420 101.043343 110.497734 127.807823 47.784092               6726 
18.392628 197.941406 83.506615 86.810020 171.545197 46.827141 70.887917 204.393768 101.547112 111.459442 130.369217 45.767025               6736 
19.626087 195.625336 92.953087 85.529381 177.758133 47.259651 69.839462 203.858536 105.875595 113.932686 139.538742 41.200706               6754 
19.708887 193.553741 94.808098 84.852592 179.177505 46.780041 67.989212 201.706573 106.519981 114.504654 142.237823 39.008667               6763 
19.000370 191.277008 96.269043 84.063881 179.606705 47.375652 63.640717 197.223419 107.269264 114.540161 143.604111 38.476810               6781 
999.000000 999.000000 999.000000 999.000000 999.000000 999.000000 999.000000 999.000000 999.000000 999.000000 999.000000 999.000000             6790.0 
999.000000 999.000000 999.000000 999.000000 999.000000 999.000000 999.000000 999.000000 999.000000 999.000000 999.000000 999.000000             6808.0 
999.000000 999.000000 999.000000 999.000000 999.000000 999.000000 999.000000 999.000000 999.000000 999.000000 999.000000 999.000000             6817.0 
999.000000 999.000000 999.000000 999.000000 999.000000 999.000000 999.000000 999.000000 999.000000 999.000000 999.000000 999.000000             6827.0 
999.000000 999.000000 999.000000 999.000000 999.000000 999.000000 999.000000 999.000000 999.000000 999.000000 999.000000 999.000000             6835.0 
