30.222401 178.998230 79.294334 76.986320 198.917831 114.508904 33.311863 194.679245 68.818031 80.781548 161.057297 153.814682                  0 
30.317661 178.920105 79.180313 77.021973 198.953278 114.308228 33.377785 194.725555 68.576797 80.835579 161.039490 153.560867                 25 
30.375109 178.850952 79.120819 77.019127 198.982269 114.176743 33.429966 194.714035 68.388924 80.845879 161.024628 153.385696                 50 
30.468731 178.809586 79.029037 77.053772 199.026794 114.004959 33.475967 194.773376 68.168915 80.862976 161.031631 153.179260                 75 
30.584776 178.778595 78.917648 77.092400 199.096588 113.795044 33.559570 194.858948 67.891518 80.861191 161.060287 152.933319                100 
30.730154 178.771729 78.701004 77.147163 199.194809 113.515953 33.681370 194.962448 67.525314 80.845589 161.134109 152.637222                125 
30.813450 178.484314 78.388512 76.950470 199.129303 113.322144 33.698040 194.820313 67.117279 80.684509 160.930161 152.304840                150 
31.046000 178.094498 77.933662 76.931351 199.053421 112.856873 33.829884 194.576981 66.504265 80.788628 160.750977 151.726059                175 
31.278015 177.687469 77.454422 76.904861 198.965271 112.384605 34.052567 194.167007 65.841064 80.867966 160.592636 151.173828                200 
31.459639 177.395233 77.079689 76.880600 198.903183 112.023529 34.307594 193.761993 65.286682 80.901085 160.464859 150.741745                224 
31.636868 177.175293 76.714676 76.845215 198.943237 111.621246 34.614231 193.364365 64.669769 80.877640 160.485947 150.319366                248 
31.773382 177.012375 76.440849 76.809143 198.980774 111.301857 34.884228 193.026764 64.153923 80.815445 160.509735 149.989029                271 
31.886974 176.835068 76.357849 76.783752 199.007187 111.077011 35.125828 192.691254 63.787647 80.771797 160.526413 149.756393                294 
31.988413 176.674011 76.339325 76.768196 199.027756 110.895256 35.314743 192.450073 63.477959 80.727051 160.528122 149.558868                317 
32.091816 176.540710 76.323647 76.778809 199.058243 110.712349 35.470943 192.265381 63.203724 80.706184 160.543335 149.363953                340 
32.172611 176.405090 76.346626 76.786995 199.081757 110.571289 35.605553 192.072922 62.989567 80.690140 160.555038 149.213577                362 
32.261871 176.285522 76.421684 76.809708 199.113434 110.431198 35.618706 192.038193 62.822121 80.683052 160.574188 149.063980                384 
32.337673 176.138428 76.507713 76.786148 199.144974 110.295807 35.585335 191.985062 62.632442 80.623924 160.592484 148.918930                407 
32.412918 175.985153 76.602226 76.765678 199.165573 110.169426 35.533527 191.960388 62.438671 80.552177 160.591568 148.776123                429 
32.487484 175.847961 76.678345 76.750519 199.176666 110.058510 35.477516 191.940887 62.259483 80.483643 160.574127 148.641876                452 
32.556786 175.722504 76.750275 76.737122 199.186478 109.960167 35.417984 191.928543 62.108646 80.418983 160.556290 148.520782                475 
32.634293 175.616257 76.808777 76.739075 199.189667 109.873558 35.463474 191.895233 61.960899 80.369888 160.528427 148.407898                497 
32.698284 175.528870 76.841438 76.735977 199.196915 109.791023 35.519215 191.843353 61.807888 80.312790 160.505539 148.300156                520 
32.748703 175.454681 76.862862 76.733391 199.202988 109.721909 35.629417 191.708771 61.671127 80.265030 160.486389 148.209839                544 
32.795341 175.408691 76.859573 76.738022 199.214920 109.653877 35.774204 191.549667 61.530724 80.217560 160.475327 148.123428                567 
32.893982 175.461807 76.843826 76.834579 199.314072 109.570335 36.001312 191.455582 61.389866 80.213821 160.594803 148.069260                592 
33.045555 175.465851 76.707085 76.976448 199.455566 109.304535 36.260674 191.291672 61.096863 80.312332 160.806473 147.877686                616 
33.177654 175.438354 76.653717 77.109749 199.570862 109.087410 36.508312 191.078415 60.877766 80.425507 160.978073 147.718628                641 
33.229370 175.376923 76.730247 77.144608 199.672546 108.942329 36.512249 191.004913 60.774361 80.453964 161.113373 147.607651                666 
33.274406 175.274475 76.752731 77.187889 199.738602 108.797234 36.606560 190.734207 60.664082 80.489830 161.240540 147.524033                691 
33.310055 175.190979 76.775856 77.221184 199.789429 108.685600 36.742039 190.380951 60.584625 80.517426 161.338440 147.459625                715 
33.338528 175.111862 76.790085 77.253654 199.834274 108.588181 36.909622 189.988266 60.531811 80.540161 161.420578 147.399963                739 
33.363426 175.022079 76.832642 77.279533 199.870010 108.510551 37.048824 189.665482 60.469616 80.558281 161.486038 147.352402                764 
33.386600 174.953690 76.869652 77.301170 199.899902 108.445656 37.175499 189.374268 60.419422 80.573433 161.540787 147.312607                788 
33.404854 174.912689 76.855888 77.320602 199.926971 108.387863 37.320374 189.108505 60.366623 80.572174 161.578461 147.267014                812 
33.417934 174.865280 76.846626 77.337334 199.950272 108.338120 37.447182 188.864304 60.326717 80.571091 161.610901 147.227768                836 
33.426594 174.806198 76.848289 77.351677 199.970230 108.295471 37.555435 188.653290 60.293190 80.570160 161.638702 147.194107                859 
33.430561 174.750687 76.854660 77.359436 199.983627 108.265373 37.649357 188.453415 60.283371 80.559502 161.653656 147.167068                884 
33.432194 174.685867 76.885414 77.358536 199.991440 108.249893 37.721848 188.279419 60.272705 80.536690 161.656967 147.148941                908 
33.433372 174.609909 76.937653 77.354935 199.990753 108.246788 37.779942 188.114914 60.270508 80.514549 161.648758 147.139938                932 
33.400574 174.522324 76.900536 77.351425 199.990082 108.243782 37.845089 187.946472 60.270725 80.493057 161.640808 147.131210                957 
33.370586 174.433243 76.875809 77.350296 199.989532 108.241699 37.933418 187.767776 60.276535 80.478783 161.634918 147.124924                980 
33.322510 174.321426 76.820107 77.349548 199.990341 108.240082 38.007328 187.612564 60.275372 80.462296 161.630447 147.119354               1004 
33.288696 174.252731 76.772110 77.344162 199.988495 108.241669 38.101082 187.455353 60.278530 80.421692 161.615997 147.111313               1029 
33.265427 174.212540 76.718941 77.337616 199.983154 108.243904 38.212254 187.293335 60.279800 80.365883 161.591751 147.098740               1054 
33.251286 174.182968 76.677460 77.330788 199.981796 108.245964 38.342152 187.107941 60.287064 80.313850 161.573029 147.087143               1079 
33.240078 174.148254 76.651268 77.328384 199.981155 108.246071 38.436974 186.931244 60.305321 80.284950 161.560394 147.077408               1104 
33.247768 174.145050 76.603745 77.331718 199.983963 108.240532 38.558765 186.763351 60.287510 80.244423 161.541382 147.053574               1129 
33.247799 174.153931 76.498711 77.327568 199.999496 108.233932 38.694431 186.630981 60.236107 80.169495 161.523376 147.018982               1154 
33.247242 174.147110 76.416306 77.321518 199.995163 108.235931 38.820324 186.472382 60.211369 80.113419 161.484512 146.990326               1179 
33.270710 174.197937 76.266861 77.295174 200.002579 108.248764 39.001812 186.363129 60.133160 79.981041 161.420197 146.939270               1204 
33.302956 174.259201 76.121819 77.269257 200.008575 108.261246 39.167084 186.291397 60.040066 79.845612 161.352585 146.885666               1229 
33.329243 174.312515 75.950882 77.243774 200.016846 108.273239 39.331612 186.222458 59.947094 79.710037 161.286270 146.830078               1254 
33.336784 174.324219 75.809212 77.234520 200.017014 108.281708 39.432751 186.162048 59.887112 79.624115 161.236938 146.793579               1279 
33.277969 174.281738 75.508522 77.226158 200.017166 108.289360 39.515663 186.116348 59.829735 79.546501 161.192383 146.760391               1303 
33.242405 174.287949 75.180756 77.206413 200.008759 108.308479 39.619019 186.133667 59.734783 79.407013 161.108734 146.710495               1328 
33.235489 174.303757 74.964310 77.194176 200.000504 108.323898 39.699471 186.156799 59.652645 79.291618 161.037827 146.668106               1353 
33.317242 174.526779 74.712196 77.315376 200.099838 108.253105 39.891956 186.335342 59.481319 79.181580 161.106155 146.577759               1378 
33.358730 174.730042 74.500397 77.365677 200.211029 108.202461 39.977825 186.503006 59.343521 79.030441 161.191040 146.509613               1402 
33.399754 174.894775 74.318581 77.417351 200.306030 108.155441 40.005501 186.635315 59.237755 78.908928 161.263931 146.447189               1426 
33.434490 175.022675 74.178291 77.459564 200.383652 108.117027 39.989487 186.735092 59.162384 78.809647 161.323822 146.395950               1451 
33.477951 175.163071 74.020638 77.511002 200.478210 108.070229 39.942749 186.841629 59.090034 78.688660 161.397232 146.333237               1524 
33.487720 175.193207 73.976799 77.525269 200.504440 108.057251 39.920567 186.869690 59.073948 78.655106 161.417664 146.315796               1549 
33.417759 175.156830 73.696419 77.548973 200.548019 108.035683 39.877014 186.912201 59.043896 78.599335 161.451721 146.286743               1573 
33.362732 175.121841 73.470978 77.570168 200.586990 108.016396 39.841682 186.947556 59.011295 78.549469 161.482254 146.260727               1598 
33.292706 175.078613 73.212357 77.588821 200.621292 107.999420 39.810017 186.975876 58.980732 78.505577 161.509186 146.237778               1622 
33.244553 175.034225 73.024498 77.605209 200.642792 107.986992 39.765068 186.994354 58.952740 78.467682 161.522308 146.218033               1647 
33.196594 174.974838 72.851952 77.619736 200.645767 107.983406 39.747906 186.988052 58.934223 78.440239 161.515137 146.204987               1672 
33.159950 174.925949 72.704781 77.633110 200.648499 107.980095 39.729733 186.976517 58.913204 78.414963 161.508545 146.192947               1697 
33.112217 174.862045 72.545845 77.645370 200.651001 107.977066 39.722782 186.960632 58.899395 78.391800 161.502548 146.181915               1721 
33.053200 174.775146 72.407997 77.644691 200.649170 107.978889 39.710552 186.927551 58.895962 78.374512 161.493362 146.176498               1746 
33.021736 174.725250 72.292938 77.652321 200.645264 107.981689 39.707886 186.913651 58.886284 78.347046 161.476288 146.166458               1771 
32.992638 174.683319 72.179886 77.659767 200.641464 107.984421 39.705563 186.900543 58.879238 78.320274 161.459671 146.156662               1796 
32.993450 174.672012 72.003372 77.701569 200.628052 107.978775 39.742401 186.921127 58.842335 78.280975 161.417542 146.122818               1821 
32.965343 174.625656 71.812286 77.716248 200.619812 107.971535 39.735622 186.923874 58.818794 78.244858 161.388092 146.094513               1846 
32.954865 174.597748 71.549461 77.748970 200.622406 107.946251 39.770527 186.940247 58.767265 78.201012 161.370361 146.049286               1871 
32.968197 174.589264 71.274033 77.800186 200.628098 107.909889 39.822353 186.959427 58.701885 78.164268 161.355026 145.992188               1896 
32.993530 174.588501 71.069260 77.845360 200.633118 107.877808 39.866169 186.976410 58.638699 78.131866 161.341553 145.941696               1921 
33.014652 174.567871 70.919060 77.879723 200.622116 107.860672 39.837044 186.976669 58.621895 78.133583 161.299484 145.892700               1946 
33.110031 174.544678 70.687286 78.011208 200.547775 107.837891 39.899136 186.997421 58.582958 78.201630 161.149246 145.791656               1971 
33.190712 174.530548 70.501686 78.108597 200.490219 107.818047 39.940823 187.011856 58.553246 78.243309 161.024811 145.702515               1996 
33.254185 174.520325 70.346382 78.186615 200.444107 107.802155 39.964806 187.013733 58.538780 78.276711 160.925247 145.630981               2021 
33.292595 174.497025 70.176552 78.244385 200.414063 107.783363 39.944256 187.005280 58.545593 78.300949 160.855240 145.570450               2047 
33.321571 174.474091 70.046028 78.285034 200.388489 107.773666 39.901711 186.984665 58.575867 78.319664 160.796432 145.525970               2072 
33.347229 174.442001 69.870087 78.338089 200.368866 107.762695 39.924023 186.960892 58.591412 78.349205 160.745026 145.481659               2097 
33.370510 174.408051 69.712479 78.385338 200.355011 107.755234 39.955353 186.940155 58.601185 78.374977 160.704483 145.446121               2122 
33.377552 174.375778 69.530800 78.426994 200.342804 107.748650 39.981464 186.911331 58.620586 78.397720 160.668747 145.414764               2147 
33.329773 174.344208 69.288986 78.438744 200.331940 107.747177 39.996239 186.870911 58.639496 78.376442 160.647583 145.402420               2172 
33.240700 174.311234 68.961349 78.440392 200.330826 107.745590 40.004944 186.817139 58.669006 78.362244 160.642059 145.396149               2198 
33.137077 174.293091 68.563385 78.441925 200.329788 107.744118 40.012154 186.775406 58.685944 78.349121 160.636948 145.390335               2223 
33.028267 174.270966 68.158592 78.443367 200.328812 107.742722 40.019791 186.733383 58.701656 78.336693 160.632111 145.384842               2248 
32.999237 174.281616 67.793457 78.486717 200.325668 107.724167 40.077946 186.743896 58.671497 78.326836 160.612793 145.349045               2273 
32.917690 174.311981 67.315277 78.507607 200.317169 107.714935 40.107353 186.750351 58.651005 78.305840 160.587143 145.321487               2297 
32.825607 174.336899 66.827209 78.526291 200.309555 107.706680 40.133423 186.751511 58.633701 78.287079 160.564209 145.296829               2322 
32.767632 174.285538 66.243141 78.462654 200.186188 107.820984 40.172020 186.726135 58.634666 78.214737 160.301941 145.263672               2346 
32.752701 174.298279 65.545921 78.491798 200.031906 107.955933 40.278286 186.730087 58.656139 78.172272 160.012207 145.253250               2370 
32.734699 174.358292 64.888588 78.514648 199.907257 108.085846 40.346298 186.765503 58.696487 78.120171 159.770020 145.255936               2393 
32.669678 174.470444 64.141006 78.532249 199.809402 108.192490 40.379406 186.808365 58.737431 78.073891 159.581192 145.263367               2417 
32.540504 174.705719 63.042751 78.555687 199.722946 108.285355 40.420818 186.847000 58.767235 78.030785 159.418411 145.272354               2440 
32.425152 174.946884 62.015579 78.583244 199.655792 108.358635 40.465553 186.868698 58.788788 78.006760 159.292603 145.280853               2462 
32.301594 175.237473 60.967693 78.606300 199.599594 108.419952 40.498962 186.883957 58.815346 77.986809 159.187393 145.287811               2484 
32.214787 175.517838 60.023315 78.608864 199.514801 108.494095 40.526150 186.886063 58.833309 77.937836 159.039825 145.292114               2506 
32.097500 175.772400 59.236057 78.600220 199.491928 108.493546 40.512108 186.890320 58.819561 77.922577 158.988220 145.259827               2527 
32.042076 176.050888 58.406033 78.660423 199.480377 108.442833 40.579273 186.907379 58.753204 77.973129 158.949951 145.179459               2548 
31.960110 176.374710 57.475845 78.676819 199.501816 108.375717 40.613663 186.910309 58.670448 77.986351 158.967178 145.107651               2569 
31.861198 176.680161 56.619122 78.656784 199.517410 108.355278 40.619854 186.894852 58.632523 77.974388 158.977432 145.081451               2590 
31.735558 177.529846 54.881939 78.752327 199.597275 108.264374 40.698250 186.873688 58.577938 78.070488 159.121796 145.061661               2610 
31.571177 178.723770 52.767559 78.762131 199.671005 108.210136 40.720886 186.848099 58.534321 78.096573 159.235962 145.052139               2631 
31.436754 180.100830 50.601452 78.767548 199.663788 108.193367 40.730663 186.816437 58.512894 78.087036 159.237045 145.044205               2651 
31.385151 181.628098 48.448822 78.800232 199.638992 108.173767 40.773907 186.789398 58.486095 78.086800 159.218887 145.031250               2671 
31.368044 182.752182 46.933414 78.816582 199.621567 108.171791 40.831062 186.758011 58.474861 78.066803 159.198959 145.025818               2689 
31.393095 184.004776 45.421768 78.826569 199.610107 108.176712 40.900848 186.725967 58.473785 78.037918 159.184814 145.026978               2708 
31.467850 184.995071 44.313564 78.889374 199.613159 108.185196 41.036011 186.719009 58.496368 78.039497 159.196838 145.043961               2725 
31.551271 185.866501 43.401035 78.946411 199.618225 108.206879 41.198303 186.725250 58.539917 78.020142 159.204697 145.066864               2741 
31.630926 186.556000 42.696655 78.995804 199.622604 108.225647 41.365833 186.725204 58.579758 78.003387 159.211624 145.086685               2758 
31.692711 187.088715 42.175682 79.012054 199.620651 108.258102 41.550411 186.712814 58.627983 77.947708 159.205444 145.112503               2775 
31.756132 187.601471 41.695339 79.026527 199.618912 108.287010 41.723705 186.732437 58.657551 77.898117 159.200027 145.135468               2792 
31.813986 188.037292 41.295696 79.039528 199.617355 108.312965 41.869961 186.771545 58.683983 77.853592 159.195236 145.156067               2809 
31.853765 188.314468 41.049782 79.051277 199.615952 108.336441 41.976521 186.820175 58.710144 77.813316 159.190964 145.174698               2826 
31.891787 188.538895 40.855503 79.061943 199.614670 108.357735 42.084370 186.867706 58.731354 77.776779 159.187149 145.191589               2843 
31.932627 188.798981 40.629612 79.071663 199.613495 108.377151 42.167278 186.908615 58.747711 77.743469 159.183716 145.206985               2860 
31.975906 189.071442 40.394066 79.079231 199.610992 108.397263 42.237785 186.940094 58.763981 77.710953 159.178894 145.223099               2877 
32.018486 189.382080 40.101685 79.078323 199.654953 108.375687 42.346970 186.984451 58.750336 77.642982 159.252930 145.231964               2894 
32.029140 189.659485 39.748985 79.038773 199.737656 108.288696 42.448116 186.994507 58.694080 77.537643 159.405380 145.218674               2911 
32.035530 189.875687 39.461548 79.004173 199.810013 108.212593 42.553562 186.997528 58.646584 77.445511 159.538940 145.206909               2928 
32.046246 190.029099 39.242466 78.984200 199.860809 108.149681 42.672024 186.986893 58.614285 77.377251 159.635239 145.191406               2947 
32.062275 190.086273 39.083508 78.966896 199.874420 108.093231 42.749054 186.956085 58.578178 77.330765 159.676605 145.163803               2965 
32.083950 190.059525 38.943329 78.931847 199.885681 108.017502 42.806179 186.905045 58.508755 77.277321 159.717087 145.118912               2985 
32.116158 190.038666 38.766483 78.889488 199.901062 107.926323 42.853699 186.857208 58.408375 77.213387 159.761658 145.058350               3005 
32.132889 189.993164 38.592850 78.842079 199.905533 107.819481 42.888172 186.798004 58.298283 77.157242 159.791855 144.978912               3026 
32.131779 189.890076 38.405102 78.753227 199.938171 107.692352 42.921124 186.696304 58.173908 77.089394 159.866135 144.897629               3047 
32.164608 189.786575 38.255821 78.735382 199.934860 107.582573 43.040035 186.554276 58.085640 77.096001 159.894379 144.822891               3071 
32.194843 189.706406 38.142910 78.731079 199.920975 107.501709 43.176441 186.410828 58.018379 77.110847 159.898819 144.762558               3095 
32.184654 189.552368 37.818520 78.593079 199.963623 107.251823 43.224327 186.238434 57.757141 76.982552 160.006058 144.582352               3119 
32.182793 189.421005 37.546448 78.494453 199.993500 107.037247 43.342373 186.032211 57.556492 76.890823 160.092789 144.428818               3143 
32.123173 189.230682 37.405315 78.498566 200.059509 106.831093 43.433445 185.792328 57.472229 76.976120 160.275070 144.349747               3167 
32.076614 189.116287 37.289745 78.461578 200.072021 106.726463 43.487133 185.598694 57.438572 76.980331 160.350494 144.313354               3191 
32.041199 189.077911 37.132030 78.428780 200.084976 106.645569 43.521820 185.442535 57.415600 76.982323 160.417511 144.290878               3215 
32.021263 189.078979 36.969051 78.427628 200.130936 106.544838 43.526398 185.379745 57.369652 76.993324 160.529709 144.260284               3241 
31.951792 189.053894 36.803085 78.420319 200.225479 106.388458 43.499268 185.319504 57.310986 76.999557 160.737793 144.223267               3265 
31.896420 189.071289 36.616726 78.414047 200.306519 106.254440 43.492634 185.256058 57.278881 77.005081 160.916382 144.191238               3290 
31.857994 189.112366 36.440041 78.409264 200.368393 106.152100 43.497013 185.203064 57.264320 77.009415 161.052917 144.166611               3314 
31.828444 189.158142 36.278435 78.405342 200.419067 106.068291 43.504086 185.161240 57.255470 77.013039 161.164841 144.146317               3339 
31.811609 189.195801 36.152119 78.405647 200.447952 106.009964 43.585438 185.081940 57.267422 77.017632 161.234848 144.130493               3364 
31.807638 189.244995 36.033897 78.412941 200.456207 105.971436 43.707027 184.975769 57.296021 77.028931 161.267166 144.116837               3388 
31.819696 189.285172 35.926575 78.435654 200.435471 105.942688 43.807789 184.882629 57.317680 77.055885 161.255463 144.097534               3413 
31.837044 189.337799 35.811611 78.456474 200.401810 105.920395 43.882473 184.808472 57.328255 77.080505 161.219772 144.073273               3438 
31.854357 189.390244 35.705280 78.472046 200.366959 105.904572 43.937813 184.751801 57.330364 77.097878 161.178360 144.050797               3464 
31.889771 189.463455 35.589993 78.494179 200.296661 105.898453 43.963650 184.729843 57.319042 77.111748 161.075821 144.011230               3490 
31.960131 189.522812 35.588268 78.538002 200.135193 105.962944 44.010876 184.745880 57.349400 77.130775 160.804764 143.961685               3515 
32.053524 189.587204 35.682365 78.686737 199.993546 106.080055 44.060532 184.840942 57.480743 77.273178 160.557648 143.969116               3541 
32.128944 189.617706 35.836109 78.773315 199.889282 106.268951 44.084702 184.967407 57.660160 77.410355 160.318710 144.019196               3566 
32.374260 189.627762 36.148777 79.106125 199.712601 106.553352 44.189571 185.167175 57.957012 77.765083 159.982849 144.136826               3592 
32.517422 189.597931 36.367641 79.299812 199.602356 106.752655 44.185768 185.321472 58.173599 77.990875 159.764374 144.222519               3617 
32.636108 189.650909 36.487823 79.450249 199.527802 106.882233 44.146343 185.451904 58.321472 78.158173 159.622101 144.280548               3642 
32.745411 189.674988 36.599865 79.632309 199.491638 106.970825 44.092865 185.566223 58.470852 78.375984 159.560898 144.343628               3667 
32.830452 189.703598 36.738979 79.818947 199.461929 107.066498 44.014713 185.671875 58.642189 78.608032 159.510880 144.419083               3692 
32.916660 189.721100 36.808380 79.925827 199.408417 107.154716 44.035339 185.680435 58.730427 78.743706 159.418518 144.466629               3717 
32.988869 189.750427 36.838139 80.007523 199.367523 107.222153 43.997177 185.713120 58.802872 78.847397 159.347946 144.502930               3741 
33.065025 189.805817 36.860611 80.049431 199.303085 107.327316 43.950638 185.751801 58.879333 78.915230 159.218735 144.539246               3766 
33.154068 189.852524 36.930782 80.129318 199.219910 107.435898 43.905186 185.813766 58.956955 78.994926 159.069580 144.576614               3791 
33.224365 189.897964 36.988270 80.179321 199.158951 107.531334 43.846664 185.882065 59.021748 79.042397 158.950500 144.609055               3816 
33.280537 189.938293 37.025036 80.212883 199.113388 107.607468 43.777191 185.947601 59.070343 79.075111 158.857635 144.633789               3841 
33.325901 189.971542 37.050915 80.239426 199.077347 107.667671 43.715702 186.004944 59.106201 79.100998 158.784225 144.653290               3865 
33.376877 190.010269 37.073978 80.259079 199.046631 107.731384 43.649696 186.074585 59.131981 79.120804 158.710648 144.670288               3890 
33.429588 190.053238 37.090885 80.291107 199.017471 107.783432 43.609196 186.133362 59.157909 79.147026 158.644608 144.681839               3915 
33.477688 190.097534 37.093769 80.318558 198.992493 107.828041 43.573830 186.181381 59.179684 79.169502 158.588043 144.691696               3941 
33.547573 190.149368 37.123753 80.372276 198.954697 107.888435 43.534813 186.259064 59.203285 79.209625 158.505280 144.702316               3966 
33.588612 190.197510 37.153744 80.400658 198.909180 107.947418 43.490112 186.316757 59.232853 79.241402 158.403320 144.699295               3992 
33.614426 190.236725 37.151840 80.423271 198.885818 107.962349 43.446289 186.363495 59.228313 79.258057 158.351227 144.682358               4018 
33.634739 190.287979 37.138046 80.444878 198.861786 107.969193 43.422920 186.402283 59.218357 79.263275 158.302399 144.661255               4044 
33.639687 190.326981 37.118286 80.447800 198.832230 107.971077 43.391247 186.421585 59.203323 79.258598 158.245331 144.632477               4070 
33.635147 190.372452 37.066612 80.407364 198.796921 107.967606 43.357025 186.432983 59.161362 79.209564 158.168472 144.582687               4096 
33.631096 190.408051 37.025032 80.364288 198.759888 107.967377 43.326027 186.438354 59.116470 79.157028 158.089020 144.535004               4122 
33.627712 190.438751 36.988625 80.326714 198.727570 107.967171 43.299538 186.441330 59.077553 79.111237 158.019730 144.493362               4148 
33.625134 190.465286 36.955956 80.293816 198.699280 107.966995 43.277740 186.443802 59.044666 79.071182 157.959091 144.456863               4174 
33.624012 190.487808 36.925869 80.265129 198.674622 107.966835 43.258942 186.444168 59.015842 79.036278 157.906250 144.425018               4200 
33.627224 190.516968 36.886185 80.239449 198.652542 107.966698 43.242756 186.447372 58.988411 79.005058 157.858963 144.396484               4226 
33.634403 190.550613 36.839035 80.216393 198.632706 107.966568 43.227589 186.448608 58.961243 78.977028 157.816513 144.370834               4253 
33.656685 190.596207 36.790718 80.199112 198.613434 107.971748 43.223991 186.462891 58.935574 78.931580 157.778915 144.354492               4279 
33.682121 190.650269 36.732159 80.183311 198.595825 107.976486 43.220955 186.474960 58.910954 78.890022 157.744553 144.339523               4306 
33.708111 190.698288 36.669083 80.178619 198.593872 107.975426 43.216858 186.482452 58.892673 78.870392 157.740662 144.335754               4333 
33.721581 190.715424 36.642658 80.172005 198.590973 107.974541 43.208496 186.490738 58.875511 78.846184 157.735275 144.331421               4358 
33.735081 190.728683 36.619862 80.164192 198.589340 107.973732 43.206020 186.499680 58.860107 78.817955 157.731277 144.327209               4384 
33.787880 190.770859 36.574974 80.163460 198.499680 107.983871 43.223431 186.514679 58.822502 78.726379 157.602020 144.289307               4411 
33.880924 190.848190 36.489655 80.086990 198.371460 108.036118 43.253639 186.529129 58.751308 78.570343 157.362534 144.212570               4437 
34.042999 190.942841 36.399418 80.085732 198.218964 108.081009 43.338928 186.568970 58.666462 78.464149 157.082214 144.107498               4516 
34.043911 190.954544 36.392292 80.080322 198.219070 108.080505 43.313919 186.591736 58.660419 78.445702 157.077011 144.100342               4542 
34.046261 190.966431 36.388123 80.080467 198.220703 108.081886 43.311554 186.610336 58.659031 78.429344 157.074905 144.096695               4568 
33.818729 190.969254 36.428158 79.997162 198.321655 108.014671 43.141068 186.664200 58.664684 78.456039 157.180679 144.039871               4594 
33.193703 190.855148 36.166485 79.672081 198.719620 107.481155 42.647087 186.754105 58.331074 78.497261 157.665634 143.619202               4619 
33.665009 190.902527 33.594341 79.528542 199.603470 105.210297 42.988609 187.031937 55.849091 78.482368 158.723251 141.548737               4643 
35.012127 192.002090 29.329334 79.815460 201.679489 101.491020 44.119900 188.362381 51.726875 78.889076 160.947693 137.998978               4667 
35.794514 187.908447 26.768654 80.610420 203.391068 97.767525 45.560474 185.909027 48.857918 83.938538 163.471573 135.025085               4691 
37.617718 192.533478 27.920387 83.995216 209.044907 97.423904 47.630253 191.429657 49.547722 86.050102 170.332993 136.023575               4711 
39.612530 197.229691 26.623220 87.041481 211.560699 95.906891 49.629669 195.739655 48.222931 87.551399 172.737274 134.445831               4728 
41.282387 204.341187 22.978607 89.836716 215.262558 92.041603 40.826374 214.209595 50.924885 86.987717 176.833786 130.873047               4744 
41.999100 208.195587 18.986359 93.110901 216.235687 86.655495 37.004322 223.046936 51.192436 91.399216 176.421265 124.134155               4759 
43.005482 210.755341 11.317397 94.952843 215.694138 79.137871 35.917240 225.543259 46.137909 94.048706 174.404388 115.014160               4773 
44.950806 216.534805 5.166584 97.245079 212.594543 73.829536 37.431614 226.383423 42.628563 96.267525 168.131714 105.686554               4785 
47.282787 219.446106 -0.460656 99.417053 212.193451 69.346573 39.254425 226.108627 38.551636 98.795700 167.369965 100.703186               4794 
52.502506 223.030319 -15.104489 102.992241 210.874725 57.445866 42.962914 224.118835 25.959856 102.686066 165.787170 88.426300               4812 
53.625660 225.327332 -20.556107 104.256439 210.096298 52.486744 44.008755 223.161041 21.098017 104.376266 164.817001 83.187546               4821 
64.052719 231.533905 -44.647488 110.100899 210.170349 31.903824 52.346378 223.314819 -4.699467 107.718430 164.981033 62.644978               4848 
65.705269 231.602097 -50.522537 112.012428 210.463898 26.747126 53.942593 221.232620 -10.637149 110.793999 165.720032 58.199795               4858 
72.707352 230.737869 -65.576042 115.369423 208.793808 15.334011 59.334038 215.013351 -26.396418 114.728508 164.722092 47.738377               4875 
75.848572 233.327423 -71.544746 116.634163 208.572266 10.573851 61.617569 213.764343 -33.105415 115.974274 164.292023 42.692268               4885 
80.836578 236.791153 -86.008705 119.289063 208.091904 -2.159258 65.758865 210.967621 -48.589111 119.098984 163.854141 30.023851               4903 
82.589600 236.630066 -92.371948 121.165749 208.641754 -7.235146 67.326340 208.087479 -54.878746 122.666985 165.344955 26.169973               4912 
84.888397 236.460846 -101.405510 123.717056 210.339813 -14.334275 68.331848 205.753418 -63.032013 126.420143 169.203064 21.627218               4923 
89.687447 238.070816 -114.324593 126.900955 210.453522 -25.605286 71.533447 203.799973 -76.357437 129.520950 170.239761 11.391430               4939 
95.286003 237.648453 -127.963814 129.494049 210.240265 -37.203289 75.300285 202.256119 -90.119843 130.779404 171.076981 0.972014               4957 
98.614784 235.567719 -135.382385 130.502182 209.856796 -43.063332 76.979774 201.082291 -97.065079 130.335327 171.912094 -3.655975               4966 
103.850891 232.099945 -149.530548 131.204437 209.129990 -54.798203 79.908829 198.009338 -111.524132 129.187912 172.626465 -14.101841               4984 
108.754593 229.987000 -161.683548 132.135742 209.171082 -65.253448 82.770699 196.433701 -124.064423 128.348907 173.806503 -23.686932               5002 
111.834572 227.684662 -171.615952 132.451767 208.163376 -74.181305 84.360146 194.516327 -134.356705 127.330093 173.563446 -32.117283               5020 
113.399078 226.887131 -175.465759 132.537231 208.112488 -77.523628 85.392761 193.435760 -138.598038 127.081543 173.746658 -35.309956               5029 
112.771339 230.137589 -178.881958 133.718887 207.355957 -81.791206 86.490135 192.833435 -143.218063 130.065826 171.287918 -40.821457               5047 
112.549652 231.949646 -180.525970 133.126541 206.002151 -83.878281 86.809509 192.131470 -146.328278 129.808762 168.742645 -43.959732               5058 
112.811378 231.004684 -191.234573 134.846725 206.473862 -94.139496 89.016983 189.430496 -156.446426 133.068466 169.872955 -53.519543               5084 
113.389221 233.253860 -192.334961 135.395798 206.483231 -95.502342 89.622215 190.048386 -158.140182 133.414490 169.550125 -55.193676               5092 
113.709686 235.797394 -196.961899 135.752914 206.517700 -99.899612 90.499474 189.018463 -162.864273 133.566254 170.101852 -59.133533               5110 
114.409538 241.097443 -198.466583 136.102554 206.611954 -102.286957 90.597725 190.688644 -165.585236 133.155930 169.783356 -61.941689               5120 
114.312668 240.033203 -203.851883 136.420212 206.623199 -106.426804 91.905548 186.886063 -169.433380 133.882050 171.549454 -64.520256               5138 
113.805237 238.225998 -208.838013 136.830154 206.251114 -110.635368 92.447372 184.009064 -172.928818 134.762695 172.491348 -67.638016               5157 
113.681648 236.440033 -211.446289 136.506790 205.809875 -112.675865 92.849693 182.172455 -175.004303 134.555115 172.612534 -69.237450               5165 
113.327026 234.228760 -214.488632 136.353607 205.503555 -115.050781 93.914291 179.611526 -177.490723 135.036621 172.982101 -71.080460               5183 
113.394058 235.635132 -216.822357 136.210526 205.737320 -117.353897 95.604973 178.930359 -180.725204 135.298080 172.896698 -73.611130               5210 
113.237488 236.845154 -217.608841 135.570267 205.575241 -118.227386 96.061859 178.665848 -182.296753 134.598175 172.434586 -74.712784               5219 
112.256302 239.126434 -219.721863 134.956802 205.855957 -120.512596 97.187836 178.038757 -185.398880 134.510315 172.517761 -77.140556               5246 
112.150536 239.167694 -221.444107 134.797028 206.360916 -121.963570 97.437691 177.914383 -186.835114 134.370087 173.325424 -78.360329               5255 
111.411133 237.385040 -227.437408 133.790726 207.507202 -126.849236 97.865456 176.720840 -191.437881 133.580475 175.697617 -82.342224               5274 
111.180519 236.832825 -228.436020 133.455475 207.636276 -127.581100 97.966278 176.342300 -192.156204 133.294785 176.109283 -82.873253               5282 
110.810646 237.843628 -229.029800 132.935516 207.616898 -128.308670 98.339630 176.741852 -193.580994 132.886261 175.653442 -83.911552               5302 
110.957100 240.628738 -227.814392 131.499954 206.944839 -127.803413 99.796150 177.748428 -195.322037 131.455002 173.166794 -84.770752               5312 
111.012787 242.166809 -228.686020 130.668015 207.982208 -128.605148 100.800743 178.990067 -197.094559 130.812958 173.760727 -85.924500               5332 
110.808701 242.547989 -228.907684 130.494522 208.129242 -128.881241 100.722847 179.434586 -197.612289 130.849030 173.729126 -86.345665               5344 
110.920975 243.570114 -228.299057 129.294556 206.415756 -128.952026 100.244362 179.804443 -198.820007 129.027832 170.909668 -87.334549               5354 
109.600716 244.060776 -229.291687 129.608475 207.456940 -129.959290 100.165756 180.324219 -199.401840 130.160873 172.173645 -88.155540               5375 
108.972885 244.884521 -229.558121 129.516998 207.873825 -130.417191 100.728867 180.822861 -200.106323 130.612076 172.345245 -88.832474               5386 
108.923439 245.482117 -229.465408 129.199753 207.760834 -130.508133 100.935158 181.405060 -200.559875 130.287323 171.892502 -89.215904               5397 
108.714920 247.203644 -228.749252 126.546715 206.475708 -130.488922 100.812943 182.316818 -202.174942 126.876320 169.281830 -90.373138               5408 
107.937210 247.423218 -228.526215 126.644852 206.726990 -130.342758 100.774910 182.583221 -201.865570 127.395454 169.566589 -90.201630               5420 
106.964592 248.480225 -229.336136 127.634933 208.509216 -131.081039 101.278893 183.545837 -202.081467 129.305984 171.739639 -90.609146               5445 
106.325043 248.620712 -229.879517 127.970703 208.959412 -131.621262 101.357269 183.621292 -202.372482 130.105087 172.370453 -91.007706               5458 
106.542839 248.055862 -230.725342 128.542557 209.125916 -132.138260 100.989243 183.343719 -202.314636 130.382843 173.088531 -91.020271               5470 
106.623825 247.728836 -231.255524 128.910248 209.232971 -132.470688 100.884529 183.321411 -202.253326 130.575043 173.559204 -91.029404               5483 
106.442329 247.722214 -231.603989 129.165787 209.369797 -132.803787 100.853203 183.463669 -202.369125 130.899719 173.835861 -91.245369               5497 
106.278992 246.428802 -233.383118 129.508530 209.848160 -133.989624 100.821571 182.819107 -202.895615 131.371002 175.116058 -91.764267               5510 
106.279305 245.995941 -234.640747 129.931396 210.551025 -134.860519 100.746513 182.743958 -203.222870 131.777924 176.449203 -92.123833               5524 
106.218994 247.100891 -233.918335 129.376343 210.023483 -134.593033 101.300560 183.203003 -203.785950 131.263138 175.133438 -92.499176               5537 
106.802132 249.340805 -232.338120 127.104652 208.074738 -134.038544 102.222832 184.059601 -205.417664 128.213669 171.276230 -93.573647               5550 
107.462296 250.184952 -232.087326 126.180168 207.388641 -134.116882 103.187996 184.430344 -206.447128 126.894211 169.869232 -94.310432               5564 
107.394180 250.345062 -231.916367 125.693047 207.176575 -134.032272 103.484901 184.587448 -206.699478 126.417778 169.387543 -94.481888               5577 
107.304634 249.479767 -232.926147 126.716835 208.569916 -134.278961 103.343460 184.467453 -206.056229 127.747025 171.737762 -93.842583               5591 
106.886520 249.517960 -233.489410 126.723000 208.827408 -134.817551 103.313560 184.571014 -206.489410 127.991814 172.075806 -94.314743               5607 
106.753250 249.894180 -233.413589 126.296738 208.092377 -135.135483 103.729645 184.598938 -207.293198 127.653969 170.824966 -95.109657               5621 
106.805405 249.192703 -234.162704 126.623520 208.413208 -135.402374 103.479599 184.194656 -206.973312 127.663239 171.837280 -94.734352               5636 
106.185974 247.809662 -236.273270 127.621399 209.130386 -136.865051 103.026932 183.299042 -207.218460 128.880356 173.793076 -95.122292               5651 
105.221985 247.689194 -237.295425 128.130600 209.714157 -137.722870 102.429970 182.831238 -207.207581 129.528809 175.232773 -95.274696               5666 
104.503487 247.790756 -237.603378 128.592316 209.933548 -138.016876 102.063713 182.236237 -206.776337 129.971024 176.202652 -94.969292               5681 
103.575462 247.602509 -238.209885 129.441162 210.377426 -138.627121 101.822983 181.620270 -206.448410 131.246597 177.480682 -94.954315               5695 
102.952164 247.146317 -239.002213 130.028030 210.517944 -139.365631 101.939316 181.145966 -206.444351 132.112152 178.290070 -95.209206               5710 
102.360207 247.209259 -239.352707 130.335571 210.691162 -139.769241 102.018585 180.950348 -206.334732 132.583115 178.947403 -95.271477               5725 
102.147919 247.606277 -239.269348 130.382339 210.734360 -139.796097 102.374939 181.229294 -206.307419 132.658722 179.037918 -95.266075               5740 
102.028694 247.311905 -239.966324 130.977951 211.001755 -140.424515 102.563316 181.225494 -206.380814 133.420868 179.776077 -95.571892               5754 
102.022934 247.381195 -240.324722 131.463364 210.958908 -140.864273 102.948746 181.216232 -206.487793 133.939316 180.017853 -95.816628               5768 
101.554832 247.188248 -240.688904 131.682510 211.035446 -141.246277 103.165840 181.095749 -206.467743 134.379013 180.468353 -95.956650               5783 
104.299942 252.865662 -233.615891 125.381668 203.256744 -137.719116 107.864456 182.760895 -209.869690 125.414925 165.959381 -97.698181               5797 
103.187958 255.523483 -229.572205 122.922394 200.688461 -136.396393 108.765709 184.953522 -210.278091 123.364670 160.659393 -99.110374               5812 
103.555435 255.296875 -228.918594 122.200272 199.892471 -136.196167 108.879593 185.950790 -210.446167 122.881561 159.013779 -99.847328               5826 
104.627983 254.211136 -229.926865 125.309021 203.226257 -135.148682 106.748741 186.501892 -207.143417 125.461655 164.600616 -96.408455               5838 
104.315788 253.181000 -230.457123 125.906189 203.821136 -135.020432 105.959564 186.359741 -205.968643 125.953865 166.099304 -95.399368               5850 
104.370270 252.123093 -232.682663 127.018227 205.632919 -136.037292 105.406586 186.320892 -205.787842 127.114738 169.350647 -95.093971               5864 
103.669456 250.329407 -235.168686 128.111740 208.417984 -136.843353 105.183792 185.880905 -205.123352 128.916977 174.173798 -94.188263               5898 
103.637451 250.712753 -235.056503 127.963242 208.318817 -136.907867 105.238304 186.123413 -205.351486 128.751068 173.845963 -94.437042               5909 
102.984459 249.218155 -235.273209 128.508972 209.399597 -136.309265 104.401878 185.453979 -203.639481 129.590164 176.245239 -92.807678               5932 
103.126106 249.098923 -235.216766 128.839645 209.886444 -136.023148 104.265923 185.502502 -203.008209 129.855728 177.150940 -92.203949               5943 
102.969681 251.834717 -234.398163 128.751450 211.915466 -135.376617 103.828728 187.769852 -202.302597 129.545807 179.224350 -91.519714               5966 
103.545532 252.946442 -233.867462 129.080017 213.040970 -134.704819 103.320160 188.791077 -201.293671 129.369080 180.767181 -90.533707               5978 
104.279053 255.274231 -232.667252 129.546021 214.961945 -133.500992 102.430389 190.245667 -199.818665 129.230545 183.136917 -89.005646               5989 
101.851173 257.743835 -228.879181 128.119827 222.002716 -127.996147 96.878639 193.396866 -191.494659 127.182793 193.846100 -81.101631               6023 
100.769646 261.157043 -225.087143 127.574196 223.882141 -124.837677 96.077095 195.667999 -188.640671 126.893555 195.166382 -78.278992               6034 
99.863625 262.931274 -222.582550 126.884331 225.551819 -122.369614 94.621117 196.901230 -186.057434 126.258026 196.987518 -75.717102               6046 
97.412796 267.110870 -216.230942 125.431786 228.050232 -116.870117 91.829681 199.652451 -180.601593 125.216476 198.968857 -70.534424               6058 
92.709938 270.973053 -203.965088 124.312492 231.736038 -105.699158 87.029205 203.243301 -167.653244 125.552071 203.034897 -59.142998               6079 
92.871552 271.746429 -201.927521 123.693115 233.596680 -102.972015 85.297707 204.841827 -164.183243 124.269783 205.869553 -55.816498               6090 
93.242821 271.020935 -200.705338 121.827965 235.646667 -100.052322 83.297157 205.670700 -160.661514 121.076439 209.661774 -51.917210               6100 
91.124725 270.668365 -195.955475 120.809738 236.216751 -95.310028 80.541870 206.139603 -154.967056 120.544853 210.731964 -46.903164               6111 
90.263260 263.218964 -194.398148 118.174995 238.900879 -90.346237 76.575485 204.893143 -146.643829 116.721527 218.874466 -39.458126               6131 
87.737938 259.448303 -192.609680 117.721313 239.290833 -88.235573 74.043922 204.080215 -141.954224 117.148094 221.599487 -36.472107               6141 
80.501823 254.625610 -182.442032 114.799637 240.400284 -78.299583 68.910950 202.343704 -127.639809 116.245743 226.509567 -25.406052               6160 
73.386856 256.665588 -168.789978 112.708359 241.382248 -66.480705 63.231010 204.770325 -112.870552 116.532112 228.241440 -13.514051               6178 
72.360359 258.643494 -163.636887 111.629692 241.801880 -61.482937 62.197395 205.698959 -107.998093 115.436668 228.592117 -8.532228               6187 
68.173759 262.719940 -148.991623 108.470444 239.512650 -48.412563 58.072079 206.197678 -95.240013 112.937050 224.703308 4.061255               6206 
66.086487 263.258667 -142.779480 107.741241 238.766449 -43.050121 56.617130 206.005676 -89.072517 113.052498 223.917648 9.333776               6214 
64.034798 266.114563 -127.766617 105.348961 237.459564 -29.003519 54.746387 206.673813 -75.669159 110.729256 221.386536 23.010698               6232 
64.274269 266.844452 -122.679283 103.510582 236.200211 -23.672810 54.099487 206.441864 -71.535286 107.945709 219.559433 28.251972               6241 
71.538284 200.784271 -80.753098 100.747604 232.536652 -12.220934 55.191933 201.964401 -60.704166 104.917572 216.242691 39.835636               6259 
70.390404 194.535172 -65.365791 101.061333 234.284973 -6.941701 54.346638 206.617905 -54.820297 106.010612 216.857239 44.677555               6269 
67.804771 189.668777 -44.317348 99.812553 234.099869 3.591881 51.925526 209.751526 -43.511181 105.002663 215.876022 54.911690               6287 
67.785553 185.730560 -31.880289 99.237541 233.680069 7.334378 51.938114 209.458908 -39.288094 104.878372 215.482208 58.615833               6296 
63.044788 179.929993 -11.380340 96.867737 230.193405 16.895525 49.588696 206.353317 -28.081541 102.012070 214.305115 68.990311               6314 
61.557297 178.678986 -4.642097 96.584908 228.612549 21.967318 48.871471 206.107986 -22.456812 102.026581 212.348969 73.915878               6323 
60.046375 178.517242 1.547662 96.344681 227.846313 27.575277 50.596802 205.627258 -15.516511 102.444107 211.117203 79.302475               6332 
56.667538 174.786209 9.866373 94.953171 224.535355 31.656792 49.749928 200.842102 -8.132828 102.468185 210.292404 83.939026               6350 
55.452656 172.459534 13.829990 94.148254 222.770157 33.292648 48.611027 198.198242 -4.666569 102.880684 209.799927 85.716743               6361 
54.940357 170.370865 18.610405 93.372795 221.176453 36.841148 47.820374 196.153625 -0.154144 102.923630 208.643524 89.228897               6368 
53.451790 167.549667 28.095549 91.481064 218.983765 43.021965 45.663483 193.235596 7.960045 102.571838 207.343506 95.312187               6387 
53.269657 167.710205 31.086964 91.469124 218.398773 47.800877 45.667114 194.553223 12.108491 102.681892 204.626740 99.544220               6396 
52.328220 167.638428 36.748562 90.896881 217.463181 54.974056 44.959290 195.830627 19.385813 102.924828 201.350876 105.851273               6413 
51.358269 167.853912 38.891739 90.143204 217.317108 57.550537 44.206264 196.671906 22.106150 102.415611 200.424744 108.115395               6424 
50.311699 168.053619 40.244690 89.627815 217.306076 58.225018 43.385632 197.242661 23.473875 102.247688 200.531586 108.743568               6432 
48.941410 167.843948 41.757690 88.611122 217.119980 58.878914 42.200649 197.324127 24.941111 101.655670 200.786301 109.434029               6441 
46.602901 168.288849 45.081272 87.793678 216.321045 62.207142 40.773243 198.789627 28.653294 100.619865 199.398224 112.624161               6450 
40.292915 175.382553 52.858406 87.432205 216.052521 73.346367 39.584251 211.140350 39.050388 96.239944 194.989944 123.061157               6467 
39.248764 176.820374 54.439789 87.362343 216.000626 75.499283 39.811558 217.401138 42.210979 95.292671 194.270950 125.074478               6476 
39.501888 171.413483 56.860874 85.082222 212.697128 79.511337 36.974182 212.474457 47.064640 95.591507 188.676483 127.525223               6495 
40.046616 168.878036 57.550102 83.751495 211.594910 81.217834 35.182781 210.018250 49.565697 96.533813 186.109879 127.907173               6503 
38.517452 167.486115 62.093754 82.051765 210.850082 84.908943 33.475800 206.633224 54.071049 97.228912 184.890015 130.609039               6522 
37.358673 167.847763 64.363197 81.214676 211.102554 86.948212 32.944397 205.699417 56.051537 97.011002 184.996490 132.354355               6531 
36.787838 166.385406 67.642838 80.855034 210.128372 90.711800 32.755951 202.587555 60.410622 98.319901 184.595871 135.832062               6541 
34.922867 165.281921 68.952751 79.001198 208.815735 93.724564 31.141993 200.502655 63.442192 97.595322 182.495193 137.931534               6558 
34.089104 165.163727 68.950394 78.325493 208.488663 94.594315 30.511597 199.953033 64.350616 97.345055 181.912781 138.466248               6567 
32.496704 165.340744 68.519524 77.221245 207.651550 96.605659 29.403786 199.500717 66.343170 96.786011 180.022202 139.577820               6576 
31.055536 165.982941 67.671410 76.667923 207.065521 98.019325 28.926708 199.231735 67.770485 96.658859 178.691513 140.304611               6585 
31.029686 164.237167 67.575012 76.017242 206.069595 98.905594 28.719561 196.869476 68.652992 97.145874 178.081482 140.893875               6594 
29.527969 162.058594 63.908470 73.468277 202.557083 101.554108 28.395348 192.091095 69.374168 96.093796 173.084091 141.706284               6612 
27.830259 162.349869 62.265846 72.300964 201.768036 102.487755 28.575050 190.686386 69.312340 95.319489 171.992279 142.190674               6630 
26.854914 162.991638 61.604313 72.048256 201.652786 102.813690 28.723600 190.617432 69.373245 95.194374 171.688797 142.300217               6648 
26.551451 163.341904 61.530121 72.095757 201.582199 103.139854 28.897949 190.690414 69.564209 95.199715 171.467834 142.536560               6658 
26.725609 166.910797 61.329742 72.568604 201.373245 106.270699 29.452400 193.213165 71.827232 95.717995 168.171753 143.074707               6676 
