28.696417 188.372345 80.932259 97.428329 188.542328 72.700203 36.242260 184.963989 94.574997 131.951096 161.431366 92.125771                  0 
28.911942 188.312881 81.204529 97.454231 189.966019 73.024445 36.285671 185.406326 94.886490 132.484146 163.782288 92.810738                 24 
29.015041 188.285904 81.295967 97.364182 190.132126 72.824936 36.244690 185.621964 94.988060 132.475571 163.999603 92.534348                 48 
29.158308 188.156250 81.370361 97.320259 190.107849 72.711151 36.206573 185.738632 95.113937 132.438248 163.933563 92.353287                 71 
29.269487 187.992020 81.400566 97.265396 190.037338 72.554665 36.171249 185.796478 95.190231 132.395508 163.814880 92.110664                 95 
29.385321 187.885468 81.470650 97.257088 190.038467 72.558449 36.155842 185.923248 95.329231 132.384750 163.809280 92.109818                119 
29.458532 187.731140 81.463287 97.228088 189.992691 72.504799 36.123814 185.921600 95.356567 132.358307 163.737228 92.016273                142 
29.590759 187.554947 81.499115 97.323738 189.961868 72.729256 36.155312 185.780594 95.398117 132.420227 163.672958 92.256378                166 
29.651369 187.719574 81.576385 97.351974 189.615463 72.879219 36.120083 185.942078 95.472382 132.198364 162.999008 92.410561                190 
29.837524 187.776230 81.688545 97.441948 189.291504 72.601898 36.312023 185.952026 95.540154 132.209518 162.320648 91.784386                213 
30.353462 187.439957 81.434830 97.857681 188.489548 71.688004 36.930515 185.516724 95.281258 132.582489 161.029724 90.243988                237 
30.730272 187.099121 81.425583 98.177948 187.924332 71.375793 37.346405 185.090195 95.264465 132.864410 160.169830 89.561424                260 
30.712234 187.118561 81.345848 98.161652 188.182892 71.553841 37.245644 185.194885 95.222343 132.876419 160.591232 89.932213                283 
30.430315 187.068161 81.230385 97.807709 189.064453 71.864334 36.768276 185.349014 95.115936 132.743057 161.955597 90.540802                306 
30.571159 187.006027 81.280746 97.826996 188.708023 71.459091 36.923634 185.260025 95.146324 132.727524 161.282440 89.733940                330 
30.429554 187.082886 81.203384 97.631111 188.454315 71.357552 36.719944 185.380341 95.134193 132.372299 160.754608 89.522209                353 
30.422400 187.101501 81.199944 97.617294 188.435913 71.575127 36.629665 185.452988 95.187813 132.271744 160.686646 89.829597                376 
30.420712 187.133316 81.194031 97.618126 188.426010 71.782669 36.559898 185.519287 95.220985 132.191391 160.635178 90.127655                400 
30.327131 187.231628 81.083710 97.496086 188.155792 71.665619 36.436134 185.661514 95.188866 131.905838 160.120361 89.945740                423 
30.075220 187.289566 80.581573 97.060898 186.052734 70.157326 36.335560 185.515213 94.835106 130.728531 156.502640 87.404381                446 
29.968987 187.283585 80.205292 96.817024 184.799057 69.332550 36.303429 185.568069 94.721886 129.992523 154.428818 86.101967                469 
29.865290 187.199539 80.100037 96.791206 185.413498 69.822670 36.074753 185.715363 94.807152 130.128601 155.395798 86.902946                491 
30.279341 187.025803 80.114113 97.136742 185.599503 69.502441 36.567162 185.616699 94.917564 130.696671 155.637955 86.242104                513 
30.417225 186.914917 80.182816 97.303177 185.889786 69.865990 36.634670 185.555145 95.049660 130.972961 156.112823 86.714043                534 
30.560183 186.848251 80.248543 97.461700 186.025711 70.172882 36.713741 185.522812 95.157326 131.172134 156.364655 87.143677                556 
30.634867 186.725067 80.221619 97.484673 185.788330 69.973999 36.818211 185.329025 95.173203 131.185532 155.961960 86.671890                578 
30.602026 186.693924 80.185448 97.448196 185.838654 70.060883 36.753983 185.299576 95.192589 131.170975 156.036774 86.758232                599 
30.705021 186.624588 80.178856 97.533699 185.803970 70.001122 36.885838 185.157822 95.237694 131.321228 155.994873 86.554054                621 
30.782457 186.550293 80.223282 97.607536 185.882767 70.109055 36.959797 185.033630 95.320564 131.485214 156.157776 86.628952                643 
30.852922 186.496017 80.264565 97.676971 185.962082 70.215294 37.029575 184.922485 95.399864 131.639191 156.318375 86.707672                665 
30.886709 186.529404 80.276741 97.695564 185.988174 70.227676 37.073513 184.915421 95.455688 131.695602 156.363983 86.677124                687 
30.906982 186.579865 80.261009 97.696732 185.991150 70.209213 37.099922 184.960327 95.484993 131.709808 156.364914 86.627998                708 
30.934906 186.633698 80.248878 97.703400 185.987503 70.200539 37.137711 185.076569 95.552437 131.721817 156.357864 86.602066                730 
30.970633 186.639755 80.219696 97.713799 185.932312 70.156136 37.183876 185.110062 95.586197 131.737350 156.279190 86.504547                754 
30.947176 186.702606 80.197784 97.673477 185.948364 70.194237 37.150513 185.269089 95.654106 131.680084 156.284195 86.557838                777 
30.970345 186.707428 80.198013 97.665428 185.931747 70.162003 37.184010 185.358719 95.712723 131.682144 156.253616 86.479202                802 
31.023645 186.699646 80.233383 97.692650 185.938782 70.193321 37.239536 185.408218 95.797134 131.733948 156.273300 86.482239                827 
31.071442 186.706161 80.260834 97.719521 185.945724 70.224243 37.294197 185.451462 95.872650 131.785080 156.292770 86.485237                852 
31.177212 186.729813 80.313835 97.804146 185.935486 70.240112 37.429066 185.499786 95.996109 131.905640 156.297104 86.452248                878 
31.282070 186.731033 80.363258 97.893623 185.907822 70.256798 37.562393 185.475906 96.095512 132.034576 156.282471 86.409584                903 
31.383284 186.713379 80.564079 97.998886 186.384476 70.525070 37.672409 185.504486 96.340004 132.389954 157.079498 86.731613                929 
31.492418 186.661133 80.719757 98.097488 186.702042 70.677681 37.801105 185.497025 96.526016 132.690811 157.645569 86.901207                954 
31.540489 186.617905 80.813904 98.144760 186.927628 70.790260 37.872505 185.454712 96.652222 132.896637 158.064667 87.020332                980 
31.561399 186.683884 80.778435 98.174721 186.989090 70.830009 37.903042 185.465683 96.673805 132.967712 158.192551 87.089943               1005 
31.572227 186.786819 80.724113 98.190903 186.983292 70.828117 37.927078 185.489319 96.677818 132.988068 158.196655 87.096687               1031 
31.552549 186.916183 80.679588 98.180565 186.998886 70.867653 37.912296 185.555222 96.680595 132.971817 158.229965 87.180115               1056 
31.547304 187.024719 80.618546 98.186287 187.015503 70.860573 37.925549 185.593231 96.666107 132.986862 158.266510 87.188293               1082 
31.568213 187.081558 80.621300 98.216591 187.097565 70.885666 37.975189 185.591125 96.709808 133.076691 158.414444 87.202301               1107 
31.554464 187.112106 80.686394 98.218124 187.259659 71.071144 37.954502 185.611038 96.807281 133.146790 158.702530 87.461914               1133 
31.270512 187.170334 80.652054 97.973305 187.489182 71.344040 37.611248 185.707260 96.810455 132.928482 159.087189 87.946487               1158 
31.139208 187.176193 80.603035 97.828537 187.396439 71.241402 37.503021 185.683151 96.777008 132.780212 158.958069 87.788902               1234 
31.113953 187.172668 80.586426 97.799225 187.391800 71.218994 37.480659 185.681808 96.765808 132.755844 158.952591 87.754601               1260 
31.077614 187.167908 80.559654 97.753845 187.384613 71.184303 37.450375 185.711304 96.762779 132.718124 158.944122 87.701492               1285 
31.078043 187.170700 80.549385 97.745430 187.397598 71.188354 37.447395 185.745468 96.772163 132.718063 158.968460 87.707397               1311 
31.091612 187.172516 80.542763 97.750084 187.391830 71.182854 37.463696 185.786591 96.786339 132.726501 158.965820 87.699257               1336 
30.963099 187.165710 80.503479 97.648216 187.539078 71.404587 37.276451 185.840836 96.780296 132.636536 159.228348 88.092903               1362 
30.770124 187.214630 80.387611 97.473015 187.658951 71.567657 37.007175 185.946335 96.700005 132.430084 159.417694 88.438148               1388 
30.696650 187.227951 80.306633 97.375839 187.754242 71.625221 36.867332 186.017487 96.637299 132.333435 159.571045 88.591476               1413 
30.602959 187.257202 80.220482 97.236023 187.810043 71.678383 36.681492 186.116257 96.559258 132.159454 159.640579 88.737549               1438 
30.472027 187.315048 80.095558 97.034203 187.963745 71.751671 36.407993 186.291763 96.446747 131.926636 159.852936 88.970284               1464 
30.423164 187.332932 80.024864 96.958672 188.311874 72.182045 36.154663 186.464066 96.406761 131.844299 160.424240 89.773323               1492 
30.443340 187.358948 79.993301 96.960663 188.461395 72.399666 36.067867 186.588440 96.385933 131.822159 160.679459 90.204735               1515 
30.476646 187.397079 79.980644 96.961250 188.597519 72.593758 35.994102 186.729645 96.373367 131.792191 160.899963 90.589043               1540 
30.518408 187.432968 79.962456 96.970840 188.676651 72.713593 35.955379 186.840668 96.345947 131.769913 161.026123 90.842384               1565 
30.580330 187.484741 79.986534 96.997826 188.765671 72.897865 35.923733 186.971985 96.353363 131.751205 161.156769 91.177101               1590 
30.672239 187.581375 80.030289 97.086761 189.037567 73.284637 35.900116 187.156433 96.384377 131.810455 161.572128 91.834412               1615 
30.832804 187.603394 80.059357 97.233803 189.042618 73.472771 35.997852 187.225922 96.364632 131.898590 161.607788 92.177376               1640 
30.992203 187.675735 80.117027 97.379829 189.039932 73.628487 36.111183 187.341995 96.409805 131.979019 161.590424 92.432747               1664 
31.489073 187.669678 80.219055 97.850533 188.711029 73.433960 36.679829 187.262512 96.487114 132.391861 161.024261 91.995193               1689 
31.979000 187.613068 80.297005 98.300972 188.406723 73.096306 37.278839 187.106812 96.543526 132.851181 160.500641 91.309319               1713 
31.637213 187.525162 80.360786 97.956161 189.325226 73.335266 36.902733 187.177216 96.627411 132.890915 162.043762 91.759819               1737 
31.408072 187.424683 80.458786 97.703064 190.031784 73.490524 36.662540 187.190964 96.726845 132.956604 163.233597 92.016838               1761 
31.493423 187.463730 80.434776 97.776245 189.863556 73.297935 36.791405 187.214813 96.695824 132.992477 162.938858 91.711418               1785 
31.477560 187.492493 80.362770 97.770653 189.790344 73.310020 36.759804 187.251312 96.647179 132.923615 162.801270 91.750153               1808 
31.611139 187.519623 80.319214 97.918053 189.631927 73.347244 36.882088 187.278122 96.635567 132.982864 162.554260 91.825302               1831 
31.506485 187.610657 80.084038 97.833679 189.316849 73.219803 36.758137 187.369583 96.462311 132.706955 162.009277 91.721977               1854 
31.617304 187.605881 79.910629 97.937607 188.847260 72.895058 36.916065 187.310883 96.349220 132.660782 161.211258 91.190750               1878 
31.663563 187.607864 79.784096 97.980927 188.597916 72.697044 36.992138 187.279861 96.291962 132.627014 160.776611 90.857498               1901 
31.618181 187.537201 79.558937 97.924393 188.314377 72.342552 36.994625 187.185165 96.161331 132.519424 160.290329 90.287346               1924 
31.532330 187.540726 79.470596 97.840950 188.319107 72.316673 36.902195 187.273529 96.181351 132.425827 160.294235 90.279739               1947 
31.448841 187.516708 79.282204 97.734268 188.040100 71.951973 36.867634 187.255432 96.093796 132.252563 159.793243 89.694077               1971 
31.296560 187.565262 79.108391 97.579277 187.945496 71.833786 36.695133 187.361526 96.022186 132.018890 159.600296 89.571953               1994 
31.119982 187.604492 78.899529 97.381538 188.184540 71.866600 36.408627 187.514999 95.869019 131.823318 159.940842 89.761742               2018 
31.061935 187.584122 78.763191 97.283836 188.278778 71.836403 36.268970 187.583679 95.772232 131.718384 160.059189 89.783440               2042 
31.068163 187.535049 78.704597 97.245911 188.317581 71.837097 36.206886 187.611160 95.743034 131.675659 160.109451 89.811348               2066 
31.079914 187.496017 78.667572 97.223953 188.339264 71.842743 36.167282 187.628967 95.731224 131.648300 160.136124 89.835152               2091 
31.087820 187.471390 78.638367 97.210190 188.353745 71.849052 36.139511 187.647949 95.734177 131.628433 160.151108 89.853912               2115 
31.098377 187.456833 78.630714 97.209953 188.353699 71.848289 36.136391 187.650696 95.739342 131.627213 160.150070 89.853470               2140 
30.919838 187.460251 78.459160 97.027313 188.682968 72.128113 35.786736 187.764343 95.576553 131.435089 160.673187 90.451225               2164 
30.892153 187.471161 78.342957 96.951256 188.820221 72.222534 35.613873 187.856186 95.425636 131.310074 160.878143 90.739845               2189 
30.911688 187.421021 78.291046 96.901337 188.910294 72.284508 35.495323 187.895935 95.330917 131.227554 161.012802 90.929077               2214 
30.988716 187.359512 78.281265 96.891319 188.971054 72.296021 35.443592 187.955338 95.281097 131.193268 161.099167 91.023384               2239 
31.044632 187.297348 78.281975 96.841606 189.053009 72.287224 35.356319 188.041428 95.236130 131.122314 161.206436 91.090981               2264 
31.122868 187.307144 78.242493 96.830185 189.016876 72.153358 35.336472 188.166626 95.174484 131.046158 161.102051 90.973801               2289 
31.213869 187.326263 78.209358 96.819496 189.087250 72.015297 35.313583 188.326416 95.134514 131.000549 161.135086 90.843773               2314 
31.287138 187.286041 78.240219 96.788559 189.176041 72.058479 35.221119 188.445358 95.128868 130.914703 161.215775 90.974327               2339 
31.397339 187.213089 78.313774 96.769470 189.247559 72.094017 35.150757 188.564560 95.155479 130.845734 161.279404 91.087967               2365 
31.513319 187.037750 78.405243 96.769341 189.244690 72.091827 35.127487 188.540848 95.213394 130.836517 161.267578 91.088867               2390 
31.550922 186.981491 78.468979 96.686920 189.338318 72.156570 34.983536 188.662979 95.218193 130.697281 161.352463 91.242348               2415 
31.682207 186.880966 78.552238 96.716049 189.305084 72.010521 35.043056 188.647934 95.283768 130.729034 161.236618 90.969864               2440 
31.736174 186.842880 78.693428 96.715805 189.561234 72.275185 34.963326 188.715164 95.380653 130.749222 161.607544 91.367004               2466 
31.838318 186.944839 78.824013 96.782539 189.839706 72.467697 34.976654 188.898315 95.472885 130.832474 162.011047 91.712097               2491 
31.905016 186.977875 78.956497 96.825745 190.007462 72.659393 34.973236 188.982651 95.577881 130.881638 162.265808 92.018524               2516 
31.890224 186.925064 78.966896 96.771545 190.048080 72.629631 34.908173 188.983627 95.563179 130.832855 162.321869 92.001358               2542 
31.888510 186.876526 78.955254 96.740707 190.017120 72.547554 34.876217 188.983612 95.562416 130.788147 162.260712 91.900406               2567 
32.024731 186.850098 78.828033 96.842361 189.858398 72.064957 35.082569 188.933884 95.500084 130.916977 161.970627 91.179672               2592 
32.365929 186.663513 78.635925 97.125008 188.840836 71.035789 35.651737 188.587280 95.402100 131.057068 160.345200 89.496368               2617 
32.355877 186.668396 78.630760 97.121414 188.887543 71.094177 35.610851 188.589554 95.421349 131.045105 160.414261 89.604553               2641 
32.305767 186.752502 78.601868 97.089424 188.990173 71.217377 35.511406 188.687714 95.410118 130.970947 160.544113 89.846458               2666 
32.222256 186.878464 78.607735 97.022987 189.136902 71.379059 35.372902 188.843719 95.434433 130.858429 160.728729 90.149208               2690 
32.144070 187.008560 78.525703 96.943428 189.278107 71.335518 35.255032 189.025055 95.379616 130.753250 160.906784 90.207283               2714 
32.123009 187.027206 78.495720 96.910309 189.332031 71.287704 35.195259 189.089767 95.391006 130.703766 160.964996 90.195190               2738 
32.129234 186.994003 78.504440 96.891975 189.374100 71.262833 35.149677 189.123093 95.418724 130.672745 161.009171 90.196159               2763 
32.130112 186.965714 78.506523 96.881584 189.415390 71.254890 35.107803 189.152786 95.440132 130.647598 161.055573 90.222122               2787 
32.104362 186.970139 78.482666 96.846703 189.476242 71.269737 35.020920 189.205017 95.437492 130.580399 161.120987 90.301193               2811 
32.118526 186.976532 78.472466 96.866432 189.438248 71.259010 35.006420 189.232315 95.464203 130.549118 161.048569 90.329483               2835 
32.039219 186.981674 78.398758 96.798065 189.583954 71.333008 34.853127 189.279556 95.409981 130.457550 161.239838 90.511887               2860 
31.999907 186.967102 78.337166 96.763947 189.673874 71.363121 34.759674 189.303986 95.362968 130.402878 161.354095 90.613861               2884 
31.922668 186.925644 78.295128 96.687714 189.751816 71.425163 34.622021 189.317886 95.322227 130.301468 161.452423 90.749763               2909 
31.854204 186.854736 78.258308 96.601715 189.810394 71.406487 34.500526 189.336044 95.276779 130.198624 161.509064 90.757523               2934 
31.759146 186.775543 78.192276 96.477715 189.834167 71.323944 34.346752 189.370255 95.211235 130.039063 161.493546 90.679161               2960 
31.611942 186.464172 78.068039 96.255287 190.384735 71.310112 34.049858 189.211746 95.093002 130.049179 162.346420 90.700974               2985 
31.508299 186.277740 77.995575 96.099083 190.656570 71.258537 33.858715 189.138138 95.031418 129.999557 162.744614 90.645645               3011 
31.457258 186.154831 77.967728 96.008820 190.792358 71.222801 33.744576 189.117035 95.024422 129.955124 162.940384 90.615974               3036 
31.489971 186.078613 78.001106 96.026596 190.736023 71.215546 33.747807 189.129333 95.104538 129.941208 162.849335 90.614281               3062 
31.514624 186.039017 78.003563 96.058182 190.613083 71.209183 33.763504 189.124847 95.103470 129.906357 162.647491 90.610352               3087 
31.533550 186.090515 78.032295 96.092117 190.527725 71.255394 33.773773 189.208557 95.139214 129.853989 162.480896 90.689667               3112 
31.511936 186.144058 78.068871 96.079910 190.528412 71.332077 33.732643 189.297958 95.174606 129.782196 162.435867 90.803719               3137 
31.499043 186.166550 78.093948 96.070358 190.535660 71.351357 33.708839 189.367722 95.211670 129.741837 162.421371 90.844879               3163 
31.481449 186.188492 78.106316 96.059425 190.484619 71.371284 33.677639 189.430511 95.215408 129.669052 162.316833 90.894279               3188 
31.458288 186.198090 78.129883 96.037811 190.438950 71.401291 33.630173 189.468338 95.217255 129.587479 162.220963 90.954941               3214 
31.968493 186.045486 78.344360 96.512154 190.022644 71.103546 34.281422 189.250641 95.424942 130.071045 161.553497 90.273537               3239 
32.265770 185.909164 78.509499 96.785698 189.716522 70.962944 34.660149 189.057907 95.591011 130.338303 161.070099 89.878151               3265 
32.357929 185.901825 78.609642 96.874733 189.649063 71.009644 34.758884 189.042511 95.690994 130.402924 160.945496 89.881439               3290 
32.448071 185.909317 78.674019 96.965553 189.434448 70.972916 34.878944 189.053070 95.755157 130.414642 160.607437 89.796890               3314 
32.405254 185.943985 78.724266 96.939041 189.413269 71.140907 34.796989 189.112305 95.800079 130.315826 160.559494 90.052010               3339 
32.361584 186.033020 78.762764 96.907051 189.475937 71.302116 34.701004 189.245590 95.817299 130.216064 160.625031 90.336662               3364 
32.369385 186.045380 78.787941 96.907997 189.497086 71.342766 34.677788 189.303116 95.813889 130.186127 160.640106 90.422073               3388 
32.619736 185.993347 78.894028 97.113686 189.274261 71.069618 35.015919 189.258499 95.894348 130.390762 160.260361 89.911308               3413 
32.265003 185.746399 79.087372 96.671860 191.196548 72.084908 34.242382 189.358109 96.008156 130.603622 163.495178 91.717751               3438 
32.273315 185.680435 79.121468 96.623116 191.090057 71.948112 34.218662 189.419006 95.970604 130.512131 163.318237 91.555267               3462 
32.105202 185.664322 79.109421 96.396217 191.172180 72.023331 33.913277 189.592636 95.865395 130.202209 163.416367 91.795769               3485 
32.415714 185.530319 79.233833 96.625687 190.828262 71.715492 34.265106 189.548233 95.920761 130.384430 162.845016 91.246620               3509 
32.622375 185.410858 79.355614 96.769699 190.574524 71.565681 34.479813 189.510147 95.988876 130.482635 162.443085 90.962570               3532 
32.741577 185.358582 79.350487 96.850243 190.365250 71.452583 34.572029 189.535400 95.941849 130.473541 162.115585 90.833244               3555 
32.771435 185.295807 79.371758 96.777077 190.686478 71.383057 34.486721 189.621033 95.891838 130.521973 162.640778 90.848396               3578 
32.645950 185.375107 79.431725 96.593323 190.774109 71.221352 34.346424 189.790985 95.964500 130.351837 162.693726 90.612961               3602 
32.807739 186.530029 80.268509 96.581924 191.870483 71.342377 34.477962 191.694687 96.975761 130.474899 164.280258 91.197464               3625 
32.897209 187.975204 81.001785 96.538086 192.056885 70.279007 35.164780 193.874603 98.541313 130.476303 164.176117 89.644936               3648 
33.002758 190.974380 81.412910 96.566566 192.409912 68.840950 36.429111 198.877304 100.894485 130.036789 163.969696 88.207863               3670 
32.192791 191.396957 80.302063 96.521774 192.673553 68.176453 36.979523 201.450089 103.570877 130.014191 164.293152 87.592697               3689 
30.868759 194.869568 77.562653 96.376862 193.836029 65.632477 38.409515 207.752365 105.115211 129.347061 165.121704 85.447449               3712 
27.224976 198.119522 72.360176 93.315956 194.892654 59.972054 37.190254 212.982819 102.331444 125.875992 165.831711 79.959167               3725 
25.285173 200.920074 66.397209 92.635338 196.439850 55.704212 37.420990 217.660431 100.186211 124.635071 167.150131 76.254364               3741 
19.466452 202.324677 56.456276 88.424919 199.911331 48.371891 32.316299 221.559143 93.425438 121.201813 172.559113 70.319786               3755 
15.995768 203.087738 45.854469 86.449677 200.579071 41.394531 28.965309 220.983810 86.409294 118.627541 172.610199 63.451420               3769 
12.978325 204.034592 36.182957 85.044235 202.344040 35.113556 25.661320 220.027557 79.080727 117.502724 174.974762 57.508831               3781 
7.940493 214.652481 10.705531 83.544235 201.297470 23.753338 19.510220 218.285080 61.043510 110.976845 169.495651 46.997173               3803 
7.358103 219.730392 2.351593 83.476372 201.974701 20.183565 18.137121 219.330017 54.826111 109.527039 169.501831 44.080315               3814 
7.711413 222.569534 -7.418092 85.218269 203.470001 16.096775 17.476515 216.239670 46.685211 111.878036 171.862244 40.476807               3823 
9.833649 229.113068 -26.767832 86.556206 205.267273 5.454283 15.431559 210.288330 25.341642 112.301147 173.114914 30.103889               3842 
11.162344 232.498245 -32.630291 87.394470 205.725601 1.181169 15.949383 208.384781 16.934353 112.683762 172.843369 25.334650               3851 
12.195209 236.651352 -49.221210 86.947075 209.313629 -10.071779 15.661930 205.685898 -4.776563 111.756142 176.661896 14.879247               3869 
12.721111 236.013977 -57.192867 86.808403 209.326569 -15.094155 15.966917 202.333206 -14.265789 111.715439 177.284348 10.540092               3880 
13.070194 237.473251 -63.871590 86.077881 210.615723 -18.898636 15.656333 201.738693 -21.488012 110.664238 179.050827 7.622072               3887 
13.637450 238.871140 -82.458961 84.437241 212.303375 -32.213493 15.434528 199.327942 -41.334480 108.536507 181.667068 -4.198826               3905 
13.900467 240.871704 -91.488037 82.853928 213.113129 -38.640511 14.404158 199.826950 -50.691330 105.933746 182.511902 -9.742988               3914 
15.300451 241.418594 -106.208336 82.359154 212.779343 -50.475765 15.231374 197.458054 -66.672585 104.842628 182.339050 -20.945076               3932 
15.117928 242.164337 -111.811188 81.750359 213.314423 -55.317577 15.294049 196.881821 -73.119774 104.256256 182.880554 -25.797348               3941 
14.548093 243.129684 -118.329826 80.402672 213.041443 -60.971214 14.448479 196.166214 -80.219742 102.535957 182.630295 -31.147409               3950 
14.974266 245.727554 -140.969254 78.668243 215.540222 -80.371330 13.857784 197.403900 -102.313400 99.655037 186.122284 -48.775150               3977 
15.019575 245.616516 -148.319550 76.723068 215.596405 -85.359612 12.715537 197.035675 -109.296860 96.646637 186.621262 -52.684361               3986 
14.502034 247.322830 -151.953476 75.285973 214.432800 -88.968117 12.300433 195.451996 -115.349922 94.877625 184.698669 -56.777630               3995 
12.823734 248.438126 -164.537521 73.262596 217.235107 -99.399414 12.771355 193.810974 -128.371475 93.093811 189.243271 -65.823242               4013 
11.322589 248.380188 -169.089340 72.536629 217.395355 -104.079247 12.621791 192.249313 -133.274445 92.815948 190.021729 -70.261887               4023 
9.648729 249.347839 -177.365387 70.222366 217.119705 -111.744682 11.445141 190.427155 -143.148544 90.128571 189.647766 -77.785667               4041 
8.709819 249.656876 -180.762939 69.341743 217.697495 -114.799904 11.005478 189.743896 -146.725677 89.288330 190.537476 -80.614426               4049 
7.486644 248.734863 -183.147919 68.852554 216.457321 -117.747009 10.666720 187.207993 -150.148209 89.260063 189.159470 -83.945511               4059 
5.790205 247.826630 -190.928726 66.525948 217.578079 -123.787025 9.613573 185.873932 -157.327423 86.776360 191.140320 -89.216148               4077 
5.365606 248.208832 -193.963699 65.425262 217.986069 -126.102531 8.996795 185.921280 -160.456970 85.270142 191.595093 -91.261803               4086 
4.863647 249.008743 -201.042267 63.630898 218.468140 -131.997879 7.525897 186.524109 -167.240265 82.471481 192.190796 -96.519531               4104 
4.342260 248.742813 -203.917206 62.776913 217.334091 -134.786758 7.157598 185.538788 -170.984024 81.239227 190.792969 -99.305908               4122 
3.617410 249.467331 -205.490051 62.457230 217.928650 -136.671707 7.314558 185.796921 -173.354019 81.133591 191.257782 -101.400795               4131 
2.588751 250.312836 -210.670242 61.747768 220.729156 -141.157593 6.915994 187.284927 -177.207672 80.517700 195.040863 -105.213463               4140 
1.914692 252.311050 -214.740646 59.834248 221.167923 -144.731186 5.175849 188.718842 -182.009216 77.623604 194.935791 -108.681313               4158 
1.790261 252.634460 -216.728210 59.080841 221.635208 -146.093674 4.403553 189.262848 -183.458191 76.381157 195.600708 -109.664513               4167 
0.008209 251.910110 -220.936890 56.957844 222.363297 -149.333740 2.341013 189.233963 -186.148422 73.858269 197.241928 -112.084953               4180 
-1.475644 253.222763 -225.756989 55.034225 224.381607 -153.524643 0.260391 191.224945 -190.097092 71.489487 199.652969 -115.816582               4194 
-4.630045 250.664490 -229.434494 53.402039 225.200623 -157.156372 -1.248298 190.200439 -191.821228 70.590477 202.043503 -118.783401               4212 
-3.759184 240.134262 -233.226410 52.557323 225.703903 -159.669891 -2.191803 190.194199 -193.339066 69.487816 203.602631 -120.566544               4221 
-3.799475 230.224487 -236.527710 51.638622 226.526993 -162.809814 -2.887046 190.461563 -195.701385 68.736160 205.152435 -123.376564               4239 
-3.070900 226.770676 -236.588959 51.387482 226.498444 -162.993042 -2.817391 190.458420 -196.297134 68.473335 204.920364 -123.665703               4248 
-2.594052 224.525467 -236.897308 51.216885 226.565842 -163.441269 -2.846099 190.764694 -197.099426 68.267838 204.701477 -124.257156               4267 
-2.247019 223.949829 -237.904678 50.717091 226.856628 -163.983887 -3.050157 191.094620 -198.022644 67.246841 205.169601 -124.479202               4275 
-1.753743 223.294037 -239.418015 49.988998 227.224152 -164.782959 -3.048562 191.339661 -199.508224 65.775764 205.844604 -124.809570               4294 
-1.614293 223.035904 -240.069916 49.698105 227.358109 -165.192902 -2.996062 191.327423 -200.197617 65.292236 206.070251 -125.095139               4302 
-0.485699 222.536758 -242.990143 48.728748 227.438171 -166.800003 -2.864562 191.162125 -203.162735 63.330219 206.249069 -126.278435               4320 
0.084957 222.584152 -244.304016 48.334553 227.517715 -167.521240 -2.767550 191.255219 -204.584045 62.466232 206.261337 -126.868538               4330 
0.648964 222.578995 -245.525879 48.041183 227.538635 -168.241898 -2.625228 191.326492 -205.942856 61.761883 206.180466 -127.501862               4348 
0.501416 222.740005 -245.766464 48.391518 227.634644 -168.799255 -2.449879 191.440399 -206.273300 62.424942 206.174393 -128.219711               4357 
0.917732 222.804230 -246.433640 48.822842 227.916367 -169.512161 -1.829327 191.520309 -207.041946 63.018219 206.425552 -129.005173               4375 
1.140388 222.721954 -246.739807 48.956017 228.010132 -169.784393 -1.619992 191.556732 -207.326096 63.084362 206.587997 -129.217636               4384 
1.025436 220.404449 -247.511200 49.376202 227.552353 -171.059021 -1.139793 190.383896 -207.507874 63.549702 207.175140 -129.973007               4403 
1.554319 219.247498 -248.055450 49.451176 227.400009 -171.919128 -1.056318 190.541367 -208.524765 63.396553 206.945831 -130.793304               4413 
1.874427 217.225128 -248.316757 49.574898 227.206345 -172.789383 -0.906954 190.225464 -209.089767 63.493450 207.038544 -131.513336               4423 
2.533112 215.493134 -248.883438 49.708488 227.036438 -173.648254 -0.525657 189.973511 -209.931122 63.325043 207.177063 -132.122665               4441 
2.502372 214.755066 -249.365662 49.775978 227.018448 -174.437546 -0.393805 189.784851 -210.488861 63.465038 207.358887 -132.840790               4450 
2.646868 213.595764 -250.156921 49.667625 227.061417 -175.425980 -0.195341 189.436737 -211.289627 63.235561 207.840485 -133.585251               4470 
2.810152 213.283035 -250.471359 49.758751 227.030212 -175.807007 0.003315 189.349121 -211.672882 63.272381 207.881989 -133.915405               4480 
3.330724 213.041260 -250.895462 49.693478 226.867691 -175.966827 0.241907 189.263824 -212.288086 62.900928 207.620667 -134.022888               4499 
3.627023 212.880386 -251.306122 49.545898 226.772675 -176.155243 0.363190 189.145798 -212.803040 62.561855 207.475922 -134.174301               4509 
3.998284 212.573486 -251.791992 49.370728 226.663422 -176.397797 0.591642 188.879425 -213.419556 62.233685 207.326202 -134.388321               4522 
4.152191 212.399048 -252.140305 49.264374 226.677734 -176.665726 0.728699 188.755417 -213.859528 62.110462 207.323868 -134.658768               4535 
4.231052 212.165787 -252.436996 49.142750 226.493454 -176.890747 0.790477 188.526810 -214.271103 61.977314 207.060791 -134.916656               4550 
4.192830 212.109482 -252.670883 48.930897 226.491776 -177.062897 0.748222 188.470993 -214.598831 61.761944 206.999069 -135.115570               4566 
4.243074 211.998291 -252.817886 48.870197 226.467712 -177.188293 0.786266 188.403259 -214.799606 61.694176 206.955627 -135.247818               4582 
4.305517 211.896759 -252.947586 48.816860 226.463196 -177.292877 0.826067 188.351669 -214.967743 61.622528 206.945389 -135.349472               4598 
4.504291 211.789063 -253.142120 48.768524 226.497665 -177.391739 0.928516 188.312531 -215.181580 61.478767 207.005447 -135.407425               4614 
4.697927 211.625015 -253.385803 48.650196 226.595306 -177.525528 1.005492 188.265701 -215.413834 61.239418 207.192596 -135.463364               4630 
4.856402 211.487167 -253.578796 48.554893 226.673935 -177.633286 1.064276 188.226166 -215.596603 61.046165 207.343048 -135.508896               4647 
4.929951 211.390198 -253.680023 48.623024 226.509506 -177.734604 1.087776 188.122162 -215.722595 61.112423 207.113205 -135.639740               4664 
4.808434 211.391998 -253.731995 48.549877 226.491714 -177.826004 0.969970 188.152832 -215.801041 61.051342 207.065186 -135.748672               4680 
4.787514 211.359650 -253.841354 48.546185 226.530441 -177.973892 0.869843 188.259338 -215.879807 60.967907 207.157303 -135.848343               4697 
4.679157 211.509720 -253.960495 48.618416 226.572311 -178.189484 0.764115 188.465546 -216.012604 61.033619 207.162292 -136.078979               4715 
4.357174 211.454559 -254.308823 48.463795 226.678955 -178.680542 0.449860 188.575287 -216.298813 60.906822 207.365540 -136.533859               4734 
4.367400 211.269363 -254.805695 48.237118 226.723495 -179.098099 0.293848 188.556763 -216.741592 60.510498 207.534775 -136.844864               4754 
4.363262 211.152939 -255.106888 48.113594 226.722870 -179.364960 0.179946 188.547836 -217.016312 60.283607 207.596359 -137.053650               4774 
4.362945 211.062378 -255.310394 48.028545 226.722443 -179.548691 0.064818 188.537979 -217.180496 60.127434 207.638962 -137.197571               4795 
4.409851 210.967682 -255.249542 48.027775 226.732010 -179.541641 -0.010991 188.547714 -217.142120 60.127365 207.636887 -137.195969               4815 
4.436070 210.890671 -255.178467 48.019730 226.739517 -179.528305 -0.216891 188.579758 -217.045898 60.132168 207.619217 -137.197678               4836 
4.345298 210.819763 -255.059464 47.990696 226.771927 -179.517426 -0.422558 188.601166 -216.909531 60.158440 207.650665 -137.203094               4856 
3.502340 210.446671 -254.869873 47.120731 226.775009 -179.437393 -1.387678 188.483978 -216.640076 59.269569 207.822495 -137.041794               4878 
1.077738 210.889145 -251.639999 46.338589 226.542175 -177.074875 -3.331112 188.891159 -213.426620 59.147701 207.290054 -135.009903               4899 
-4.933266 216.532516 -241.495026 43.237904 227.944916 -168.000092 -7.573259 192.151917 -204.622864 57.889404 206.236603 -127.772461               4920 
-10.475686 220.461212 -234.869904 40.438831 230.595215 -162.959732 -12.054616 195.641922 -197.967468 56.090336 208.575531 -123.281731               4941 
-15.288788 226.863205 -228.533218 38.061714 232.575073 -157.736252 -16.734991 200.659225 -192.090927 53.735409 209.057556 -118.936241               4960 
-18.184296 231.579559 -220.416733 37.891121 233.487595 -151.121475 -19.205803 204.112473 -183.790146 53.472305 209.456863 -112.599670               4974 
-21.427849 234.200027 -210.887772 38.833675 235.994568 -144.498154 -19.443329 205.456680 -173.463089 56.416004 213.273041 -106.043335               4986 
-22.496325 243.078186 -199.609207 41.029633 237.190033 -135.508377 -18.784113 209.208954 -163.630051 59.324146 212.609985 -98.558266               4999 
-25.952183 249.878296 -183.404022 40.867805 237.772354 -122.600967 -20.684656 211.933685 -148.853348 60.157368 211.772369 -87.159569               5021 
-27.633997 250.700241 -180.351807 39.564060 238.969238 -119.650925 -22.064972 212.702286 -145.299942 58.987232 213.520828 -83.883644               5030 
-30.206451 251.517197 -166.529419 40.270985 240.968903 -109.116310 -22.518839 213.873138 -130.758835 61.565041 216.649765 -73.629372               5048 
-30.776794 252.250885 -158.355225 41.592751 240.492416 -103.550583 -22.161163 214.188812 -123.202950 63.871670 215.691666 -69.014336               5057 
-38.113621 252.921448 -127.849731 37.345238 239.219284 -77.822594 -31.144798 219.169434 -87.973839 60.052032 215.929535 -42.521484               5102 
-38.105991 253.791138 -123.469627 37.784771 239.213303 -74.343140 -31.328924 220.401871 -83.193466 60.581333 215.783646 -39.192787               5113 
-42.598949 245.079987 -101.736938 38.025822 239.645172 -59.190353 -30.703402 217.080444 -59.557991 65.182945 220.430771 -24.585773               5139 
-40.351398 245.401001 -93.190445 41.471989 238.971558 -53.910240 -27.950480 218.552292 -51.499588 69.338974 218.974609 -20.328510               5148 
-38.851677 236.703415 -65.591621 45.180290 234.827133 -37.003391 -24.819307 219.609360 -24.468061 75.809120 213.631958 -6.724365               5175 
-34.225708 236.431320 -57.608311 49.736324 231.818085 -31.313890 -20.666517 218.798340 -17.641958 80.164368 207.268143 -3.464045               5184 
-25.820316 235.280975 -39.753044 58.132404 228.004440 -18.811733 -12.217159 219.506699 -1.105859 88.345078 200.100861 5.942350               5202 
-23.723564 233.819611 -33.245449 60.272903 227.994675 -14.993267 -9.576479 221.100189 5.213391 90.924454 200.387207 9.552399               5212 
-20.368889 226.779129 -18.574434 63.081387 226.073975 -6.520240 -5.306962 219.159439 18.005224 95.386368 198.757690 16.159883               5230 
-19.320364 225.021500 -13.134537 63.791962 226.134460 -3.673325 -3.820966 219.775955 22.720564 96.767960 199.177628 18.464712               5238 
-16.309649 221.292816 -1.889419 66.372749 227.097626 1.209539 1.047028 221.218597 32.325459 101.654549 202.578568 22.614906               5256 
-14.478201 218.020401 3.097170 67.811554 227.122513 3.309945 3.801029 219.652954 36.398117 104.610794 204.144501 23.852730               5265 
-11.533139 213.403061 13.492894 69.441444 227.289902 7.543746 8.159872 218.708008 44.626839 108.582245 206.963318 26.491222               5284 
17.750298 192.500534 -4.920775 48.032970 224.171814 23.967197 19.737488 198.257919 -20.139523 89.603401 203.557343 36.260376               5301 
17.939741 189.534286 0.422040 49.453854 222.658691 26.584970 19.895460 194.343964 -14.870363 90.515617 201.749298 40.035175               5320 
18.584476 193.252380 3.469870 55.682732 211.334534 36.292656 19.983316 198.080994 -5.677326 89.508057 178.382050 44.904346               5347 
19.178690 194.323639 7.462346 57.270481 207.632263 41.343273 18.566723 197.205353 2.731311 88.455772 171.710007 47.765739               5374 
19.043081 194.933945 8.366994 57.975510 207.137817 41.641819 17.639681 197.013489 5.110066 88.055710 170.213058 47.635387               5383 
18.256580 196.071335 10.432126 59.261913 205.275848 42.044556 15.649529 197.122665 9.597558 86.522591 166.056824 46.830276               5392 
17.588245 196.633575 14.184610 60.644520 202.296448 43.722717 13.462401 196.482147 16.763594 84.404793 160.745255 47.345806               5410 
17.390610 193.867538 16.743877 61.593834 197.491730 44.800724 11.506763 189.916962 25.106613 84.823120 155.487061 45.234596               5428 
16.505692 192.452927 19.048489 60.381134 192.413666 47.806118 9.749010 182.996613 32.407310 83.782715 150.810669 42.733109               5437 
15.690979 193.206329 23.633608 61.194931 193.287842 49.668629 9.629164 178.796066 42.485291 85.052765 152.399750 41.722107               5455 
16.009983 193.235031 24.153687 61.650345 192.514709 49.907345 9.819185 177.401978 44.406250 85.023308 151.500565 41.205406               5464 
17.655516 191.993225 25.489199 63.773540 191.068710 50.310104 11.732868 174.722885 46.846512 87.208267 150.426483 40.151260               5491 
20.494198 191.060944 26.378223 65.454109 186.015182 52.760502 13.608045 170.374756 44.679691 89.437637 147.427475 37.269901               5500 
32.519535 193.384811 31.166273 69.365509 170.874466 60.771473 21.020922 166.796539 35.010654 96.514038 141.786346 33.919689               5518 
38.287338 194.274094 40.881031 71.425949 164.864502 68.742699 26.462421 167.315643 37.076290 101.892624 142.216156 39.365612               5536 
999.000000 999.000000 999.000000 999.000000 999.000000 999.000000 999.000000 999.000000 999.000000 999.000000 999.000000 999.000000             5555.0 
999.000000 999.000000 999.000000 999.000000 999.000000 999.000000 999.000000 999.000000 999.000000 999.000000 999.000000 999.000000             5566.0 
999.000000 999.000000 999.000000 999.000000 999.000000 999.000000 999.000000 999.000000 999.000000 999.000000 999.000000 999.000000             5581.0 
999.000000 999.000000 999.000000 999.000000 999.000000 999.000000 999.000000 999.000000 999.000000 999.000000 999.000000 999.000000             5582.0 
999.000000 999.000000 999.000000 999.000000 999.000000 999.000000 999.000000 999.000000 999.000000 999.000000 999.000000 999.000000             5594.0 
999.000000 999.000000 999.000000 999.000000 999.000000 999.000000 999.000000 999.000000 999.000000 999.000000 999.000000 999.000000             5609.0 
999.000000 999.000000 999.000000 999.000000 999.000000 999.000000 999.000000 999.000000 999.000000 999.000000 999.000000 999.000000             5618.0 
999.000000 999.000000 999.000000 999.000000 999.000000 999.000000 999.000000 999.000000 999.000000 999.000000 999.000000 999.000000             5627.0 
12.123919 178.699280 85.065849 71.250893 202.173843 56.972836 26.574175 173.892654 95.153252 116.892479 187.952377 61.305843               5645 
12.111111 181.620331 88.291809 71.375145 203.304153 59.076420 26.604940 176.042450 97.783592 116.523720 187.268127 62.014355               5654 
12.379655 183.019028 88.859589 71.594704 203.600281 58.873810 26.737183 177.406342 98.162033 116.515129 186.900482 61.603531               5673 
14.445408 183.948471 88.153015 73.546562 203.098007 57.601383 27.963060 179.721802 98.107590 118.314827 186.311340 61.866291               5681 
16.901335 186.688934 89.393379 75.597580 202.612823 57.459648 28.838844 184.982971 100.254852 119.664528 184.512787 63.347946               5699 
17.558773 187.294815 88.172371 77.454735 199.250198 57.105568 28.822998 186.156113 100.373299 119.826942 177.602722 63.442951               5717 
17.798491 187.922653 87.977058 77.944214 199.289566 57.376972 28.784367 187.644775 100.974022 120.029877 177.267365 64.305153               5726 
18.016397 188.221695 87.897156 78.235573 199.313004 57.538521 28.803318 188.856995 101.685684 120.146637 177.072357 64.818359               5735 
18.483366 187.713730 87.019699 79.447487 198.704178 58.372929 28.781694 188.478958 101.658905 120.784088 175.558319 66.101707               5755 
19.167280 188.853424 86.956131 80.191071 199.034882 58.312450 29.333557 190.257828 102.000481 121.304230 175.665924 66.545288               5765 
19.391386 188.657242 86.665291 80.778488 198.388535 58.832012 29.255135 189.828308 101.800697 121.423721 174.274551 67.237961               5785 
19.508982 188.565384 86.578804 80.991035 198.154663 59.020012 29.201481 189.639206 101.711868 121.463882 173.771774 67.481865               5796 
19.699646 188.405457 86.547501 81.170616 197.957062 59.178852 29.121468 189.415604 101.569527 121.496605 173.347366 67.685127               5806 
19.890671 188.241928 86.541763 81.303337 197.811035 59.296242 29.055508 189.238098 101.456886 121.520103 173.033951 67.833694               5817 
20.571028 186.011398 84.290260 82.944962 197.892761 60.358932 28.932148 187.045868 99.778580 123.389679 174.070190 70.403305               5830 
22.370005 184.682983 83.178566 85.078423 197.441437 60.582237 30.468567 185.882019 99.264313 125.517906 173.738358 70.925896               5842 
24.279690 184.509308 82.166428 87.519409 197.604874 61.015358 32.107494 186.124817 98.874107 127.835258 174.100876 72.256935               5857 
24.640812 184.663391 81.783470 88.167610 197.680313 61.331142 32.324554 186.738953 99.013641 128.327911 174.166809 73.097389               5868 
25.313566 184.635498 81.695236 89.072075 197.614807 61.528835 33.076969 187.185684 99.471695 129.147217 174.031525 73.444817               5880 
25.827404 184.845413 81.849594 89.866837 197.863571 61.871590 33.789474 187.913101 100.112892 129.932404 174.368027 73.991379               5893 
25.577568 184.223724 81.788452 89.640091 198.060684 62.008297 33.578526 187.078842 99.892181 129.894730 174.778625 73.911613               5905 
