25.891226 189.734085 83.757660 94.859978 181.184784 111.498543 31.860762 192.481491 101.560173 114.837601 143.540970 138.412704                  0 
25.820477 189.925095 83.588036 94.864243 181.171967 111.478592 31.893089 192.508438 101.426491 114.752815 143.474487 138.383591                 16 
25.739994 190.046448 83.439758 94.851051 181.162781 111.471382 31.869011 192.532562 101.370506 114.671509 143.418335 138.360794                 32 
25.656124 190.144104 83.283661 94.838493 181.154037 111.464516 31.800142 192.516312 101.337585 114.594040 143.365005 138.339050                 49 
25.559856 190.187134 83.105209 94.807007 181.133362 111.460304 31.688444 192.483627 101.308968 114.483940 143.291672 138.318436                 65 
25.448452 190.300613 82.840118 94.742416 181.091324 111.431892 31.569868 192.413712 101.179146 114.318787 143.175034 138.258270                 81 
25.351709 190.380264 82.459824 94.675171 180.994049 111.335327 31.434464 192.254807 100.945976 114.142853 142.979538 138.101715                 98 
25.250839 190.466110 82.076279 94.582947 180.956940 111.258980 31.273781 192.126282 100.704567 113.949387 142.869263 137.994781                116 
25.198160 190.511322 81.951981 94.581093 180.976456 111.255722 31.176701 192.109009 100.720848 113.901939 142.864044 137.989288                133 
25.195936 190.598526 81.780533 94.617378 181.022568 111.211403 31.093397 192.152069 100.723289 113.865822 142.880768 137.955261                149 
25.253656 190.801178 81.583031 94.722549 181.100967 111.111389 30.971939 192.357559 100.902451 113.868530 142.914917 137.865662                165 
25.207506 190.710480 81.347305 94.727898 181.070862 111.021759 30.878386 192.198364 100.819977 113.888290 142.867767 137.741348                180 
25.156708 190.647110 81.120796 94.732712 181.043808 110.941223 30.816723 192.055740 100.721184 113.906151 142.825470 137.629654                197 
25.100039 190.602722 80.996567 94.730461 181.029709 110.921501 30.761003 191.957153 100.692757 113.904892 142.791733 137.581070                215 
25.042416 190.577240 80.866295 94.730118 181.017365 110.901062 30.714357 191.866196 100.657593 113.902306 142.758362 137.532043                236 
24.969740 190.561554 80.752182 94.726349 181.017380 110.897842 30.666687 191.802063 100.653946 113.899696 142.751266 137.517776                258 
24.896160 190.505035 80.650589 94.721672 181.019882 110.897675 30.619638 191.766357 100.672791 113.896065 142.746872 137.506943                282 
24.958492 190.481842 80.304771 94.823425 181.027191 110.736862 30.710669 191.647476 100.371689 113.982620 142.720093 137.308014                305 
24.966320 190.444122 80.142578 94.883957 180.978989 110.710297 30.762741 191.514862 100.249039 114.024506 142.610840 137.206696                328 
25.007868 190.427429 79.884064 94.954742 180.947571 110.672600 30.866758 191.258499 99.903564 114.053467 142.522842 137.117111                352 
25.103960 190.563873 79.699120 95.074829 180.954300 110.679741 31.022163 191.265091 99.713783 114.056602 142.422836 137.053085                376 
25.179478 190.720139 79.528160 95.180817 180.963531 110.688042 31.159983 191.319031 99.585091 114.058739 142.338165 136.998459                399 
25.449476 191.104309 79.486130 95.478828 180.932770 110.709679 31.501209 191.559341 99.597687 114.181091 142.101196 136.841400                423 
25.555664 191.228088 79.340851 95.572006 180.800217 110.742905 31.645788 191.510178 99.454514 114.137085 141.802032 136.723938                447 
25.626122 191.301834 79.208122 95.643776 180.698120 110.768501 31.760296 191.447510 99.322113 114.103294 141.572281 136.632553                471 
25.676516 191.357452 79.088058 95.701103 180.616562 110.788948 31.857073 191.380966 99.195648 114.076370 141.389191 136.559021                494 
25.697645 191.458679 78.954231 95.747437 180.550659 110.805466 31.937269 191.321747 99.087387 114.054657 141.241486 136.499222                518 
25.683632 191.599289 78.785934 95.786346 180.495300 110.819344 32.009193 191.242233 98.965721 114.036453 141.117645 136.448761                542 
25.702200 191.675461 78.687668 95.819283 180.448456 110.831093 32.064747 191.196304 98.887497 114.021065 141.012924 136.405869                565 
25.729288 191.734482 78.616394 95.847664 180.408066 110.841217 32.109528 191.163940 98.830894 114.007828 140.922806 136.368774                589 
25.754606 191.783875 78.552643 95.872604 180.372589 110.850113 32.145100 191.135696 98.787003 113.996208 140.843689 136.336075                613 
25.754522 191.821884 78.488487 95.876022 180.356781 110.857033 32.162045 191.087173 98.719208 113.974770 140.801987 136.320480                637 
25.758146 191.856461 78.431923 95.879105 180.342545 110.863266 32.181728 191.033371 98.648193 113.955460 140.764450 136.306412                661 
25.764938 191.885666 78.383812 95.881935 180.329468 110.868996 32.193737 190.991272 98.596100 113.937721 140.729980 136.293442                685 
25.783091 191.869339 78.327576 95.890526 180.318436 110.872116 32.210449 191.011139 98.586685 113.921951 140.696732 136.279251                709 
25.810274 191.778336 78.256050 95.898659 180.307983 110.875069 32.224209 191.029327 98.579689 113.907005 140.665283 136.265793                734 
25.817051 191.756699 78.206268 95.897499 180.307190 110.878777 32.228012 191.045013 98.574654 113.891457 140.653519 136.262573                759 
25.826191 191.760635 78.167267 95.896362 180.306427 110.882385 32.173592 191.102890 98.689346 113.876282 140.642044 136.259415                784 
25.848946 191.826965 78.008354 95.894691 180.344193 110.787628 32.176357 191.168945 98.578850 113.848763 140.648544 136.134033                809 
25.880886 191.869888 77.949394 95.924217 180.348267 110.731934 32.172329 191.222229 98.609680 113.869690 140.603653 136.007599                835 
25.912947 191.896164 77.897034 95.948959 180.351669 110.685265 32.196022 191.258453 98.591660 113.887199 140.566101 135.901581                860 
25.945328 191.916077 77.844696 95.970459 180.354630 110.644714 32.184925 191.296844 98.623169 113.902374 140.533554 135.809418                886 
26.022009 192.119705 77.781250 96.034546 180.429626 110.551308 32.205265 191.455368 98.637764 113.936600 140.516327 135.590866                911 
25.964247 191.904266 77.668358 95.992378 180.319519 110.448792 32.121193 191.185135 98.552429 113.995255 140.379211 135.372696                937 
25.960442 191.743835 77.629364 96.015984 180.166046 110.361076 32.105572 190.927826 98.519379 114.095367 140.164108 135.130310                962 
25.951881 191.707596 77.620049 96.014114 180.113190 110.340622 32.080227 190.790741 98.487640 114.115059 140.081177 135.045425                987 
25.952179 191.661545 77.595161 96.027107 180.076889 110.304657 32.063251 190.647354 98.439919 114.156212 140.036880 134.975861               1012 
25.979097 191.690536 77.642006 96.091255 180.074020 110.267868 32.073261 190.631042 98.523659 114.246506 140.018433 134.894501               1037 
26.030828 191.610855 77.663284 96.150063 179.946732 110.288071 32.092049 190.431305 98.591850 114.353035 139.834503 134.786926               1062 
26.103415 191.604691 77.681808 96.216690 179.860321 110.323074 32.131138 190.295059 98.649551 114.442604 139.690536 134.710312               1087 
26.158533 191.621262 77.710480 96.265762 179.826889 110.366280 32.154160 190.193619 98.693428 114.510071 139.618454 134.675980               1113 
26.188654 191.647842 77.675858 96.284492 179.818893 110.384239 32.148029 190.101196 98.685303 114.540619 139.596268 134.661545               1138 
26.247898 191.919754 77.801804 96.378090 179.845886 110.516167 32.193085 190.160751 98.976112 114.650909 139.572586 134.696732               1213 
26.270388 192.000046 77.845268 96.404472 179.865646 110.564751 32.211948 190.179596 99.041031 114.674469 139.576050 134.720276               1238 
26.215969 192.092957 77.831306 96.358398 179.933533 110.587318 32.165676 190.135056 98.988533 114.638306 139.652939 134.750366               1264 
26.107235 192.240173 77.848663 96.284843 180.065140 110.606606 32.120159 190.050262 98.862160 114.606888 139.806854 134.774918               1289 
26.044781 192.372528 77.870430 96.254555 180.136719 110.625076 32.123856 189.912170 98.724716 114.612366 139.884872 134.776993               1315 
26.011007 192.536301 78.013649 96.258385 180.315582 110.738197 32.174019 189.877853 98.677605 114.652206 140.115372 134.948624               1340 
25.999844 192.691879 78.074348 96.253601 180.396454 110.811317 32.238956 189.751144 98.513176 114.664818 140.179611 134.980850               1365 
26.038353 192.847870 78.138321 96.294083 180.481445 110.857071 31.774437 190.122574 99.426384 114.705612 140.236099 134.978867               1391 
26.203260 193.755142 77.134575 96.547661 182.474167 110.133972 29.818277 193.165604 102.961235 115.205101 142.900787 135.161575               1416 
26.756639 195.351852 72.583168 96.815742 186.918594 107.229073 27.712557 200.023346 107.070778 116.122154 148.687988 133.803818               1438 
28.749708 197.888260 69.842857 98.987427 188.292984 104.447678 29.280298 205.355545 109.822174 117.955505 150.066574 131.270935               1455 
30.717184 199.343613 66.492973 101.087318 188.335495 101.722694 30.960657 205.572556 108.785957 120.347076 149.833481 127.937027               1471 
32.020618 201.627808 59.541985 101.770744 191.308182 97.612183 31.064941 208.410172 103.907898 121.000305 153.932541 125.429794               1485 
35.181667 207.408188 55.268066 105.138657 192.428757 92.472153 35.544693 214.248856 102.123070 123.001183 154.068100 119.856888               1498 
35.821392 209.870941 47.204975 105.457809 195.636551 86.126686 35.557156 217.857330 95.916512 123.370453 158.026764 114.502289               1510 
37.202412 212.693726 35.652092 104.550995 197.790039 79.688728 33.787815 219.527084 86.409348 121.364510 160.383163 108.990021               1522 
39.849632 216.969666 25.556969 104.675156 197.209030 73.349373 33.919224 219.881058 78.333237 119.802193 158.444565 101.792717               1533 
42.269184 220.257584 15.042656 104.622299 198.374252 66.824348 33.450226 220.478043 69.162346 118.866020 159.376678 95.404755               1543 
45.378235 224.361206 5.372582 105.070198 198.004379 59.564930 34.185459 221.264389 60.178085 117.691643 157.861603 87.310028               1555 
48.002350 227.104950 -4.420640 106.125725 200.108459 52.281254 34.670643 221.773712 50.620853 118.687614 160.080139 80.218102               1566 
50.054569 228.272827 -10.541974 107.756752 201.210449 47.362247 35.812801 221.170135 44.564232 120.799652 161.380966 75.362770               1574 
59.145348 233.782639 -39.138065 112.709122 203.944000 23.713448 40.259792 219.969086 14.611529 125.376945 164.109344 51.878315               1599 
61.374321 236.292358 -45.876560 113.419838 203.810410 17.891817 41.195675 219.972382 7.220103 125.403397 163.625473 45.857849               1608 
66.730949 239.344971 -62.606434 115.608917 203.076279 3.455082 43.854729 217.631393 -11.797543 126.801796 162.584045 31.305269               1626 
68.474495 240.537704 -70.314659 116.102783 203.736298 -2.735989 44.726070 217.051804 -20.410660 127.071335 163.646805 25.778173               1635 
70.292931 241.696838 -78.744194 117.564240 204.684875 -9.828177 46.375172 215.661133 -29.709381 128.902023 165.316147 19.533220               1644 
74.264793 242.330490 -96.578690 119.712677 205.592804 -24.749184 49.378147 212.630096 -49.344303 130.962753 167.429092 6.194319               1662 
75.944008 243.412796 -103.317886 120.552299 205.713577 -30.718933 50.549511 211.431519 -57.175579 131.532822 167.775330 0.596427               1671 
80.125290 241.813538 -121.515144 122.002884 208.186920 -44.373348 53.686909 208.943161 -76.028358 132.035858 172.824844 -9.885715               1689 
83.487473 240.260727 -135.099243 125.417763 208.371368 -56.528481 57.911236 205.400696 -90.145020 135.735245 174.328812 -20.818716               1707 
85.142258 240.369629 -142.520828 125.713974 209.576843 -62.291187 59.006062 204.933060 -97.688271 135.213715 176.659149 -25.322092               1716 
90.767807 240.961517 -158.480103 126.814659 209.452423 -75.697449 62.142349 204.133057 -115.301071 133.485260 177.290054 -37.466328               1734 
91.772263 239.537674 -164.979660 127.074524 209.371872 -81.151283 62.890591 201.928162 -121.849815 133.439362 178.032715 -42.191296               1743 
94.406914 237.388077 -177.711639 128.799484 209.007416 -92.630264 65.523155 197.328827 -135.149612 135.242371 178.436188 -53.077469               1762 
95.504074 237.012726 -182.683899 129.179047 208.763458 -97.101364 66.419174 195.865921 -140.529221 135.344772 178.409760 -57.337425               1770 
98.568222 237.458862 -193.732803 130.449066 208.981476 -107.095772 69.444847 193.783051 -152.826996 135.850952 178.987717 -66.949440               1789 
99.372452 235.835541 -198.921478 131.792526 209.258621 -111.685944 70.584923 192.529343 -156.855774 137.216187 180.474533 -70.666504               1799 
101.321220 235.943619 -206.159668 132.983368 209.160248 -118.275681 73.325378 189.988571 -164.988449 138.171158 180.729507 -76.980240               1815 
103.264130 236.987747 -210.385971 133.190002 210.316162 -121.639641 74.665535 190.573273 -169.649261 137.280182 182.330826 -79.918846               1825 
104.106964 238.495895 -214.758957 134.663467 209.863876 -126.316048 77.011040 189.051453 -175.096100 138.760910 181.800934 -84.648125               1843 
104.714828 239.813065 -216.904175 135.206757 209.945236 -128.549667 78.021217 188.884369 -177.850311 138.993881 181.888031 -86.848534               1852 
105.655884 243.948227 -218.480911 136.102219 210.225891 -130.933609 79.265587 189.724045 -181.162750 139.337830 181.566849 -89.596878               1862 
106.805099 246.205261 -224.495911 136.261124 210.370148 -136.884399 81.358971 188.932602 -188.934982 138.803406 181.540390 -95.617996               1879 
107.296028 247.287979 -226.916351 136.507584 211.073471 -139.153030 82.295746 189.047913 -191.700684 138.826035 182.393051 -97.769547               1888 
107.219765 251.181244 -216.599625 127.790344 199.084579 -134.519165 81.824547 186.193176 -196.958084 126.728264 162.830612 -99.518364               1906 
106.411507 253.126221 -216.724274 128.930450 199.917603 -135.864761 82.780281 187.472672 -198.244736 129.028549 162.794495 -101.770790               1915 
104.307648 250.276337 -224.942764 132.977081 206.353043 -140.476730 84.340141 186.400879 -198.886948 136.242630 172.678513 -103.115036               1933 
103.190277 249.715775 -226.757629 134.098068 208.194153 -141.835526 84.955460 186.050629 -199.038345 138.633652 175.371246 -103.853691               1942 
102.428474 249.885941 -229.081223 134.379852 210.665741 -143.407410 85.957298 186.199127 -200.299942 139.766479 178.608597 -104.886536               1979 
102.222649 249.325912 -229.608978 134.479050 210.390274 -143.912064 85.686195 185.844940 -200.438629 139.941666 178.497421 -105.265724               1989 
100.852173 248.312515 -230.626404 134.106293 210.279404 -144.877029 84.953751 185.230820 -200.654449 140.001312 178.809601 -105.948456               2005 
99.960686 248.621902 -231.015579 133.753174 210.811340 -145.361435 84.863991 185.344040 -201.126190 140.030548 179.356934 -106.480232               2024 
99.209885 248.957199 -231.861084 133.359726 211.448135 -146.202698 84.753311 185.495056 -201.998459 139.940857 180.048584 -107.327377               2033 
97.728081 248.514145 -233.705170 132.102249 212.220474 -147.535492 83.814201 185.165802 -203.052155 138.849655 181.408981 -108.220627               2051 
96.900833 248.469894 -234.267624 131.594864 212.509918 -148.055740 83.407593 184.994705 -203.465836 138.577271 181.835144 -108.675072               2060 
96.345505 249.126877 -235.124954 131.092102 212.764221 -149.017609 83.274307 185.170883 -204.633255 138.146667 182.036209 -109.691338               2078 
96.265137 249.870438 -235.038971 131.048843 212.881332 -149.148102 83.183586 185.535187 -204.829666 138.057388 182.037628 -109.904243               2088 
95.769371 250.779999 -235.105225 130.824081 213.147507 -149.483963 83.037170 185.725586 -205.181168 137.937576 182.295425 -110.265602               2099 
95.617897 251.822983 -235.217300 130.580887 213.412247 -149.771606 82.936935 185.951447 -205.620377 137.594803 182.564941 -110.531540               2108 
96.147705 254.266373 -234.737534 129.263870 212.429123 -150.034561 82.464233 186.925568 -207.534042 135.254562 180.462173 -111.527931               2130 
96.364288 254.872818 -234.933044 129.239563 212.731339 -150.236038 82.498802 187.253265 -207.795303 135.058548 180.815689 -111.660599               2140 
96.523674 255.600739 -235.066711 129.127747 212.971939 -150.452209 82.406593 187.606522 -208.077545 134.746582 181.079224 -111.828140               2152 
97.176567 256.641998 -235.490875 129.155609 213.640564 -150.781601 82.510735 188.397964 -208.555847 134.375046 181.820084 -112.042099               2162 
97.470757 257.323761 -236.059692 129.015396 214.297363 -151.149429 82.486038 188.790726 -208.977249 133.955612 182.695755 -112.194756               2174 
98.386063 257.417511 -238.415100 129.595505 215.764343 -152.635941 82.746742 189.115341 -209.767075 134.182236 185.191574 -112.826370               2185 
98.920021 258.336548 -239.020248 130.149979 216.099396 -153.470062 83.050491 189.525345 -210.516022 134.629913 185.558594 -113.623802               2198 
98.566170 258.224976 -239.475601 130.167358 216.205185 -153.917999 82.928627 189.112457 -210.719940 134.820511 185.885803 -113.922783               2210 
98.730171 258.122345 -240.222031 130.127762 216.558731 -154.332092 83.021233 188.730087 -211.107376 134.698730 186.562302 -114.084686               2224 
99.319664 257.727570 -241.798050 130.333145 216.894836 -155.361404 83.373589 188.219299 -211.934479 134.645401 187.503830 -114.641541               2238 
99.829338 258.770264 -242.199997 131.105896 217.587387 -155.970459 84.400902 188.441132 -212.705383 135.578384 188.163971 -115.291298               2253 
100.587898 261.168274 -238.346451 129.324066 214.819611 -153.871857 85.262794 188.718781 -214.189316 132.792892 182.820648 -115.083092               2269 
100.299553 261.429016 -238.643265 129.518814 215.309235 -154.206558 85.275307 188.860245 -214.391434 133.301834 183.343475 -115.419800               2285 
100.443489 260.373016 -239.524948 130.207657 215.515274 -154.596939 85.037209 188.341644 -213.838928 134.174469 184.201218 -115.300270               2299 
100.065887 259.592773 -240.246643 130.413040 215.627686 -155.050064 84.810837 187.864151 -213.660431 134.653198 184.759811 -115.430267               2315 
99.344765 258.872650 -241.923386 130.250366 216.617065 -156.054703 84.703690 187.439240 -214.037292 134.861542 186.507141 -115.896721               2329 
99.928284 259.470306 -243.313766 130.085693 217.528336 -157.009415 84.456543 188.230179 -214.908661 134.277603 187.748352 -116.560509               2345 
99.904839 259.542358 -244.795441 129.396210 218.650696 -157.728699 84.215942 188.494400 -215.421051 133.229004 189.614685 -116.707314               2359 
99.436913 260.320679 -245.463150 128.594467 219.198105 -158.368347 83.368622 189.149216 -215.827713 132.154434 190.485901 -117.095238               2374 
98.817329 261.265747 -244.067017 129.099854 219.542007 -157.626343 82.607529 189.994934 -214.084473 133.017563 191.010742 -116.260269               2388 
97.844559 263.409241 -242.142532 129.002090 220.684113 -156.473328 81.178490 191.613968 -212.065720 133.101883 192.284241 -115.034546               2404 
98.365158 266.394623 -240.683975 127.936203 222.465973 -155.009109 78.507561 194.685608 -209.857315 130.731033 194.749115 -113.003174               2419 
97.339310 271.254639 -235.232941 127.869026 223.682098 -151.800888 75.207954 198.784454 -204.804184 130.679581 195.714157 -109.962753               2434 
95.222618 273.795959 -231.350708 126.117569 225.374939 -148.488190 71.179047 201.578766 -199.557510 128.882202 198.149475 -106.160126               2449 
90.772537 277.006195 -222.895660 123.970329 226.228333 -142.314133 65.819595 204.709869 -190.633713 127.775032 198.751480 -100.229919               2465 
87.190308 277.408966 -218.999725 122.036469 227.883286 -138.304718 62.420715 205.950211 -184.406631 126.651276 201.440109 -95.643303               2476 
84.031631 278.236389 -214.628006 119.480232 229.084366 -133.935272 58.287067 207.875885 -178.100525 124.374680 203.431686 -90.824745               2489 
81.012054 280.864197 -207.843399 117.344543 229.992599 -128.589935 54.288490 210.818985 -170.877167 122.711395 204.113785 -85.671196               2501 
77.466820 280.293396 -203.913025 114.935242 230.406036 -124.560272 50.486523 211.461823 -164.809723 120.947029 205.325348 -81.254944               2513 
65.210258 272.435822 -197.631516 108.762436 231.503128 -116.325073 41.260422 209.323410 -148.948639 118.110107 211.255859 -71.123268               2534 
60.079449 268.427277 -195.549774 105.745445 231.239105 -113.623482 37.585888 208.062805 -143.628708 116.252701 212.872070 -67.876534               2544 
51.123238 263.729095 -189.267654 98.048546 229.542053 -106.755783 29.712337 206.217697 -134.868958 109.262871 212.791794 -60.558361               2564 
46.892796 263.375580 -182.648315 96.610718 229.074524 -101.849976 26.592278 207.787659 -126.757759 109.404091 212.190491 -56.113850               2572 
51.599899 198.827621 -142.478729 92.089149 226.936996 -88.634781 20.375681 205.661896 -106.653893 108.170715 212.916580 -42.969204               2590 
50.079571 197.644882 -132.991272 90.969673 227.781174 -81.471039 18.126633 210.654953 -98.842590 107.238373 211.325623 -36.692940               2599 
45.880341 194.835693 -116.075607 86.259804 228.243729 -69.068794 12.303385 215.049118 -84.791908 102.699974 210.588333 -24.813375               2617 
44.742008 194.733246 -106.340271 86.414528 228.225967 -61.134899 11.986702 216.141251 -74.904037 103.871132 210.093719 -17.465427               2626 
43.611435 193.836121 -96.897423 86.124924 227.638855 -54.212101 11.368855 216.502136 -65.733742 104.910957 208.710632 -11.441299               2635 
40.439548 193.518906 -78.883049 85.434303 224.154907 -39.179394 11.281856 218.267105 -46.243519 106.914345 200.758133 -0.042042               2654 
37.167812 188.762222 -52.598469 82.305473 222.762070 -20.554306 9.506636 218.992935 -23.846085 106.127518 200.233200 17.727465               2681 
36.216228 189.397552 -47.278275 82.468506 221.474869 -16.325073 10.209642 221.276886 -18.087456 106.357445 196.713577 20.508755               2690 
35.871922 188.965881 -40.135841 82.535538 220.541443 -11.040403 11.641326 223.109756 -11.164770 106.986641 194.484131 24.508072               2699 
35.290588 188.492111 -33.953445 82.306068 219.466888 -6.285386 13.005598 224.915085 -4.873581 107.078651 192.205017 28.118731               2708 
35.267929 186.686783 -27.602219 81.944511 218.526215 -1.461726 13.781048 224.529465 0.452908 107.369736 191.432861 32.597664               2717 
34.417736 185.978302 -20.863642 81.386276 217.604843 3.965558 14.064437 225.405975 6.526024 106.817924 190.120789 37.705624               2726 
33.877998 182.646393 -6.292284 80.816605 216.149124 14.770123 14.286611 223.465134 19.958664 108.307068 189.922806 47.890938               2744 
33.069469 181.177399 -0.386415 80.060852 215.346344 18.606344 13.914352 223.177292 24.776186 108.135582 189.825119 51.787834               2753 
31.993944 183.099945 13.734385 81.775444 214.583252 28.387413 17.470114 227.428070 39.412876 110.504768 187.186646 59.445187               2771 
31.694586 181.788315 17.380873 81.867729 212.232117 32.543861 18.112871 225.877838 44.731342 110.545601 183.334305 62.259686               2780 
31.998358 180.302887 22.600019 81.957481 211.531799 36.672512 18.594017 225.204346 49.921127 111.428139 183.191437 66.148575               2789 
31.781460 177.553452 31.584204 80.619026 211.053146 44.103287 17.533596 224.470779 58.797455 111.530876 184.548904 73.810471               2807 
31.977299 176.682602 35.586800 80.404770 210.947983 47.633556 17.336855 225.106537 62.393787 111.427971 185.375519 78.033287               2816 
30.993626 178.135864 42.771500 80.495888 211.175842 53.895477 19.229399 231.170670 72.063423 111.148438 185.000534 84.157814               2834 
30.423460 179.068314 45.297264 80.536179 211.076172 56.803001 21.137840 236.279739 77.172951 110.220177 184.393799 87.583595               2843 
29.100407 183.465485 47.202694 81.312080 211.223282 60.830479 26.634190 245.315018 85.103188 108.014801 181.530106 91.584572               2852 
29.873396 176.382736 50.628910 79.838646 207.901993 65.213348 29.705732 246.046890 98.674942 108.618645 179.698730 95.492409               2871 
29.772900 175.154083 51.749203 79.270683 207.502884 66.974991 30.797880 247.701813 104.319519 108.338654 179.647629 97.301086               2882 
29.562105 172.432220 53.616390 78.622581 205.427795 70.180099 30.636007 244.727036 111.280884 108.420692 177.204742 99.438698               2898 
28.648680 173.577850 54.046577 78.452278 205.600433 71.095955 31.491875 246.251648 113.263344 107.582657 176.758347 100.423225               2907 
28.088194 171.890366 55.205521 77.698906 204.856232 72.160896 30.721199 245.781616 115.399178 107.347832 176.786285 101.716843               2916 
27.476627 170.950333 58.653576 77.248535 204.110428 74.947701 31.473772 245.640671 120.305565 107.383713 176.124680 104.088783               2934 
27.210285 170.657425 59.620373 76.996155 203.859512 75.834167 31.630962 245.607498 122.072289 107.202240 175.820709 104.850571               2943 
25.299149 168.556183 59.209930 73.886414 202.177979 78.096466 26.537981 242.437653 124.508324 103.393913 173.816711 107.515495               2961 
25.801817 165.907410 60.329472 72.835732 202.171478 78.270912 23.744949 240.803482 123.648804 103.853630 175.688187 107.886101               2970 
26.943735 162.011902 61.605850 72.149605 200.907852 78.874802 20.828281 236.467804 122.062798 104.834465 176.170319 108.205475               2988 
27.126804 160.883759 61.903633 71.852463 200.407990 79.107689 20.008945 234.734283 121.337479 105.064003 176.029602 108.145966               2997 
27.746660 157.698883 63.754250 70.380280 199.858704 80.240288 16.019585 229.749344 117.348686 105.035301 177.605576 109.298195               3015 
28.347736 155.794540 64.281288 69.769875 199.307877 80.476814 15.210343 226.515381 113.679619 105.226540 178.182175 109.408867               3024 
29.622025 151.867783 64.813385 68.833572 198.092438 80.186859 13.959389 220.249664 109.207504 106.102623 179.465698 108.552269               3033 
30.652908 149.161087 65.540787 68.112785 197.197723 80.419495 13.652716 214.077835 103.300552 106.332512 180.377167 108.648109               3042 
30.632675 148.023544 65.782967 67.664261 196.630539 80.405792 14.213237 210.005249 98.804054 106.466751 180.289185 108.116081               3060 
30.257797 147.636139 65.600471 67.088951 196.414627 80.388634 13.955434 209.054657 97.740532 106.000473 180.181503 108.009521               3069 
30.326326 147.258240 67.383850 67.019630 196.503204 81.047600 14.176383 208.808929 97.872879 106.240959 180.951385 108.622261               3078 
30.208035 146.995377 69.441132 66.923668 196.595032 81.771294 14.572433 209.203125 98.774330 106.534752 181.536423 109.061104               3088 
30.638590 145.660446 71.736412 67.124077 195.780472 82.715942 15.445558 208.192657 100.213112 107.450592 181.381943 109.305199               3106 
30.781937 145.163589 72.837128 67.172340 195.490753 83.228745 15.858435 207.844879 100.861900 107.800804 181.384857 109.513458               3115 
30.673193 144.882614 73.726250 67.068581 195.311417 83.694366 16.429640 208.056900 101.405579 107.930252 181.347321 109.691704               3123 
30.479692 144.796310 74.013779 67.053955 195.136826 83.828087 17.200350 208.515976 101.511795 108.018173 181.053955 109.598991               3133 
30.310884 144.729004 74.039139 67.029999 195.022568 83.848778 18.367922 209.755219 101.636353 108.037445 180.851242 109.502190               3142 
29.724993 144.157791 73.036682 66.636955 194.150162 83.795403 19.451134 210.032974 101.516350 107.546143 179.378769 109.266518               3160 
29.871876 143.159729 73.406754 66.521698 193.504089 84.119827 19.741041 209.178146 101.954552 107.717255 179.122223 109.351196               3171 
29.979612 141.855652 73.191101 66.307213 192.491257 84.251236 19.757504 207.943665 101.238396 107.342705 178.469208 109.941788               3199 
29.994350 141.687454 73.250488 66.269218 192.377808 84.292023 19.947176 207.759766 101.028442 107.295761 178.432007 110.038307               3209 
29.933414 141.220078 73.519363 66.286072 192.015259 84.561325 20.841709 207.719162 101.007759 107.345596 178.258667 110.356789               3228 
29.804016 140.691101 73.050766 66.101059 191.475677 84.374352 21.121346 207.171097 100.681641 107.153282 177.644913 110.141747               3238 
29.713264 139.439850 69.280067 65.785049 189.995621 82.797050 21.514093 204.278671 98.101799 106.617546 175.554077 108.578484               3258 
29.632164 139.423767 68.270554 65.925804 189.736343 82.431107 22.175400 203.588699 97.099236 106.610298 174.958984 108.256203               3268 
29.452162 139.735352 67.915810 66.078926 189.826569 82.353149 22.985909 202.558090 95.717751 106.623917 174.803345 108.255653               3279 
29.174778 140.316254 67.404839 66.319679 189.988327 82.136162 23.766014 202.000793 94.438477 106.636185 174.479156 108.108803               3289 
28.952181 141.165115 67.092491 66.793762 190.291595 82.029572 24.555744 202.260254 93.455986 106.695992 174.218323 108.297356               3299 
28.734243 141.820328 66.782417 67.115845 190.530823 81.976418 25.068506 202.423737 92.808037 106.711884 174.037018 108.446060               3309 
28.620804 142.189072 65.897873 67.386040 190.513168 81.677338 25.483440 202.293167 91.991615 106.674805 173.572372 108.321976               3320 
28.374722 142.823853 65.685860 67.705063 190.771606 81.578362 26.023190 203.068649 91.737198 106.720528 173.488693 108.404251               3332 
28.326048 143.112411 65.093750 67.799622 190.852417 81.469940 26.439745 203.679352 91.606712 106.557030 173.328735 108.512833               3345 
28.636127 143.530548 64.298950 68.220039 190.966751 81.339249 27.587830 205.086304 92.311630 106.820297 173.025574 108.333107               3359 
28.899708 143.805008 63.597740 68.529930 190.999130 81.238358 28.458952 206.130142 93.207497 107.120354 172.684601 107.994499               3373 
29.074734 143.680374 63.286865 68.597664 190.991470 81.202347 28.660530 206.289993 93.481773 107.246956 172.783813 107.946449               3388 
29.572941 143.572311 62.697815 68.753876 190.988068 81.014938 28.872879 206.348145 93.456894 107.378357 172.774872 107.791092               3403 
30.020903 143.206970 62.059761 68.773346 190.821350 80.778366 28.772154 205.701736 93.231506 107.515060 172.703568 107.449692               3417 
30.455872 142.995911 61.399807 68.734596 190.898407 80.380287 28.342262 204.640671 92.131058 107.516167 173.048828 107.174240               3432 
30.649645 143.140991 61.084316 68.868378 191.069443 80.220940 27.350828 202.269028 89.336807 107.518105 173.256241 107.228760               3448 
30.869057 144.336227 61.946018 69.718872 191.962112 80.575546 27.729105 202.720184 88.529755 108.096123 173.940399 107.832436               3462 
30.972996 145.433868 62.499664 70.462372 192.681519 80.764038 28.272596 203.494217 88.305519 108.639961 174.347000 108.092613               3477 
31.016003 146.093338 62.895859 70.902412 193.108810 80.920967 28.523376 203.926498 88.146324 108.920692 174.586426 108.344788               3492 
31.000431 146.181503 62.835190 70.927704 193.140427 80.915878 28.496267 203.939926 88.006538 108.888290 174.507996 108.345055               3506 
30.957973 146.227448 62.743347 70.930023 193.142731 80.904510 28.477097 203.950531 87.934921 108.859375 174.457504 108.341003               3520 
30.826145 146.318283 62.584324 70.940071 193.141464 80.883514 28.468838 203.956589 87.875053 108.850967 174.365738 108.283699               3535 
30.655542 146.424118 62.412685 70.956955 193.166718 80.871529 28.411089 203.897919 87.699715 108.844643 174.336227 108.266228               3549 
30.405024 146.672043 62.265137 70.911598 193.277527 80.939606 28.289259 203.930313 87.454765 108.692734 174.343048 108.409683               3564 
30.273310 146.862625 62.121044 70.904617 193.358124 80.936646 28.266914 204.075439 87.340927 108.605637 174.324677 108.448357               3579 
30.137070 147.153091 62.001385 70.967064 193.519379 80.931625 28.242561 204.245850 87.207855 108.605721 174.392426 108.463882               3595 
29.986977 147.430695 62.049614 71.027336 193.706039 80.934029 27.931847 204.046524 86.963806 108.687927 174.526291 108.399475               3610 
29.035107 150.219330 63.289215 71.791336 195.205093 81.548988 28.040413 205.053070 87.111954 109.213142 174.891541 108.521233               3626 
28.382586 152.181808 64.004089 72.257103 196.200424 81.976730 27.828190 205.501434 87.080566 109.413414 175.048721 108.670334               3641 
28.324316 152.498383 64.504280 72.420914 196.345642 82.363960 27.459452 204.903671 87.181595 109.564117 175.048538 108.960007               3657 
28.300344 152.643219 64.354149 72.461678 196.373871 82.356392 27.118723 204.535568 86.957466 109.509102 174.959259 108.991646               3673 
28.271074 153.013321 64.139572 72.638741 196.420120 82.432175 27.058578 204.595154 86.789398 109.402069 174.706253 109.218361               3689 
28.205412 153.311813 63.922417 72.745499 196.420700 82.499298 26.886557 204.510712 86.634781 109.256111 174.418091 109.395294               3705 
28.150772 153.487167 63.751434 72.803543 196.376389 82.531143 26.537445 203.928986 86.363663 109.154289 174.136810 109.448761               3720 
28.091194 153.751602 63.638645 72.925362 196.340210 82.635490 26.337889 203.562012 86.186752 109.053879 173.810410 109.610886               3736 
28.187899 154.032455 63.574139 73.232040 196.295868 82.802841 26.135778 202.669815 85.862000 109.171638 173.459946 109.773193               3754 
28.099308 154.596512 63.675999 73.489304 196.482529 82.905853 26.116417 202.701813 85.765526 109.225388 173.331619 109.878082               3773 
28.107214 154.652191 63.575676 73.523979 196.458572 82.898087 25.930910 202.333847 85.568695 109.213547 173.209503 109.847473               3791 
28.109852 154.672958 63.565052 73.526466 196.455780 82.904617 25.775259 202.061584 85.422104 109.192703 173.167068 109.850662               3809 
28.176903 154.648972 63.603146 73.527054 196.453110 82.906723 25.623775 201.693985 85.195030 109.178665 173.137238 109.848633               3828 
28.210306 154.746384 63.646187 73.546448 196.479782 83.013069 25.511467 201.353683 84.889549 109.076675 173.073029 110.036400               3846 
28.194336 154.918655 63.739330 73.590736 196.548447 83.114769 25.451561 201.202484 84.692680 109.013115 173.043518 110.194427               3864 
28.166626 155.202759 64.046822 73.694252 196.692245 83.348938 25.480886 201.343933 84.716995 108.974190 173.079620 110.520683               3882 
28.150736 155.422012 64.294861 73.776772 196.806885 83.535629 25.473520 201.392700 84.688972 108.942749 173.109482 110.781204               3901 
28.113081 155.649597 64.459152 73.856392 196.893845 83.652405 25.464800 201.361465 84.674156 108.969917 173.043961 110.832497               3919 
27.941296 156.197968 64.865013 74.008934 197.151520 83.766266 25.657932 202.027893 84.950790 109.015221 173.045044 110.858170               3939 
27.895578 156.314697 64.900764 74.045593 197.178665 83.794136 25.688900 202.142960 84.963089 108.995773 173.002350 110.896240               3961 
27.799210 156.460587 64.957016 74.114044 197.202667 83.826477 25.744225 202.246613 85.072739 109.058319 172.944794 110.863243               3982 
27.740490 156.507370 64.760399 74.176010 197.054642 83.865906 25.780308 202.062561 85.133759 109.115227 172.596191 110.727943               4004 
27.487774 156.991196 64.850510 74.235985 197.195862 83.960533 25.871414 202.518799 85.287773 109.041290 172.469635 110.751152               4026 
27.121449 157.859222 65.046036 74.392174 197.471497 84.132927 26.080959 203.343063 85.583649 108.969032 172.281357 110.786858               4047 
26.803616 158.650330 65.222145 74.525398 197.720367 84.306831 26.231226 204.140320 85.913612 108.878113 172.110336 110.850212               4070 
26.242863 160.441132 65.734428 74.845001 198.322205 84.993362 26.692865 205.758835 86.750999 108.686409 171.767181 111.263580               4092 
26.138317 161.639023 65.869720 75.309341 198.480530 85.663422 27.240507 206.608978 87.315140 108.605339 171.040985 111.720711               4114 
26.147058 162.375504 65.965179 75.639786 198.594177 86.030823 27.595259 207.056366 87.547623 108.564445 170.602661 111.972595               4134 
26.230057 162.682388 65.787247 75.766640 198.595947 86.240837 27.646355 206.883118 87.348587 108.418304 170.287888 112.184174               4154 
26.295040 162.871078 65.675072 75.850449 198.597107 86.379578 27.636152 206.556381 87.088539 108.321114 170.080688 112.321892               4174 
26.374220 163.206909 65.691177 75.980286 198.716263 86.573425 27.684523 206.331116 86.813240 108.234688 169.962936 112.524033               4195 
26.524193 163.508682 65.821510 76.144386 198.863174 86.790756 27.793335 206.316086 86.689964 108.192574 169.897400 112.760567               4215 
26.565060 165.471512 66.678230 76.973701 199.609375 87.530273 28.762123 208.145920 87.310646 108.208153 169.757278 113.487831               4235 
27.096115 165.182693 66.732590 77.245125 199.420593 87.923378 28.946016 207.573807 87.424530 108.445396 169.465118 113.802849               4255 
27.388269 165.067551 66.824905 77.414261 199.359650 88.123955 29.101454 207.472076 87.591759 108.594742 169.325226 113.935677               4274 
27.910873 164.570129 67.204704 77.648857 199.066742 88.575348 29.295906 207.075211 88.041313 108.843613 168.936508 114.257835               4332 
28.025126 164.317535 67.117622 77.601250 198.917725 88.647064 29.229338 206.813187 88.062561 108.822975 168.766907 114.272545               4352 
28.180414 164.036850 67.132187 77.571007 198.795700 88.739014 29.183941 206.604095 88.138077 108.815193 168.636414 114.327148               4371 
28.408070 163.640244 67.213478 77.556259 198.613510 88.862099 29.156139 206.347778 88.255516 108.826714 168.442383 114.404137               4391 
28.615286 163.174240 67.241249 77.478386 198.434555 88.969185 29.044077 205.967834 88.305359 108.830070 168.317368 114.475281               4411 
28.781752 162.785004 67.264297 77.437004 198.283020 89.026695 28.974436 205.622467 88.312515 108.873146 168.240326 114.516693               4432 
28.895782 162.505722 67.312622 77.405792 198.181122 89.075897 28.926668 205.402939 88.340103 108.900620 168.188950 114.552940               4452 
29.006063 162.270111 67.366707 77.381287 198.101135 89.114525 28.898533 205.242035 88.360733 108.922096 168.148773 114.581520               4473 
29.100470 162.009552 67.418236 77.351456 197.968307 89.181274 28.857002 204.996689 88.422752 108.956696 168.033966 114.589500               4494 
29.170853 161.798172 67.455139 77.313591 197.878235 89.245575 28.807148 204.776184 88.428741 108.969276 167.992294 114.647987               4514 
29.233671 161.613113 67.488251 77.281143 197.801056 89.300659 28.764730 204.601883 88.446022 108.979965 167.956741 114.698219               4537 
29.274748 161.440094 67.521935 77.241165 197.719574 89.365532 28.714651 204.402344 88.467201 108.991425 167.909882 114.739464               4560 
29.322720 161.294891 67.564262 77.232544 197.653931 89.407227 28.688377 204.165756 88.437645 109.052193 167.875687 114.731133               4584 
29.360632 161.174866 67.597313 77.225426 197.599716 89.441658 28.650036 203.927002 88.357452 109.102325 167.847656 114.724297               4608 
29.387823 161.057266 67.616722 77.201149 197.550095 89.485405 28.581787 203.629669 88.188194 109.121231 167.822296 114.742073               4632 
29.412102 160.957321 67.634224 77.180557 197.508011 89.522514 28.496880 203.318146 87.975960 109.137260 167.800873 114.757210               4655 
29.374796 160.915405 67.688843 77.155693 197.494827 89.559654 28.408089 203.118729 87.848755 109.145790 167.788300 114.752708               4679 
29.319912 160.879944 67.713570 77.134422 197.483551 89.591415 28.345961 202.956879 87.745399 109.153061 167.777573 114.748840               4703 
29.239233 160.859268 67.708565 77.123215 197.475464 89.614021 28.301550 202.815948 87.647186 109.165657 167.769745 114.741432               4728 
29.134899 160.848221 67.703766 77.109627 197.464767 89.645424 28.248947 202.691208 87.588524 109.179672 167.758911 114.737434               4752 
29.064178 160.829926 67.746628 77.100792 197.441635 89.700928 28.184181 202.536194 87.506310 109.179817 167.721344 114.764336               4777 
29.016169 160.822128 67.763512 77.092270 197.409088 89.756805 28.113508 202.261642 87.268089 109.155357 167.658493 114.804657               4801 
28.959465 160.818787 67.764854 77.084824 197.380615 89.805672 28.035295 201.954895 86.993584 109.133957 167.603546 114.839905               4826 
28.325649 161.230072 67.221230 77.102425 197.330490 89.801704 28.060314 201.428131 86.487144 109.142654 167.506958 114.791985               4850 
27.802052 161.570953 66.772476 77.118492 197.284760 89.798080 28.165131 200.557526 85.682526 109.150543 167.418854 114.748215               4875 
26.914377 162.283554 66.070885 77.126389 197.293900 89.792023 28.308153 199.652908 84.806282 109.133842 167.396347 114.735832               4898 
26.169800 163.026932 65.658447 77.130287 197.404343 89.790627 28.409307 199.279221 84.243805 109.036453 167.402374 114.738815               4920 
25.109419 164.048264 64.903023 77.133492 197.449799 89.799255 28.499676 198.897690 83.796951 108.974762 167.362274 114.727318               4941 
24.010208 165.129684 64.089241 77.143265 197.479050 89.811966 28.590246 198.551025 83.419167 108.928810 167.316101 114.719986               4962 
23.082102 166.067734 63.419594 77.155151 197.509247 89.824593 28.667704 198.330902 83.159363 108.884155 167.263214 114.703949               4981 
22.432930 166.787247 62.985813 77.154808 197.551956 89.795982 28.733370 198.177673 82.883743 108.805840 167.182861 114.624687               5001 
21.951366 167.402588 62.727619 77.144249 197.629349 89.781784 28.797480 198.091675 82.627487 108.693733 167.118118 114.565430               5019 
21.562490 167.950226 62.532654 77.128746 197.712601 89.766144 28.896502 197.884018 82.233238 108.556984 167.056610 114.525185               5038 
21.247656 168.406952 62.287594 77.084297 197.798706 89.696274 29.080696 197.208328 81.319542 108.361168 167.034561 114.512772               5057 
20.967524 168.840012 62.093563 77.042725 197.896713 89.639099 29.244001 196.613159 80.490944 108.171951 167.030655 114.514610               5076 
20.728676 169.290680 61.973095 77.070625 197.982956 89.577621 29.379885 196.341721 79.976425 108.063210 166.982529 114.456673               5094 
20.501240 169.705414 61.877323 77.067101 198.073120 89.550919 29.468735 196.090256 79.498093 107.920883 166.955215 114.455818               5114 
20.267384 170.198410 61.787426 77.066208 198.205383 89.510780 29.514017 196.056183 79.116531 107.742805 166.947174 114.458817               5132 
20.060230 170.838379 61.698715 77.101921 198.402267 89.459373 29.559761 196.247757 78.791267 107.551826 166.924866 114.409523               5150 
19.870457 171.466202 61.691639 77.129242 198.609009 89.460556 29.597055 196.517487 78.583496 107.347748 166.914886 114.417679               5168 
19.745903 171.844223 61.686470 77.142639 198.685364 89.501839 29.639004 196.452652 78.317726 107.193321 166.833435 114.460724               5187 
19.635057 172.133255 61.669727 77.153061 198.744720 89.533951 29.677544 196.316162 78.044792 107.072594 166.770844 114.494446               5206 
19.533689 172.361694 61.648453 77.161865 198.794937 89.561096 29.692951 196.238556 77.849709 106.970062 166.718414 114.523132               5226 
19.441879 172.597473 61.623089 77.181526 198.856140 89.585899 29.706995 196.205276 77.667763 106.873436 166.665848 114.540039               5245 
19.336794 172.896118 61.617695 77.205353 198.956177 89.626999 29.743076 196.199844 77.473915 106.761520 166.625031 114.560204               5265 
19.249662 173.217499 61.612854 77.248901 199.075409 89.665283 29.801493 196.209076 77.265060 106.655243 166.598831 114.586594               5286 
19.176334 173.508835 61.611732 77.289612 199.199463 89.700516 29.852434 196.212601 77.068413 106.559662 166.579529 114.595055               5307 
19.117933 173.762039 61.606121 77.326042 199.308746 89.729980 29.853552 196.325577 76.979279 106.476089 166.567749 114.606384               5328 
19.018795 173.959686 61.623802 77.325836 199.379272 89.754784 29.810261 196.439575 76.947807 106.377472 166.516632 114.585876               5351 
18.975477 174.083389 61.661736 77.362534 199.432465 89.781303 29.794193 196.509598 76.920212 106.323654 166.479691 114.598671               5374 
18.935862 174.192154 61.671009 77.395882 199.474121 89.795662 29.782158 196.539246 76.873154 106.276886 166.446716 114.607185               5396 
18.913921 174.319595 61.659973 77.445381 199.514206 89.795273 29.787958 196.533005 76.775726 106.237328 166.409805 114.607689               5420 
18.818195 174.837723 61.626858 77.490479 199.728973 89.815224 29.797186 196.850723 76.684349 106.085999 166.439072 114.606613               5443 
18.727903 175.375504 61.590714 77.539581 199.958313 89.832390 29.821873 197.153122 76.583717 105.939064 166.482193 114.598335               5467 
18.682665 175.539276 61.538036 77.572723 199.994507 89.817886 29.836260 197.203049 76.494003 105.852585 166.424286 114.593361               5491 
18.648027 175.647812 61.497784 77.596878 200.020874 89.807312 29.827967 197.236191 76.444862 105.789322 166.382401 114.589828               5515 
18.613848 175.801376 61.433403 77.626854 200.060364 89.779907 29.810419 197.333252 76.414642 105.715942 166.340714 114.569458               5539 
18.619787 175.952881 61.215874 77.670685 200.097183 89.678047 29.813641 197.456375 76.273018 105.597374 166.264862 114.497543               5563 
18.653999 176.064941 60.982754 77.725632 200.147278 89.581665 29.888031 197.583801 76.067230 105.469795 166.224548 114.482346               5587 
18.674582 176.309921 60.881054 77.794624 200.276230 89.594002 29.988966 197.827057 75.979614 105.354118 166.215698 114.511627               5611 
18.680368 176.662796 60.693130 77.848396 200.456436 89.563751 30.125490 197.946945 75.746216 105.215034 166.238785 114.478661               5635 
18.659765 176.778229 60.671700 77.887993 200.489639 89.600288 30.217505 197.859100 75.692299 105.176048 166.190216 114.488960               5659 
18.663013 176.852020 60.597973 77.912056 200.529007 89.607292 30.311167 197.715210 75.581276 105.133446 166.180328 114.501038               5683 
18.677818 176.908310 60.466511 77.943382 200.562119 89.579544 30.371132 197.715866 75.483528 105.083443 166.159042 114.486954               5707 
18.680443 176.932526 60.353191 77.962891 200.595123 89.558960 30.417967 197.714371 75.405281 105.031281 166.146515 114.481415               5731 
18.660675 176.919876 60.276825 77.968575 200.611923 89.558723 30.435308 197.697586 75.382286 104.989304 166.136795 114.496246               5755 
18.642017 176.915649 60.193352 77.979240 200.622330 89.550125 30.436911 197.687027 75.397621 104.961372 166.112457 114.481369               5779 
18.626259 176.938721 60.098640 77.989487 200.649261 89.537575 30.410717 197.717697 75.481140 104.937607 166.102417 114.454399               5803 
18.605314 176.999985 59.993279 77.989655 200.705521 89.528755 30.361643 197.799881 75.582985 104.892769 166.121170 114.442184               5827 
18.545742 177.044983 59.886303 77.971909 200.740829 89.508369 30.281256 197.885071 75.735634 104.858749 166.122299 114.391861               5851 
18.452272 177.071960 59.727921 77.927971 200.764313 89.486641 30.200411 197.931763 75.846832 104.796516 166.119904 114.353882               5876 
18.367214 177.093613 59.569630 77.877701 200.788773 89.460686 30.133362 197.973709 75.914833 104.726074 166.120728 114.316765               5900 
18.280493 177.134979 59.413250 77.819061 200.823471 89.423683 30.070702 198.031799 75.971390 104.640358 166.124603 114.265991               5924 
