31.477621 182.471008 86.815895 96.555550 194.750809 96.853973 34.646790 176.708206 91.972290 124.606850 159.830261 119.967033                  0 
31.539333 182.427032 86.816849 96.561028 194.769302 96.848412 34.673775 176.733551 91.943649 124.588776 159.833908 119.967606                 25 
31.582956 182.409592 86.811852 96.562180 194.791824 96.850777 34.693455 176.769760 91.918777 124.563026 159.840775 119.978912                 51 
31.631145 182.374557 86.809021 96.575508 194.798248 96.846909 34.718193 176.785919 91.897728 124.558792 159.836121 119.979561                 77 
31.686016 182.391174 86.752029 96.592941 194.873154 96.823250 34.741459 176.861206 91.838127 124.553017 159.918365 119.995018                103 
31.722090 182.506989 86.681908 96.560463 195.170761 96.898720 34.768852 177.035416 91.780632 124.503662 160.333603 120.267143                130 
31.750032 182.579971 86.707077 96.562752 195.340805 96.981911 34.804016 177.131577 91.806198 124.522621 160.533279 120.374565                156 
31.758923 182.613770 86.733665 96.572571 195.429276 97.038460 34.833401 177.183914 91.832932 124.542892 160.622711 120.420029                182 
31.727390 182.623199 86.660408 96.531029 195.494995 97.056686 34.812366 177.221451 91.763550 124.481094 160.699738 120.479263                208 
31.699152 182.621765 86.597740 96.495331 195.551483 97.072342 34.789677 177.256683 91.704826 124.427917 160.765900 120.530136                234 
31.673817 182.612137 86.568550 96.486748 195.537186 97.067886 34.773296 177.276917 91.675217 124.395073 160.722580 120.511467                260 
31.658405 182.583847 86.552155 96.477379 195.538300 97.065590 34.762234 177.297546 91.652534 124.366463 160.709869 120.511543                286 
31.639603 182.546188 86.526649 96.440170 195.565536 97.074295 34.732281 177.343307 91.594559 124.288689 160.726440 120.552628                312 
31.635490 182.469635 86.502022 96.384239 195.627411 97.094261 34.678856 177.429703 91.519325 124.173996 160.789825 120.644318                338 
31.627775 182.390427 86.491112 96.343689 195.652023 97.095703 34.633114 177.476746 91.467682 124.100807 160.802689 120.666878                364 
31.618719 182.297897 86.486855 96.305756 195.648163 97.091095 34.589893 177.497833 91.423416 124.040604 160.773651 120.651237                389 
31.600151 182.219788 86.474533 96.259117 195.645340 97.082832 34.539635 177.515472 91.372337 123.972679 160.748199 120.634499                415 
31.571836 182.163147 86.468102 96.214905 195.626480 97.078232 34.487907 177.525482 91.334618 123.909729 160.697479 120.604736                441 
31.545469 182.116745 86.463730 96.176590 195.599976 97.072395 34.440693 177.529938 91.298653 123.853943 160.636169 120.567711                467 
31.506529 182.072037 86.450119 96.139397 195.526733 97.060242 34.383266 177.518402 91.260620 123.793915 160.496704 120.483719                493 
31.474705 182.039917 86.457367 96.109276 195.469254 97.054932 34.337425 177.515991 91.241539 123.744179 160.380783 120.413971                519 
31.470562 182.027145 86.471703 96.104362 195.463120 97.055504 34.327480 177.522537 91.246689 123.736580 160.363281 120.400642                547 
31.463570 182.024567 86.476303 96.099800 195.457092 97.053123 34.318245 177.527985 91.248184 123.728645 160.347595 120.387711                572 
31.450144 182.023117 86.478622 96.091171 195.443451 97.048965 34.306770 177.527817 91.245491 123.715721 160.318436 120.365295                597 
31.425432 182.018723 86.468002 96.067284 195.437088 97.044258 34.279926 177.526810 91.232155 123.687828 160.304199 120.353470                624 
31.398590 182.017715 86.461700 96.041122 195.431747 97.044830 34.251591 177.526520 91.218773 123.657158 160.289169 120.344757                650 
31.372471 182.021332 86.448669 96.015366 195.429489 97.040947 34.229244 177.526230 91.195511 123.624512 160.278641 120.336594                676 
31.346170 182.020203 86.433006 95.993568 195.417816 97.031448 34.210777 177.521591 91.170403 123.594788 160.255081 120.318527                702 
31.329283 182.017609 86.436943 95.983505 195.397202 97.029335 34.202587 177.514297 91.160912 123.579033 160.216766 120.296432                729 
31.286190 182.031036 86.418251 95.933907 195.428436 97.032722 34.182602 177.512177 91.113182 123.522087 160.266006 120.335716                755 
31.255325 182.036163 86.408409 95.901360 195.436859 97.035217 34.181091 177.493561 91.068787 123.483978 160.274796 120.345345                781 
31.233406 182.042526 86.400703 95.880981 195.437180 97.034554 34.185928 177.477005 91.030128 123.455856 160.269257 120.345016                808 
31.203014 181.978516 86.322411 95.862587 195.338837 96.931923 34.160206 177.404526 90.937790 123.449799 160.110992 120.137070                834 
31.085651 182.007080 86.165375 95.713600 195.452469 96.859459 34.049137 177.437729 90.780083 123.294464 160.295456 120.179283                861 
30.955996 182.012344 86.017151 95.538589 195.586517 96.815460 33.952209 177.417572 90.589241 123.129578 160.518524 120.257027                887 
30.887934 182.001770 85.913490 95.446617 195.655090 96.742554 33.888893 177.407028 90.473679 123.063324 160.624054 120.209076                913 
30.828291 181.993179 85.769089 95.356133 195.747299 96.630775 33.830070 177.407928 90.325821 123.010063 160.757736 120.115334                939 
30.774027 181.994751 85.671524 95.271965 195.836395 96.553993 33.772129 177.421783 90.219910 122.957787 160.878387 120.047974                964 
30.819448 181.990433 85.746109 95.321861 195.844299 96.572670 33.818092 177.418091 90.287224 123.043770 160.869141 119.998474                990 
30.869028 181.967133 85.776649 95.369453 195.855896 96.575569 33.864460 177.401886 90.337151 123.128937 160.879532 119.955032               1016 
30.894098 181.967438 85.812439 95.406464 195.871201 96.589172 33.899395 177.397049 90.392952 123.194748 160.895096 119.934792               1041 
30.934866 181.981598 85.890656 95.496635 195.855225 96.635170 33.969765 177.380920 90.508720 123.323967 160.857727 119.902069               1067 
31.045813 182.028839 86.081985 95.687271 195.847458 96.719193 34.108223 177.390045 90.785454 123.603241 160.797989 119.800919               1093 
31.087404 182.090103 86.199249 95.829926 195.823792 96.782532 34.184628 177.390213 91.023468 123.814850 160.732147 119.716240               1118 
31.086081 182.174332 86.271683 95.939590 195.805588 96.831223 34.255077 177.388290 91.199364 123.977318 160.681824 119.650963               1144 
31.045027 182.259735 86.305458 96.006409 195.774246 96.862534 34.292461 177.379608 91.316383 124.076424 160.619019 119.593956               1169 
31.011379 182.326172 86.335899 96.071793 195.722031 96.878189 34.332539 177.354843 91.416466 124.168678 160.529404 119.518387               1194 
31.042528 182.334442 86.365356 96.162560 195.641373 96.871750 34.394871 177.338516 91.519745 124.270401 160.396942 119.417549               1220 
31.092382 182.326935 86.390182 96.246155 195.561371 96.863365 34.454765 177.327225 91.587868 124.348038 160.264511 119.334457               1245 
31.165979 182.351822 86.429482 96.359573 195.435974 96.865776 34.516743 177.353134 91.662369 124.408676 160.048019 119.259407               1270 
31.209621 182.386307 86.451180 96.429482 195.352097 96.879005 34.552738 177.385223 91.697548 124.423340 159.899307 119.239174               1295 
31.207283 182.411011 86.477913 96.441277 195.309967 96.908981 34.549294 177.404495 91.723923 124.402679 159.818878 119.249001               1321 
31.194944 182.433075 86.494278 96.442284 195.285034 96.931953 34.551781 177.414627 91.736534 124.380775 159.768387 119.259995               1346 
31.186750 182.442444 86.503975 96.442535 195.283813 96.938385 34.555485 177.416870 91.748077 124.378914 159.761948 119.260773               1372 
31.182775 182.449371 86.512291 96.446442 195.282593 96.942337 34.557159 177.422028 91.760017 124.381500 159.757538 119.261330               1397 
31.173027 182.456360 86.516838 96.449806 195.280304 96.946686 34.557777 177.425323 91.772667 124.383865 159.753052 119.263435               1423 
31.157743 182.464264 86.518814 96.452538 195.276505 96.951408 34.556450 177.427811 91.788086 124.386002 159.747543 119.266151               1449 
31.149288 182.469345 86.528076 96.454376 195.285156 96.968681 34.558163 177.431335 91.808174 124.388069 159.765854 119.298546               1475 
31.131670 182.486084 86.543274 96.443710 195.323105 97.004448 34.553631 177.446854 91.835747 124.377563 159.834595 119.382988               1501 
31.117144 182.499817 86.554260 96.431511 195.360931 97.035667 34.548248 177.462097 91.856781 124.364830 159.903091 119.463448               1527 
31.099890 182.521530 86.547989 96.409050 195.406647 97.051834 34.522400 177.493073 91.862007 124.336067 159.980286 119.537132               1553 
31.092150 182.525848 86.547112 96.385460 195.454880 97.068069 34.504025 177.515274 91.853546 124.308731 160.062927 119.612122               1579 
31.096512 182.507202 86.523956 96.367500 195.492462 97.066551 34.495075 177.527084 91.816231 124.282211 160.130981 119.668961               1606 
31.121078 182.451187 86.474525 96.356148 195.515793 97.049568 34.493587 177.526825 91.750198 124.257065 160.184799 119.716583               1632 
31.109491 182.386169 86.420898 96.314812 195.532013 97.052391 34.476002 177.492294 91.667786 124.209602 160.233017 119.776756               1659 
31.023527 182.274841 86.165039 96.140648 195.647400 96.984108 34.389481 177.423920 91.376534 124.036995 160.463242 119.883934               1685 
30.943506 182.172272 85.937439 95.965340 195.750504 96.921379 34.283554 177.384659 91.113319 123.853065 160.655518 119.968094               1711 
30.908922 182.073334 85.794487 95.858459 195.779785 96.867172 34.220795 177.343628 90.919861 123.732239 160.709366 119.968079               1737 
30.893211 181.984848 85.690346 95.777428 195.801041 96.821770 34.178440 177.309937 90.766098 123.639641 160.746429 119.960594               1762 
30.874069 181.924316 85.600044 95.710571 195.818573 96.784302 34.147251 177.279190 90.634155 123.563164 160.776978 119.954399               1787 
30.927549 181.810944 85.508781 95.680450 195.817612 96.719398 34.134609 177.275330 90.486099 123.500801 160.774673 119.926178               1812 
31.019629 181.653015 85.450478 95.657280 195.812103 96.659042 34.124035 177.276276 90.353813 123.443825 160.763702 119.898048               1838 
31.132860 181.467422 85.428154 95.637177 195.804184 96.611183 34.118778 177.276184 90.243500 123.392761 160.746613 119.873337               1863 
31.250978 181.268860 85.402702 95.611351 195.791687 96.567139 34.154587 177.254227 90.109589 123.325653 160.723480 119.862473               1888 
31.374447 181.080215 85.377556 95.570564 195.806747 96.526451 34.170155 177.263428 89.960457 123.234512 160.730164 119.868980               1913 
31.630823 180.776962 85.438614 95.567093 195.788010 96.488861 34.173008 177.290131 89.849091 123.175629 160.682068 119.852859               1938 
31.898951 180.458023 85.520187 95.564018 195.771408 96.455582 34.191799 177.305969 89.747154 123.123444 160.639511 119.838509               1962 
32.116825 180.195786 85.576630 95.553307 195.755737 96.423569 34.199356 177.334290 89.643913 123.058121 160.591019 119.821457               1986 
32.189598 180.078293 85.544846 95.479385 195.777603 96.399063 34.227856 177.340759 89.465508 122.920982 160.584702 119.828804               2011 
32.209309 180.014587 85.466690 95.389801 195.803192 96.363434 34.243130 177.347672 89.257568 122.765129 160.579453 119.824333               2035 
32.273308 179.929230 85.382065 95.320023 195.836548 96.303101 34.240582 177.403076 89.049347 122.614014 160.590775 119.825592               2059 
32.354740 179.825439 85.285866 95.255852 195.870285 96.226608 34.248264 177.460907 88.818214 122.459732 160.609573 119.830933               2083 
32.363163 179.725052 85.182854 95.145355 195.774353 96.173386 34.296612 177.437347 88.483315 122.214142 160.361679 119.705429               2156 
32.353100 179.720749 85.144981 95.115471 195.740662 96.156960 34.309246 177.440140 88.387329 122.141289 160.269821 119.650757               2180 
32.322033 179.725510 85.108154 95.074394 195.705246 96.142616 34.342224 177.424591 88.279449 122.061241 160.169174 119.582581               2204 
32.333981 179.728638 85.040192 95.063919 195.685944 96.090881 34.366978 177.455032 88.170303 122.000160 160.099365 119.512405               2228 
32.422115 179.627518 85.079407 95.056831 195.682434 96.079750 34.405960 177.469223 88.124664 121.965027 160.070892 119.495575               2253 
32.540440 179.485901 85.153450 95.056015 195.683670 96.076172 34.419662 177.486725 88.110298 121.948036 160.061356 119.494209               2278 
32.645538 179.356171 85.219826 95.055260 195.684814 96.072845 34.425648 177.505249 88.098289 121.932236 160.052505 119.492943               2303 
32.746666 179.257462 85.286369 95.048584 195.697357 96.072083 34.438240 177.549347 88.069458 121.892929 160.046249 119.500984               2328 
32.828281 179.186386 85.303406 95.031273 195.718018 96.045662 34.435600 177.622543 87.993111 121.817596 160.047531 119.511452               2354 
32.856682 179.170853 85.272751 95.009834 195.736832 96.003937 34.443573 177.698044 87.882362 121.728294 160.043945 119.512978               2379 
32.871857 179.167709 85.208603 94.981964 195.749649 95.947845 34.451740 177.773697 87.734703 121.618004 160.030182 119.509987               2405 
32.872459 179.162567 85.165062 94.944908 195.760880 95.917007 34.448605 177.846085 87.606689 121.503632 160.011429 119.520912               2430 
32.847847 179.186630 85.115891 94.890808 195.787750 95.898232 34.455944 177.925354 87.454811 121.360756 160.008209 119.556244               2456 
32.804451 179.229172 85.000343 94.812843 195.830475 95.851555 34.418365 178.041733 87.245499 121.163994 160.031174 119.612038               2481 
32.748516 179.266266 84.922523 94.725533 195.877197 95.832848 34.381561 178.155182 87.046165 120.961853 160.052185 119.681488               2507 
32.749310 179.237564 84.861504 94.653915 195.931839 95.789375 34.349697 178.272095 86.841766 120.782135 160.093796 119.736931               2532 
32.787392 179.152603 84.839333 94.594147 195.977432 95.753105 34.346889 178.354446 86.649643 120.632004 160.128830 119.783096               2557 
32.831593 179.043289 84.840912 94.536201 196.018509 95.727699 34.383907 178.398239 86.432487 120.493530 160.159027 119.828491               2583 
32.847027 178.963959 84.831329 94.479744 196.023880 95.718636 34.413231 178.426666 86.227013 120.353943 160.126434 119.852280               2608 
32.857849 178.901108 84.817787 94.442581 195.997253 95.712036 34.513329 178.400650 85.974785 120.236626 160.042450 119.846115               2633 
32.877346 178.837418 84.812737 94.411736 195.959641 95.711670 34.579586 178.392685 85.761887 120.124802 159.937317 119.831451               2658 
32.884548 178.799515 84.820274 94.365395 195.963333 95.727013 34.689648 178.361816 85.526520 120.005577 159.895584 119.856506               2683 
32.899879 178.747650 84.806976 94.342194 195.938141 95.724792 34.728321 178.365265 85.376320 119.916672 159.818542 119.846474               2708 
32.888142 178.734711 84.787247 94.317688 195.908096 95.730415 34.788437 178.363266 85.216545 119.820076 159.724487 119.832458               2733 
32.880695 178.720490 84.769585 94.299225 195.907501 95.727386 34.875359 178.340942 85.061264 119.754295 159.694153 119.834801               2758 
32.870960 178.699326 84.768959 94.287064 195.911484 95.724236 34.960697 178.318161 84.935829 119.711227 159.673538 119.827286               2782 
32.862209 178.676666 84.773026 94.276100 195.915894 95.722366 35.047676 178.292023 84.819756 119.672462 159.655334 119.820702               2807 
32.800602 178.719574 84.637627 94.203911 195.983871 95.635979 35.031036 178.377121 84.608330 119.521027 159.723618 119.818031               2832 
32.812859 178.663651 84.666824 94.171555 196.039063 95.611755 35.066826 178.426544 84.500641 119.446579 159.774689 119.831619               2857 
32.859131 178.561600 84.749268 94.149231 196.094818 95.605789 35.145210 178.447632 84.384079 119.391296 159.822632 119.848328               2882 
32.882259 178.495758 84.825539 94.118576 196.162491 95.611053 35.247890 178.465408 84.255913 119.325050 159.874817 119.867462               2907 
32.869816 178.445541 84.780724 94.077766 196.208572 95.574059 35.316963 178.467255 84.083740 119.240250 159.922928 119.879120               2932 
32.858860 178.391678 84.811951 94.045067 196.217148 95.594330 35.360909 178.469147 83.992081 119.172256 159.898697 119.886864               2957 
32.855541 178.334427 84.833199 94.027870 196.214050 95.607109 35.414951 178.458511 83.903214 119.126442 159.862625 119.879921               2982 
32.851311 178.288620 84.846878 94.022530 196.201263 95.616554 35.462593 178.449188 83.835320 119.096344 159.813950 119.861153               3007 
32.835983 178.275009 84.852432 94.012558 196.190872 95.632820 35.508606 178.446182 83.765175 119.056648 159.761673 119.845222               3033 
32.812950 178.253448 84.803452 93.995056 196.195480 95.622513 35.539536 178.443817 83.670952 119.010658 159.749847 119.839645               3058 
32.774708 178.243256 84.767395 93.965736 196.204056 95.633011 35.567219 178.453629 83.578247 118.943489 159.725723 119.839973               3083 
32.755798 178.330536 84.702095 93.969070 196.295486 95.642929 35.583447 178.603592 83.487015 118.908920 159.735306 119.765350               3108 
32.739544 178.393066 84.645859 93.972099 196.378494 95.651939 35.583923 178.751282 83.423615 118.877594 159.744217 119.697311               3134 
32.474789 177.757309 84.521217 93.450653 196.925095 95.228905 35.335743 178.241257 83.284119 119.072182 160.824249 119.328690               3159 
32.245087 177.220825 84.461388 93.011185 197.308151 94.888329 35.114025 177.815796 83.206726 119.212021 161.605423 118.958344               3184 
32.135056 176.922440 84.356003 92.805328 197.476410 94.618454 35.004776 177.620270 83.110046 119.306084 161.936432 118.600815               3208 
32.113865 176.821518 84.316132 92.787186 197.446167 94.567139 34.973358 177.613312 83.096252 119.324097 161.858871 118.439117               3230 
32.095596 176.803772 84.251297 92.813469 197.437912 94.508835 34.990108 177.649719 83.065590 119.343071 161.819824 118.342964               3252 
32.071854 176.784790 84.228500 92.818146 197.442490 94.510368 34.998272 177.669968 83.049866 119.332932 161.812531 118.343246               3274 
32.094894 176.792236 84.165771 92.853859 197.456589 94.473610 35.054947 177.696014 82.971802 119.330597 161.830048 118.353859               3296 
32.086937 176.636444 84.091347 92.832596 197.381210 94.383278 35.065678 177.572952 82.879456 119.327301 161.784454 118.288010               3318 
32.092003 176.529083 84.093307 92.805618 197.358841 94.350105 35.087971 177.527496 82.827202 119.299583 161.769333 118.266426               3340 
32.114281 176.425400 84.116882 92.784370 197.342728 94.331932 35.148380 177.475800 82.772408 119.274261 161.756363 118.257431               3362 
32.140305 176.363831 84.102203 92.776520 197.324066 94.290726 35.194832 177.467667 82.686073 119.237411 161.721313 118.223953               3383 
32.183144 176.308578 84.087524 92.750275 197.337723 94.274658 35.257191 177.456329 82.563416 119.170654 161.735519 118.253418               3405 
32.223019 176.272308 84.084122 92.723724 197.356873 94.274246 35.372395 177.410721 82.414894 119.105598 161.760727 118.304329               3426 
32.273529 176.236572 84.091370 92.709358 197.365906 94.272018 35.455223 177.371490 82.300583 119.063736 161.773651 118.338005               3448 
32.331844 176.189636 84.096924 92.654419 197.406250 94.284363 35.490261 177.358093 82.169235 118.966003 161.836166 118.429817               3470 
32.394848 176.146912 84.107964 92.609909 197.442200 94.289833 35.516483 177.354416 82.055550 118.880165 161.897614 118.517715               3493 
32.432510 176.093948 84.065674 92.598770 197.361801 94.247253 35.501095 177.343872 81.957794 118.814079 161.771255 118.467186               3517 
32.458702 176.049927 83.985443 92.615189 197.193893 94.182175 35.476429 177.328110 81.837776 118.744881 161.501862 118.345184               3540 
32.469967 176.009903 83.908028 92.624283 197.044022 94.126595 35.452663 177.306946 81.732735 118.679771 161.262512 118.237366               3564 
32.492676 175.973221 83.765831 92.662315 196.856171 94.010582 35.446674 177.282242 81.569130 118.632233 160.958771 118.041260               3588 
32.516483 175.974136 83.625481 92.689865 196.701630 93.913925 35.435371 177.298203 81.405273 118.566528 160.678284 117.856567               3611 
32.564499 175.986984 83.582268 92.688873 196.631714 93.897148 35.416489 177.336960 81.319580 118.496758 160.529251 117.794830               3636 
32.637154 175.991241 83.584404 92.689194 196.595779 93.893654 35.395638 177.375626 81.268074 118.450264 160.445648 117.769768               3661 
32.696064 175.998245 83.594765 92.687500 196.574692 93.896309 35.370438 177.406982 81.224449 118.415642 160.393158 117.760353               3687 
32.749268 176.011139 83.605034 92.690842 196.558014 93.900093 35.357056 177.436386 81.191154 118.389481 160.348770 117.753914               3712 
32.805893 176.042969 83.567581 92.731461 196.495972 93.884659 35.328396 177.504349 81.135490 118.371353 160.217178 117.695976               3738 
32.855740 176.063919 83.597382 92.745064 196.494476 93.902565 35.262604 177.576797 81.168808 118.384590 160.179337 117.658806               3764 
32.917698 176.130066 83.573822 92.785774 196.521210 93.908974 35.260777 177.662766 81.147713 118.400383 160.173767 117.642670               3789 
32.968937 176.285736 83.603783 92.840317 196.591827 93.971924 35.283958 177.820908 81.165398 118.411095 160.181702 117.656769               3815 
33.020359 176.459427 83.687782 92.899757 196.675751 94.084694 35.315598 177.993011 81.236984 118.422096 160.202301 117.724312               3840 
33.061516 176.562851 83.689270 92.945290 196.720276 94.107330 35.344841 178.087997 81.229492 118.424332 160.227005 117.763046               3865 
33.085388 176.712555 83.792267 92.978500 196.821457 94.214401 35.368011 178.225723 81.322960 118.426178 160.315781 117.884750               3890 
33.149803 176.790787 83.883339 93.083191 196.765991 94.343475 35.438908 178.297256 81.420174 118.480347 160.155945 117.906616               3914 
33.192051 176.841217 83.876961 93.140015 196.763992 94.385696 35.491631 178.333221 81.419830 118.490585 160.144516 117.984352               3939 
33.235786 176.879578 83.905769 93.225113 196.681747 94.460052 35.543678 178.362228 81.457283 118.513893 159.990479 118.013451               3963 
33.332165 176.890137 84.005287 93.383308 196.509705 94.548744 35.612789 178.388489 81.574409 118.610344 159.686874 117.962624               3988 
33.395859 176.909180 84.113632 93.487556 196.402161 94.642609 35.649559 178.419662 81.691925 118.672310 159.488602 117.958946               4012 
33.452240 176.903519 84.125130 93.545906 196.368896 94.667641 35.687939 178.421188 81.707985 118.708664 159.442108 117.986771               4037 
33.461716 176.904938 84.179832 93.557434 196.345200 94.731346 35.677292 178.432556 81.761688 118.716995 159.385742 118.002129               4061 
33.476414 176.910004 84.275414 93.579262 196.315384 94.807930 35.674442 178.444672 81.852783 118.746880 159.309891 117.996689               4086 
33.505138 176.890045 84.380417 93.622780 196.241699 94.877792 35.682568 178.431992 81.956177 118.803436 159.170425 117.946999               4111 
33.523487 176.923462 84.525063 93.618195 196.328888 94.966965 35.684822 178.462173 82.086914 118.847054 159.288895 118.033775               4136 
33.543911 176.893982 84.539406 93.618950 196.317993 94.956940 35.684498 178.431610 82.095520 118.872002 159.285614 118.009499               4161 
33.581467 176.789413 84.549644 93.554832 196.441162 94.923515 35.677681 178.331268 82.088058 118.928612 159.547699 118.066071               4187 
33.614799 176.687302 84.515961 93.511024 196.502945 94.873238 35.677006 178.230530 82.046051 118.971733 159.707932 118.076958               4212 
33.640652 176.615692 84.451454 93.503868 196.471283 94.794525 35.619423 178.199524 82.027466 119.006630 159.685760 117.967094               4238 
33.682480 176.599243 84.441116 93.504738 196.471054 94.787582 35.561321 178.233154 82.065552 119.013611 159.689896 117.960365               4263 
33.738701 176.554626 84.402885 93.510330 196.456116 94.768990 35.502644 178.253784 82.084061 119.026367 159.678024 117.938744               4289 
33.821068 176.489960 84.359863 93.529846 196.422897 94.739746 35.477283 178.239487 82.069916 119.055168 159.642548 117.895699               4314 
33.897953 176.439789 84.359970 93.549980 196.390808 94.728729 35.466351 178.223724 82.081085 119.085297 159.604889 117.864769               4340 
33.954037 176.398117 84.367569 93.560905 196.363998 94.729248 35.453686 178.204254 82.098152 119.105606 159.573196 117.847198               4365 
34.015812 176.311325 84.368385 93.581062 196.305222 94.729607 35.438099 178.148041 82.137871 119.150826 159.506393 117.807045               4391 
34.068581 176.246368 84.358170 93.604599 196.250900 94.719627 35.417248 178.123322 82.180992 119.192024 159.439163 117.756844               4416 
34.112167 176.183151 84.322449 93.625366 196.207199 94.702568 35.424557 178.088409 82.188576 119.231125 159.387085 117.706009               4441 
34.141285 176.150146 84.315269 93.634895 196.192749 94.686478 35.424351 178.078751 82.216690 119.258278 159.378311 117.679375               4467 
34.183113 176.130371 84.334869 93.657028 196.210388 94.674500 35.436710 178.083099 82.275238 119.310883 159.421265 117.673950               4492 
34.204365 176.120834 84.339401 93.660431 196.219284 94.675018 35.430397 178.098740 82.318428 119.328033 159.439529 117.674110               4518 
34.216614 176.116272 84.398155 93.597107 196.406952 94.687126 35.429684 178.093536 82.371330 119.374878 159.742676 117.747284               4543 
34.149361 176.146515 84.442429 93.452766 196.638962 94.692070 35.434776 178.070007 82.371010 119.337196 160.107880 117.843964               4569 
34.128490 176.179428 84.430359 93.409706 196.716812 94.663986 35.455257 178.063599 82.347099 119.327400 160.223618 117.838387               4594 
34.114902 176.202332 84.401985 93.391785 196.726334 94.646713 35.473831 178.043076 82.322952 119.321800 160.236664 117.812912               4620 
34.075035 176.247238 84.403061 93.352455 196.736649 94.688301 35.471733 178.032867 82.337013 119.293068 160.228897 117.814095               4646 
33.956799 176.461395 84.320450 93.298355 196.822174 94.734756 35.428417 178.135117 82.345581 119.212540 160.295883 117.860931               4672 
33.132519 177.279831 83.588013 92.705605 197.336838 94.302086 34.597710 178.878708 82.258812 118.386795 161.073135 118.091896               4697 
32.268009 178.755722 82.564926 92.287857 198.195953 93.517616 33.423733 180.670792 82.653793 117.536835 162.277863 118.274719               4723 
31.874369 180.063904 81.207657 92.325249 199.059067 92.263084 32.236099 182.936996 83.420135 117.248604 163.621918 118.022934               4746 
24.013119 186.643631 72.034218 91.329254 201.175583 88.454010 29.288601 187.973953 82.608170 115.340424 166.450409 115.988708               4767 
18.958725 194.637146 63.674419 92.263908 201.784149 84.842682 27.809027 193.977356 83.482414 115.003891 166.235336 112.405495               4786 
17.347580 202.430801 56.807373 93.424103 202.633026 80.425026 27.515064 200.814713 82.237999 114.251686 166.042542 108.135719               4805 
16.119560 206.357712 50.825596 93.739830 203.205521 75.202347 27.598820 203.858429 79.164307 114.342781 166.185104 102.506950               4826 
15.444715 208.354248 47.327080 93.353149 203.247009 72.735939 27.110952 205.580811 77.169151 113.372879 165.949692 100.097466               4833 
13.611508 217.006241 33.592457 91.880783 204.508453 60.899052 25.788540 215.254990 68.486259 109.246414 166.954895 89.686195               4859 
9.825156 220.487808 12.358312 87.160538 203.673737 44.836216 20.239851 214.168030 50.484383 103.607834 164.829910 72.425667               4878 
7.192473 224.372650 -5.204346 84.030876 203.288040 30.559435 16.352367 212.496872 34.837902 100.414757 163.564774 56.906441               4898 
5.907281 225.857864 -12.362486 82.622543 203.438354 25.073254 14.307906 211.149536 28.508781 99.483894 163.507736 50.798206               4907 
3.517567 229.107071 -28.794085 79.530983 203.182007 11.615541 10.493069 208.195328 12.276575 96.857658 162.717850 36.171021               4925 
2.674630 230.159088 -36.107861 78.334312 203.498245 6.324477 8.831500 206.659393 5.158477 96.115318 163.359070 31.087671               4934 
-0.126226 232.380234 -54.802814 74.660141 204.751633 -8.121902 4.389244 203.680649 -13.414858 93.327881 165.718506 17.732771               4952 
-1.748468 233.509888 -61.799133 73.807091 206.023117 -14.618057 3.019545 202.246567 -20.289618 93.668282 167.918304 11.727539               4962 
-4.438245 231.194855 -88.401558 69.239876 208.397400 -33.447723 -0.569748 195.341461 -46.674107 90.660698 173.276062 -4.324286               4989 
-5.937543 231.802597 -95.910629 67.035568 208.143311 -39.537395 -2.526925 193.902161 -54.368031 88.323090 173.360123 -9.914679               4998 
-7.945295 233.012100 -103.321304 64.663414 207.632675 -45.984257 -4.859482 191.314423 -62.777679 86.288193 172.977402 -16.456057               5007 
-9.402108 235.314850 -110.688057 63.129025 208.152206 -52.747276 -6.691001 190.192795 -70.408623 84.951378 174.033035 -22.743929               5016 
-12.331908 238.512939 -123.553688 58.831970 210.101242 -63.253311 -9.630171 189.196030 -85.051964 80.702156 176.239746 -32.993958               5034 
-13.655499 238.535019 -130.390381 56.779888 210.254044 -68.797600 -11.179240 188.419006 -91.912178 78.442276 176.740341 -38.006252               5043 
-15.034617 238.082062 -138.016724 54.936279 210.228409 -75.444214 -12.869214 187.685318 -99.182625 76.440460 177.136826 -44.090580               5052 
-17.327440 238.827255 -152.714966 51.010063 211.426468 -87.906952 -15.736731 187.216614 -114.558548 72.187477 178.495941 -56.163738               5071 
-17.943886 239.703781 -156.968735 49.454880 211.857559 -91.234215 -16.982512 187.600906 -119.040497 70.154999 178.857758 -59.249023               5080 
-18.717840 239.971420 -162.539612 48.092960 212.260162 -95.969948 -18.250227 187.851364 -124.136719 68.384117 179.581299 -63.398563               5090 
-22.299561 241.452148 -172.830856 44.287933 214.774796 -105.302582 -21.100143 188.686920 -134.510040 64.769073 182.714966 -72.238647               5106 
-23.729332 242.671768 -177.209595 42.802574 216.046616 -109.355362 -22.075075 189.216080 -139.177872 63.344807 184.208984 -76.115089               5115 
-25.876616 243.493988 -181.974945 40.837894 216.957596 -113.830101 -23.476522 189.067520 -144.072922 61.463085 185.634796 -80.154922               5125 
-28.303862 246.468796 -190.359299 37.349529 218.732086 -121.111061 -25.791958 190.197250 -153.446823 57.332764 187.494095 -86.973221               5142 
-29.388123 247.637314 -195.750778 35.682056 221.071564 -125.282738 -26.829609 191.471573 -157.976715 55.347939 190.659592 -90.227074               5151 
-31.756809 250.599594 -206.884811 31.772055 224.977554 -134.314117 -29.294512 193.844727 -168.613846 50.670067 195.457138 -98.093353               5169 
-32.799774 251.470993 -210.745331 29.858105 225.692947 -137.332855 -30.362757 193.989227 -172.970276 48.415588 196.174347 -100.934975               5179 
-34.646187 249.722946 -220.801132 25.595171 227.458893 -144.105408 -33.229019 193.567429 -180.371872 42.892773 199.917633 -105.598198               5196 
-36.157757 249.369202 -223.620377 24.444775 227.294952 -147.080032 -34.176113 192.887314 -183.395706 42.019161 199.847534 -108.631172               5206 
-38.135750 248.849258 -226.145020 22.975887 227.315002 -149.755005 -35.364586 192.117920 -185.978912 40.922977 200.143723 -111.282196               5224 
-39.532227 248.913574 -228.325638 21.743839 227.209274 -152.069397 -36.499447 191.862778 -188.474716 39.819725 199.959122 -113.712845               5233 
-40.717674 248.966888 -230.409058 19.617941 226.963715 -153.434799 -37.638218 191.267349 -191.328186 37.414883 199.469894 -115.121712               5242 
-41.946869 249.295837 -232.130844 17.962650 226.855499 -154.887833 -38.784298 191.057770 -193.681305 35.635651 199.136185 -116.679993               5260 
-42.317329 249.442245 -233.320404 16.834946 226.563141 -155.595169 -39.318504 190.780502 -195.428680 34.222130 198.590790 -117.440651               5269 
-43.384098 249.837173 -233.783707 15.545629 226.645782 -155.933563 -39.866707 190.598633 -196.736069 33.033157 198.420044 -118.012238               5287 
-43.871574 250.421326 -235.767593 14.604528 227.860794 -157.370392 -40.267387 191.291794 -198.506607 31.969162 199.895798 -119.200233               5296 
-44.332481 250.998581 -237.585129 13.734413 228.984161 -158.698853 -40.646072 191.939774 -200.148010 30.979691 201.259018 -120.300270               5306 
-44.738163 254.556351 -235.631760 11.975782 227.645599 -157.248245 -41.414463 193.125656 -202.114746 28.642294 197.562973 -120.399956               5323 
-45.318588 255.272659 -235.156189 11.827172 227.701508 -157.300720 -41.650833 193.478683 -202.321060 28.737331 197.299149 -120.827751               5332 
-44.739315 257.752441 -232.961411 12.808089 228.553055 -155.970581 -41.825222 196.129272 -200.513702 29.228046 197.815720 -119.554436               5350 
-45.854809 258.130341 -233.349960 12.308428 229.017273 -156.776230 -42.204739 196.516708 -201.257156 29.039509 198.319626 -120.468399               5359 
-48.671234 257.173828 -234.446503 11.198082 229.562988 -158.615570 -43.362892 195.856567 -202.111938 28.990042 199.436691 -122.333534               5368 
-50.227154 255.053131 -245.038193 7.201169 231.007675 -166.141418 -46.750610 195.728073 -209.083603 23.460564 202.864960 -127.616699               5390 
-49.458302 253.976715 -247.178940 6.934702 230.687119 -167.305527 -46.857491 195.209763 -210.273453 22.527607 203.038528 -128.152618               5398 
-51.296581 250.641327 -248.622070 5.748394 230.214005 -168.408051 -47.518993 192.777603 -210.365097 21.931866 203.793823 -128.651245               5417 
-50.816257 251.487396 -248.849182 5.698552 230.566895 -168.377594 -47.317177 193.411194 -210.896347 21.595922 203.928421 -128.651031               5427 
-50.682777 251.817780 -249.185944 5.564816 230.634109 -168.581635 -47.321449 193.636490 -211.396042 21.305655 203.895905 -128.859741               5440 
-50.640617 251.721832 -249.693253 5.270880 230.653519 -168.815918 -47.367916 193.570374 -211.864685 20.859453 203.970108 -128.997253               5447 
-48.671734 253.444733 -249.493958 4.673100 229.578537 -167.648651 -46.527477 194.041748 -213.646286 19.011847 201.548523 -128.288101               5469 
-48.466057 253.641129 -249.464645 4.682930 229.517242 -167.559952 -46.351776 194.105408 -213.865784 18.951008 201.353714 -128.269089               5480 
-47.814167 255.491760 -245.393646 5.041533 227.707840 -164.453613 -45.463470 194.294205 -212.802124 19.291857 197.738708 -126.515327               5493 
-48.602097 257.039856 -241.634674 4.668975 226.932907 -161.795685 -44.747875 194.502274 -211.912308 19.565201 195.630478 -125.206139               5505 
-46.256355 260.747284 -238.962448 6.386771 227.839661 -159.805435 -42.885506 197.299835 -211.237839 20.905529 195.320740 -124.136703               5516 
-47.565380 260.937073 -239.212051 6.662947 229.484909 -160.525314 -42.504799 197.699722 -211.301819 22.276392 197.436996 -124.892670               5528 
-49.545757 257.636749 -235.464233 7.635659 227.616470 -158.314896 -43.279949 194.931503 -206.706985 24.616280 196.220413 -122.727257               5541 
-48.616627 259.928925 -234.491592 8.379449 227.883270 -158.014053 -42.351521 196.606125 -207.389923 25.222778 195.592422 -123.169579               5553 
-49.172810 260.848785 -233.302353 8.634069 228.581055 -157.521683 -41.619675 197.341003 -207.248184 26.078699 196.078079 -123.173828               5565 
-25.043900 225.960083 -220.556046 10.569375 228.307266 -153.006638 -39.473083 199.850128 -204.389908 30.656836 193.448288 -122.644173               5577 
-17.503704 209.482468 -213.360367 12.858112 224.111130 -147.868317 -37.590359 194.873993 -197.715607 34.552525 189.801331 -117.989830               5589 
-15.248860 210.492767 -210.761429 13.146371 219.041428 -143.602142 -36.345440 196.779205 -197.421677 34.057590 181.183563 -117.717087               5599 
-14.727621 210.784561 -208.700943 14.331238 216.290634 -141.585587 -35.356224 198.635269 -196.197098 34.020462 176.603363 -117.548332               5611 
-13.902794 210.075989 -209.317154 14.420448 215.350983 -141.901932 -34.031345 199.112854 -197.500824 32.986759 175.234161 -117.684853               5629 
-14.447853 209.609726 -210.172958 15.326906 215.890152 -142.029633 -33.191322 198.351456 -196.925385 33.732147 176.446899 -116.612900               5638 
-16.116627 208.351334 -211.759674 16.779943 216.202988 -142.560379 -32.193817 197.001923 -195.899902 35.062523 177.804337 -115.508125               5656 
-16.605404 207.841705 -212.181503 17.224918 216.298798 -142.722900 -31.570717 196.662186 -195.703735 35.497761 178.243973 -115.182625               5665 
-17.073814 208.958328 -213.044312 17.983454 217.275757 -143.674484 -30.931896 198.169968 -196.276917 35.918133 179.173340 -115.978149               5674 
-17.533749 211.565994 -215.350204 18.021339 221.057297 -145.963760 -30.230890 200.610138 -198.348358 36.969902 183.588303 -118.078995               5683 
-17.891161 212.313004 -216.737564 17.773525 222.831863 -147.259399 -30.033680 201.281448 -199.493851 37.300247 185.895218 -119.064972               5692 
-18.171936 211.684479 -216.928909 17.571562 222.608032 -147.293427 -29.815248 200.608719 -199.570877 37.383213 185.914932 -118.980011               5701 
-19.178778 210.042465 -216.403305 17.051950 222.530487 -147.027756 -29.773796 199.143051 -198.862747 37.657848 186.601761 -118.303925               5711 
-20.324547 207.868927 -215.294617 17.141262 221.926880 -146.671921 -29.225836 197.653168 -197.741745 38.464767 186.693848 -117.612061               5728 
-21.100525 207.129822 -215.066269 17.170019 221.135483 -146.720276 -28.967802 197.339691 -197.668350 38.645264 185.815475 -117.878555               5738 
-21.889732 206.435425 -214.786697 17.266752 220.434677 -146.738220 -28.505144 197.362183 -197.590302 38.682499 184.981094 -118.016388               5746 
-22.139236 206.183624 -214.429367 17.572723 219.557510 -146.371231 -28.067944 197.684647 -197.363678 38.511368 183.685089 -117.818176               5756 
-22.750921 205.706390 -214.077820 17.668097 218.845825 -146.175186 -27.796207 197.923874 -197.141052 38.298325 182.697296 -117.746140               5773 
-23.158195 205.089966 -213.810410 17.775801 218.288696 -146.131104 -27.753336 197.706238 -196.907471 38.194832 182.084564 -117.620453               5782 
-23.446426 204.701569 -213.625198 17.885208 217.904099 -146.080948 -27.553745 197.715515 -196.787521 38.092258 181.624588 -117.515121               5791 
-23.679564 204.443314 -213.569000 18.020931 217.721039 -146.144043 -27.477015 197.825729 -196.716248 38.035366 181.395340 -117.501419               5809 
-23.764658 204.341476 -213.554153 18.069307 217.655792 -146.166534 -27.418728 197.881271 -196.701675 38.015251 181.314438 -117.495995               5819 
-23.815817 204.006073 -213.506989 18.093977 217.609665 -146.169830 -27.246237 197.995438 -196.706253 37.995472 181.264160 -117.473686               5828 
-23.920404 203.688461 -213.462616 18.122833 217.555695 -146.173706 -26.878992 198.183685 -196.776840 37.972519 181.205719 -117.447357               5848 
-24.150181 203.508057 -213.390305 18.191103 217.546768 -146.266968 -26.584391 198.373932 -196.817169 37.984974 181.221680 -117.470695               5873 
-24.312532 203.407074 -213.334076 18.237812 217.540649 -146.330765 -26.388306 198.504684 -196.841797 37.994087 181.233200 -117.486488               5891 
-24.422173 203.267899 -213.286514 18.274149 217.535889 -146.380417 -26.176336 198.620453 -196.882965 38.001511 181.242493 -117.498688               5902 
-24.608042 203.125229 -213.187027 18.330589 217.564926 -146.444656 -26.119942 198.743774 -196.829361 38.027931 181.294250 -117.513939               5914 
-24.614473 203.343582 -213.097031 18.631710 217.806595 -146.530914 -25.874968 199.245956 -196.791031 38.158268 181.493454 -117.537758               5927 
-25.062090 203.121567 -213.039169 18.702991 217.894974 -146.856110 -26.089521 199.281265 -196.734848 38.210812 181.690674 -117.714615               5941 
-25.641367 202.773636 -212.802948 18.664133 217.952927 -147.048935 -26.476593 199.147858 -196.481842 38.290356 181.905060 -117.793221               5956 
-25.782036 202.164001 -212.342529 18.559103 217.499374 -146.630661 -26.503437 198.662033 -196.036987 38.233974 181.503433 -117.343712               5968 
-27.263140 201.695587 -208.288605 19.663181 215.286163 -143.983505 -27.216387 198.641785 -192.118866 38.129345 178.547180 -114.832489               5984 
-28.482929 201.792007 -206.001801 19.613001 213.432114 -142.160645 -27.840824 198.759247 -190.034332 37.339912 175.897293 -113.569946               6000 
-28.905159 201.670486 -205.070923 19.592995 212.692978 -141.433945 -28.171179 198.804276 -189.154785 37.012493 174.851303 -113.059624               6017 
-32.184563 205.891968 -206.755692 17.617310 217.166626 -144.235947 -30.984747 202.950226 -190.983795 36.989731 179.220917 -117.303337               6033 
-32.370296 209.330887 -214.132111 16.899206 226.812347 -152.674866 -31.862408 208.375580 -197.924789 35.766441 191.681473 -121.846581               6050 
-31.559372 207.102432 -215.365936 15.495050 232.134628 -154.829346 -33.342480 208.534058 -198.308014 33.740185 200.900620 -119.728271               6067 
-31.230186 207.808731 -217.214035 14.019475 238.192337 -157.789627 -36.424152 211.298889 -198.935699 31.638941 210.042831 -119.872688               6081 
-29.782734 207.110199 -216.621063 13.153857 240.478470 -157.105835 -39.223217 212.641037 -197.196655 28.728371 214.363525 -116.906609               6094 
-28.971943 206.578156 -214.141891 12.654276 243.230179 -155.658234 -42.576820 213.771194 -193.131882 28.239283 219.076202 -114.255005               6107 
-28.445181 206.166260 -208.738022 12.656693 247.609879 -153.174393 -45.015705 214.884201 -186.360947 29.646004 226.439285 -110.704369               6120 
-29.214333 208.893250 -201.834290 14.906301 250.369400 -148.679855 -46.577862 218.723389 -177.722855 33.344353 229.439407 -106.697624               6132 
-28.788431 211.446701 -197.071304 14.768241 252.074722 -142.824203 -48.129848 221.214340 -171.802475 32.875263 230.412277 -101.070068               6144 
-31.317511 212.810608 -192.350082 11.947990 254.089050 -138.380157 -55.168270 224.783127 -163.619293 30.193075 232.779037 -96.504929               6167 
-31.810669 211.957062 -189.858444 11.675040 254.967133 -137.448212 -56.990707 225.737442 -160.248291 30.124105 235.001251 -95.003784               6177 
-23.063263 209.461243 -170.188309 10.918135 255.653519 -136.136108 -59.227459 227.060333 -156.935333 29.372725 236.703522 -93.230865               6188 
-28.566433 262.298859 -165.764771 25.352314 257.650513 -101.305183 -43.895985 237.927353 -118.204544 47.454384 231.359436 -64.416000               6207 
-29.943926 271.636322 -159.663422 28.310303 257.054688 -92.707779 -40.439842 236.867661 -110.414108 51.604698 228.874649 -58.012089               6216 
-31.065731 275.275848 -152.602402 29.953865 258.047913 -85.656189 -38.670177 237.773880 -103.035667 53.867352 229.723129 -51.503799               6225 
-34.052898 278.474487 -142.149521 30.193487 259.765137 -76.815681 -39.371426 241.185806 -91.382416 54.685825 231.673813 -42.881367               6243 
-34.439468 277.524414 -137.496155 31.116680 261.229431 -72.404335 -38.701710 243.496292 -85.070938 55.846931 234.612091 -37.469166               6256 
-34.169796 275.548096 -117.067627 36.676918 257.883484 -58.157116 -34.280754 243.002945 -64.453804 63.787846 230.789917 -25.423782               6280 
-32.531624 274.852325 -110.343521 39.873840 258.533813 -53.083725 -31.085503 243.725876 -57.612484 67.897377 231.888336 -20.753658               6289 
-29.031038 272.334015 -92.564453 46.846844 257.419464 -40.737103 -24.240877 243.809052 -41.354088 76.705986 230.082489 -10.709531               6307 
-25.165737 271.061554 -83.870232 50.917725 257.079376 -34.167744 -20.410782 245.878616 -34.224209 80.386513 228.633362 -4.791756               6316 
