23.276510 168.206284 77.997314 59.578857 210.537109 61.750080 24.121775 178.140244 55.098301 106.796417 187.096436 76.372169                  0 
23.299044 168.153061 77.900421 59.534431 210.536240 61.715580 24.118027 178.099411 54.999847 106.756592 187.161469 76.428017                 18 
25.404850 168.045609 78.340149 59.522636 210.540024 61.693588 24.127722 178.076401 54.940281 106.750130 187.201889 76.447014                 37 
27.458311 167.963531 78.836159 59.519920 210.539597 61.690620 24.125864 178.057846 54.938873 106.755920 187.223602 76.451836                 56 
28.771116 167.927597 79.202003 59.506310 210.554062 61.703545 24.111200 178.048630 54.962543 106.752991 187.266037 76.474747                 75 
29.485704 167.918198 79.415833 59.494141 210.566986 61.715103 24.097073 178.043121 54.989170 106.750366 187.304001 76.495201                 93 
30.390968 167.921219 79.694077 59.477634 210.585602 61.729908 24.083864 178.039276 55.026836 106.744156 187.350952 76.521652                110 
31.453043 167.927521 80.001152 59.462421 210.602768 61.743553 24.066982 178.027557 55.041473 106.738426 187.394241 76.545990                128 
32.420731 167.943756 80.277214 59.448627 210.618332 61.755928 24.057947 178.005096 55.039085 106.733238 187.433502 76.568016                145 
33.084148 167.960678 80.477623 59.435986 210.632599 61.767269 24.061495 177.970169 55.016048 106.728485 187.469498 76.588181                162 
33.713997 167.983765 80.671921 59.424294 210.645782 61.777752 24.049883 177.937210 54.998035 106.724091 187.502792 76.606789                180 
34.251167 168.013214 80.868561 59.418137 210.649292 61.807697 24.056986 177.878372 54.995422 106.721230 187.535919 76.672363                198 
34.703426 168.040405 81.042030 59.412476 210.652496 61.835213 24.066305 177.811829 54.982891 106.718597 187.566406 76.732590                216 
35.055443 168.063782 81.189621 59.407341 210.655426 61.860188 24.067610 177.753525 54.969433 106.716209 187.594116 76.787201                234 
35.337082 168.086182 81.314125 59.402679 210.658081 61.882862 24.065708 177.709351 54.971897 106.714043 187.619308 76.836746                252 
35.574551 168.107101 81.421455 59.398415 210.660507 61.903595 24.071171 177.658951 54.960835 106.712059 187.642365 76.882027                270 
35.775627 168.127640 81.514397 59.394501 210.662735 61.922623 24.071211 177.629227 54.974068 106.710236 187.663559 76.923569                288 
35.941826 168.144760 81.597099 59.390873 210.664795 61.940254 24.062706 177.605499 54.985279 106.708549 187.683228 76.962036                307 
36.081802 168.161377 81.669289 59.387592 210.666656 61.956223 24.051331 177.583633 54.993168 106.707016 187.701035 76.996849                325 
36.214725 168.180115 81.741760 59.384495 210.668427 61.971272 24.040085 177.549469 54.978191 106.705582 187.717850 77.029648                343 
36.329941 168.196930 81.809685 59.381538 210.670105 61.985645 24.026585 177.503555 54.948498 106.704201 187.733917 77.060974                363 
36.420673 168.208481 81.867332 59.378864 210.671631 61.998661 24.011414 177.462311 54.919662 106.702957 187.748474 77.089317                383 
36.515118 168.220840 81.927307 59.376324 210.673065 62.011005 23.992693 177.421646 54.891037 106.701775 187.762299 77.116196                404 
36.600231 168.233536 81.981293 59.373989 210.674393 62.022354 23.983744 177.380524 54.861095 106.700684 187.775009 77.140892                425 
36.677094 168.246140 82.033760 59.371773 210.675659 62.033134 23.980057 177.334610 54.826351 106.699654 187.787094 77.164345                448 
36.748508 168.257568 82.083374 59.369701 210.676834 62.043201 23.974545 177.285507 54.783508 106.698692 187.798370 77.186241                471 
36.819813 168.275238 82.132225 59.357899 210.679138 62.032642 23.956650 177.221863 54.730103 106.692368 187.830948 77.204224                495 
36.905891 168.297165 82.173607 59.346191 210.678848 61.996265 23.941608 177.160400 54.687504 106.687622 187.883682 77.225761                519 
36.994358 168.330643 82.228783 59.350178 210.687943 61.976288 23.915625 177.123840 54.672955 106.696701 187.934341 77.252052                544 
37.140903 168.339401 82.304008 59.371239 210.670105 61.921150 23.951965 177.000732 54.668617 106.744576 188.057587 77.322777                569 
37.208416 168.351791 82.345123 59.373936 210.672943 61.920689 23.927698 176.972092 54.673317 106.754524 188.088013 77.340462                595 
37.277706 168.364731 82.386055 59.376385 210.675522 61.920269 23.922678 176.940857 54.670765 106.763550 188.115646 77.356499                620 
37.345360 168.378342 82.426834 59.378750 210.678009 61.919861 23.918470 176.903412 54.661201 106.772263 188.142365 77.371979                645 
37.414417 168.392929 82.468674 59.381039 210.680405 61.919468 23.922726 176.848190 54.628365 106.780693 188.168228 77.386940                671 
37.480663 168.406570 82.507980 59.383240 210.682724 61.919090 23.922373 176.818329 54.624866 106.788788 188.193100 77.401314                697 
37.536346 168.420197 82.544800 59.385372 210.684967 61.918724 23.914679 176.794144 54.627708 106.796638 188.217239 77.415237                723 
37.590290 168.434174 82.581337 59.387436 210.687134 61.918369 23.925041 176.751251 54.605431 106.804207 188.240570 77.428673                749 
37.641384 168.447510 82.616173 59.389435 210.689240 61.918026 23.952944 176.671021 54.530624 106.811554 188.263229 77.441711                775 
37.689312 168.460098 82.649086 59.391365 210.691269 61.917694 24.024691 176.546478 54.398533 106.818626 188.285034 77.454247                801 
37.734825 168.472122 82.680557 59.393238 210.693237 61.917374 24.085493 176.449768 54.304237 106.825493 188.306274 77.466431                826 
37.777985 168.483597 82.710587 59.395054 210.695160 61.917061 24.153374 176.357117 54.218140 106.832153 188.326859 77.478226                852 
37.818996 168.494568 82.739304 59.396820 210.697006 61.916756 24.196552 176.291977 54.163845 106.838608 188.346848 77.489670                878 
37.859665 168.504410 82.764763 59.386242 210.698212 61.900166 24.234318 176.215622 54.103878 106.839577 188.389221 77.496910                904 
37.898411 168.513901 82.789101 59.376060 210.699371 61.884193 24.269220 176.150513 54.061024 106.840485 188.430038 77.503845                929 
37.934814 168.522873 82.811890 59.366673 210.700455 61.869473 24.292076 176.095901 54.024139 106.841301 188.467667 77.510201                955 
37.969223 168.531433 82.833374 59.357975 210.701447 61.855824 24.305029 176.046448 53.990166 106.842041 188.502579 77.516060                981 
38.001602 168.539551 82.853531 59.349941 210.702362 61.843220 24.318136 176.001862 53.960052 106.842705 188.534836 77.521446               1007 
38.032295 168.547287 82.872589 59.342457 210.703217 61.831482 24.334362 175.963669 53.937271 106.843315 188.564896 77.526443               1032 
38.061382 168.554657 82.890594 59.335484 210.704010 61.820549 24.349510 175.925278 53.909054 106.843872 188.592911 77.531082               1058 
38.089027 168.561707 82.907669 59.328968 210.704758 61.810326 24.359430 175.890305 53.878231 106.844383 188.619110 77.535400               1084 
38.115421 168.568466 82.923935 59.322842 210.705460 61.800716 24.377886 175.844864 53.831425 106.844856 188.643753 77.539444               1110 
38.140614 168.574951 82.939423 59.317081 210.706116 61.791679 24.386810 175.807281 53.793270 106.845291 188.666916 77.543236               1136 
38.164509 168.581131 82.954086 59.311699 210.706726 61.783234 24.396091 175.773148 53.759670 106.845695 188.688583 77.546768               1162 
38.187420 168.587067 82.968109 59.306606 210.707306 61.775249 24.416906 175.729706 53.709026 106.846069 188.709076 77.550095               1188 
38.209290 168.592773 82.981476 59.301811 210.707855 61.767731 24.450287 175.678955 53.649548 106.846413 188.728378 77.553223               1214 
38.230301 168.598251 82.994286 59.297268 210.708374 61.760597 24.468882 175.640152 53.606754 106.846741 188.746674 77.556183               1241 
38.250294 168.603500 83.006454 59.292995 210.708862 61.753899 24.486216 175.606018 53.569374 106.847038 188.763885 77.558952               1267 
38.269615 168.608582 83.018188 59.288918 210.709320 61.747501 24.508808 175.570053 53.531013 106.847321 188.780319 77.561592               1293 
38.288162 168.613464 83.029442 59.285049 210.709763 61.741436 24.532848 175.539215 53.505791 106.847588 188.795898 77.564087               1319 
38.306049 168.618195 83.040276 59.281361 210.710190 61.735649 24.562159 175.506119 53.481258 106.847839 188.810776 77.566460               1346 
38.323181 168.622726 83.050629 59.277870 210.710587 61.730171 24.599812 175.468307 53.453667 106.848068 188.824860 77.568710               1372 
38.339794 168.627136 83.060661 59.274517 210.710968 61.724915 24.624849 175.438583 53.431396 106.848289 188.838364 77.570854               1398 
38.355839 168.631409 83.070328 59.271317 210.711334 61.719891 24.655485 175.408646 53.411922 106.848503 188.851273 77.572906               1425 
38.371067 168.635468 83.079491 59.268307 210.711685 61.715172 24.695286 175.371750 53.384766 106.848694 188.863419 77.574829               1451 
38.386063 168.639465 83.088501 59.265373 210.712021 61.710571 24.733835 175.340103 53.365047 106.848885 188.875244 77.576698               1477 
38.402721 168.650223 83.105057 59.269051 210.716797 61.713448 24.761515 175.326797 53.360676 106.853859 188.882843 77.579559               1504 
38.414978 168.658096 83.116875 59.269073 210.719864 61.714230 24.802303 175.305557 53.350285 106.854889 188.888000 77.580177               1530 
38.426941 168.665741 83.128342 59.269093 210.722824 61.714985 24.839725 175.288681 53.343025 106.855881 188.892960 77.580772               1556 
38.438454 168.673080 83.139351 59.269112 210.725662 61.715710 24.890217 175.262604 53.327038 106.856842 188.897720 77.581345               1583 
38.448338 168.685944 83.154442 59.266994 210.733429 61.718681 24.914362 175.264099 53.342762 106.856697 188.904572 77.577118               1609 
38.470932 168.702972 83.176292 59.264950 210.740952 61.721550 24.926260 175.280731 53.384209 106.856552 188.911194 77.573029               1635 
38.494419 168.709000 83.192482 59.263096 210.741013 61.724312 24.935261 175.292435 53.423038 106.857918 188.905930 77.558807               1662 
38.516781 168.714722 83.207932 59.261307 210.741074 61.726982 24.911810 175.330795 53.503269 106.859230 188.900848 77.545059               1688 
38.595978 168.696426 83.308594 59.315048 210.712952 61.804432 24.841637 175.422089 53.766338 106.926834 188.806885 77.489166               1714 
38.716419 168.629211 83.402946 59.384254 210.648682 61.874702 24.709257 175.550125 54.139381 107.025742 188.690643 77.395721               1741 
38.818680 168.573959 83.482376 59.441795 210.595245 61.933125 24.498856 175.757965 54.589493 107.107536 188.594025 77.317924               1766 
38.905926 168.528809 83.549438 59.489552 210.550888 61.981613 24.243673 176.025650 55.088371 107.175125 188.513855 77.253288               1792 
38.992062 168.504700 83.611893 59.529305 210.516678 61.996620 24.012924 176.262970 55.554989 107.236557 188.481155 77.202599               1815 
39.101059 168.445007 83.668831 59.575459 210.462112 62.019958 23.844389 176.427124 55.964970 107.313744 188.436172 77.142227               1839 
39.197395 168.393417 83.718971 59.615669 210.414581 62.040291 23.676916 176.568451 56.307781 107.380852 188.396973 77.089577               1862 
39.297588 168.327606 83.734619 59.656544 210.362915 62.042313 23.539068 176.680130 56.588036 107.450554 188.351257 77.008530               1885 
39.386551 168.270508 83.748878 59.692257 210.317780 62.044079 23.413733 176.771896 56.819340 107.511368 188.311356 76.937675               1909 
39.463276 168.222549 83.761566 59.722511 210.279541 62.045574 23.236149 176.895386 57.054394 107.562798 188.277588 76.877640               1931 
39.559349 168.125061 83.763718 59.751339 210.212250 62.056763 23.125212 176.946793 57.251114 107.624969 188.219681 76.794876               1954 
39.666775 168.005539 83.768608 59.777016 210.119217 62.049797 23.043917 176.952225 57.429066 107.692390 188.153870 76.692513               1977 
39.759624 167.904205 83.773262 59.798878 210.040024 62.043865 22.979902 176.951920 57.569729 107.749657 188.097946 76.605331               2000 
39.840012 167.818680 83.777863 59.817429 209.972809 62.038834 22.910212 176.960098 57.691887 107.798164 188.050537 76.531319               2023 
39.908932 167.747269 83.782318 59.833012 209.916336 62.034607 22.805092 176.996185 57.824085 107.838837 188.010757 76.469131               2046 
39.969654 167.685974 83.786697 59.846466 209.867599 62.030956 22.643648 177.093658 58.001507 107.873894 187.976471 76.415436               2069 
40.024551 167.632004 83.791054 59.858391 209.824402 62.027721 22.507837 177.186798 58.166454 107.904922 187.946091 76.367844               2093 
40.159824 167.452087 83.826019 59.889622 209.684357 62.055645 22.511673 177.072876 58.305035 107.990311 187.855118 76.288574               2117 
40.238281 167.382492 83.858406 59.911213 209.627945 62.072102 22.506483 177.043533 58.397820 108.039719 187.817276 76.239326               2141 
40.302048 167.328064 83.884781 59.928268 209.583389 62.085098 22.503012 177.019501 58.468555 108.078682 187.787415 76.200401               2166 
40.385269 167.258896 83.919220 59.950096 209.526367 62.101734 22.496433 176.989288 58.560097 108.128464 187.749222 76.150566               2241 
40.410168 167.238693 83.929535 59.956512 209.509598 62.106625 22.482101 176.987335 58.591148 108.143082 187.738007 76.135910               2266 
40.375271 167.224869 83.942451 59.957893 209.497971 62.115871 22.423798 177.013443 58.639652 108.154213 187.729691 76.116791               2291 
40.252048 167.245224 83.942764 59.955013 209.523590 62.129055 22.317225 177.109711 58.713856 108.155777 187.761414 76.124130               2316 
40.172325 167.261581 83.971558 59.971382 209.549561 62.170074 22.220133 177.210220 58.829800 108.181847 187.793106 76.140640               2342 
40.110683 167.276199 83.998161 59.986073 209.572861 62.206898 22.162794 177.281631 58.918472 108.205238 187.821564 76.155457               2367 
40.103783 167.292633 84.032043 59.999165 209.593628 62.239704 22.129433 177.336639 58.988922 108.226067 187.846939 76.168655               2393 
40.140793 167.317078 84.092758 60.020592 209.625336 62.297455 22.112713 177.396881 59.088371 108.261215 187.866821 76.160286               2418 
40.177944 167.330673 84.144234 60.045601 209.648376 62.355900 22.109535 177.443558 59.172928 108.297302 187.872574 76.152901               2444 
40.211620 167.356201 84.404327 60.031700 209.694489 62.612366 22.008053 177.568466 59.545822 108.323792 187.796509 76.070473               2470 
40.276062 167.324646 84.550026 60.051594 209.660873 62.713322 21.992258 177.541977 59.701546 108.376373 187.715424 75.975349               2496 
40.323151 167.301819 84.658730 60.066380 209.635895 62.788361 21.984262 177.496353 59.768585 108.414879 187.655060 75.904556               2521 
40.362118 167.283066 84.750107 60.078773 209.614960 62.851257 22.001366 177.432495 59.777397 108.446777 187.604416 75.845154               2546 
40.394562 167.267578 84.827324 60.089222 209.597305 62.904266 22.026751 177.363373 59.760994 108.473389 187.561691 75.795059               2572 
40.422386 167.254395 84.894577 60.098289 209.581970 62.950294 22.021046 177.349274 59.826321 108.496300 187.524567 75.751526               2597 
40.446384 167.243103 84.953484 60.106213 209.568588 62.990494 22.006647 177.348511 59.906521 108.516159 187.492111 75.713486               2622 
40.467186 167.233414 85.005363 60.113167 209.556839 63.025780 21.987825 177.354279 59.983551 108.533478 187.463623 75.680084               2648 
40.475948 167.235062 85.024223 60.117386 209.552643 63.029068 21.969629 177.364944 60.015530 108.542160 187.456345 75.660927               2673 
40.483379 167.236710 85.040909 60.121078 209.548950 63.031948 21.914219 177.408188 60.075989 108.549744 187.449966 75.644150               2698 
40.490494 167.238312 85.056992 60.124634 209.545410 63.034721 21.837090 177.476563 60.163506 108.557037 187.443832 75.628006               2724 
40.497166 167.239868 85.072166 60.127983 209.542053 63.037334 21.758190 177.557968 60.264709 108.563904 187.438034 75.612785               2749 
40.503666 167.241394 85.087044 60.131264 209.538788 63.039890 21.673220 177.646835 60.381821 108.570618 187.432358 75.597893               2775 
40.527180 167.247269 85.107231 60.134331 209.535721 63.042286 21.622255 177.707260 60.469952 108.576881 187.427032 75.583954               2800 
40.565613 167.258286 85.132217 60.137321 209.532745 63.044613 21.597212 177.743408 60.531406 108.582985 187.421860 75.570381               2826 
40.779758 167.431503 85.328270 60.181122 209.648941 63.015820 21.704107 177.766785 60.719952 108.702881 187.696167 75.525154               2852 
40.913666 167.506729 85.419418 60.221497 209.698730 63.008373 21.784306 177.760147 60.792686 108.778679 187.834091 75.534615               2877 
40.986282 167.522827 85.462639 60.242867 209.703369 63.013596 21.825310 177.733765 60.815903 108.814064 187.884094 75.564552               2903 
41.051331 167.537552 85.501175 60.261646 209.707443 63.018181 21.854321 177.707825 60.834076 108.845139 187.928055 75.590828               2928 
41.084702 167.552109 85.476372 60.293930 209.719177 62.988670 21.897282 177.689957 60.782707 108.875862 187.996475 75.664978               2954 
41.113510 167.566757 85.454102 60.323936 209.730072 62.961239 21.905392 177.704590 60.780777 108.904198 188.060120 75.733879               2979 
41.138691 167.579941 85.434731 60.350380 209.739685 62.937065 21.919533 177.708588 60.766224 108.928978 188.116241 75.794556               3005 
41.161034 167.591965 85.417618 60.374023 209.748276 62.915451 21.955313 177.696701 60.731476 108.950989 188.166428 75.848793               3030 
41.183605 167.548721 85.376396 60.388638 209.725708 62.906963 21.970686 177.667953 60.711292 108.968834 188.178818 75.886383               3056 
41.196518 167.508743 85.347946 60.392452 209.709106 62.915466 21.982933 177.637115 60.689617 108.976662 188.190491 75.926704               3081 
41.207367 167.502808 85.347847 60.392094 209.708405 62.916370 21.990154 177.625076 60.690437 108.982552 188.207092 75.932884               3107 
41.224625 167.471817 85.320618 60.386219 209.710449 62.932301 22.012995 177.592133 60.658062 108.987473 188.255661 75.985214               3133 
41.248940 167.425690 85.286522 60.378651 209.713303 62.964191 22.036146 177.552948 60.622215 108.994400 188.318283 76.061165               3159 
41.271435 167.383240 85.255051 60.371643 209.715942 62.993710 22.060392 177.511719 60.582470 109.000633 188.376175 76.131615               3185 
41.291515 167.345490 85.227020 60.365376 209.718292 63.020123 22.087559 177.472885 60.544056 109.006073 188.427933 76.194771               3211 
41.328247 167.266602 85.185638 60.347965 209.722336 63.091648 22.135864 177.405807 60.496738 109.013527 188.503250 76.289436               3236 
41.368793 167.198425 85.158241 60.333870 209.729416 63.162842 22.175341 177.345749 60.463631 109.024513 188.582047 76.383247               3262 
41.403446 167.140625 85.134979 60.321823 209.735458 63.223686 22.200798 177.294678 60.433167 109.033730 188.649399 76.463676               3288 
41.436550 167.134369 85.130936 60.325653 209.742310 63.220512 22.158451 177.292130 60.445812 109.052170 188.696014 76.469978               3314 
41.472095 167.112808 85.135193 60.326138 209.732910 63.218838 22.065180 177.298599 60.498013 109.070030 188.735565 76.482063               3340 
41.506977 167.091675 85.139366 60.326611 209.723694 63.217194 21.923668 177.346588 60.601112 109.087494 188.774384 76.493919               3366 
41.540195 167.071625 85.143402 60.327065 209.714905 63.215626 21.805069 177.380173 60.683319 109.104095 188.811401 76.505234               3392 
41.613518 167.068436 85.163811 60.339672 209.714264 63.189651 21.772230 177.359787 60.733402 109.146667 188.898575 76.507057               3417 
41.683998 167.065552 85.183525 60.351795 209.713654 63.164677 21.769188 177.323044 60.763836 109.187477 188.982468 76.508690               3443 
41.744373 166.990219 85.205452 60.359043 209.579407 63.028717 21.794802 177.130798 60.750263 109.220222 188.968460 76.465340               3469 
41.886509 166.899597 85.283394 60.436428 209.430542 62.941765 21.860832 176.938980 60.825375 109.330788 188.930420 76.427124               3494 
41.986721 166.833008 85.351738 60.491447 209.326981 62.903049 21.896904 176.813751 60.903603 109.409477 188.896744 76.408600               3520 
42.052071 166.838211 85.414955 60.513222 209.305862 62.881207 21.894735 176.765259 60.969868 109.453644 188.941849 76.405670               3545 
42.070606 166.843002 85.438896 60.515713 209.305023 62.881897 21.815235 176.778580 61.024204 109.464653 188.963226 76.408974               3570 
42.066387 166.868301 85.473969 60.509342 209.303070 62.864433 21.684544 176.814316 61.090416 109.460396 188.973663 76.402466               3595 
42.062893 166.885605 85.499901 60.504807 209.300293 62.852322 21.610823 176.823776 61.121338 109.457260 188.979446 76.398155               3621 
42.070732 166.882889 85.502441 60.504147 209.297028 62.847374 21.577253 176.805588 61.109791 109.461082 188.989258 76.396591               3646 
42.074940 166.870773 85.505013 60.506344 209.292664 62.863270 21.532513 176.777924 61.074402 109.464287 188.987961 76.413445               3671 
42.082741 166.866669 85.512993 60.510509 209.293564 62.878075 21.479145 176.748322 61.036530 109.470421 188.993683 76.428375               3696 
42.053867 166.888947 85.589012 60.470310 209.333466 62.978374 21.437733 176.661880 60.955597 109.430458 189.103317 76.631714               3721 
42.064934 166.890244 85.609711 60.465641 209.344757 63.011105 21.403093 176.558441 60.812035 109.427147 189.153427 76.716911               3747 
42.074966 166.891769 85.626991 60.461918 209.353775 63.037216 21.349144 176.487869 60.710869 109.424438 189.193375 76.784889               3772 
42.084381 166.893326 85.642784 60.458572 209.361877 63.060669 21.280039 176.456177 60.659355 109.421951 189.229248 76.845963               3797 
42.093262 166.894897 85.657364 60.455528 209.369232 63.082008 21.239319 176.416489 60.593929 109.419632 189.261871 76.901527               3823 
42.101688 166.896454 85.670914 60.452744 209.375977 63.101547 21.199493 176.399765 60.561523 109.417480 189.291748 76.952415               3848 
42.109634 166.898010 85.683456 60.450199 209.382126 63.119377 21.162886 176.389145 60.537144 109.415482 189.318985 76.998856               3874 
42.117218 166.899536 85.695206 60.447849 209.387817 63.135849 21.133686 176.382401 60.520821 109.413605 189.344147 77.041771               3900 
42.135323 166.905014 85.711609 60.445686 209.393051 63.151020 21.118984 176.358673 60.474785 109.411850 189.367294 77.081284               3925 
42.154510 166.909653 85.727158 60.443687 209.397888 63.165028 21.106871 176.332092 60.424667 109.410217 189.388687 77.117790               3950 
42.180134 166.917160 85.744553 60.441818 209.402405 63.178123 21.095320 176.308334 60.376568 109.408669 189.408661 77.151901               3976 
42.207935 166.900970 85.781090 60.422947 209.404678 63.237911 21.101816 176.263138 60.356464 109.393875 189.464096 77.273224               4001 
42.233074 166.886230 85.815308 60.405640 209.406754 63.292736 21.091137 176.229538 60.344173 109.380142 189.514847 77.384537               4027 
42.254784 166.873932 85.843994 60.390598 209.408554 63.340389 21.081881 176.193497 60.321651 109.368080 189.558899 77.481323               4052 
42.295666 166.853439 85.873337 60.385147 209.399185 63.380226 21.035955 176.169754 60.326473 109.369743 189.595535 77.560974               4078 
42.333080 166.835907 85.899940 60.380325 209.390884 63.415474 21.035021 176.125870 60.308640 109.371140 189.627945 77.631493               4104 
42.367157 166.820740 85.924019 60.376045 209.383514 63.446781 21.041271 176.072678 60.266121 109.372307 189.656693 77.694153               4129 
42.398407 166.807510 85.945961 60.372208 209.376907 63.474831 21.047140 176.013641 60.203163 109.373306 189.682434 77.750305               4155 
42.434315 166.788467 85.977425 60.365723 209.369156 63.514091 21.033327 175.954529 60.160919 109.376389 189.709595 77.804810               4181 
42.467487 166.771469 86.006279 60.359837 209.362122 63.549736 21.016197 175.904816 60.132030 109.379158 189.734238 77.854309               4207 
42.497360 166.756943 86.031944 60.354679 209.355972 63.580956 21.001154 175.861832 60.108173 109.381554 189.755829 77.897690               4233 
42.525509 166.743958 86.055847 60.349945 209.350311 63.609600 20.977787 175.819748 60.081917 109.383720 189.775635 77.937508               4259 
42.551254 166.732666 86.077484 60.345726 209.345276 63.635143 20.938097 175.782867 60.053616 109.385643 189.793289 77.973030               4285 
42.575207 166.722656 86.097404 60.341892 209.340698 63.658348 20.900404 175.752609 60.032211 109.387375 189.809326 78.005310               4311 
42.662342 166.663193 86.194519 60.332977 209.313004 63.774712 20.917477 175.616898 60.027809 109.409462 189.838776 78.093300               4337 
42.868912 166.542847 86.288742 60.391975 209.236862 63.876766 21.019054 175.426117 60.082970 109.525757 189.844742 78.110031               4363 
43.087749 166.413391 86.383461 60.473709 209.150604 63.979290 21.133802 175.255844 60.178528 109.662399 189.825500 78.113708               4389 
43.272579 166.311844 86.463135 60.539520 209.081146 64.061844 21.224682 175.120972 60.261551 109.772240 189.810226 78.116707               4415 
43.479191 166.201370 86.538994 60.620857 208.999069 64.138634 21.323671 174.977097 60.343227 109.900169 189.773224 78.091591               4441 
43.701904 166.079117 86.607445 60.716286 208.905685 64.208359 21.436131 174.803116 60.383026 110.043633 189.718933 78.044914               4466 
43.866489 165.974991 86.659554 60.793755 208.829865 64.264969 21.520372 174.670990 60.421383 110.159920 189.675049 78.006996               4492 
44.094700 165.803345 86.840881 60.909737 208.638504 64.344803 21.677729 174.402634 60.598312 110.322868 189.593140 78.070129               4517 
44.299763 165.699799 87.091934 60.995930 208.517136 64.496986 21.743771 174.236862 60.898098 110.462959 189.562805 78.154037               4542 
44.458534 165.622971 87.283951 61.062160 208.423874 64.613930 21.832916 174.086121 61.091846 110.570435 189.539429 78.218239               4567 
44.646439 165.548187 87.386642 61.176880 208.334488 64.649170 21.957689 173.953186 61.196255 110.720871 189.496170 78.187241               4592 
44.829258 165.485397 87.474564 61.289001 208.261063 64.681435 22.066715 173.856384 61.307663 110.867165 189.451385 78.133965               4617 
44.983120 165.440094 87.546417 61.379620 208.201721 64.707512 22.155159 173.776306 61.391163 110.985252 189.415115 78.090813               4642 
45.094437 165.416443 87.606750 61.429642 208.163849 64.728195 22.200994 173.713242 61.454189 111.059799 189.407852 78.063446               4667 
45.266094 165.464005 87.758461 61.469685 208.162827 64.781281 22.250593 173.666092 61.606747 111.140717 189.467026 78.048714               4692 
45.417011 165.508606 87.888931 61.504230 208.161942 64.827080 22.289312 173.620514 61.723751 111.210381 189.517960 78.035782               4716 
45.679787 165.552155 88.096054 61.611057 208.143921 64.892815 22.384768 173.563660 61.963776 111.373779 189.548325 77.955872               4741 
45.739460 165.616913 88.185188 61.599564 208.158066 64.911972 22.162247 173.687485 62.206879 111.377876 189.558853 77.910347               4765 
45.128178 166.987350 88.402382 61.861454 208.927505 64.637970 21.371403 175.462753 62.742085 111.276360 189.520309 77.840126               4790 
42.522358 171.397446 85.715309 62.348618 211.081161 60.372822 19.107061 180.274948 60.715359 110.251633 190.317200 76.710732               4814 
41.014206 177.514191 81.413437 63.977615 214.320557 54.425838 17.662701 186.849258 56.990013 110.000816 192.403870 74.282646               4836 
40.539848 181.101227 77.706863 65.663628 216.449875 50.619915 17.564817 190.987320 53.360764 110.255623 194.281738 73.267136               4854 
36.878300 188.468079 69.846687 68.402237 219.391998 44.046406 16.858162 201.159149 44.460693 108.020821 191.661270 69.622635               4871 
35.362144 191.851547 62.980492 69.986320 221.031189 39.022076 17.153015 206.731918 37.865005 106.846741 189.631409 64.480530               4886 
34.471611 194.920624 52.653942 71.005371 223.050461 30.257275 17.791862 210.131699 26.979130 105.917358 190.763779 57.303375               4900 
34.850010 197.524673 43.807327 73.740181 223.538223 22.577375 19.701521 213.612076 18.418135 106.297989 189.250656 50.093201               4911 
36.492435 200.344894 36.658768 76.228462 224.438278 14.451921 21.698334 215.570557 11.308380 108.283577 190.563644 43.048210               4922 
38.585075 200.536987 16.850519 81.100372 224.008057 -0.878085 26.434271 216.579453 -8.370008 110.023743 188.539948 29.092251               4942 
21.158552 244.560028 -23.813681 87.706360 217.707581 4.771430 26.423063 215.589371 2.586531 118.432228 187.881882 38.817242               4950 
19.630724 255.968719 -55.189056 99.353836 210.884705 -1.598940 30.066479 206.928680 -6.076770 130.834824 183.562714 33.830200               4969 
23.413944 255.821686 -62.027935 102.317612 209.007370 -4.727112 32.223564 202.264725 -12.850882 133.226425 181.949234 31.401423               4978 
31.217104 256.256409 -83.780434 104.003082 208.373322 -17.990290 34.671570 198.804108 -34.988907 131.354248 181.697906 21.164593               4996 
34.001373 255.784531 -91.769318 105.506241 208.849640 -23.645481 36.520844 197.781891 -42.628029 132.183380 182.917419 16.462099               5005 
40.605694 254.568375 -108.481110 109.952591 208.904587 -37.112808 41.947315 195.852158 -59.233654 135.446487 183.820557 4.283095               5023 
45.760136 253.537369 -127.910202 109.408562 208.230637 -51.034378 43.359802 193.985367 -78.987839 131.603394 183.473877 -7.591765               5042 
48.168121 254.414398 -133.174210 110.447723 207.855865 -55.847649 44.581238 194.010361 -84.923828 131.859695 182.693924 -12.245209               5050 
52.311657 252.928329 -145.156631 114.858200 205.218399 -68.600639 49.372570 190.275116 -99.132118 136.266785 179.345718 -25.414471               5068 
56.248199 247.943771 -168.439697 113.497360 203.857452 -85.669945 51.225143 185.194122 -121.950661 131.768967 179.593277 -40.170860               5095 
58.998230 248.421860 -176.653687 111.464211 203.791824 -91.017128 50.358578 185.938507 -130.114883 127.052246 179.515808 -44.536415               5104 
59.437168 247.944855 -181.530518 111.635292 204.282684 -95.152512 50.484352 185.719528 -134.412918 126.886818 180.745346 -48.182804               5113 
62.504509 251.297424 -190.332932 108.379616 201.589035 -103.498878 49.852154 185.818939 -148.063721 119.905769 175.509720 -56.810707               5131 
63.480732 250.761627 -196.305954 108.865021 202.863464 -108.124031 50.685436 185.853333 -152.809113 119.932854 178.106125 -60.612492               5141 
64.991249 249.440323 -206.394348 110.699417 205.173080 -116.403168 53.256977 185.245575 -160.918091 121.657997 182.668732 -67.759232               5159 
66.812271 252.301987 -210.266068 113.428444 205.335632 -122.026321 55.359402 186.230286 -166.140320 124.650146 182.370529 -73.658501               5176 
66.696442 252.018387 -213.515182 114.150917 206.390671 -124.954475 56.020309 186.046997 -168.479202 125.675079 184.461395 -76.178772               5185 
66.755379 252.175751 -219.913834 113.824509 207.067078 -130.776138 57.320301 184.787903 -175.707031 124.765251 185.594574 -81.664017               5203 
66.820938 253.331223 -220.745880 114.337334 206.740906 -132.557831 57.705578 184.790573 -177.692108 125.380219 184.690735 -83.725334               5212 
68.864471 258.064423 -224.264984 112.824547 207.014938 -136.610031 57.854736 186.861664 -184.802292 121.720337 183.206635 -88.166267               5230 
72.843628 264.242676 -228.206253 111.469696 208.350189 -140.933167 57.515057 191.261078 -191.556610 117.479309 183.369278 -92.636101               5249 
76.829689 270.350739 -231.226227 110.057518 208.910080 -145.418274 57.110104 195.606262 -198.350037 113.280991 182.294647 -97.731842               5267 
75.627388 271.395691 -232.063690 108.878967 208.998840 -146.922562 57.004349 194.926727 -200.847565 111.898193 182.040558 -99.415680               5281 
72.419891 270.932159 -235.251083 108.222015 210.818985 -149.433197 57.193748 193.300705 -203.395065 112.166740 184.853302 -101.443710               5312 
72.044846 271.632660 -236.183838 108.189117 211.476654 -150.515488 57.182598 193.544983 -204.484436 112.240349 185.594208 -102.489914               5330 
71.615662 272.112854 -237.777863 108.278549 212.522797 -151.915970 57.328205 193.573730 -205.780533 112.513016 187.068039 -103.678085               5348 
72.290382 273.726074 -238.673538 108.232468 213.318878 -153.073837 57.274357 194.506271 -207.265808 112.094803 187.705139 -104.888901               5357 
72.265862 275.168457 -239.331223 108.290977 213.834930 -154.410477 57.129822 194.859665 -208.922806 112.136200 187.765884 -106.468971               5375 
72.422920 276.296021 -239.885651 108.337975 214.372818 -155.338425 57.067867 195.273071 -210.103714 112.096069 188.039642 -107.534569               5393 
72.740067 277.285767 -241.106674 108.087151 215.294067 -156.365509 56.978973 195.756454 -211.481796 111.518776 189.016785 -108.506371               5403 
73.256027 278.561340 -241.877609 108.086021 215.730331 -157.535217 57.003475 195.696518 -213.279205 111.174568 189.097992 -109.849289               5423 
73.071655 279.083588 -242.197006 108.039368 216.133469 -157.998505 56.943039 195.612717 -213.894897 111.165482 189.412659 -110.364548               5432 
71.730797 278.826691 -242.637207 107.930176 216.698654 -158.348221 56.820744 194.718018 -214.139908 111.590210 190.140472 -110.661362               5443 
71.065811 278.641754 -242.818741 107.908424 216.738876 -158.640793 56.716812 194.078735 -214.421234 111.842133 190.153473 -110.990906               5454 
70.695732 278.680573 -242.906433 108.096291 216.717041 -159.016235 57.034744 193.770599 -214.925385 112.259949 189.925888 -111.501312               5476 
71.051643 279.201599 -243.438293 107.646126 216.508896 -159.734299 57.344940 193.899200 -216.534622 111.321640 189.215805 -112.465424               5488 
72.252373 280.689148 -243.724457 107.456520 216.440216 -160.609146 57.798325 194.729584 -218.474121 110.416016 188.336823 -113.766754               5500 
71.070045 279.987885 -244.761536 107.190918 216.825134 -161.199936 57.966244 193.843185 -219.137924 110.517403 188.936172 -114.254120               5512 
71.906975 280.791046 -245.553360 107.511551 217.107925 -162.166504 58.132790 194.195190 -220.464706 110.583961 188.882538 -115.404800               5525 
70.914940 279.877380 -246.353928 107.879097 217.226639 -162.775558 58.426521 193.137436 -220.725708 111.606995 189.258545 -115.907051               5538 
73.196075 282.049774 -247.773239 108.653923 218.386520 -164.305496 58.954582 195.173706 -222.605011 111.678635 190.149750 -117.547562               5551 
72.911842 282.430603 -248.908401 108.370445 218.522339 -165.626312 59.370087 194.996307 -224.706421 111.287102 189.814041 -119.149483               5565 
74.366058 284.194122 -250.162949 107.860893 219.282684 -166.843536 59.560383 196.070206 -227.204453 109.707565 190.024948 -120.655411               5580 
69.851028 283.980103 -249.964905 107.035004 220.218582 -167.338409 59.500584 194.463760 -228.178116 110.544334 190.328598 -121.654259               5595 
67.705582 283.623810 -249.870636 107.026497 220.798737 -167.546509 59.291599 193.774567 -228.504623 111.587715 190.457977 -122.254105               5609 
66.662262 283.088104 -250.072403 107.060608 221.102829 -167.701508 57.792442 193.660736 -228.132736 112.315445 190.468170 -122.682915               5624 
62.032219 282.725189 -249.869736 106.176903 222.466599 -168.237564 56.262192 194.753418 -228.156967 113.591904 190.868851 -124.199295               5638 
59.447506 280.230286 -251.926392 105.698288 223.236404 -169.146072 55.191174 193.534164 -227.570068 114.335014 192.790085 -124.523239               5652 
58.096657 278.933746 -252.928772 105.446915 223.640717 -169.623230 54.891876 192.697723 -227.375565 114.695671 193.827240 -124.696785               5666 
57.529625 277.736359 -254.891907 104.947174 223.593430 -170.880539 55.474781 192.527359 -228.158051 114.238487 194.418976 -125.545219               5680 
56.729641 279.885406 -250.629196 101.773018 219.154587 -169.893951 55.088860 193.721313 -230.590210 109.845955 186.462875 -126.779602               5694 
57.334404 281.185059 -252.170898 99.844810 219.553207 -170.769333 56.302940 195.690247 -232.782578 106.644974 186.485489 -127.722237               5707 
53.195621 280.894775 -251.521973 99.542404 219.401321 -172.240921 56.170757 198.209076 -233.249954 108.761040 184.998245 -130.717270               5719 
54.924709 279.505280 -248.813354 96.087288 212.745560 -171.112335 57.806435 199.134674 -233.817734 103.085403 175.463333 -131.693665               5732 
52.076130 279.710632 -248.625168 94.500443 212.353455 -172.404007 60.803383 202.903503 -234.179703 103.273399 173.277939 -135.135956               5744 
55.318867 276.756561 -253.907486 94.415977 213.003845 -173.162613 62.580547 203.177567 -232.939819 101.869385 175.822601 -133.732025               5757 
59.466770 273.250122 -259.647552 96.185143 214.520813 -174.190704 64.503616 202.326447 -232.203598 102.296036 180.381439 -131.883163               5768 
58.512394 273.414581 -255.369431 95.364777 212.202179 -171.851334 65.369499 203.019302 -229.310913 101.713570 176.844818 -130.592178               5792 
59.508396 272.293427 -257.015381 96.361366 213.214951 -172.054993 66.122452 202.879974 -228.764450 102.720192 179.079010 -129.781219               5802 
58.627354 273.961151 -250.361328 95.483864 209.518555 -169.585327 66.279152 203.964844 -225.495712 101.966354 172.890594 -129.471268               5823 
62.721745 279.536835 -251.662109 94.101822 211.863983 -171.308517 68.678871 207.906433 -228.569031 97.708710 174.346313 -131.657745               5833 
69.384209 285.500824 -254.547150 93.341515 215.977310 -173.355606 71.117737 212.577362 -231.744919 93.093468 178.584396 -133.424698               5843 
71.466759 283.919739 -257.092316 92.944885 216.317383 -173.841370 71.008247 211.387161 -232.005661 91.435303 180.523727 -132.497635               5863 
72.193436 284.711334 -256.200378 92.908623 217.061523 -172.944916 71.090004 211.380585 -231.015411 90.932297 181.819504 -131.149429               5875 
70.505219 283.772522 -252.714859 92.831223 217.683533 -168.835281 68.718681 210.526138 -225.722107 91.599960 183.962387 -125.775589               5892 
65.817108 283.228302 -246.016998 95.803535 218.463821 -163.582733 66.389969 210.025253 -217.898895 98.574272 185.618561 -119.921768               5901 
61.650902 285.316620 -237.439545 97.124123 222.937332 -155.463623 62.061794 212.181274 -206.421082 103.007469 192.241302 -110.564743               5920 
59.354027 288.760956 -228.725754 98.183319 225.850220 -148.776718 57.652443 215.728531 -196.117401 106.278847 195.935989 -103.694908               5938 
58.134491 288.968414 -226.865921 98.499008 227.018967 -146.969864 56.262539 216.220825 -192.922180 107.570290 197.940384 -101.528511               5947 
52.829521 291.350220 -214.699768 98.621574 227.723434 -139.223648 51.600903 217.967102 -181.109619 111.043030 198.228485 -94.855606               5965 
48.659042 290.705231 -208.466599 98.219055 228.538467 -134.194366 49.453373 217.341965 -174.143082 112.762932 199.765198 -89.997726               5976 
44.354630 292.212891 -197.431717 96.203445 228.281158 -126.320686 44.791107 217.699692 -164.307907 112.201500 198.719330 -83.159019               5992 
43.495819 293.599304 -194.688736 95.280388 229.982224 -123.276909 42.432926 219.364456 -160.074356 111.443321 200.992493 -79.789864               6001 
42.857819 298.966064 -183.817291 93.047211 232.411377 -114.001404 37.787251 224.586136 -148.858643 108.885872 202.674637 -70.901154               6019 
36.623291 296.471222 -178.148453 90.867294 233.436203 -108.121796 34.188240 223.110626 -140.741089 108.881607 205.456375 -64.700806               6037 
34.031120 294.652924 -177.150909 89.887856 233.757278 -106.520569 31.847862 223.075867 -137.402008 108.733742 206.868484 -62.764492               6046 
29.423769 291.566284 -175.673065 87.070778 233.809799 -103.860748 25.287649 225.201111 -129.885757 107.009323 208.954651 -59.392277               6064 
27.041975 290.649078 -174.150818 85.385063 233.750305 -102.221512 22.825720 225.368332 -127.069466 105.731422 209.629730 -57.533798               6074 
22.892435 292.033325 -167.853622 81.868591 235.387924 -96.266823 18.932909 227.015228 -119.931412 102.760864 212.198776 -51.338600               6092 
19.213303 290.732330 -162.053375 80.973122 235.999390 -91.344902 19.924797 226.067047 -113.089859 103.787155 214.519623 -46.501755               6101 
14.792970 288.820496 -150.241547 78.225288 235.254257 -80.216095 22.540451 220.459702 -102.518890 102.642853 215.520065 -35.415276               6119 
9.939495 284.583374 -139.887939 72.345024 234.415466 -66.593857 16.516270 220.860962 -83.764862 98.239471 219.281219 -20.842346               6146 
13.903938 226.517838 -112.061768 70.881866 234.052261 -63.977264 15.487942 219.685669 -80.263512 97.579094 219.512756 -18.495079               6155 
30.949030 191.960693 -58.919655 66.238358 233.346191 -58.535645 16.327089 210.730957 -74.911736 93.483910 222.934235 -12.253471               6174 
30.530159 193.638275 -49.940197 65.675034 234.664276 -54.391853 15.907451 212.748123 -70.852600 92.397270 223.545059 -7.969297               6182 
30.404379 199.261780 -38.208202 70.967476 235.366241 -36.720161 20.416529 223.195496 -58.813248 92.654732 212.966492 8.231849               6200 
33.464630 201.880844 -27.151417 78.354881 231.640198 -19.601473 27.275656 230.142670 -43.538784 96.115265 198.293640 19.962965               6218 
35.044170 202.990662 -22.206491 80.148888 232.399918 -15.321296 28.334112 231.971512 -37.640198 98.992836 197.564865 22.417189               6227 
35.083611 204.151031 -18.563911 80.662361 233.037613 -11.852146 29.021442 233.313950 -33.833958 99.539825 197.745773 25.442574               6236 
35.482033 202.640381 -10.209021 81.135338 231.380814 -3.234846 30.913282 233.860931 -24.901983 99.644302 196.099533 34.254074               6254 
35.509373 199.265549 -7.015098 80.101563 229.384827 1.078397 30.507610 231.771454 -20.339054 99.700691 193.661133 37.581284               6263 
33.753281 197.160507 2.478495 77.538231 228.971283 8.463346 27.468643 229.905167 -10.500231 100.148125 194.140320 44.077469               6281 
34.116909 190.741730 8.871486 74.558609 227.245712 10.317511 24.453871 221.193619 -6.400935 102.188408 197.863449 47.277565               6292 
34.653603 186.163742 19.208208 73.354462 224.447815 15.318835 23.224522 214.595337 3.173038 105.720886 198.012695 50.622765               6309 
33.966187 185.503006 23.372963 72.758949 223.577408 18.103432 22.771963 213.475357 6.968561 105.743111 197.532227 53.124310               6317 
34.884552 182.081284 30.678085 73.002762 220.559494 23.191280 23.137415 209.585968 14.500858 107.986137 195.109268 56.675869               6336 
33.071720 182.093689 38.629463 71.419746 219.951981 29.527235 21.552113 209.388199 21.576715 106.363907 194.952499 63.390202               6363 
32.720127 181.985794 39.840481 71.186607 219.685059 30.559925 21.364746 209.212769 22.494240 105.916725 194.825790 64.744774               6372 
31.922308 181.626984 40.972359 70.518547 219.179779 31.546181 20.839035 208.905426 23.348194 104.984192 194.547119 66.160049               6381 
32.243690 178.034729 44.303612 71.132683 215.439987 35.639664 21.282471 206.793808 28.390511 105.946342 188.657349 68.250534               6399 
32.333843 177.162918 45.129044 71.281403 214.534363 36.630932 21.488869 206.629837 29.834417 106.166084 187.242569 68.739899               6409 
33.741642 177.498383 49.353813 72.977737 213.860626 39.129993 22.923935 209.091675 35.802391 108.684120 184.879471 68.759636               6426 
34.354839 177.791885 51.358727 73.746445 213.709991 40.217449 23.727724 210.651215 38.749046 109.826324 184.219742 68.876404               6435 
35.796661 175.209427 53.157196 75.260788 211.499603 42.766613 25.349268 209.510529 43.130711 112.010941 180.484879 68.848808               6444 
36.248436 171.332245 55.278469 75.856827 208.589127 46.586582 26.253878 207.087311 48.811081 113.540962 176.242676 69.529610               6462 
36.738182 170.289856 56.834442 75.781822 208.469223 47.551197 26.338619 205.997025 50.651329 114.600060 177.289444 70.216896               6471 
37.681965 166.634262 58.409660 74.067192 207.895584 48.470570 25.128700 201.634186 52.265408 115.590355 180.614471 71.368965               6493 
37.175613 163.502350 58.649601 72.711227 206.787628 49.681950 24.242180 198.012512 53.921059 115.850212 181.378189 71.730911               6509 
36.212425 160.654190 59.949238 70.403313 206.373276 51.303722 22.727699 194.409805 56.327812 115.495964 183.839844 72.556152               6535 
35.793877 159.780518 60.249050 69.717659 206.250183 51.785534 22.477093 193.186600 56.884804 115.346138 184.603149 72.814484               6553 
35.414417 160.219971 61.736889 69.305695 206.793411 52.448151 22.765966 192.156921 57.118416 115.209061 185.755341 73.496887               6562 
34.825428 162.269409 65.032219 68.924828 208.337753 53.087269 23.301216 192.094086 57.990772 115.118034 188.336288 74.509163               6571 
33.756077 164.091019 68.710457 68.154076 209.500946 54.256248 23.105070 192.359543 60.197311 114.757912 190.090530 75.329613               6590 
32.524391 164.589035 69.330856 67.950668 209.807922 54.564747 23.030272 192.483734 60.842140 114.663811 190.548065 75.533997               6601 
30.827745 165.503555 71.758232 67.264198 210.140244 55.371288 22.495321 192.894165 62.664650 114.178719 191.619247 76.555466               6611 
29.636175 166.178360 73.495766 66.776428 210.376373 55.944370 22.089743 193.292862 64.016769 113.845573 192.387894 77.244110               6622 
27.408230 166.689850 73.984215 66.494568 210.512817 56.275528 21.911240 193.418289 64.770676 113.657112 192.833786 77.627701               6633 
26.248920 166.434952 73.990562 66.726715 210.234055 56.812859 22.229172 193.188980 65.670776 114.089668 192.027802 77.259171               6644 
25.748293 166.078766 74.065300 67.033653 209.922775 57.350063 22.715775 192.817001 66.450851 114.572716 191.154892 76.858330               6655 
24.949720 165.409439 73.904938 67.221535 209.451981 58.030289 23.196121 191.956116 67.158493 114.981979 190.208359 76.507088               6666 
24.240431 163.896774 74.263779 67.034843 208.649872 59.751087 23.435846 190.367859 68.924202 115.278984 188.721909 76.126312               6677 
23.427498 162.559494 75.638924 66.352264 208.045395 62.153191 23.212675 188.892975 71.382446 115.104080 187.770630 76.469696               6688 
22.929106 161.924515 76.313126 66.014191 207.746017 63.342899 23.184414 187.941391 72.314964 115.007828 187.352905 76.628731               6699 
22.546244 161.673462 76.583755 65.863838 207.612869 63.872021 23.240549 187.137497 72.264877 114.962746 187.178604 76.698029               6710 
21.751064 160.752518 76.847183 64.889244 207.029129 63.986614 22.609404 185.807098 72.022812 114.192116 187.180649 76.949387               6721 
21.991995 160.744629 77.606041 65.209557 207.032166 64.573410 23.195318 185.396194 72.472023 114.643944 187.054214 76.816422               6733 
