32.191723 188.652374 94.612137 94.526237 211.893936 78.031952 41.204922 174.729019 96.194122 140.080841 207.134903 107.946800                  0 
32.370285 188.367325 94.844048 94.329659 212.124161 78.076775 41.406414 174.400146 96.338928 139.901459 207.821869 108.034584                 19 
32.707905 187.503311 95.112549 95.012207 209.901016 78.527840 41.213112 173.265335 96.480545 140.234741 204.705093 108.870773                 39 
33.141830 186.939987 95.453125 95.455849 208.456024 78.821022 41.139553 172.484772 96.562111 140.436203 202.688278 109.419556                 59 
33.405567 186.741943 95.636040 95.592842 207.906387 78.856804 41.085049 172.212875 96.550606 140.488098 201.944519 109.542976                 79 
33.715633 186.656128 95.866386 95.660385 207.635406 78.874443 41.111130 172.017914 96.532501 140.513123 201.578232 109.604088                 98 
34.059822 186.613525 96.123138 95.703751 207.461426 78.885773 41.148239 171.866699 96.522621 140.529007 201.343216 109.643402                118 
34.406536 186.594086 96.377022 95.735817 207.332764 78.894150 41.194103 171.733704 96.515434 140.540665 201.169495 109.672523                137 
34.578598 186.577682 96.491730 95.761375 207.230209 78.900826 41.256477 171.598389 96.503876 140.549896 201.031067 109.695763                157 
34.483459 186.174026 96.479431 95.360100 206.881989 78.384384 41.054844 171.113007 96.309761 140.364166 200.665482 108.859901                176 
34.423935 185.900482 96.576591 94.755768 207.002579 77.705574 40.959145 170.780792 96.230865 140.105270 201.165024 107.740791                195 
34.350060 185.702805 96.811234 94.161751 207.203812 77.379570 40.893108 170.446869 96.306084 139.733688 201.810776 107.160133                215 
34.344215 185.577484 97.028252 93.696602 207.401703 77.182709 40.914745 170.125198 96.354408 139.411514 202.378815 106.808472                235 
34.441559 185.526047 97.217407 93.413208 207.522278 77.062767 41.025055 169.835312 96.365868 139.213455 202.725433 106.594048                255 
34.627666 185.510010 97.428108 93.191910 207.633881 76.984375 41.135361 169.588547 96.383194 139.049149 203.035767 106.458771                276 
34.819592 185.517960 97.608032 93.037148 207.711945 76.929558 41.259098 169.366699 96.393555 138.933670 203.252914 106.364143                297 
35.024372 185.534988 97.782059 92.919281 207.771393 76.887802 41.381611 169.169037 96.395844 138.845413 203.418365 106.292053                318 
35.275242 185.562851 97.977448 92.828835 207.817001 76.855766 41.466705 169.027725 96.399277 138.777512 203.545349 106.236740                340 
35.543961 185.594604 98.180092 92.753616 207.854935 76.829124 41.559380 168.889465 96.405792 138.720901 203.650986 106.190720                362 
35.369148 185.100388 98.090088 92.220299 207.976608 77.359932 41.413616 168.134338 95.974525 137.860291 204.003693 107.259369                384 
36.036404 184.838287 98.001404 91.759033 210.296860 78.114502 42.743988 167.884674 95.698257 136.995789 208.347397 108.816368                407 
36.848335 184.842926 98.334381 91.785339 211.825806 79.203346 43.769047 167.910309 95.802322 136.586212 210.931137 110.585670                429 
37.254715 184.897232 98.254646 92.407555 210.821747 79.046646 43.582100 167.750397 95.496567 137.140778 209.036224 110.487366                449 
37.290531 185.139206 98.328171 92.998512 209.025879 78.694893 42.926250 167.633438 95.652756 137.616104 206.313705 110.233498                469 
37.467934 185.316833 98.403671 93.258377 208.182098 78.412811 42.686256 167.561172 95.665695 137.852325 205.035233 109.944481                488 
37.716076 185.440582 98.537506 93.382195 207.780045 78.278404 42.670116 167.443436 95.639275 137.961685 204.426193 109.809189                508 
38.018879 185.545578 98.717056 93.453163 207.549606 78.201370 42.706287 167.331543 95.607925 138.023422 204.077194 109.732353                527 
38.230114 185.619049 98.840439 93.502235 207.390289 78.148109 42.751945 167.236786 95.573982 138.065720 203.835938 109.679527                546 
38.392673 185.674637 98.934715 93.538841 207.271423 78.108368 42.799782 167.147385 95.544273 138.097061 203.655975 109.640282                566 
38.596455 185.771606 98.902603 93.535667 207.417892 77.938637 42.928349 167.154831 95.432571 138.100510 203.940674 109.476746                586 
38.723774 185.654724 98.893585 93.226006 207.823410 77.689919 43.113796 167.006851 95.337723 137.880127 204.869812 109.155037                605 
38.896534 185.758194 99.029541 93.118507 207.881805 77.611504 43.134129 166.906174 95.276001 137.818100 204.852051 109.004753                624 
39.106907 185.845993 99.176033 93.053894 207.916916 77.564362 43.192207 166.791153 95.253227 137.780762 204.841461 108.914291                644 
39.617828 185.844345 99.336777 93.088539 208.424255 77.587234 43.705292 166.682693 95.220825 137.872314 205.665085 108.885307                663 
40.198689 186.146591 99.552742 93.147392 209.315018 77.627136 44.402534 166.829300 95.293068 137.992142 207.028519 108.875954                683 
40.899662 186.627197 99.764519 93.345634 210.262970 77.464920 45.346275 167.100494 95.605179 138.263092 208.794159 108.658401                703 
41.026325 187.637451 100.066032 93.198380 211.661606 77.742966 45.893665 167.860809 96.237228 137.862656 211.364151 109.330673                725 
41.015350 188.122070 100.395607 93.180016 212.453537 78.556923 46.119869 168.184982 96.618950 137.484009 212.519653 110.649292                746 
41.020580 188.487747 100.468742 93.193367 212.854980 78.820015 46.337826 168.308411 96.736649 137.295563 213.126740 111.188080                768 
40.401855 188.314056 100.374893 93.036301 211.368759 78.608299 45.480423 167.659790 96.660187 137.065216 210.879181 111.073425                790 
40.035667 188.207108 100.357956 92.915375 210.224472 78.445290 44.936283 167.075638 96.560959 136.871368 209.151199 110.995041                811 
39.988113 188.180496 100.440681 92.854477 209.648254 78.363205 44.729103 166.711685 96.483139 136.768372 208.282166 110.958794                832 
40.278034 188.484573 100.732323 92.879608 209.975296 78.398056 45.017105 166.815643 96.643829 136.826859 208.792450 110.955826                853 
40.556637 188.906418 100.994965 92.935074 210.507187 78.445793 45.381016 167.084564 96.880058 136.899780 209.663879 110.990555                873 
40.465492 188.865295 101.101616 92.911659 210.163437 78.663399 45.148506 166.842133 96.760406 136.786057 208.879227 111.315453                894 
40.374302 188.823792 101.185410 92.894020 209.788864 78.866234 44.868263 166.622101 96.608315 136.667404 208.027557 111.631409                914 
40.337582 188.810638 101.234413 92.854416 209.541428 78.978653 44.669708 166.448593 96.436417 136.531754 207.462296 111.853210                935 
40.291557 188.781662 101.261414 92.751862 209.351791 79.049744 44.465019 166.278091 96.235802 136.328964 207.039413 112.041527                955 
40.271759 188.707596 101.326981 92.631378 209.130585 79.155701 44.266270 166.035004 95.996651 136.102814 206.535370 112.265633                976 
40.336277 188.657944 101.415398 92.542183 208.966064 79.237923 44.164082 165.807373 95.793907 135.928421 206.163330 112.442574                996 
40.451557 188.637512 101.521797 92.475372 208.842850 79.299515 44.129131 165.603897 95.623955 135.797302 205.884613 112.574562               1018 
40.555252 188.622421 101.616417 92.423477 208.747131 79.347351 44.140118 165.418961 95.479683 135.695160 205.668076 112.676765               1039 
40.654591 188.612244 101.647339 92.409958 208.690247 79.351677 44.233677 165.246185 95.330788 135.635666 205.547211 112.734734               1060 
40.710636 188.635056 101.669693 92.424377 208.660431 79.395416 44.312935 165.134277 95.202583 135.606812 205.405212 112.823700               1082 
40.734558 188.649841 101.651192 92.464081 208.608185 79.499153 44.349300 165.029724 95.030960 135.551666 205.172623 113.031601               1105 
40.737160 188.661591 101.620232 92.498344 208.563095 79.588669 44.419796 164.908722 94.872902 135.503571 204.971832 113.210403               1128 
40.721138 188.645554 101.571548 92.532150 208.515411 79.686844 44.548027 164.720047 94.701118 135.451187 204.774094 113.402222               1152 
40.723476 188.634720 101.542664 92.560219 208.475830 79.768364 44.626099 164.584259 94.568550 135.407379 204.609756 113.561012               1176 
40.721474 188.624908 101.516357 92.583496 208.443008 79.835953 44.674816 164.482834 94.464211 135.370850 204.473419 113.692322               1200 
40.728172 188.617325 101.501991 92.602577 208.416107 79.891365 44.690578 164.417847 94.384254 135.340759 204.361603 113.799728               1224 
40.732544 188.610306 101.488815 92.619186 208.392685 79.939613 44.697880 164.363235 94.310707 135.314453 204.264191 113.893082               1249 
40.743103 188.603897 101.484192 92.633537 208.372452 79.981285 44.675072 164.349182 94.254768 135.291656 204.180008 113.973587               1274 
40.760361 188.598099 101.487823 92.646042 208.354828 80.017586 44.656288 164.337234 94.203392 135.271744 204.106659 114.043617               1299 
40.357414 188.486069 101.725327 91.764595 208.414215 79.395866 44.534481 163.941849 94.624878 134.771194 205.050674 113.039398               1324 
40.106236 188.553329 101.948799 91.136169 208.528458 78.936180 44.413998 163.823517 95.035614 134.417114 205.854965 112.288559               1349 
39.866531 193.106857 102.859718 91.629532 209.562653 78.844254 44.070526 166.940063 97.469780 134.566940 207.848083 112.699944               1372 
48.335079 209.309814 102.946846 100.646011 217.311050 76.598824 50.036728 182.233551 101.841820 143.575974 217.927887 110.501717               1395 
47.961246 215.618958 98.452576 101.709480 215.848038 74.434021 46.494701 188.387909 99.511147 142.770584 214.986420 110.572800               1413 
47.507732 215.994659 96.518867 101.260994 214.939468 73.892067 45.027874 188.280502 97.768120 141.224075 213.821884 111.234695               1432 
46.695274 215.539352 95.857918 100.413513 214.412109 74.162369 43.729877 187.391708 96.767517 139.574554 212.850159 112.329659               1444 
46.168919 216.229538 95.379166 99.752518 215.094833 74.457184 42.506268 187.883240 95.715263 138.097595 212.984253 113.418304               1455 
46.164433 216.852737 94.533096 99.399178 215.812500 73.577049 41.935257 188.220428 94.168945 137.495270 212.750687 112.718864               1466 
46.821342 219.857040 91.338814 99.679138 217.684525 70.260155 41.996048 190.464172 91.336266 137.573380 214.497498 109.587486               1477 
47.725391 223.389679 86.614380 100.046562 219.600601 65.039185 42.139542 193.227219 87.080620 138.009537 216.041000 104.268143               1488 
49.403687 222.588928 83.530815 99.761307 216.280441 58.344864 40.486549 192.987915 80.637314 138.918518 203.902359 94.487137               1500 
46.847935 221.307129 79.364883 97.499695 216.058823 54.483616 37.532436 191.923950 74.142960 135.849045 200.360733 90.200089               1510 
44.633244 219.898972 73.363487 95.855827 216.301193 49.064140 35.616379 190.777695 66.282158 133.603180 198.634521 84.501343               1521 
41.547073 218.237045 68.617065 93.602966 216.341324 45.043755 32.950878 189.782257 59.382603 130.670654 196.061783 79.792793               1530 
35.464367 216.215134 52.566505 90.251320 215.179474 32.704582 27.335611 190.392761 40.309315 124.315193 189.511780 66.962303               1554 
28.945692 215.611542 29.623522 85.621338 221.130173 13.248516 24.337692 190.874496 16.095272 120.449623 195.865646 47.034058               1575 
25.680498 212.695969 13.880456 84.209686 221.272232 2.981280 23.650339 189.315750 -1.200639 117.635239 193.862518 36.510494               1593 
23.592407 215.299011 -2.112837 83.484505 224.692032 -8.636485 21.846254 193.753952 -15.326107 115.382454 197.747223 26.708481               1612 
20.697731 217.818588 -20.410656 82.021156 226.738983 -22.447758 18.994583 197.526947 -31.088573 112.092979 200.223465 14.772944               1629 
19.509169 217.991684 -28.380033 81.623581 226.223862 -27.716797 17.717638 198.448929 -37.829330 110.678284 199.079468 9.856796               1639 
17.887945 218.504730 -46.293198 80.883980 226.877365 -39.469776 17.188591 199.090332 -53.481529 107.943069 200.017181 -0.238356               1657 
16.131035 217.182098 -54.562977 79.061623 227.895477 -44.392155 16.470984 197.989410 -60.424229 106.082146 201.912247 -4.548317               1666 
12.158252 213.923401 -75.918533 74.344383 228.447723 -59.754372 13.095293 195.877213 -78.823250 100.876495 204.127182 -18.555742               1685 
12.333262 213.304688 -80.325104 74.618011 228.093582 -63.226002 13.325166 195.421188 -82.594780 101.287163 203.723236 -22.145458               1693 
10.933124 214.509018 -106.890350 72.056480 228.658112 -83.300415 11.560810 196.921356 -107.362495 94.958588 204.516800 -39.878540               1720 
10.303533 214.412369 -111.951576 71.926765 227.789444 -88.511642 10.678800 196.832855 -111.882500 94.875504 203.614441 -45.133152               1729 
9.685597 214.313904 -125.758575 70.529282 227.861603 -98.584923 10.486536 196.544800 -124.710983 92.094460 203.540497 -54.582699               1748 
9.646379 214.172562 -129.126236 70.473434 228.605042 -101.540016 10.799676 196.299286 -127.354515 92.317055 205.094772 -57.235485               1756 
10.362296 214.733139 -135.083054 71.414368 229.127213 -106.705635 11.943207 196.661667 -132.877502 93.836754 205.088257 -62.977688               1774 
8.853698 215.896423 -141.208969 69.475540 231.312561 -112.150085 10.766246 197.794479 -138.731094 91.914665 207.826645 -68.131165               1785 
8.656135 215.452835 -144.409653 69.087090 232.888596 -116.033195 10.882418 197.506378 -141.286484 92.049179 211.318176 -71.309280               1792 
7.707722 212.111053 -154.228668 66.470856 232.896301 -124.180954 10.613740 194.495407 -150.529800 89.327812 213.010361 -78.630127               1810 
6.877599 207.139038 -161.873154 63.614693 230.972565 -129.791794 10.166877 190.137299 -158.049591 87.107445 211.307114 -84.469292               1828 
6.430596 204.620239 -167.436691 61.319347 229.758865 -132.745926 7.877091 188.919617 -162.408554 84.106590 210.060974 -87.078613               1837 
5.485910 202.731766 -175.868347 58.854183 227.748291 -137.729340 3.736691 188.177704 -168.966431 81.466560 206.524994 -92.662498               1855 
4.926594 201.789169 -179.297150 57.699642 226.643585 -139.520065 1.801684 187.411621 -171.230682 80.097672 205.014862 -94.539017               1865 
3.648725 203.253464 -184.424713 56.123627 226.097733 -141.410995 0.004397 187.873749 -174.960846 77.754379 203.174942 -96.696060               1883 
3.186345 204.070068 -186.616959 55.684765 226.076309 -142.020966 -0.469251 188.056122 -176.144455 77.008789 202.853287 -97.313622               1891 
2.971634 204.095047 -191.507355 55.098392 225.838821 -143.980194 -0.993462 187.067535 -178.528732 76.371109 202.787476 -99.159721               1910 
2.572215 205.510208 -194.985077 54.731056 225.908569 -144.646942 -1.147308 187.084869 -179.866882 75.487770 202.843216 -99.592346               1919 
3.031250 207.018555 -201.123810 54.045475 225.326385 -146.370178 -1.890746 187.186996 -183.373444 73.672188 201.533203 -101.187820               1937 
3.621277 204.832565 -205.640945 52.361176 222.268524 -147.560593 -2.618840 184.365128 -186.963120 71.501152 197.502182 -102.693474               1955 
3.827162 205.329727 -207.086090 52.119915 221.984756 -148.076431 -3.058413 184.791870 -188.071228 71.039742 196.705475 -103.402420               1964 
4.666085 206.564285 -210.393082 51.883541 222.600937 -149.934540 -2.986435 185.969803 -191.006165 70.056816 197.015793 -105.124931               1982 
6.117166 206.481354 -213.407562 50.893070 222.724808 -151.012909 -3.088152 186.095306 -193.674469 67.833542 197.123901 -105.731766               1991 
8.555496 206.215149 -218.488739 50.040787 223.143631 -153.779861 -2.770099 186.482559 -198.131241 65.660873 197.749176 -107.911530               2009 
10.103180 205.808884 -222.039063 49.196323 223.712097 -155.996857 -2.823276 186.775330 -201.214523 63.681320 198.864761 -109.461243               2019 
11.871264 205.943283 -225.817261 48.658653 224.117294 -158.347244 -2.465804 187.478363 -204.791611 62.027939 199.384888 -111.418167               2046 
12.353181 206.160507 -226.818115 48.677193 224.341675 -159.038177 -2.300595 187.878113 -205.720566 61.828857 199.610931 -112.046761               2055 
12.826868 206.642059 -228.254959 48.786629 224.648453 -160.133926 -2.293165 188.711182 -206.955017 61.809895 199.807800 -113.164742               2065 
13.429534 206.776855 -229.207458 49.104519 224.933594 -160.886627 -2.019118 189.244415 -207.643051 62.137383 200.177170 -113.875633               2075 
13.705015 207.278900 -230.240280 49.349365 225.279861 -161.774445 -1.998415 189.910339 -208.401978 62.779922 200.334259 -114.975883               2086 
14.424481 207.712189 -232.346893 49.389500 226.437714 -163.635696 -1.614450 190.523132 -210.160950 63.284531 201.771927 -116.824409               2104 
14.872631 207.315704 -232.981323 49.410717 226.417160 -164.109146 -1.770587 190.452881 -210.450699 63.417919 201.927032 -117.239113               2114 
15.037193 206.882233 -233.400436 49.356655 226.365936 -164.467102 -2.309452 190.498581 -210.394455 63.540836 202.084000 -117.542000               2124 
15.482753 206.656189 -234.124237 49.305256 226.546173 -165.001358 -2.516557 190.607529 -210.781403 63.576332 202.468933 -117.997192               2136 
15.961676 206.206116 -234.716431 49.114426 226.706177 -165.399338 -2.596166 190.415466 -211.120789 63.373283 202.967285 -118.219688               2146 
16.301105 205.942596 -235.179764 48.961773 226.884613 -165.710678 -2.756053 190.478897 -211.352478 63.203152 203.402725 -118.397331               2157 
16.546900 205.700363 -235.509323 48.739498 227.232788 -165.957428 -2.727950 190.596146 -211.555237 62.950180 204.115112 -118.455864               2169 
16.807024 205.451477 -235.809784 48.603569 227.471130 -166.186676 -2.639460 190.643112 -211.766708 62.759434 204.662796 -118.519501               2181 
16.900335 205.396912 -236.094742 48.478352 227.804138 -166.456497 -2.601181 190.886826 -211.975113 62.628574 205.251587 -118.666100               2193 
16.966398 205.364487 -236.309464 48.387695 228.045212 -166.651840 -2.550847 191.151978 -212.136826 62.532410 205.678055 -118.772766               2205 
16.918646 205.366531 -236.513290 48.213543 228.306290 -166.850174 -2.657203 191.516769 -212.269760 62.360931 206.115692 -118.889793               2217 
16.853874 205.395554 -236.672577 48.104321 228.499207 -167.010513 -2.930534 191.920059 -212.276337 62.284916 206.424805 -119.006355               2230 
16.805086 205.422043 -236.794739 48.026157 228.637268 -167.125275 -3.084390 192.285782 -212.290207 62.230270 206.646118 -119.089851               2243 
16.949833 205.221725 -236.927689 48.118439 228.853073 -167.345535 -3.068849 192.446609 -212.245377 62.386703 207.143738 -119.201057               2256 
17.179794 204.686447 -237.389236 48.136620 229.069778 -167.944595 -3.119340 192.341049 -212.412109 62.562664 207.837387 -119.634720               2270 
17.327089 204.116577 -238.012207 48.358444 229.097427 -168.784912 -3.398342 192.307358 -212.594101 63.123554 208.242157 -120.413239               2286 
17.375689 203.308289 -238.518692 48.388958 229.085358 -169.553207 -3.654213 191.976715 -212.720917 63.438114 208.745560 -121.049751               2299 
17.536819 201.984558 -238.918701 48.229614 229.357178 -170.400116 -3.800096 191.430862 -212.781097 63.345638 210.108017 -121.474205               2314 
17.555788 201.286636 -239.343063 48.328728 229.352463 -171.118011 -3.956134 191.201279 -212.909470 63.719925 210.572083 -122.095787               2330 
17.463713 200.882614 -239.624374 48.338730 229.372620 -171.599213 -4.159935 191.159195 -212.981506 63.959976 210.880295 -122.540283               2346 
17.465277 200.336823 -239.773865 48.202850 229.535751 -171.966003 -4.305303 191.088577 -213.013641 63.830387 211.547394 -122.722031               2363 
17.276423 199.263657 -240.311264 48.213512 229.356277 -172.966080 -4.534531 190.793533 -213.369965 63.967968 212.032135 -123.524803               2379 
16.934576 198.584457 -240.723465 48.246822 229.227951 -173.781281 -4.812661 190.785919 -213.641174 64.211197 212.329681 -124.260010               2396 
16.608788 198.194244 -240.986206 48.253277 229.139297 -174.320236 -5.026234 190.900528 -213.838028 64.402557 212.483536 -124.776772               2413 
16.673697 197.952026 -240.787415 48.235592 229.281570 -174.243561 -4.941629 190.963058 -213.655563 64.408043 212.903488 -124.615158               2429 
16.465086 197.705917 -240.079071 48.074326 229.493378 -173.757462 -5.144076 191.044617 -212.903580 64.268837 213.467041 -124.021523               2446 
16.708445 198.017044 -239.823883 48.113785 229.483444 -173.235474 -5.010504 191.255585 -212.705444 64.257317 213.204742 -123.564980               2463 
16.947290 199.386795 -239.660339 47.893154 229.197113 -172.085663 -5.265488 192.186050 -212.738556 63.737244 211.695526 -122.735611               2480 
16.768196 200.660477 -238.777313 47.449516 228.828842 -170.367203 -6.131335 193.287598 -211.952957 62.910183 210.178223 -121.317314               2497 
16.429033 199.891449 -237.346924 46.438965 229.047668 -169.037704 -7.243293 193.047775 -210.396805 61.505062 211.099991 -119.604286               2514 
13.294827 205.805252 -233.950546 44.790909 228.370132 -163.659332 -10.983271 198.253418 -207.106857 58.830315 206.355865 -115.586090               2531 
10.184850 210.394714 -228.023544 42.562756 229.277771 -156.807358 -14.342902 201.990662 -200.866226 56.395027 205.258530 -109.642616               2548 
7.306759 213.202316 -223.435730 41.815559 232.511612 -153.026337 -17.764994 206.211914 -194.647888 55.642498 209.586472 -105.318657               2565 
4.815477 218.063156 -217.263885 42.164486 235.628113 -147.626984 -20.189619 211.897583 -187.078140 56.343143 212.350784 -100.193878               2580 
-0.144865 221.952332 -209.943375 41.364384 236.868851 -141.829269 -23.856649 216.283157 -178.316391 56.611504 212.800858 -95.127823               2593 
-4.295189 221.622864 -204.033188 40.156429 237.996063 -137.833328 -26.542540 216.079590 -170.751389 57.404617 215.644196 -90.975433               2605 
-7.249897 220.091171 -193.925873 40.742569 239.951675 -131.051865 -27.235542 215.215988 -158.910446 61.105255 220.377670 -84.201172               2618 
-10.176565 224.614761 -186.633789 40.512581 241.997162 -124.868324 -28.795677 218.930603 -150.643967 61.822041 222.012299 -78.615967               2629 
-16.026485 224.199905 -175.569946 38.105976 242.602875 -116.747742 -32.540749 218.690155 -137.678696 61.702255 225.014114 -70.632446               2649 
-16.631096 224.394318 -169.814240 37.725212 242.456299 -110.598831 -32.270306 216.150848 -130.990509 62.153351 225.955200 -64.514687               2659 
-19.171370 226.773361 -155.755997 38.422718 243.625488 -98.586433 -32.572777 216.849518 -114.892494 65.040833 228.496353 -53.250420               2677 
-21.318571 225.311447 -148.702637 35.520500 243.327393 -90.863228 -35.895496 216.167694 -106.204613 61.705391 230.430206 -44.594631               2696 
-21.875605 225.308960 -143.807236 35.460148 243.012741 -86.301956 -36.439556 215.990341 -100.470917 62.193134 230.369598 -40.277317               2704 
-25.083435 224.643585 -125.609123 33.090084 242.165939 -69.863937 -39.830368 215.024490 -80.393547 60.652023 232.547226 -23.597445               2731 
-25.430206 223.202057 -121.560432 32.784245 241.931000 -66.581940 -40.173405 213.928589 -75.636604 60.825119 233.764069 -20.324194               2740 
-27.087393 219.289078 -106.726074 33.611469 240.534851 -55.975830 -40.483482 214.105103 -59.338745 63.622578 235.573837 -10.506166               2759 
-25.236937 213.236313 -97.852638 34.612141 238.896576 -51.104919 -39.177906 211.534744 -52.360989 65.890366 234.788559 -6.410788               2768 
-20.046349 204.456146 -74.653397 36.360329 238.067154 -39.255066 -38.567657 214.545731 -36.997337 69.193138 233.953110 4.309259               2786 
-11.419701 197.325638 -48.080452 38.473164 238.631958 -26.529657 -37.463791 219.307739 -22.942299 71.206734 235.803955 17.211451               2804 
-5.679397 199.422165 -34.496582 45.091114 237.737183 -18.882406 -31.701580 224.521408 -9.909274 80.932388 229.298828 21.577032               2813 
-0.359835 200.070496 -23.318357 49.484112 237.407944 -12.129981 -27.076393 227.827850 0.631311 87.171066 225.855148 25.804110               2822 
4.788043 199.318832 -7.295877 52.555302 236.796112 -0.672508 -23.075323 229.067505 16.487873 92.356148 223.240051 34.325985               2840 
7.223035 199.339569 0.006070 54.776848 236.307251 4.292800 -20.371393 230.570572 23.457090 95.276733 222.124664 38.224819               2849 
9.051682 198.349731 6.941847 56.340584 235.092087 9.234230 -18.046265 231.444214 30.004803 97.540314 220.772034 42.253723               2859 
10.620205 197.639404 13.610890 57.631847 234.167572 14.788317 -15.804128 232.056625 36.936535 99.511276 219.028473 46.563931               2871 
14.806715 196.198853 30.987720 62.236515 231.354126 26.367699 -8.147307 233.946930 51.802628 105.711189 216.962357 56.294247               2896 
15.916102 197.548996 41.406673 63.769184 231.223770 35.164181 -5.110903 236.639023 62.367538 107.639702 215.240295 63.671638               2912 
15.823549 198.946869 51.199093 64.615402 229.717209 41.702591 -0.373493 244.260345 72.170921 108.711021 211.910355 68.744431               2930 
15.152376 192.150314 60.201836 61.322861 225.053482 47.051857 1.419554 246.243713 84.786186 107.837349 209.694092 71.408806               2948 
22.672781 185.183212 75.706665 63.574242 220.418060 54.484814 15.451183 254.041214 103.504623 114.150719 209.335815 72.147545               2968 
24.759569 178.865204 78.753937 62.413441 216.800400 56.434483 15.886850 249.629776 108.852631 114.286057 208.408554 71.652138               2976 
26.505680 177.700226 82.364403 62.245472 215.966904 57.885300 25.638676 261.821106 114.134605 114.852798 208.807831 71.075661               2985 
27.699783 176.848022 85.763618 61.707493 215.838623 60.209042 31.347937 267.125488 120.419159 114.900780 209.319199 71.197205               2994 
29.791124 176.608261 91.989174 61.629692 215.966858 64.480560 35.996952 270.833038 127.205444 115.401344 210.545441 72.965050               3003 
31.348442 176.690323 96.597404 61.544048 216.407257 67.974228 40.613777 273.712280 133.785568 115.654373 211.476212 74.340233               3021 
30.290195 177.440887 97.567001 60.855865 216.704269 68.798088 42.377407 275.180817 135.735291 114.919655 210.902649 74.816109               3030 
29.139046 173.382706 100.231125 57.617882 211.859177 68.516869 42.194328 273.822052 134.776871 111.987282 207.250717 72.453766               3039 
26.849489 164.845352 101.548698 53.253681 205.191788 70.507790 37.805931 266.515015 140.019638 107.799767 202.875000 73.989960               3066 
26.688946 164.138336 101.655907 52.887539 204.632416 70.674820 38.292870 266.456543 141.100525 107.443588 202.508881 74.123978               3075 
26.355873 163.915756 101.697540 52.522472 204.406784 70.760292 39.540569 267.536987 142.546173 107.068588 202.396072 74.427269               3084 
25.998962 163.774078 101.658752 52.173382 204.245453 70.770424 40.707779 268.725952 143.845337 106.702599 202.379364 74.751732               3093 
25.156250 163.241638 101.144096 51.792561 203.443390 70.363976 40.936226 269.305573 144.048569 106.253082 201.518661 75.171883               3103 
23.893330 162.145752 100.528435 51.143124 202.365082 70.371666 40.143139 268.682739 144.771896 105.497833 200.304123 76.210068               3111 
23.069492 161.243851 99.808342 50.455242 201.802292 70.290375 38.373066 268.612183 145.182159 104.693520 200.327057 77.276199               3120 
22.446718 160.534088 99.236603 49.908051 201.354614 70.225700 37.069664 268.678802 145.478912 104.031334 200.338348 78.125443               3138 
22.547861 160.187729 98.919334 49.786781 201.132736 70.150543 37.013161 268.573914 145.682495 103.875137 200.196487 78.295609               3147 
22.966375 160.005478 98.681129 49.688168 200.952744 70.132095 37.616810 268.884766 145.921432 103.735298 199.925827 78.535767               3156 
23.356060 157.689728 96.340294 49.436607 199.372467 68.855865 36.198071 267.425232 145.094818 103.293198 199.123810 78.456635               3165 
24.194824 154.804367 94.153252 49.336185 197.612991 68.240807 34.979427 264.003052 146.253983 103.043159 197.906189 78.644844               3174 
25.054438 153.291901 92.986488 49.280083 196.630035 67.897194 34.240246 262.171997 146.601669 102.893974 197.203064 78.759560               3185 
25.547100 152.738785 92.178497 49.004982 195.897614 67.154953 33.903996 261.841370 145.552841 102.544189 196.396988 78.383141               3202 
25.356220 152.221588 91.679291 48.597977 195.438721 66.922424 32.627697 261.281738 145.077591 102.033524 196.041718 78.629166               3211 
25.869852 148.674210 88.439011 47.634197 192.993225 64.741211 26.864418 257.088379 142.117645 100.742104 195.395813 77.646500               3220 
26.004902 147.746689 87.633797 47.126999 192.150436 64.101601 24.260265 256.132599 140.350708 100.018623 195.124908 77.754326               3229 
26.546362 147.023376 86.620255 46.819489 191.703598 63.687340 21.744690 254.562668 138.692047 99.528671 194.981995 77.961906               3238 
27.606476 147.284241 85.960464 46.878708 191.510941 63.094940 20.972450 254.084015 136.554977 99.506310 194.279755 77.772743               3256 
28.411232 146.939163 84.750832 47.055763 191.222641 62.414089 20.053738 252.820190 135.500198 99.550163 193.815826 77.592430               3265 
27.538639 147.400116 81.399887 46.898727 191.439926 60.408070 20.164316 251.549377 133.228806 99.261635 191.744110 76.244789               3283 
27.646336 146.971741 80.182823 46.489498 191.173325 59.804005 13.969863 247.102173 123.378510 98.705666 191.346298 76.119980               3293 
28.303297 147.298477 79.766823 45.975197 191.453064 59.361076 8.557599 244.166122 115.279739 98.065681 192.048340 76.064247               3303 
29.331789 146.730835 79.266426 45.495255 191.096863 58.859932 4.714720 241.755356 111.398689 97.363464 192.936798 76.153633               3313 
30.839293 146.314163 79.223724 45.446533 190.857300 58.561665 2.488335 240.094131 109.415909 97.178391 194.134125 76.050117               3323 
32.503544 147.366699 80.022934 45.619953 191.121017 58.174881 1.953545 240.876144 107.038612 97.280037 195.165863 75.714668               3332 
33.053185 147.532715 79.966400 45.585892 191.144226 58.014210 1.899002 240.719040 106.544464 97.285439 195.192108 75.436623               3342 
33.751961 147.443512 79.890778 45.533127 191.211136 58.089622 0.976498 239.615906 105.738159 97.172356 195.744232 75.571327               3360 
34.060848 147.263107 79.372749 45.630920 191.232101 57.960194 0.761293 238.993103 105.429832 97.214783 195.792435 75.597565               3369 
33.945797 146.813934 77.634117 45.763489 191.211578 57.391041 0.382727 237.821457 104.805252 97.138405 195.197357 75.762222               3379 
33.597691 146.926407 76.895187 45.902870 191.344788 57.104256 0.968388 238.064011 104.601639 97.261612 194.521027 75.677361               3388 
33.815273 146.484634 75.777405 46.084267 191.174652 56.689041 1.130403 237.148483 104.444481 97.417519 194.007309 75.387764               3397 
34.055294 146.314301 75.059601 46.072201 191.075546 56.398014 1.227917 236.574051 104.384407 97.404083 193.554596 75.150650               3406 
33.828960 146.883469 73.524429 46.328636 192.101776 56.738876 1.752542 235.961365 105.496246 97.563271 192.990616 75.895889               3415 
33.774624 147.182281 71.217735 47.191376 192.730881 56.612595 2.973690 234.616150 105.093407 98.243317 191.407547 76.226791               3435 
33.724625 147.285492 70.513428 47.429363 192.891541 56.543530 3.391174 234.098373 104.555534 98.435165 190.844818 76.215538               3443 
33.614925 147.565521 69.340172 47.821213 193.238876 56.396370 4.286836 233.250977 103.196548 98.779053 189.958221 76.025543               3453 
33.576347 147.742905 68.676857 48.046093 193.438202 56.311913 4.951736 232.693604 101.704765 98.971130 189.451385 75.895447               3461 
33.574825 147.904831 68.129898 48.235867 193.606415 56.240643 5.464163 231.311935 98.869514 99.130264 189.025467 75.773788               3471 
33.566456 148.021912 67.717896 48.358055 193.731812 56.212833 6.096350 230.649216 96.979881 99.227798 188.695190 75.697975               3480 
33.705540 148.442459 67.171150 48.690243 194.235596 56.500854 6.876893 229.783722 95.303879 99.487419 188.492050 75.979752               3498 
33.799931 148.781326 66.804230 48.933456 194.619247 56.656124 7.441422 229.755524 94.778900 99.655617 188.458923 76.203018               3508 
33.925224 149.151840 66.421715 49.192497 195.027847 56.821499 8.106949 229.661316 94.047707 99.834320 188.423477 76.431618               3519 
34.194225 149.105576 66.256683 49.344296 195.055069 56.949165 8.394672 229.197327 93.614449 99.978546 188.389694 76.558197               3527 
34.333233 149.037781 66.173645 49.357815 195.023224 56.987694 8.527624 228.736282 92.936424 99.988770 188.361572 76.606499               3537 
34.385128 149.080017 66.065338 49.382694 195.076645 57.016140 8.781754 228.570816 92.605339 100.024963 188.294357 76.564285               3547 
34.433605 149.120224 65.962517 49.406277 195.127289 57.043110 8.968410 228.476990 92.471107 100.059265 188.231094 76.523514               3556 
34.567020 149.182144 65.897072 49.426849 195.180908 57.085987 9.165312 228.388947 92.375801 100.091827 188.169632 76.493988               3567 
34.717842 149.239716 65.833061 49.441395 195.227768 57.128181 9.306299 228.253265 92.269676 100.117905 188.117508 76.469940               3576 
34.874325 149.302902 65.746048 49.452698 195.290497 57.191605 9.432791 228.047623 92.176666 100.145203 188.060913 76.447044               3588 
34.289001 149.886703 65.674553 49.082184 195.790314 57.373550 9.236334 228.478714 91.998604 99.658432 188.102386 76.756737               3600 
33.887291 150.427017 65.645279 48.884460 196.264175 57.634262 9.134970 228.834824 91.921028 99.330994 188.151901 77.181816               3614 
33.754879 150.926620 65.972809 48.853825 196.656723 57.794506 9.224988 229.543381 91.753189 99.220863 188.421249 77.494942               3627 
33.644661 151.253662 66.223137 48.782295 196.912964 57.943604 9.211086 229.997894 91.646950 99.083855 188.606110 77.780891               3642 
33.658485 151.457947 66.416924 48.786480 197.072037 58.058453 9.291455 230.259903 91.586288 99.064240 188.726746 77.939903               3656 
33.682007 151.615005 66.567253 48.789654 197.192795 58.145641 9.361689 230.457993 91.522682 99.049294 188.818497 78.060677               3671 
33.720230 151.808884 66.699104 48.941944 197.312546 58.233917 9.765329 230.770493 91.595825 99.190575 188.734573 78.089966               3686 
33.530659 152.083221 67.071892 48.797939 197.502136 58.375957 9.754960 231.231064 91.510086 99.021049 188.907883 78.289429               3701 
33.380161 152.310425 67.379585 48.679497 197.658051 58.492783 9.744684 231.607758 91.440170 98.881668 189.051010 78.453484               3715 
33.348007 152.409561 67.544518 48.647968 197.714920 58.555630 9.810616 231.785446 91.421883 98.847588 189.084518 78.512642               3731 
33.356758 152.408188 67.666916 48.583702 197.706375 58.620316 9.804922 231.820648 91.398918 98.793495 189.120850 78.571106               3746 
33.367413 152.407547 67.773827 48.527935 197.698975 58.676445 9.795465 231.830063 91.349998 98.746536 189.152374 78.621773               3762 
33.193619 152.439316 67.740601 48.561653 197.682251 58.847103 10.290284 231.879913 91.850319 98.823402 188.677963 78.479935               3781 
32.994793 152.472458 67.727928 48.555614 197.664703 58.997250 10.605818 231.928024 92.188347 98.815132 188.287781 78.460625               3801 
32.904213 152.499710 67.756493 48.633591 197.637085 59.123329 11.008849 232.003769 92.531326 98.908241 187.933472 78.386444               3820 
32.832523 152.524078 67.782501 48.698944 197.613953 59.228996 11.352701 232.069077 92.814331 98.984436 187.636810 78.323364               3841 
32.796745 152.525330 67.739281 48.730656 197.597076 59.287762 11.612250 232.058502 93.081146 99.045341 187.414688 78.195961               3863 
32.714024 152.549362 67.645477 48.729874 197.606461 59.339607 11.524449 231.176086 92.584267 99.073311 187.184372 78.039520               3884 
32.698067 152.638367 67.498718 48.857025 197.639755 59.409729 11.738834 230.588287 92.530579 99.229523 186.782578 77.780952               3905 
32.684937 152.752457 67.428413 48.938492 197.712250 59.531078 11.937853 230.295990 92.565460 99.311920 186.528275 77.702621               3927 
32.765007 153.000076 67.329094 49.045734 197.955048 59.672989 12.062186 230.217285 92.810165 99.419785 186.529755 77.692039               3948 
32.924465 153.026947 67.203911 49.116974 198.017044 59.764477 11.519683 229.284714 92.873589 99.508659 186.511963 77.683182               3970 
33.032352 152.976105 67.123566 49.182529 197.979004 59.853725 10.905578 228.208954 93.111023 99.610008 186.343201 77.586357               3991 
33.115311 153.016846 67.135170 49.226654 198.015839 59.921589 10.710145 227.792557 93.063965 99.668121 186.318970 77.574074               4013 
33.184399 153.057831 67.154259 49.297634 198.061569 60.010048 10.587396 227.344879 92.947357 99.760155 186.299423 77.558685               4033 
33.209320 153.116653 67.102791 49.378712 198.110855 60.056519 10.589003 227.043259 92.910393 99.853928 186.208572 77.473656               4054 
33.228600 153.229858 67.158287 49.463066 198.205734 60.178078 10.546172 226.764557 93.006248 99.956772 186.157669 77.440720               4074 
33.269775 153.285172 67.099060 49.575230 198.241577 60.237774 10.599443 226.292603 92.897339 100.089386 185.999023 77.302582               4094 
33.258377 153.350769 67.066330 49.635674 198.281998 60.289341 10.564292 225.922882 92.780342 100.147888 185.877960 77.242928               4115 
33.227497 153.399048 67.025208 49.682255 198.300949 60.316566 10.660661 225.750458 92.743210 100.194420 185.733261 77.149353               4136 
33.159981 153.446930 66.925865 49.739246 198.309982 60.336803 10.749125 225.008774 92.174713 100.251198 185.495636 76.983238               4156 
33.166245 153.670456 66.973900 49.865387 198.483917 60.422569 10.854430 224.401886 91.597076 100.379486 185.457062 76.896660               4178 
33.214161 153.854523 67.078285 49.982754 198.630524 60.514015 10.916792 223.731506 90.933128 100.500984 185.480347 76.877075               4199 
33.276154 153.999344 67.070656 50.127426 198.734543 60.505001 10.965398 223.364334 90.542892 100.627777 185.458557 76.821594               4220 
33.362305 154.077911 67.105835 50.267044 198.786789 60.559784 10.960215 222.925415 90.387329 100.770920 185.399368 76.774101               4240 
33.337261 154.141907 67.077995 50.480984 198.767563 60.671494 11.386779 222.370789 90.551575 101.020683 184.922485 76.382050               4261 
33.309410 154.195755 67.057899 50.654072 198.752029 60.761871 11.717465 222.038895 90.765999 101.217239 184.538101 76.062172               4282 
33.289761 154.238724 67.045326 50.785538 198.740219 60.830521 11.594612 221.315308 90.829132 101.363220 184.247070 75.817696               4304 
33.280846 154.270432 67.049614 50.907391 198.725052 60.910538 11.329854 220.811279 91.324547 101.500443 183.986191 75.603302               4325 
33.513821 154.576309 67.344719 51.247047 199.009537 61.395832 11.592031 220.620575 92.456757 101.919174 183.970657 75.500313               4347 
33.905834 154.987762 67.844429 51.638088 199.406540 61.841946 11.938073 220.796417 93.146774 102.374046 184.311203 75.653603               4368 
34.156025 155.252258 68.161263 51.886330 199.658569 62.125149 12.262982 221.036179 93.591904 102.661888 184.527344 75.750755               4389 
34.306759 155.428589 68.358276 52.045349 199.820023 62.306568 12.482344 221.255386 93.910606 102.845901 184.665787 75.812935               4409 
34.425983 155.547516 68.522507 52.145908 199.939636 62.477619 12.594479 221.361404 94.164619 102.977875 184.817276 75.901253               4430 
34.478607 155.668640 68.922951 52.120888 200.091049 62.957947 12.580508 221.379959 94.604507 102.987282 185.047607 76.339783               4451 
34.764431 155.627380 69.188370 52.198242 200.104126 63.102200 12.479361 221.295914 94.501747 103.111252 185.391266 76.672958               4472 
34.967804 155.605591 69.392975 52.262520 200.115692 63.201828 12.443762 221.225143 94.373878 103.216171 185.659561 76.895424               4493 
35.101749 155.577942 69.470627 52.313107 200.119232 63.276752 12.410040 221.028015 94.144966 103.292099 185.851044 77.072746               4514 
35.067642 155.590286 69.472641 52.321060 200.115723 63.280361 12.375394 221.026917 94.101082 103.297874 185.887573 77.125687               4536 
35.115894 155.507874 69.439781 52.384895 200.039581 63.290707 12.302384 220.812820 94.087021 103.375290 185.888733 77.165215               4557 
35.167156 155.434082 69.410034 52.443401 199.969772 63.300186 12.158484 220.564545 94.113426 103.446106 185.889786 77.201508               4578 
35.207706 155.372223 69.389084 52.492554 199.911133 63.308147 12.053041 220.369141 94.132378 103.505501 185.890671 77.232033               4600 
35.234905 155.321304 69.370552 52.533352 199.862473 63.314758 11.905585 220.182388 94.210266 103.554733 185.891403 77.257401               4622 
35.247555 155.278748 69.351425 52.569103 199.819809 63.320553 11.755021 220.015366 94.293892 103.597816 185.892044 77.279648               4645 
35.254734 155.243561 69.334404 52.599785 199.783218 63.325523 11.641882 219.938324 94.437447 103.634758 185.892593 77.298759               4668 
35.252388 155.214828 69.315315 52.625935 199.752014 63.329758 11.532345 219.856079 94.556999 103.666206 185.893066 77.315056               4691 
35.220310 155.161240 69.193871 52.624813 199.704117 63.303352 11.222854 219.510559 94.775848 103.674438 185.839478 77.248817               4715 
35.221996 155.154236 69.056152 52.673031 199.694992 63.253471 11.175396 219.417984 94.902382 103.727470 185.799271 77.150299               4739 
35.117767 155.135757 68.996017 52.672150 199.677872 63.291634 11.133106 219.308304 95.127197 103.748291 185.763123 77.089340               4762 
35.193371 155.087158 68.952698 52.793549 199.613815 63.295120 11.298268 219.197113 95.371353 103.897003 185.621109 76.911652               4786 
35.086063 154.924026 68.526215 52.966286 199.364639 63.165218 11.654326 218.987488 95.673447 104.020401 184.918335 76.490013               4811 
34.995285 154.595779 67.537788 53.109581 198.988312 62.628403 11.938824 218.937790 95.726761 104.073822 184.191116 75.912170               4835 
35.109108 153.817871 66.542648 53.072868 198.275986 61.744923 11.749753 218.406937 95.045792 104.029366 183.674896 75.273109               4859 
35.264301 153.674789 66.573685 53.002911 198.222672 61.820393 11.392132 218.182404 95.319717 104.006638 183.903198 75.471069               4882 
35.099789 153.934708 67.303505 52.556549 198.516525 61.915165 10.501704 218.923141 94.921082 103.538033 184.833603 76.282990               4905 
34.965374 154.154785 67.900703 52.197006 198.753235 61.991501 9.885296 219.692673 94.682930 103.155098 185.597366 76.923515               4927 
34.945755 154.187988 68.056183 52.133713 198.777847 61.992218 9.663141 219.827576 94.599533 103.070908 185.768433 77.122528               4949 
34.972488 154.168228 68.116150 52.155495 198.729523 61.864223 9.678747 220.310699 94.490524 103.040337 185.853607 77.282150               4970 
35.041115 153.766785 67.753220 52.264400 198.315903 61.530933 10.305163 221.240234 95.054787 103.121284 185.494095 77.085587               5034 
35.052998 153.645889 67.655045 52.255150 198.207138 61.462841 10.555483 221.630829 95.385498 103.123383 185.424042 77.012245               5055 
35.060226 153.488678 67.521896 52.242893 198.063019 61.372623 10.374215 221.438019 95.731873 103.126099 185.331268 76.915146               5076 
34.985203 153.470856 67.441193 52.167709 198.054413 61.360905 10.084720 221.346283 96.018028 103.037659 185.361176 76.978157               5097 
34.911846 153.438522 67.294617 52.026093 198.049164 61.222492 9.616876 221.355957 95.971802 102.847359 185.539764 77.143623               5118 
34.849609 153.419220 67.182121 51.902657 198.054459 61.120144 9.355373 221.552521 96.032921 102.689232 185.699936 77.271255               5139 
34.801918 153.348923 67.073181 51.793034 198.012878 61.050396 9.133510 221.642532 96.197205 102.559723 185.787292 77.361336               5161 
34.760590 153.289368 66.904724 51.713856 197.972275 60.917015 8.936764 221.707748 96.195045 102.449799 185.849045 77.399132               5182 
34.727898 153.202499 66.734802 51.640305 197.910324 60.819096 8.748232 221.657242 96.194382 102.354019 185.869690 77.429665               5204 
34.698872 153.134552 66.598610 51.581821 197.861084 60.741241 8.612848 221.653214 96.254814 102.277451 185.885849 77.453987               5227 
34.672844 153.080765 66.487915 51.534710 197.821411 60.678524 8.506421 221.653015 96.311890 102.215508 185.898697 77.473602               5249 
34.649158 153.037018 66.395531 51.495739 197.788589 60.626640 8.412184 221.646103 96.366493 102.164085 185.909225 77.489853               5272 
34.627285 153.000549 66.316521 51.462696 197.760757 60.582649 8.338803 221.651489 96.415909 102.120361 185.918060 77.503639               5295 
34.613079 152.940735 66.212807 51.430737 197.715790 60.543507 8.279222 221.600250 96.464180 102.083954 185.900757 77.497116               5318 
34.599632 152.889694 66.122986 51.403206 197.677048 60.509792 8.217437 221.534653 96.477997 102.052544 185.885788 77.491539               5341 
34.623486 152.776871 65.935410 51.388092 197.596817 60.468018 8.213424 221.408401 96.623718 102.047516 185.816422 77.427200               5365 
34.545235 152.826950 65.937042 51.316345 197.645111 60.475201 8.152916 221.562790 96.706993 101.965622 185.882858 77.477226               5389 
34.473690 152.860565 65.922119 51.247036 197.680298 60.480206 8.083255 221.672195 96.774124 101.886108 185.935089 77.524345               5412 
34.410698 152.889984 65.908707 51.187374 197.710602 60.484516 8.023702 221.767700 96.833359 101.817635 185.980042 77.564903               5437 
34.291985 152.947800 65.851982 51.101067 197.759369 60.453415 8.295912 222.464828 96.969574 101.704140 186.015137 77.604828               5461 
34.186306 153.009232 65.838654 51.018986 197.811752 60.438625 8.494197 223.082626 97.058395 101.592796 186.076859 77.682487               5486 
34.098560 153.059906 65.827194 50.951904 197.854568 60.426537 8.606935 223.510239 97.103165 101.501686 186.127350 77.745911               5510 
34.085415 153.053406 65.786751 50.974712 197.838501 60.419132 8.804831 223.753479 97.201584 101.516525 186.072296 77.735336               5533 
34.072006 153.044510 65.743904 50.990765 197.822769 60.412113 8.948678 223.925659 97.274681 101.524719 186.024261 77.729248               5556 
34.059128 153.036530 65.704193 51.005566 197.808273 60.405640 9.068064 224.063202 97.334694 101.532272 185.979980 77.723602               5580 
34.046913 153.029388 65.667671 51.019108 197.794998 60.399719 8.971348 223.906281 97.337410 101.539177 185.939453 77.718407               5603 
34.047218 152.890350 65.561172 51.002842 197.673431 60.389088 8.681621 223.369568 97.341682 101.523544 185.815674 77.704437               5626 
33.950993 152.728760 65.382133 50.980980 197.498718 60.342419 8.556594 222.871567 97.391205 101.506386 185.499725 77.546379               5649 
33.822227 152.482193 65.173279 50.885044 197.258209 60.301186 8.232513 222.139389 97.438553 101.414680 185.160126 77.423134               5671 
33.828094 152.313416 65.136841 50.871506 197.094879 60.246826 8.045635 221.802765 97.345596 101.397942 185.043747 77.411255               5694 
33.369717 152.031830 65.376144 50.641151 196.666306 59.969425 7.913338 221.889633 96.877998 101.134064 184.545563 77.183434               5716 
32.897243 151.665756 65.224762 50.436916 196.172226 59.629448 7.847122 221.625793 96.604424 100.901985 183.793549 76.741241               5738 
32.844421 151.408279 65.292572 50.331646 195.842575 59.403740 7.738458 221.411041 96.344666 100.820839 183.525604 76.488884               5759 
33.055714 151.252289 65.463982 50.261604 195.678421 59.358704 7.562969 221.207748 96.251999 100.800575 183.609924 76.473976               5781 
33.168373 151.117157 65.565735 50.209373 195.557541 59.334171 7.407302 221.017548 96.196594 100.786293 183.685379 76.474632               5802 
33.308651 150.984787 65.618057 50.185951 195.462173 59.322407 7.263524 220.800247 96.157860 100.799202 183.789642 76.492706               5824 
