31.961737 190.295090 80.467384 95.293327 197.879425 75.292671 34.577961 186.108948 96.356270 132.356293 170.155289 88.016190                  0 
32.606869 190.095581 80.880005 95.746803 198.777328 75.006927 35.477070 185.943390 96.697426 133.412506 171.669724 87.280968                 24 
32.357876 190.037689 80.915237 95.461754 199.076996 75.119980 35.224648 185.949722 96.710861 133.251068 172.192261 87.503784                 48 
32.746067 189.787811 81.206383 95.649376 200.073395 75.226494 35.739460 185.753891 96.953720 133.984711 173.903320 87.462082                 71 
32.728024 189.778305 81.273849 95.645012 199.976791 75.217110 35.733524 185.768829 96.973900 133.948441 173.757874 87.448013                 95 
32.773758 189.770905 81.482796 95.714890 199.762344 75.183083 35.837132 185.771240 97.115364 133.971375 173.425552 87.307190                118 
32.776264 189.759583 81.642830 95.744247 199.594971 75.180092 35.882351 185.774231 97.195595 133.955246 173.165848 87.246597                142 
32.775314 189.718811 81.877960 95.773415 199.356735 75.284813 35.911789 185.730301 97.326530 133.913864 172.794968 87.283058                165 
32.735382 189.693451 82.185555 95.809471 198.848724 75.516701 35.876457 185.670059 97.507645 133.748444 171.971375 87.450760                189 
32.359859 189.691666 82.328819 95.477341 198.783417 75.955269 35.431400 185.661362 97.525734 133.311996 171.815933 88.016495                213 
32.226036 189.700714 82.406151 95.367691 198.656769 76.117180 35.254932 185.702209 97.489594 133.099594 171.569534 88.231804                236 
32.153545 189.671860 82.480873 95.294022 198.571686 76.225952 35.137280 185.740753 97.478546 132.956665 171.404175 88.376282                260 
32.126045 189.626480 82.576401 95.273468 198.497894 76.349342 35.091797 185.746704 97.483139 132.889801 171.274643 88.518417                283 
32.100727 189.585434 82.656685 95.256866 198.438263 76.449036 35.056042 185.756088 97.483673 132.835724 171.170029 88.633171                307 
32.081989 189.526611 82.717087 95.253418 198.341446 76.518219 35.036175 185.740677 97.474792 132.790756 171.012192 88.693588                331 
32.056240 189.472717 82.752754 95.246017 198.236298 76.561005 35.013428 185.740204 97.453156 132.739456 170.845062 88.732315                356 
32.036804 189.424744 82.785660 95.239868 198.149033 76.596512 34.997841 185.743439 97.421272 132.696823 170.706390 88.764397                380 
32.024296 189.300949 82.780655 95.252129 197.939102 76.574951 35.016293 185.628952 97.294975 132.661957 170.400009 88.669655                405 
31.994404 189.141403 82.789268 95.261292 197.629440 76.614937 35.016426 185.445297 97.130997 132.586731 169.932449 88.609421                430 
31.941835 189.130402 82.581718 95.289635 197.157349 76.385933 34.974136 185.459274 96.856934 132.409058 169.180023 88.369125                505 
31.908428 189.148819 82.560120 95.276772 197.071869 76.378998 34.939034 185.491989 96.821915 132.344925 169.032623 88.376137                530 
31.859987 189.172363 82.537399 95.259705 196.958527 76.369797 34.896633 185.530014 96.748306 132.259705 168.837296 88.385452                556 
31.824165 189.189819 82.531090 95.254936 196.879868 76.373604 34.875614 185.558334 96.686783 132.206268 168.702255 88.406891                582 
31.811424 189.204788 82.517410 95.273476 196.811172 76.369293 34.882053 185.576492 96.616852 132.184647 168.588257 88.419678                608 
31.799929 189.221497 82.507935 95.289322 196.752487 76.365608 34.887753 185.601135 96.567719 132.166122 168.490891 88.430603                633 
31.756676 189.214462 82.470566 95.242714 196.891617 76.401642 34.846931 185.627167 96.509071 132.169144 168.722382 88.530640                659 
31.727444 189.193985 82.415527 95.209473 197.019867 76.388100 34.829460 185.628143 96.434029 132.192169 168.935944 88.543480                685 
31.768785 189.155197 82.392776 95.247887 197.063095 76.365234 34.888939 185.626602 96.401398 132.264557 169.020340 88.512268                711 
31.902464 189.031067 82.354744 95.374268 197.053574 76.306557 35.049034 185.503906 96.324615 132.443054 169.059769 88.407448                737 
32.129135 188.876877 82.357147 95.583450 197.079117 76.249214 35.315811 185.352570 96.288116 132.741974 169.177628 88.287918                764 
32.272488 188.793854 82.418350 95.741806 197.021759 76.251732 35.503963 185.264679 96.318886 132.925995 169.128479 88.230103                789 
32.334854 188.746323 82.506836 95.854126 196.964355 76.297012 35.640591 185.199387 96.371284 133.053680 169.067871 88.220047                815 
32.335403 188.717743 82.585052 95.957321 196.808228 76.320099 35.759735 185.108200 96.412598 133.138596 168.851135 88.157921                841 
32.262394 188.740234 82.623329 96.055168 196.626038 76.288025 35.870747 185.037994 96.426872 133.206787 168.601685 88.059685                866 
32.120171 188.786011 82.644165 96.070175 196.411987 76.209381 35.898476 185.028458 96.432648 133.174835 168.314453 87.954704                892 
31.985502 188.836990 82.673584 96.059570 196.241241 76.161255 35.896606 185.033432 96.441315 133.122375 168.084366 87.896591                917 
31.878254 188.886093 82.675880 96.057472 196.075760 76.099159 35.902275 185.052109 96.436104 133.075424 167.854462 87.821350                943 
31.794348 188.948090 82.679749 96.073746 195.940964 76.041222 35.931026 185.071884 96.428162 133.054169 167.656982 87.730690                968 
31.699453 189.018829 82.683685 96.086601 195.834457 75.995430 35.959198 185.105774 96.419937 133.037247 167.500946 87.659111                994 
31.587273 189.116928 82.685905 96.104950 195.708679 75.950768 35.987736 185.135910 96.413177 133.016403 167.313080 87.587540               1019 
31.430552 189.216644 82.670120 96.056435 195.745163 75.960732 35.952900 185.214249 96.397057 132.977936 167.371017 87.617928               1044 
31.350685 189.309341 82.639786 96.084427 195.714783 75.885223 36.004864 185.293671 96.386650 133.004120 167.336700 87.538559               1070 
31.244751 189.387985 82.634827 96.071136 195.756439 75.880966 36.012718 185.349426 96.391853 133.015350 167.415207 87.546265               1095 
31.197899 189.426392 82.645256 96.085754 195.765457 75.869080 36.048344 185.379440 96.405365 133.046906 167.442902 87.526108               1120 
31.142958 189.477402 82.652321 96.087540 195.765045 75.868645 36.062645 185.419937 96.416275 133.051743 167.445877 87.524147               1146 
31.081194 189.537811 82.660912 96.092728 195.757965 75.866447 36.080154 185.448593 96.425278 133.060028 167.441208 87.518036               1171 
31.009912 189.597504 82.628212 96.097618 195.678436 75.815445 36.092445 185.486328 96.420410 133.042221 167.328323 87.457909               1197 
30.967722 189.599426 82.603546 96.094925 195.796021 75.725327 36.150833 185.491180 96.430832 133.130539 167.540665 87.308792               1222 
30.841595 189.573654 82.537628 96.002014 195.890030 75.658714 36.091908 185.512314 96.408867 133.116165 167.764175 87.305840               1248 
30.475451 189.632706 82.288887 95.714119 196.136887 75.652016 35.772133 185.608536 96.228752 132.891098 168.167999 87.475395               1274 
30.372894 189.646286 82.182236 95.665199 196.170715 75.574562 35.726433 185.661301 96.191772 132.858246 168.230896 87.416183               1299 
30.308619 189.670273 82.090454 95.646584 196.150284 75.472404 35.710392 185.733414 96.179619 132.831375 168.198990 87.312836               1324 
30.245100 189.700089 82.002411 95.631798 196.118759 75.369682 35.696114 185.802582 96.158478 132.801895 168.148224 87.210793               1350 
30.185968 189.742142 81.910645 95.612770 196.029953 75.254814 35.665615 185.875000 96.128815 132.737518 168.000687 87.099342               1375 
30.132442 189.781723 81.842316 95.595421 195.962860 75.174553 35.637566 185.946686 96.120308 132.682816 167.887894 87.027855               1400 
29.991585 189.858154 81.674980 95.509636 195.655304 75.002701 35.498009 186.024536 96.009811 132.436829 167.366714 86.848251               1425 
29.974640 189.907547 81.631165 95.509026 195.622635 74.960869 35.483246 186.106598 95.998825 132.405334 167.316559 86.860771               1451 
29.970106 189.916031 81.629288 95.509521 195.623245 74.960304 35.481236 186.125671 96.009918 132.403214 167.317780 86.869804               1476 
29.965860 189.923843 81.628517 95.509941 195.623749 74.959831 35.479179 186.140762 96.019218 132.401413 167.318802 86.877449               1501 
29.915306 189.967148 81.517685 95.471725 195.493851 74.770134 35.434441 186.238724 95.947777 132.308716 167.147003 86.756493               1526 
29.873449 190.002747 81.425323 95.438545 195.381042 74.605415 35.394024 186.326248 95.898178 132.228333 166.998352 86.651749               1551 
29.835587 190.028702 81.357346 95.405884 195.307648 74.493599 35.350353 186.400299 95.872284 132.160294 166.901215 86.591835               1576 
29.816481 190.045013 81.310226 95.389252 195.261536 74.422813 35.322563 186.456161 95.856598 132.118927 166.841476 86.564095               1600 
29.692556 190.163559 81.150070 95.282265 195.376007 74.435059 35.144989 186.614243 95.741966 131.968872 166.955887 86.705673               1624 
29.683659 190.160553 81.120262 95.277664 195.378189 74.433815 35.118019 186.644348 95.757736 131.949692 166.947342 86.723183               1648 
29.697336 190.147629 81.096199 95.309822 195.335129 74.515839 35.103951 186.623001 95.743095 131.935776 166.848785 86.814102               1672 
29.968105 190.059067 81.239883 95.585037 195.487976 74.806892 35.362514 186.505188 95.877602 132.274948 167.068741 87.069740               1696 
30.285069 189.877350 81.441704 95.861290 195.998550 75.086143 35.710011 186.343597 96.068481 132.828995 167.930954 87.324539               1720 
30.850798 189.577042 81.772255 96.218208 197.604980 75.285995 36.415565 186.139130 96.354446 134.006149 170.571457 87.345810               1744 
30.910414 189.480240 81.872185 96.274719 197.553284 75.271355 36.513302 186.015671 96.406929 134.099487 170.532074 87.243019               1767 
30.806240 189.509521 81.815895 96.186005 197.495300 75.144035 36.420670 186.071945 96.341148 133.982788 170.446777 87.142365               1791 
30.717999 189.537888 81.759567 96.111832 197.424194 75.012924 36.340374 186.137405 96.277039 133.873535 170.340454 87.042244               1814 
31.005419 189.548981 81.821632 96.338211 197.783844 74.813301 36.698341 186.255829 96.327232 134.295822 170.989563 86.874214               1837 
31.024771 189.486771 81.804169 96.396942 197.355499 74.673935 36.727970 186.164749 96.297318 134.226028 170.359879 86.689568               1860 
31.181572 189.363159 81.899963 96.581711 196.905472 74.523529 36.938328 185.979965 96.359734 134.318588 169.698227 86.350349               1884 
31.286083 189.262207 82.030533 96.720016 196.541702 74.446686 37.102013 185.821014 96.456787 134.384918 169.166290 86.113823               1907 
31.570539 189.107025 82.224678 96.957680 196.814117 74.356956 37.505119 185.671616 96.593933 134.858276 169.701385 85.873192               1931 
31.811741 188.975006 82.428062 97.169327 197.051865 74.279762 37.877983 185.523819 96.731956 135.284912 170.177765 85.644806               1954 
31.948257 188.913818 82.585007 97.308189 197.241180 74.244026 38.133072 185.422455 96.827194 135.580429 170.550964 85.515549               1978 
31.884111 188.928329 82.556168 97.141701 198.286194 74.277672 38.124226 185.641510 96.823029 135.845001 172.378357 85.897415               2001 
31.768383 189.016327 82.526054 97.084236 198.170792 74.251312 38.027885 185.687347 96.782867 135.720978 172.184738 85.917809               2025 
31.501110 189.179306 82.413216 96.881157 198.089172 74.245094 37.736900 185.840759 96.679581 135.413956 172.024841 86.079491               2048 
31.303535 189.314926 82.303673 96.736359 197.970795 74.198692 37.518787 185.964386 96.572929 135.165192 171.810440 86.158646               2072 
31.392139 189.383957 82.281036 96.812927 198.081253 74.043747 37.641033 186.072617 96.556778 135.293839 172.019073 86.050491               2096 
31.560873 189.418549 82.273590 96.988075 198.126968 73.878960 37.871349 186.115524 96.555244 135.525726 172.162994 85.916412               2120 
31.543114 189.509216 82.275795 97.076591 197.904922 73.857277 37.922745 186.124710 96.570587 135.530685 171.841522 85.947029               2143 
31.470055 189.658096 82.247040 97.127625 197.669464 73.824898 37.924461 186.167160 96.567322 135.475906 171.479172 85.976341               2167 
31.382856 189.808807 82.205612 97.161674 197.469116 73.809174 37.911327 186.191467 96.550209 135.416122 171.168304 86.017578               2191 
31.206272 190.052979 82.130959 97.191628 196.949539 73.866707 37.799564 186.247818 96.523582 135.182190 170.326904 86.200905               2215 
31.053370 190.317612 82.062065 97.217583 196.591721 73.909317 37.720600 186.351425 96.515907 135.004318 169.733429 86.358154               2239 
30.945984 190.511063 82.004585 97.234879 196.353378 73.937698 37.668888 186.417862 96.507156 134.884903 169.339432 86.463707               2263 
30.791492 190.585846 82.111427 97.214195 196.014343 74.217293 37.548973 186.361755 96.648888 134.696609 168.793518 86.797981               2287 
30.692711 190.578690 82.220436 97.230133 195.617783 74.419243 37.496239 186.203293 96.760506 134.558029 168.161942 86.948532               2312 
30.575272 190.747482 82.160416 97.198669 195.498611 74.387970 37.429729 186.307648 96.732727 134.434250 167.936615 86.958862               2336 
30.455189 190.863708 82.031471 97.131104 195.388275 74.308693 37.321804 186.378235 96.632370 134.281494 167.728348 86.916496               2361 
30.305914 190.985580 81.877052 97.075516 195.276764 74.216194 37.228794 186.431137 96.521500 134.146301 167.523178 86.852463               2386 
30.171101 191.095291 81.749191 96.985916 195.256104 74.173309 37.094139 186.519775 96.444168 133.999619 167.455917 86.874329               2411 
30.063074 191.180725 81.622231 96.896751 195.243973 74.119469 36.958466 186.598526 96.370132 133.859390 167.403275 86.880249               2435 
29.973648 191.248871 81.513596 96.822136 195.233826 74.074417 36.840126 186.660614 96.328506 133.741989 167.359329 86.885208               2460 
29.902384 191.300552 81.422775 96.759987 195.225372 74.036888 36.741581 186.705338 96.284012 133.644135 167.322800 86.889336               2485 
29.907984 191.273453 81.425652 96.763840 195.225983 74.052856 36.736584 186.682861 96.309273 133.648911 167.320557 86.896446               2510 
29.857758 191.104980 81.458626 96.730843 194.981354 74.276711 36.626354 186.438812 96.347206 133.527100 166.933899 87.065575               2535 
29.788338 190.993500 81.572205 96.681335 194.859802 74.607063 36.503250 186.280579 96.461769 133.417313 166.736710 87.403114               2560 
29.693966 190.901962 81.717941 96.587418 195.061066 75.081367 36.336193 186.214157 96.599754 133.362320 167.044556 87.998848               2585 
29.674026 190.805023 81.848206 96.545830 195.186218 75.432961 36.244858 186.159134 96.709282 133.343109 167.235870 88.429771               2610 
29.587414 190.710861 81.854523 96.430023 195.186874 75.547157 36.097069 186.093384 96.688950 133.215225 167.220245 88.543198               2635 
29.576578 190.676056 81.786057 96.366188 195.205246 75.521278 36.010971 186.125946 96.600502 133.132706 167.229614 88.550728               2660 
29.531910 190.692642 81.668060 96.250549 195.304031 75.494469 35.856121 186.245377 96.475250 132.993607 167.341034 88.616852               2685 
29.551867 190.715073 81.571503 96.189415 195.448990 75.477654 35.763302 186.378967 96.363731 132.926743 167.526184 88.701317               2710 
29.550041 190.778687 81.448212 96.098495 195.679810 75.516075 35.617794 186.584106 96.237740 132.825638 167.824402 88.909088               2735 
29.665810 190.664795 81.497147 96.125755 195.694336 75.566132 35.640408 186.538483 96.247856 132.861389 167.839813 88.937683               2760 
30.079563 190.117752 81.675049 96.384102 196.323410 75.574959 36.112881 186.055145 96.330940 133.604279 169.000610 88.701332               2785 
30.696789 189.535828 81.974113 96.823555 196.962448 75.498032 36.873993 185.504349 96.483116 134.593445 170.225769 88.255951               2810 
31.152605 189.151306 82.291595 97.129608 197.491333 75.490326 37.458565 185.121506 96.619461 135.315735 171.215958 87.964424               2834 
32.096565 188.470047 83.097122 97.793350 198.322113 75.653641 38.766834 184.265503 96.515388 136.684067 172.862839 87.633492               2858 
32.666130 188.031845 83.650162 98.241325 198.339310 75.742493 40.174034 182.827286 94.761078 137.385910 173.085556 87.323929               2881 
32.950237 187.739502 84.028664 98.460472 198.345993 75.870659 41.064724 181.800262 93.425598 137.762726 173.238953 87.235039               2903 
33.134544 187.535385 84.313423 98.611496 198.345505 75.973671 41.606506 181.352402 92.903778 138.027222 173.349075 87.187912               2923 
33.205704 187.381836 84.559280 98.686699 198.306976 76.099869 41.983337 180.942169 92.465073 138.177780 173.386459 87.217506               2942 
33.215588 187.265244 84.794533 98.724037 198.258926 76.221802 42.289265 180.549927 92.073723 138.278336 173.401382 87.255402               2961 
33.445316 187.135895 85.084579 99.015701 198.046890 75.981003 42.812164 180.222198 92.080994 138.680634 173.254013 86.759979               2980 
33.479034 187.185257 85.248672 99.177589 198.010315 75.807976 43.147545 180.182358 92.227898 138.942642 173.325684 86.465813               2998 
33.485813 187.257233 85.413849 99.362053 197.653305 75.560173 43.479702 180.217636 92.419197 139.119431 172.895935 86.076950               3017 
33.346016 187.404022 85.424858 99.358421 197.651779 75.565201 43.545166 180.266495 92.400696 139.117752 172.907806 86.106102               3036 
33.239830 187.623505 85.509659 99.365082 197.564102 75.500008 43.593540 180.389664 92.472908 139.082153 172.763977 86.068268               3054 
33.110157 187.752869 85.707123 99.323227 197.378540 75.553528 43.715778 180.395325 92.394073 138.977310 172.477478 86.120964               3073 
33.002544 187.838943 85.829323 99.280350 197.244263 75.582222 43.797218 180.421036 92.348763 138.889999 172.282211 86.172371               3092 
32.927547 187.900009 85.895638 99.252441 197.168823 75.569115 43.881649 180.468811 92.346077 138.844070 172.184875 86.174965               3111 
32.904530 187.946396 85.960106 99.253883 197.110901 75.521172 43.993649 180.530487 92.368881 138.839401 172.113159 86.117378               3130 
32.996758 187.908539 86.072655 99.332283 197.177887 75.367973 44.278008 180.554199 92.472046 139.023499 172.312607 85.880104               3149 
33.066322 187.897415 86.188225 99.406670 197.254776 75.224548 44.588768 180.643799 92.624352 139.202393 172.522629 85.655304               3168 
32.968998 187.877975 86.266785 99.327858 197.588287 75.219490 44.792404 180.759506 92.765839 139.315674 173.227173 85.787849               3197 
32.924873 187.893417 86.273613 99.332481 197.583939 75.227348 44.872635 180.755936 92.763229 139.331604 173.241379 85.795654               3209 
32.857300 187.961456 86.346626 99.379257 197.569870 75.244080 45.146824 180.858185 92.859131 139.412033 173.282501 85.811951               3233 
32.800278 188.061493 86.408272 99.391983 197.635605 75.205666 45.328403 180.964630 92.925674 139.471497 173.436905 85.799789               3254 
32.662788 188.169174 86.466568 99.320976 197.515106 75.155922 45.401093 181.067657 92.951805 139.366043 173.287643 85.814339               3277 
32.444027 188.301971 86.543411 99.153877 197.390839 75.162453 45.378445 181.194534 92.962013 139.141510 173.120575 85.938461               3301 
32.266510 188.427719 86.602364 99.010002 197.287827 75.153595 45.381367 181.321030 92.947815 138.942566 172.972916 86.032684               3325 
32.143429 188.515762 86.628433 98.911850 197.189148 75.137543 45.444592 181.391418 92.886566 138.794846 172.831711 86.102943               3349 
32.041821 188.585999 86.631973 98.834351 197.089371 75.114868 45.510895 181.440323 92.820847 138.669479 172.688797 86.158150               3374 
31.959785 188.640533 86.633873 98.771721 197.008728 75.096535 45.579720 181.484924 92.769829 138.568192 172.573761 86.202957               3398 
31.865107 188.687958 86.637962 98.712677 196.886322 75.154182 45.621372 181.504272 92.726479 138.445755 172.398880 86.371460               3422 
31.725517 188.750153 86.611328 98.601288 196.776413 75.138054 45.615299 181.533890 92.641403 138.273453 172.227661 86.436623               3447 
31.599562 188.659164 86.620087 98.491119 196.653549 75.229286 45.612488 181.388229 92.520752 138.124588 172.055389 86.556206               3471 
31.484747 188.517776 86.659027 98.376999 196.503281 75.350693 45.527462 181.250931 92.453987 137.964752 171.840637 86.697197               3546 
31.386192 188.457794 86.718666 98.305832 196.342514 75.524376 45.419807 181.144669 92.432648 137.828766 171.599487 86.921722               3571 
31.244493 188.356628 86.850479 98.211693 196.094833 75.848213 45.263084 180.980072 92.421394 137.635071 171.231094 87.327393               3597 
31.155041 188.253860 86.957909 98.156929 195.928406 76.119217 45.160404 180.858139 92.428452 137.515991 170.993332 87.664162               3622 
31.160622 188.206665 86.974136 98.157104 195.927261 76.123840 45.163521 180.855042 92.415421 137.525177 171.000107 87.655144               3648 
31.156830 188.168228 86.992172 98.151428 195.931335 76.130249 45.161247 180.846649 92.393616 137.526260 171.011551 87.654404               3673 
31.267189 188.030624 87.091339 98.221054 195.974808 76.061607 45.301102 180.744232 92.430244 137.683075 171.130615 87.449921               3699 
31.446981 187.340317 87.290123 98.152794 197.193085 76.239960 45.669739 180.399994 92.553116 138.297516 173.406693 87.499977               3724 
31.409700 187.077072 87.134659 97.910629 198.237488 76.045853 45.747860 180.364197 92.404747 138.524628 175.286362 87.356400               3749 
31.435841 187.164017 87.041397 97.926567 198.321976 75.805908 45.767063 180.405289 92.337791 138.570801 175.414917 87.097176               3774 
31.472485 187.228836 86.977638 97.967918 198.352005 75.630501 45.793079 180.412262 92.328125 138.625015 175.457214 86.900299               3798 
31.530514 187.215027 87.031593 98.031143 198.328217 75.603638 45.875923 180.194748 92.279106 138.698410 175.420258 86.809792               3822 
31.576891 187.203735 87.078171 98.081566 198.309052 75.585144 45.960388 179.945465 92.231392 138.756958 175.390289 86.739632               3846 
31.607525 187.231461 87.212936 98.088211 198.476700 75.654091 46.072903 179.611420 92.159821 138.823776 175.655258 86.788513               3869 
31.632450 187.247482 87.292976 98.126816 198.444778 75.663300 46.166656 179.287674 92.055199 138.858459 175.599167 86.762428               3894 
31.682516 187.285919 87.410011 98.199387 198.355057 75.646851 46.255699 179.149658 92.093384 138.911819 175.443054 86.679420               3917 
31.716787 187.499863 87.473198 98.255264 198.500870 75.509384 46.348042 179.312317 92.195946 138.995697 175.644592 86.554199               3941 
31.641533 187.673050 87.474274 98.229553 198.537537 75.460640 46.302017 179.376938 92.221222 138.942444 175.656784 86.556160               3964 
31.615534 187.882339 87.492859 98.255615 198.538803 75.380997 46.296478 179.500900 92.296722 138.925369 175.593185 86.500763               3988 
31.643915 188.175491 87.496857 98.354141 198.452225 75.232018 46.332764 179.704376 92.435783 138.936218 175.362411 86.373611               4012 
31.745022 188.501205 87.446838 98.548317 198.244904 74.983665 46.452671 179.922043 92.550644 139.006195 174.943634 86.136711               4035 
31.787977 188.754089 87.330643 98.710426 198.006271 74.824844 46.518417 180.047913 92.599449 139.030319 174.475479 85.995659               4060 
31.792704 188.914978 87.270996 98.807259 197.814713 74.746620 46.552746 180.175583 92.744827 139.026749 174.125397 85.944260               4084 
31.726969 188.954605 87.186554 98.848076 197.480499 74.746483 46.501461 180.206146 92.867714 138.935852 173.592560 85.994400               4108 
31.676987 188.982742 87.121170 98.879395 197.224030 74.746376 46.470779 180.246689 92.959198 138.865372 173.184296 86.033157               4132 
31.634119 189.004578 87.069565 98.901962 197.039230 74.746300 46.464031 180.344604 93.077026 138.814209 172.890442 86.061241               4156 
31.586210 189.031158 87.020889 98.919029 196.899460 74.746246 46.472645 180.399017 93.124260 138.775299 172.668396 86.082558               4181 
31.538685 189.059387 86.975052 98.932259 196.791138 74.746201 46.480110 180.426361 93.144623 138.745010 172.496384 86.099136               4205 
31.500599 189.081696 86.936798 98.943024 196.703018 74.746162 46.488087 180.444138 93.152641 138.720306 172.356552 86.112648               4230 
31.469231 189.100098 86.908073 98.954475 196.640640 74.757439 46.499462 180.425507 93.137024 138.706406 172.259354 86.137978               4254 
31.450634 189.117462 86.894196 98.968094 196.666626 74.773392 46.530300 180.419296 93.137085 138.729584 172.307785 86.168587               4280 
31.444756 189.150208 86.886223 98.980843 196.786270 74.771774 46.577831 180.447922 93.152023 138.784653 172.507980 86.191101               4304 
31.447268 189.190033 86.890434 98.995064 196.911514 74.751465 46.633171 180.473816 93.175385 138.846771 172.721237 86.190483               4329 
31.419989 189.212082 86.884369 98.982269 196.904602 74.741989 46.622139 180.449463 93.169319 138.827988 172.706665 86.185699               4354 
31.391291 189.262589 86.870979 98.951622 196.925522 74.665115 46.600521 180.475998 93.162247 138.800629 172.727432 86.097008               4380 
31.344088 189.329605 86.860176 98.906334 196.950851 74.598076 46.557133 180.511581 93.160774 138.751343 172.746750 86.031174               4405 
31.301077 189.382446 86.848930 98.867065 196.972824 74.539948 46.516006 180.538177 93.164207 138.708618 172.763504 85.974091               4431 
31.266273 189.422104 86.832855 98.850151 196.886810 74.498276 46.464870 180.508102 93.146912 138.647339 172.600937 85.924576               4456 
31.235001 189.447083 86.819084 98.834824 196.808853 74.460518 46.420673 180.500366 93.135719 138.591644 172.453705 85.879829               4482 
31.212051 189.457275 86.812492 98.822838 196.761185 74.440063 46.384205 180.461334 93.110321 138.551682 172.360672 85.859909               4508 
31.215298 189.497269 86.827278 98.828995 196.750916 74.393585 46.381504 180.501114 93.124878 138.539871 172.317017 85.804550               4534 
31.387833 189.485153 86.919136 98.962700 196.873352 74.272148 46.587830 180.516983 93.208977 138.759583 172.549133 85.617592               4560 
31.698967 189.390640 87.083954 99.231285 196.863220 74.115120 46.946480 180.428574 93.350624 139.118607 172.616852 85.308640               4585 
31.966129 189.304153 87.229675 99.497566 196.833969 73.959930 47.299751 180.329681 93.487541 139.470535 172.655884 84.994446               4612 
32.105160 189.272827 87.349617 99.686775 196.810883 73.859406 47.552559 180.259552 93.631569 139.724121 172.684387 84.772842               4637 
32.036606 189.268082 87.365562 99.706215 196.841751 73.875381 47.588413 180.206024 93.678490 139.778046 172.767715 84.778091               4662 
31.958731 189.275726 87.372604 99.722908 196.868271 73.889107 47.618885 180.145111 93.708321 139.824295 172.839310 84.782555               4687 
31.781096 189.346252 87.434143 99.608795 197.129089 74.009979 47.543732 180.196152 93.802902 139.791534 173.278656 84.995659               4712 
31.666769 189.387924 87.454903 99.558617 197.231796 73.930962 47.548672 180.156952 93.810966 139.803116 173.455444 84.850891               4737 
31.488070 189.516647 87.528862 99.429932 197.156311 73.850357 47.402695 179.969391 93.715050 139.645599 173.302826 84.708115               4763 
31.324219 191.373123 88.575142 99.230934 198.314224 73.983803 47.341301 181.529678 94.634171 139.473099 174.603317 85.053596               4788 
27.171862 193.084137 85.835907 95.532936 198.299591 71.882080 42.998623 182.797455 92.367905 135.126343 173.662262 83.263802               4813 
25.686872 196.225784 82.496346 94.325897 199.815735 67.992645 41.487377 186.622971 90.849236 133.692123 174.970459 79.705528               4835 
21.212469 201.906189 77.517525 90.815193 201.242828 65.363861 36.421425 193.809830 89.885727 128.558701 174.924850 79.037575               4853 
19.166000 203.556686 69.975372 89.962074 203.462265 61.234882 34.603058 199.110260 87.735115 127.702057 178.121140 76.652443               4871 
17.744850 209.816895 61.865902 89.009621 205.529678 53.442886 33.733238 207.435455 82.797302 125.659363 179.161041 69.742310               4887 
12.797909 210.706360 51.566765 84.835381 203.996796 46.306904 28.622789 207.587585 75.277077 120.154282 175.908722 62.671951               4900 
8.532611 212.249619 41.469070 81.516098 204.796417 39.552494 24.505314 209.148285 68.740692 116.458405 176.453125 56.281898               4913 
4.496618 213.814560 30.576612 78.148560 204.201630 33.437424 19.813099 209.153656 61.318253 111.982178 174.814804 50.638584               4925 
-1.801874 222.751541 17.081636 76.086784 203.954407 28.408092 16.160782 209.058151 53.773296 108.777008 173.929886 46.685318               4935 
-1.954422 232.820206 -1.926367 77.877296 205.998795 18.284739 15.919068 209.197006 38.790546 109.469460 175.734375 38.037685               4954 
-2.238740 234.493057 -8.723284 78.241364 207.013870 14.200658 15.524750 208.319382 32.851490 109.941544 177.175919 34.423771               4963 
-3.603193 237.929276 -27.115746 75.950531 209.149109 2.232200 11.604668 207.857468 15.313314 106.625740 179.255142 23.901569               4981 
-3.469654 237.723694 -32.501122 77.197258 211.232254 -2.524620 12.674004 206.422577 9.607944 108.979652 182.396027 18.981918               4991 
-3.483794 239.149826 -39.642540 76.834976 212.619019 -7.366921 11.846048 205.556915 1.921583 108.443596 183.952606 14.617411               5000 
-3.260680 240.513245 -46.168190 76.500450 213.047012 -12.153069 11.219572 204.495819 -5.477217 107.691246 184.256317 10.261417               5009 
-5.378924 241.852585 -65.209656 72.214478 214.366058 -25.796637 6.688318 203.737442 -24.951656 102.065521 185.684265 -1.497467               5027 
-6.157017 242.033508 -72.556015 70.642815 215.576431 -30.653751 5.307911 203.590729 -32.136768 100.110130 187.471405 -5.237906               5036 
-8.473896 240.683609 -91.327538 66.512131 217.004379 -44.164322 2.037813 201.935822 -50.309093 95.239105 190.352142 -16.440712               5054 
-9.612633 240.396133 -108.313927 63.550091 217.476578 -57.443420 -0.463922 201.594467 -66.271179 91.147835 191.673706 -27.833357               5072 
-9.881355 240.563202 -114.487991 62.480583 216.885300 -62.444622 -1.298365 200.744919 -72.748436 89.560402 190.925217 -32.495720               5081 
-10.505940 238.205032 -119.914734 61.870121 215.821426 -67.158173 -1.417591 198.284760 -78.563454 89.087128 190.143829 -37.090332               5091 
-9.695697 242.474564 -133.723312 59.484112 215.303146 -78.268326 -4.002096 200.517181 -92.535866 84.061317 188.445831 -46.982143               5109 
-10.500163 242.244797 -138.726074 58.413872 215.146042 -82.459007 -4.485613 199.026062 -98.011559 82.951675 188.622101 -50.859070               5117 
-12.558447 242.935516 -150.732788 54.505512 213.619629 -92.226624 -6.820879 195.614273 -111.869987 78.106796 187.093918 -59.922657               5135 
-13.520991 243.936096 -157.225204 52.699032 213.820328 -97.596245 -8.112396 195.252716 -118.465729 75.718094 187.662521 -64.580009               5145 
-15.742793 243.695068 -170.558258 48.544186 214.098221 -107.673607 -10.336312 193.077377 -131.869919 70.351128 189.184937 -72.917816               5162 
-16.870581 242.431412 -181.368546 46.080753 213.717575 -116.148254 -11.340283 190.881607 -142.322357 66.980484 189.905609 -80.087593               5180 
-17.589407 243.195511 -184.683807 45.124222 212.849884 -119.517960 -11.978416 189.967880 -146.431961 65.634979 188.955780 -83.288681               5192 
-18.563549 246.272461 -196.977112 42.144909 214.303467 -130.110641 -13.802005 191.212067 -159.429413 61.157726 190.414551 -93.069962               5217 
-20.121025 246.610413 -205.852036 39.425388 214.036392 -137.967133 -14.824471 190.054672 -169.849930 57.758724 189.772766 -100.827614               5244 
-24.304768 249.651550 -215.364899 34.578415 216.477936 -146.967438 -19.264278 192.334412 -179.564392 52.347355 192.306839 -109.494743               5262 
-25.835186 249.691132 -216.986359 34.458443 216.967438 -149.449280 -19.844580 192.194901 -180.930847 52.866005 193.275909 -111.978600               5271 
-27.466558 249.286530 -218.693619 34.051022 217.160065 -151.696457 -19.984150 191.023056 -182.809509 52.959244 194.063431 -114.103844               5289 
-28.058018 249.834732 -218.678360 33.711346 217.051529 -152.097427 -20.049089 190.714050 -183.660278 52.673023 193.712296 -114.682007               5298 
-29.113804 250.076141 -225.978821 31.293674 218.154587 -157.559769 -22.128923 191.137405 -189.393234 49.266708 195.805984 -119.067047               5316 
-29.376804 249.474136 -231.516602 29.131716 218.311203 -161.015457 -24.043346 190.977829 -193.187943 45.856380 196.907288 -121.438477               5334 
-28.645889 249.601685 -233.971252 28.409107 218.402298 -162.250687 -24.409332 191.066772 -195.173615 44.242325 197.202576 -122.199966               5343 
-27.983437 250.824463 -236.759171 26.887638 218.106873 -163.929047 -25.646067 191.502670 -198.254745 41.365761 196.502548 -123.582840               5363 
-27.655773 251.188934 -238.478165 26.278944 218.288376 -165.004440 -26.037930 191.740845 -199.857346 40.197956 196.711273 -124.447464               5370 
-26.341629 251.828506 -240.762955 25.947681 218.663101 -166.160828 -26.334827 192.204285 -201.624664 38.857738 197.286575 -125.166275               5388 
-26.025225 252.169708 -241.192902 25.840500 218.662338 -166.419022 -26.542643 192.342224 -202.031860 38.474106 197.252029 -125.356018               5398 
-28.817488 252.518814 -241.981308 24.131447 218.700439 -168.065826 -28.155155 191.782364 -203.694000 37.371441 196.949295 -127.374687               5416 
-29.858440 252.668610 -242.222122 23.520529 218.848694 -168.595886 -28.727533 191.614746 -204.191666 36.999371 197.034531 -128.017029               5424 
-33.121521 253.055893 -242.849167 22.565519 219.938309 -170.586151 -30.265863 191.722488 -204.844345 37.332436 198.366333 -130.327377               5443 
-33.363369 253.121094 -244.193939 22.460066 220.398285 -171.837601 -30.701809 192.020218 -205.575790 37.269943 199.175018 -131.409637               5453 
-33.561111 253.201691 -245.148438 22.383507 220.732239 -172.746140 -31.041595 192.205124 -206.097672 37.228813 199.763367 -132.198593               5464 
-33.240112 252.309357 -246.590973 22.383146 220.798111 -173.499725 -31.302050 191.964722 -206.299515 37.007946 200.549271 -132.508514               5474 
-31.205797 251.535400 -249.772049 22.376545 220.997101 -174.740219 -31.527010 192.304733 -207.526566 35.777874 201.756500 -132.854874               5496 
-30.621033 251.586136 -250.661285 22.278397 221.181839 -175.080063 -31.688211 192.602097 -207.955444 35.272278 202.171524 -132.961823               5506 
-29.760662 251.701187 -251.612076 22.276529 221.326523 -175.405746 -31.737743 192.899689 -208.491516 34.759712 202.512146 -133.045761               5517 
-28.984009 251.362305 -252.651443 22.330835 221.429199 -175.767380 -31.786249 192.962677 -208.828094 34.385166 203.028778 -133.102448               5529 
-28.433432 251.119186 -253.387344 22.369886 221.503021 -176.027435 -31.839024 192.990143 -209.059586 34.119076 203.406250 -133.148041               5540 
-25.410069 250.544983 -256.085907 22.733107 220.858414 -177.049179 -31.504808 192.965073 -210.958511 32.963482 203.143494 -133.624527               5575 
-24.674620 250.394836 -256.728546 22.821144 220.702164 -177.296844 -31.401693 192.955734 -211.426300 32.683807 203.088577 -133.746078               5587 
-23.497299 250.505035 -257.586182 23.159700 220.621094 -177.718628 -31.085793 193.163162 -212.160980 32.544426 203.058929 -134.041672               5600 
-22.624260 250.588257 -258.216888 23.411011 220.560913 -178.031708 -30.863300 193.306168 -212.702438 32.441162 203.040894 -134.263184               5612 
-22.037706 250.651474 -258.637939 23.580635 220.520294 -178.243027 -30.710402 193.389771 -213.069885 32.371609 203.030624 -134.413712               5625 
-21.171043 250.290451 -259.827057 23.677973 220.334335 -178.925507 -30.570566 193.258392 -213.988556 32.037716 203.047913 -134.931488               5638 
-20.719095 249.767471 -261.142303 23.547760 220.122406 -179.797226 -30.803122 193.144226 -214.852951 31.577335 203.152313 -135.618942               5651 
-24.873341 247.046753 -267.444794 20.841593 218.256500 -186.586182 -35.202427 191.875595 -219.373230 29.640409 202.257385 -142.192612               5665 
-26.690203 245.921326 -270.107544 19.680525 217.455933 -189.498947 -36.943474 191.255005 -221.360733 28.834711 201.861221 -145.033401               5678 
-27.168150 245.653809 -270.787476 19.380392 217.248993 -190.251892 -37.288422 191.020645 -221.929901 28.628761 201.757416 -145.769775               5692 
-27.324669 245.584946 -270.999634 19.284986 217.183212 -190.491226 -37.335083 190.911392 -222.145981 28.563490 201.724304 -146.004028               5704 
-27.522717 245.531586 -271.225159 19.155489 217.154053 -190.740326 -37.420204 190.881058 -222.348679 28.468262 201.752823 -146.240280               5716 
-27.678137 245.495956 -271.398682 19.054981 217.131424 -190.933670 -37.410889 190.874756 -222.548706 28.394547 201.774887 -146.423782               5728 
-27.783964 245.477142 -271.514008 18.987478 217.116211 -191.063522 -37.349411 190.861832 -222.709183 28.345133 201.789688 -146.547104               5740 
-27.978170 245.361389 -271.690704 18.910906 217.088089 -191.270737 -37.352222 190.828918 -222.838287 28.330603 201.852081 -146.736328               5753 
-28.121807 245.280380 -271.818970 18.854776 217.067459 -191.422638 -37.329571 190.806671 -222.947403 28.320232 201.897720 -146.875320               5765 
-28.240833 245.218597 -271.922791 18.808798 217.050568 -191.547073 -37.265415 190.790283 -223.057526 28.311916 201.935028 -146.989349               5779 
-28.329691 245.176514 -271.998535 18.774862 217.038101 -191.638916 -37.239109 190.781265 -223.128159 28.305878 201.962540 -147.073608               5791 
-28.408010 245.143051 -272.063721 18.745291 217.027237 -191.718933 -37.182751 190.761612 -223.204697 28.300688 201.986465 -147.147095               5804 
-28.730774 244.370209 -272.609802 18.576933 216.995468 -192.094498 -37.285225 190.475281 -223.247543 28.216520 202.414658 -147.388153               5817 
-29.201973 242.973160 -273.935883 18.268696 217.028549 -193.038498 -37.637604 190.199982 -223.474289 28.001675 203.384308 -148.057571               5831 
-29.408201 241.805023 -275.183990 18.099951 217.069839 -193.925735 -37.859695 190.096375 -223.744827 27.859825 204.268509 -148.703491               5843 
-29.962765 240.797470 -275.991058 17.887871 217.001755 -194.648087 -38.180336 189.847290 -223.837112 27.841253 204.818390 -149.297501               5856 
-30.283274 240.236206 -276.436279 17.768173 216.963318 -195.055771 -38.271248 189.682846 -223.914474 27.834595 205.128540 -149.637894               5869 
-30.530006 239.960587 -276.682953 17.677061 216.939667 -195.318176 -38.320343 189.581314 -223.991043 27.829693 205.275635 -149.875320               5882 
-30.933222 239.933929 -276.556030 17.611422 216.903793 -195.390320 -38.366310 189.448654 -223.919220 27.948229 205.209305 -149.996841               5896 
-31.138983 240.016464 -276.516083 17.589893 216.928787 -195.472885 -38.293385 189.372131 -224.003464 28.024389 205.162109 -150.120422               5909 
-31.327366 239.964203 -276.588593 17.548441 216.998001 -195.595108 -38.192787 189.271393 -224.109528 28.059736 205.256638 -150.253830               5922 
-33.669518 240.832275 -275.232819 18.046490 216.658493 -196.378723 -38.202003 189.488831 -223.350632 30.171062 204.419662 -151.574860               5935 
-35.100674 241.317017 -274.399933 18.049185 216.487228 -196.707535 -37.639908 189.371597 -223.236191 31.001703 204.007706 -152.202789               5948 
-36.649433 241.446793 -273.724792 17.752344 216.341080 -196.988983 -37.055458 189.070114 -223.255875 31.432083 203.801132 -152.719421               5965 
-37.964931 241.502182 -273.163513 17.432472 216.238907 -197.191467 -36.924015 188.894257 -223.140732 31.693239 203.673630 -153.112854               5982 
-41.815689 245.129898 -269.229950 14.943624 218.391296 -194.779495 -37.364296 189.660873 -222.710083 29.905544 204.001434 -151.498413               5999 
-44.355465 248.797226 -265.237640 13.891102 219.878265 -192.773514 -37.212746 190.877716 -222.218552 29.686260 203.571213 -150.479630               6015 
-45.767773 249.870239 -263.556396 13.606748 221.040146 -191.973816 -36.842640 191.391998 -221.623840 30.050934 204.429474 -150.047043               6032 
-46.356556 250.515884 -262.802429 13.488419 221.523636 -191.641037 -36.580334 191.567474 -221.432297 30.205994 204.796188 -149.869095               6047 
-46.669918 250.946945 -262.379547 13.425913 221.779022 -191.465256 -36.354713 191.615875 -221.376419 30.288603 204.992203 -149.775543               6061 
-46.766911 251.225403 -262.149719 13.475020 221.863983 -191.409271 -36.168259 191.616302 -221.333572 30.422810 205.063629 -149.759537               6075 
-46.644871 251.383362 -262.124634 13.601045 221.899033 -191.411530 -35.814522 191.553131 -221.358994 30.552513 205.177292 -149.731674               6089 
-46.550568 251.493179 -262.117126 13.695086 221.915375 -191.420059 -35.540852 191.468414 -221.365875 30.648598 205.273346 -149.709137               6103 
-46.356735 251.600922 -262.181702 13.826277 221.901413 -191.462234 -35.282967 191.416748 -221.364258 30.748156 205.359543 -149.698669               6116 
-46.032486 251.602478 -262.553589 13.937410 221.884262 -191.643143 -35.105072 191.391144 -221.414459 30.744249 205.560776 -149.747406               6131 
-45.782940 251.604889 -262.840637 14.024013 221.870911 -191.784119 -34.941162 191.370651 -221.466690 30.744976 205.720291 -149.787140               6145 
-45.567196 251.649841 -263.108093 14.095114 221.860229 -191.939468 -34.905045 191.426758 -221.501541 30.741817 205.845901 -149.860870               6159 
-45.421158 251.728439 -263.319153 14.120286 221.867676 -192.066208 -34.927479 191.493896 -221.553009 30.704205 205.935562 -149.931656               6173 
-8.094043 192.887375 -228.408005 9.011118 228.908646 -209.094498 -27.685091 190.573502 -243.923752 23.309246 214.000519 -165.764481               6187 
1.627719 183.483643 -222.435165 6.787549 229.163910 -211.458115 -28.674313 189.041946 -244.867905 22.654774 214.483032 -168.599243               6201 
3.548919 181.476883 -219.576035 7.441121 228.586975 -210.956055 -29.504763 188.016266 -242.610382 22.980263 214.865189 -167.661407               6216 
3.630515 180.877930 -218.025650 7.916118 228.265518 -210.349136 -29.912159 188.152634 -241.256180 23.117495 214.996475 -166.794235               6225 
3.879418 180.543472 -216.977997 8.090784 228.089264 -209.854446 -30.041782 188.086121 -240.252258 23.257448 215.226425 -166.165787               6234 
3.951913 180.189972 -216.240692 8.436621 227.695694 -208.804855 -30.443859 188.589935 -239.214096 23.666367 214.390274 -165.270966               6243 
3.276287 180.174820 -214.482620 7.475938 227.859619 -207.929596 -31.947689 188.428345 -237.053162 23.284925 215.391037 -164.354492               6261 
-1.121417 183.878143 -215.285553 5.167589 230.932129 -206.172043 -36.074947 194.159912 -235.714401 23.046022 215.358841 -164.434601               6270 
-14.189908 189.896057 -213.618256 -1.960642 235.836472 -202.866989 -41.516460 201.310410 -232.616028 19.386036 216.896439 -164.269394               6288 
-18.913101 191.574738 -210.865723 -1.230765 236.196808 -200.316330 -43.037502 203.996384 -228.972412 20.923779 215.296097 -163.214905               6306 
-24.767689 195.025757 -208.890305 -2.491008 238.014725 -197.457855 -45.782825 207.781647 -225.793503 19.763813 215.143265 -161.599808               6324 
-28.579575 197.243393 -210.271622 -3.006399 239.037857 -196.576263 -46.695759 209.221039 -224.818863 18.964798 215.757828 -160.806351               6333 
-27.254902 201.486450 -201.714706 -2.376336 243.323837 -183.751068 -44.659523 212.336761 -213.471420 21.201235 219.417664 -149.446945               6351 
-26.863813 201.076935 -196.755600 -1.473570 243.198685 -179.638138 -43.981979 211.344391 -208.798767 21.391512 220.316513 -144.173035               6361 
-26.453016 201.115662 -189.125214 0.834204 242.209167 -171.889954 -48.533451 212.652695 -201.038406 18.440685 220.145966 -133.064621               6387 
-27.461859 201.804962 -186.745422 0.267087 242.728378 -169.657242 -50.526279 213.764206 -198.967606 16.481510 221.220566 -129.924576               6397 
-29.410154 200.454956 -177.842545 -3.178086 243.860657 -164.979004 -53.175114 210.452530 -191.717758 12.674455 227.525970 -122.717262               6415 
