28.092470 147.459396 72.801865 53.797680 198.598785 70.889122 18.207802 164.300491 47.184067 104.782425 179.310974 75.504799                  0 
28.509424 146.955902 72.088226 53.604599 198.189117 70.731331 18.151159 164.096878 46.526833 104.615013 178.951721 75.273193                 19 
29.035784 147.150055 72.386734 53.579498 198.355560 70.729317 18.055912 164.255753 46.635658 104.557358 179.041809 75.312454                 39 
29.537529 147.128784 72.439407 53.551113 198.295670 70.684784 17.938709 164.302109 46.569199 104.486084 178.860641 75.231911                 59 
30.192268 147.067902 72.425514 53.513348 198.164185 70.571190 17.789892 164.335159 46.385780 104.380363 178.547684 75.099777                 78 
30.526127 146.876617 72.200287 53.431385 197.897247 70.499184 17.578514 164.348785 46.112583 104.216888 178.050339 74.937820                 98 
31.108730 146.937790 72.681587 53.391300 198.038208 70.468445 17.700403 164.133926 46.335030 104.251541 178.437073 75.137459                116 
31.646152 147.006866 73.237816 53.324406 198.214569 70.421890 17.879263 163.825150 46.612309 104.294792 178.977646 75.394745                134 
32.160515 147.059738 73.778488 53.258564 198.376678 70.367332 18.093132 163.477600 46.884151 104.348328 179.545547 75.658241                152 
32.570332 147.109482 74.205688 53.207188 198.503174 70.324768 18.261141 163.208801 47.103722 104.388649 179.993500 75.858177                171 
32.900131 147.153793 74.543503 53.167072 198.601929 70.291534 18.392721 163.000458 47.279911 104.419212 180.346054 76.010742                189 
33.174778 147.193375 74.820129 53.134579 198.681931 70.264610 18.499390 162.832703 47.425827 104.443375 180.633377 76.132004                208 
33.407761 147.228745 75.051262 53.107677 198.748169 70.242317 18.587629 162.694550 47.548893 104.462952 180.872406 76.230804                227 
33.760971 147.267365 75.502312 53.060860 198.856339 70.265152 18.800777 162.402512 47.815968 104.509148 181.340134 76.512123                245 
34.069698 147.306046 75.894890 53.020462 198.949692 70.284851 18.985708 162.152435 48.051796 104.547470 181.747116 76.750687                264 
34.334682 147.342468 76.225868 52.986755 199.027573 70.301292 19.140434 161.945206 48.252544 104.578331 182.088943 76.946678                284 
34.552399 147.374451 76.492966 52.959812 199.089828 70.314430 19.264286 161.780518 48.415756 104.602257 182.363678 77.101349                303 
35.700962 147.708405 78.456345 53.051331 199.259171 69.889084 20.114294 160.469727 49.454750 104.834305 183.606964 78.031609                322 
36.946815 148.167877 80.128876 53.077839 199.454056 69.452042 20.823658 159.411652 50.388737 105.008125 184.869217 78.578758                342 
37.937111 148.582367 81.313004 53.095833 199.586334 69.155365 19.313852 159.310471 53.741154 105.122658 185.767441 78.903000                362 
38.360943 148.950073 81.585205 53.046444 199.679596 68.620338 17.943998 159.587677 55.549019 105.052742 186.064270 78.756226                381 
38.734989 149.252670 81.777908 53.021301 199.757950 68.215851 17.313189 159.725098 56.348385 105.016502 186.277695 78.586487                400 
39.090462 149.338043 81.750320 53.008808 199.802032 68.123596 17.108429 159.782806 56.600105 105.013412 186.443085 78.603500                417 
39.299774 149.531967 81.733650 52.883915 199.954254 68.092384 16.905996 159.922287 56.695560 104.872253 186.717239 78.805138                434 
39.472012 149.690475 81.726402 52.782471 200.077911 68.067039 16.756639 160.030090 56.750488 104.756462 186.939255 78.968803                450 
39.871380 149.700089 81.627388 52.913040 200.124222 68.012085 16.873877 160.026077 56.806572 104.928062 187.128296 78.889236                467 
40.410469 149.993912 81.624924 53.017124 200.498993 68.045143 17.225748 160.158813 56.816082 105.082458 187.906204 79.153305                484 
40.855816 150.191223 81.556564 53.083279 200.769455 68.075920 17.473234 160.262848 56.785603 105.191780 188.471695 79.311478                500 
41.166443 150.212616 81.488411 53.135559 200.818771 68.057884 17.589821 160.233658 56.770557 105.269150 188.679733 79.349518                517 
41.641129 152.368576 83.744118 53.971931 202.090012 67.772469 18.676376 161.098892 57.596474 105.937958 190.173523 80.032066                534 
42.264446 154.043961 85.371582 54.548161 202.965851 67.575829 19.253542 161.770233 58.339375 106.406540 191.262115 80.479309                551 
43.560635 155.381653 87.225189 55.265793 203.563614 67.451004 20.445801 161.666031 59.690331 107.151268 192.967087 81.176147                567 
44.436573 156.294678 88.315887 55.791718 203.930664 67.273720 20.827419 161.950500 60.894356 107.720406 193.917664 81.270866                584 
43.536163 160.039749 90.987373 56.453884 205.395721 66.208633 18.949875 165.217926 64.267387 108.322800 193.500076 78.892403                599 
43.442402 161.032288 92.278061 56.552322 205.484909 66.054565 18.378761 165.895752 65.885605 108.459892 193.119659 78.115799                615 
43.769386 159.538635 92.314514 55.940723 204.215607 66.078049 18.357971 164.132446 66.024147 108.154434 192.424896 77.368561                630 
43.474335 158.345291 92.265472 55.249107 203.317078 66.434006 18.631544 162.774429 64.948906 107.582733 191.578796 77.212357                645 
43.330906 157.685577 92.237236 54.854946 202.805008 66.636871 18.599573 162.107193 64.585022 107.255440 191.101578 77.124359                660 
43.203403 157.296661 92.288628 54.600151 202.493622 66.864891 18.466078 161.708160 64.574966 107.009415 190.898300 77.428307                675 
43.140129 157.067261 92.322510 54.440853 202.298965 67.007446 18.606947 161.352890 64.160942 106.855301 190.770859 77.618622                690 
43.101528 156.911148 92.346306 54.330158 202.163696 67.106506 18.701887 161.115036 63.905781 106.748062 190.682129 77.750999                705 
43.122524 156.808655 92.322624 54.278561 202.080719 67.149254 18.725573 160.993423 63.810947 106.703728 190.630142 77.791374                720 
43.002449 156.426453 91.920479 54.105785 202.065674 67.474747 18.680250 160.990875 63.253536 106.528893 190.447235 77.943687                735 
42.902336 156.119110 91.587410 53.964222 202.053345 67.741440 18.651705 160.991394 62.733093 106.386780 190.301697 78.063400                750 
43.031376 155.977676 91.368362 53.997589 202.018341 67.757507 18.674751 160.970657 62.540977 106.429298 190.279358 78.047356                765 
43.150085 155.859314 91.178650 54.026382 201.988144 67.771370 18.645805 160.980026 62.399475 106.466057 190.260422 78.033447                780 
43.187252 155.824371 91.053772 54.002609 202.009537 67.813499 18.635721 161.001160 62.236034 106.434387 190.295731 78.131645                795 
43.370750 156.323151 90.928329 53.891914 202.547577 67.767441 18.879105 161.245621 61.892246 106.325943 191.313187 78.594681                810 
43.566700 156.662506 90.671051 53.858521 202.918808 67.596291 19.053295 161.420380 61.513561 106.278297 192.066086 78.872551                825 
43.741550 156.711349 90.494942 53.856968 202.990982 67.522034 18.905479 161.520050 61.500668 106.281754 192.265213 78.896049                841 
43.854527 156.746399 90.407402 53.849670 203.024597 67.492355 18.697639 161.621017 61.593990 106.276245 192.353699 78.909645                857 
43.687317 156.910172 90.156525 53.864952 203.210205 67.473961 18.371988 162.103485 61.481083 106.224976 192.202133 78.876549                873 
43.730667 156.905762 90.073700 53.935867 203.208130 67.478477 18.248751 162.245758 61.555557 106.269501 192.131882 78.936035                889 
43.768211 156.900681 89.993599 54.005009 203.206116 67.482880 18.061480 162.427780 61.714306 106.312798 192.063263 78.993759                908 
43.770130 157.066498 89.853775 54.089294 203.387695 67.468346 17.754351 162.912659 61.935154 106.376526 192.038147 78.870186                927 
43.774364 157.211548 89.733849 54.162033 203.544403 67.455803 17.499489 163.366226 62.203003 106.430916 192.016891 78.762833                946 
43.681839 157.312775 89.768761 54.162594 203.625717 67.542961 17.379587 163.578827 62.284504 106.399933 191.940125 78.833473                968 
43.695049 157.269653 89.652473 54.192196 203.587418 67.511932 17.303757 163.669250 62.292389 106.418343 191.773804 78.720680                990 
43.652439 157.214264 89.522804 54.209988 203.534256 67.490028 17.178442 163.782333 62.275375 106.409439 191.533783 78.624443               1012 
43.609688 157.102966 89.333244 54.223358 203.432983 67.418327 17.060122 163.835419 62.194149 106.399063 191.255356 78.471359               1034 
43.575012 157.009262 89.168106 54.234917 203.345428 67.356331 17.119377 163.805023 61.953022 106.389702 191.014923 78.338379               1056 
43.567284 156.664185 88.892128 54.225639 203.171600 67.480316 17.196154 163.671951 61.613968 106.381783 190.686447 78.279678               1078 
43.482906 154.506470 87.305145 54.030060 202.093155 68.364937 17.260162 162.797089 60.228970 106.201378 189.236023 78.641914               1100 
43.457554 153.118896 86.206543 53.897800 201.363876 68.963135 17.329313 162.260132 59.299480 106.089417 188.289810 78.856201               1123 
43.597195 152.446793 85.500328 53.940151 201.015869 69.156288 17.478233 162.033600 58.732197 106.164505 187.832748 78.726601               1143 
43.671337 152.033844 85.022377 53.956661 200.809067 69.299706 17.559263 161.930710 58.356407 106.203880 187.535721 78.617172               1164 
44.001183 151.207413 84.399551 54.040287 200.410400 69.942245 17.715797 161.729355 58.156219 106.393013 187.041977 78.500641               1184 
44.167759 150.500656 83.762558 54.041172 200.045288 70.468864 17.736013 161.603470 57.918713 106.471146 186.554626 78.334534               1204 
44.284695 150.045212 83.312042 54.054756 199.786972 70.778099 17.775888 161.505920 57.714027 106.531708 186.232208 78.208221               1223 
44.296631 149.743561 82.927879 54.046745 199.609085 70.987732 17.757528 161.496857 57.502575 106.540642 185.953674 78.107353               1243 
44.322971 149.527817 82.635353 54.054619 199.461319 71.102707 17.783773 161.455109 57.304115 106.559410 185.755432 78.042763               1263 
44.315323 149.384644 82.442497 54.040802 199.348114 71.197197 17.774885 161.428299 57.177845 106.551300 185.593307 77.995827               1283 
44.315315 149.321960 82.322121 54.045357 199.277802 71.242256 17.777037 161.418655 57.090122 106.556839 185.480637 77.946747               1302 
44.308239 149.284500 82.221077 54.040867 199.212128 71.270226 17.769747 161.406342 57.005756 106.551010 185.374573 77.901627               1322 
44.272854 149.184113 82.055069 54.008045 199.100113 71.285469 17.740381 161.358810 56.862656 106.515907 185.221024 77.847771               1342 
44.247334 149.096100 81.980705 53.963837 198.994476 71.325089 17.714859 161.282578 56.797207 106.475571 185.106277 77.836952               1362 
44.237034 149.020691 81.950615 53.921879 198.900681 71.376083 17.698215 161.200027 56.773125 106.441689 185.020920 77.840683               1382 
44.179596 149.012665 81.968803 53.898491 198.850449 71.409294 17.639502 161.193954 56.796028 106.409805 184.913513 77.819595               1403 
44.180035 148.935410 81.885742 53.889458 198.761932 71.433899 17.632755 161.142319 56.735104 106.403725 184.805374 77.777016               1425 
43.742611 149.365585 81.802307 53.811924 199.043930 71.306992 17.304546 161.689011 56.567211 106.206833 184.689957 77.749504               1448 
43.557098 149.631943 81.702484 53.808506 199.192795 71.188072 17.174429 161.987503 56.396935 106.133400 184.618118 77.703644               1470 
43.466209 149.812897 81.634163 53.811493 199.278671 71.108253 17.112368 162.160873 56.270481 106.093864 184.575790 77.676926               1493 
43.400192 149.964294 81.584824 53.813808 199.345413 71.046234 17.066401 162.295486 56.169502 106.062897 184.543030 77.656181               1517 
43.353291 150.100372 81.548470 53.815720 199.400391 70.995132 17.030096 162.406311 56.084423 106.037216 184.516113 77.639091               1542 
43.330364 150.191620 81.491951 53.808601 199.425125 70.927078 17.016159 162.457962 55.976376 106.012741 184.499924 77.615479               1567 
43.143921 150.261551 81.493111 53.681965 199.434494 70.949570 16.887508 162.516251 55.892334 105.851120 184.441605 77.758492               1591 
42.969837 150.326996 81.494049 53.563614 199.443237 70.970581 16.768044 162.570740 55.813122 105.699722 184.387054 77.891991               1615 
42.832829 150.383713 81.495872 53.468781 199.450256 70.987427 16.673767 162.614349 55.748047 105.578171 184.343323 77.998863               1640 
42.722172 150.434280 81.498375 53.390659 199.456039 71.001297 16.597401 162.650192 55.692970 105.477882 184.307266 78.086838               1665 
42.605499 150.514694 81.460396 53.339752 199.494812 71.007881 16.502699 162.763382 55.633667 105.398483 184.254211 78.105858               1689 
42.485203 150.621445 81.365433 53.294979 199.549881 70.987000 16.388859 162.923935 55.537395 105.322220 184.185532 78.048996               1762 
42.434563 150.665955 81.347565 53.276409 199.572922 70.975426 16.337353 162.983536 55.521244 105.291946 184.160599 78.019089               1787 
42.315819 150.770035 81.343178 53.234447 199.625443 70.945999 16.214348 163.109055 55.519543 105.223801 184.106979 77.949806               1812 
42.168304 150.879120 81.333733 53.183601 199.670090 70.864700 16.066755 163.227142 55.503288 105.140594 184.031219 77.840759               1838 
42.043285 150.974716 81.326180 53.140060 199.708313 70.795090 15.941255 163.328430 55.488441 105.069061 183.966370 77.747681               1863 
41.897053 151.094559 81.327202 53.090446 199.762711 70.707047 15.792968 163.451553 55.483192 104.987358 183.902893 77.631317               1888 
41.379433 151.754745 81.852570 52.789310 200.173996 70.457748 15.402591 163.761581 55.707588 104.599632 184.226822 77.816208               1913 
41.002335 152.294083 82.243767 52.579071 200.502029 70.229317 15.110127 164.016983 55.878090 104.323044 184.487732 77.902115               1939 
40.780727 152.659805 82.489883 52.465061 200.718643 70.068771 14.932957 164.194519 55.989845 104.166229 184.655518 77.925842               1963 
40.664135 152.852676 82.635605 52.406918 200.817429 69.982544 14.837321 164.274521 56.058529 104.083481 184.723892 77.938614               1986 
40.612701 152.978683 82.741089 52.379379 200.880356 69.941467 14.789775 164.321442 56.118958 104.044456 184.774445 77.946999               2010 
40.584660 153.076294 82.832100 52.365124 200.928116 69.925873 14.758728 164.359406 56.180290 104.022903 184.811401 77.956696               2034 
40.619305 153.208969 82.936493 52.353477 200.972198 69.906525 14.739303 164.384369 56.238140 104.006203 184.856461 77.971718               2057 
40.688660 153.359879 83.041862 52.342827 201.012497 69.888840 14.722026 164.407181 56.290554 103.990967 184.897797 77.985413               2080 
40.746326 153.490753 83.135208 52.333588 201.047485 69.873489 14.707476 164.426956 56.335598 103.977768 184.933777 77.997284               2104 
41.723434 155.012939 85.227242 52.585331 201.802017 69.239586 15.740713 163.787689 57.514061 104.394669 187.096329 78.847084               2127 
42.922192 156.375320 86.934258 53.446842 202.259506 68.547516 16.879007 163.445099 58.726208 105.325623 188.406998 79.010246               2151 
43.631138 157.216217 87.874573 53.926998 202.514481 68.161797 17.516081 163.285019 59.446083 105.850380 189.172974 79.058350               2171 
44.069672 157.745255 88.408264 54.202824 202.660965 67.940216 17.886787 163.203857 59.870617 106.153641 189.623108 79.071068               2191 
44.368431 158.111954 88.752686 54.380718 202.755432 67.797310 18.126942 163.154724 60.147316 106.349899 189.917007 79.073296               2211 
44.537975 158.374176 88.962868 54.466576 202.839340 67.712715 18.226234 163.167023 60.345985 106.453224 190.099884 79.020370               2230 
44.672485 158.583282 89.122040 54.532249 202.903534 67.648010 18.285954 163.174942 60.512566 106.532387 190.239990 78.978882               2250 
44.721432 158.906097 89.345818 54.483036 203.058731 67.582344 18.227816 163.244125 60.777534 106.504784 190.527618 78.961174               2269 
44.693806 159.420868 89.749313 54.356167 203.315109 67.533211 18.167234 163.340210 61.150906 106.380173 191.057419 79.195992               2289 
44.760483 159.618484 89.829361 54.429424 203.377640 67.446594 18.042068 163.471588 61.416924 106.448540 191.088379 79.097939               2310 
44.589828 160.265762 90.252686 54.251671 203.742157 67.408928 17.818079 163.775238 61.840584 106.250427 191.624298 79.327629               2329 
44.698833 160.533325 90.420357 54.411167 203.802277 67.274139 17.520584 164.100113 62.494308 106.398483 191.627213 79.184456               2347 
44.820923 160.811813 90.647812 54.407341 203.867447 67.140770 17.250362 164.306549 63.200081 106.430565 191.842270 79.046555               2367 
44.773357 160.907974 90.773117 54.323654 203.845688 67.086472 17.061024 164.357651 63.498390 106.359810 191.844055 78.959442               2386 
44.697319 160.963272 90.893372 54.210873 203.772583 67.005905 16.922972 164.300079 63.679054 106.261101 191.802094 78.848618               2405 
44.633549 161.009735 90.993279 54.115677 203.710876 66.937904 16.812567 164.242111 63.812305 106.177788 191.766510 78.754730               2425 
44.695995 161.128036 91.144043 54.039818 203.746078 66.933571 16.864639 164.160294 63.952259 106.133614 192.002014 78.811340               2446 
44.696167 161.168655 91.155304 53.997791 203.760452 66.918510 16.824152 164.182892 64.010620 106.106560 192.017441 78.731483               2467 
44.602295 160.990509 90.946457 53.926067 203.678665 66.924232 16.719418 164.170898 63.847626 106.028732 191.807053 78.635193               2489 
44.533329 160.850555 90.749214 53.872353 203.625626 66.924011 16.651693 164.172028 63.676891 105.968712 191.645050 78.551720               2511 
44.506187 160.787079 90.634521 53.832703 203.608368 66.927574 16.596148 164.182327 63.597439 105.927460 191.587509 78.520844               2534 
44.481319 160.696152 90.488701 53.794991 203.578201 66.919960 16.558439 164.163483 63.457760 105.887871 191.520187 78.483040               2555 
44.426403 160.599365 90.329140 53.767803 203.531433 66.896980 16.503185 164.154968 63.289352 105.844681 191.400085 78.455437               2578 
44.384480 160.520142 90.189522 53.743675 203.489914 66.876587 16.477259 164.135437 63.113853 105.806366 191.293533 78.430519               2600 
44.104046 160.821289 90.110466 53.543999 203.641571 66.659012 16.297970 164.283401 62.881100 105.537834 191.461945 78.536163               2622 
44.047916 161.029633 89.992027 53.508381 203.720123 66.482582 16.374693 164.327744 62.607536 105.454834 191.469284 78.493080               2646 
43.980541 161.218323 89.798698 53.455345 203.850525 66.362839 16.519728 164.378510 62.235153 105.372246 191.473633 78.371872               2670 
44.003296 161.250168 89.638008 53.448254 203.885422 66.322777 16.623415 164.374619 61.999973 105.353676 191.463989 78.335434               2695 
43.993755 161.249756 89.525314 53.442955 203.911484 66.292854 16.665987 164.399261 61.853020 105.339806 191.456772 78.308067               2719 
44.351803 162.867615 90.015282 53.391563 205.438339 66.483925 17.571165 165.125198 61.729816 105.318161 193.977921 79.331337               2743 
44.390800 162.785934 89.911774 53.423889 205.391266 66.470078 17.627977 165.083466 61.619659 105.352615 193.870071 79.254379               2767 
44.399231 162.768677 89.839691 53.418072 205.377365 66.471046 17.594849 165.106445 61.567158 105.340424 193.791595 79.222839               2790 
44.343819 162.511230 89.550804 53.373581 205.207458 66.453110 17.428017 165.100876 61.428448 105.277039 193.451660 79.125946               2812 
44.307636 162.298874 89.299362 53.334587 205.058548 66.437386 17.338495 165.052536 61.233757 105.221474 193.154419 79.039413               2835 
44.301601 162.076294 89.075943 53.359489 204.877869 66.371330 17.190102 165.130753 61.294399 105.234802 192.803162 78.858208               2857 
44.248055 161.946548 88.978226 53.332497 204.783356 66.375778 17.082117 165.178726 61.345078 105.204170 192.596283 78.768257               2879 
44.203892 161.841110 88.894897 53.310909 204.709518 66.378876 16.986734 165.226685 61.397125 105.179840 192.428787 78.690109               2901 
44.194824 161.774643 88.806465 53.307724 204.664322 66.358513 16.840740 165.363007 61.571259 105.175560 192.313095 78.603683               2924 
44.263557 161.640015 88.664040 53.323166 204.585358 66.332184 16.520477 165.635605 62.004333 105.201569 192.230865 78.529182               2946 
44.251583 161.653473 88.633881 53.323380 204.593369 66.329712 16.448416 165.730728 62.093361 105.196548 192.209045 78.518700               2969 
44.111397 161.797668 88.564339 53.326008 204.653244 66.185150 16.259443 165.952866 62.128380 105.157852 192.106308 78.383606               2991 
44.059792 161.992401 88.634895 53.344280 204.708496 66.045891 15.951364 166.225037 62.579567 105.159042 192.108170 78.261909               3013 
44.041103 162.094650 88.699608 53.344887 204.747162 66.023857 15.778912 166.349655 62.834503 105.158150 192.115341 78.213661               3035 
43.956757 162.313293 88.781555 53.332874 204.893265 66.023849 15.645803 166.597626 62.989155 105.135521 192.125320 78.116577               3058 
43.964260 162.361282 88.794769 53.339027 204.926132 66.030907 15.643292 166.636856 63.016945 105.141693 192.154388 78.119530               3082 
43.979591 162.427856 88.819763 53.343193 204.973892 66.037376 15.643332 166.684906 63.057281 105.149773 192.208893 78.116356               3105 
44.004097 162.496399 88.834358 53.348488 205.020859 66.034576 15.612031 166.756683 63.121151 105.156952 192.255951 78.105545               3128 
44.032959 162.559723 88.844254 53.353119 205.061981 66.032127 15.534662 166.861465 63.250717 105.163231 192.297119 78.096085               3152 
44.060005 162.615036 88.851982 53.357243 205.098557 66.029953 15.489275 166.931351 63.329338 105.168823 192.333740 78.087669               3175 
44.083954 162.663345 88.856491 53.360897 205.130997 66.028023 15.475388 166.976181 63.365902 105.173775 192.366241 78.080200               3199 
44.104523 162.704620 88.860832 53.364128 205.159683 66.026314 15.472517 167.008484 63.385475 105.178154 192.394943 78.073593               3222 
44.135838 162.745651 88.853905 53.368107 205.184097 66.019402 15.468285 167.038025 63.397869 105.183136 192.417267 78.060158               3246 
44.166092 162.781067 88.842468 53.371647 205.205826 66.013260 15.460662 167.069504 63.417690 105.187561 192.437119 78.048203               3270 
44.206032 162.789642 88.815964 53.376019 205.204300 66.002907 15.458230 167.073776 63.420475 105.192451 192.440506 78.040840               3295 
44.096283 162.895966 88.741386 53.315125 205.369263 66.077858 15.547431 167.156998 63.163311 105.108673 192.550995 78.156319               3320 
44.124573 162.887680 88.706818 53.326359 205.370895 66.085625 15.583483 167.163528 63.154366 105.122513 192.537354 78.136673               3346 
44.086960 162.871780 88.662201 53.335751 205.369598 66.107384 15.560931 167.203491 63.131203 105.117439 192.465164 78.144844               3371 
44.064621 162.848785 88.615616 53.345596 205.361649 66.118835 15.779491 167.097778 62.899166 105.118690 192.405396 78.137611               3396 
43.483994 161.968811 87.804276 53.322037 204.716141 66.019737 15.294828 167.041885 62.218983 104.955872 190.670120 77.396248               3422 
43.088116 161.259338 87.134232 53.359879 204.186981 65.930756 14.975198 166.954651 61.608528 104.866089 189.360123 76.887177               3447 
42.807461 160.902435 86.795120 53.359306 203.909866 65.914642 14.892160 166.851669 61.085625 104.771561 188.650436 76.717323               3470 
42.642696 160.706650 86.626823 53.350231 203.733322 65.887070 14.973263 166.679871 60.610527 104.708557 188.253174 76.632133               3493 
42.522488 160.572342 86.510284 53.342278 203.607010 65.868004 14.913647 166.627701 60.433895 104.660759 187.966721 76.571442               3515 
42.431389 160.519760 86.433418 53.326763 203.565155 65.878716 14.965817 166.576584 60.169304 104.619072 187.805801 76.532852               3537 
42.360321 160.498932 86.388672 53.311832 203.548279 65.896004 14.945486 166.591858 60.084209 104.585045 187.698547 76.507896               3560 
42.266968 160.353561 86.276619 53.272839 203.436844 65.908859 14.980692 166.453766 59.800476 104.524925 187.508881 76.505661               3582 
42.203098 160.124786 86.114914 53.248325 203.255066 65.892319 14.994179 166.274658 59.540173 104.490265 187.223206 76.380966               3604 
42.053898 159.958649 85.890297 53.208984 203.150940 65.889091 14.914845 166.261169 59.256893 104.413963 186.911682 76.238243               3626 
41.788311 159.591690 85.489868 53.094402 202.939163 65.939705 14.728790 166.212143 58.831066 104.243073 186.408752 76.104706               3649 
41.480999 159.219284 85.060387 52.953609 202.727753 65.993439 14.502639 166.188416 58.391235 104.038734 185.893387 75.977570               3670 
41.244480 158.936691 84.726044 52.844807 202.564377 66.034973 14.334261 166.169846 58.044281 103.880760 185.497574 75.874870               3693 
41.068787 158.729675 84.474800 52.763760 202.442688 66.065903 14.215087 166.154144 57.777134 103.763077 185.204193 75.795891               3715 
40.931175 158.569626 84.275879 52.700172 202.347214 66.090172 14.126307 166.140091 57.560490 103.670731 184.974899 75.732452               3737 
40.821060 158.442276 84.114044 52.649223 202.270706 66.109619 14.058635 166.127472 57.381599 103.596748 184.791779 75.680702               3760 
40.731739 158.340012 83.977440 52.607391 202.207901 66.125587 14.005680 166.116013 57.230618 103.536003 184.641830 75.637611               3783 
40.654587 158.253937 83.860733 52.572361 202.155289 66.138954 13.963345 166.105560 57.100925 103.485138 184.516525 75.601097               3807 
40.588284 158.181396 83.758026 52.542561 202.110550 66.150330 13.928928 166.095947 56.988010 103.441864 184.410156 75.569740               3830 
40.531082 158.118378 83.669724 52.516735 202.071762 66.160187 13.900393 166.087021 56.888008 103.404366 184.318100 75.542343               3854 
40.481037 158.063660 83.591446 52.494244 202.037994 66.168770 13.876601 166.078766 56.799137 103.371712 184.238052 75.518311               3878 
40.435024 158.014923 83.518745 52.474270 202.008011 66.176399 13.856371 166.070999 56.718723 103.342712 184.167068 75.496849               3901 
40.393764 157.972549 83.451675 52.456551 201.981400 66.183159 13.839177 166.063736 56.646099 103.316994 184.104156 75.477699               3925 
40.357944 157.934357 83.389839 52.440590 201.957428 66.189255 13.824339 166.056885 56.579575 103.293823 184.047546 75.460373               3949 
40.404957 157.792694 83.432251 52.318649 201.951492 66.476402 14.022363 165.821899 56.449951 103.223000 184.343460 76.040565               3974 
40.444832 157.675308 83.471359 52.215836 201.946472 66.718506 14.193495 165.626785 56.338985 103.159393 184.590958 76.532204               3999 
40.473965 157.593613 83.499222 52.142220 201.942886 66.891861 14.320603 165.487473 56.254772 103.111649 184.766983 76.885574               4024 
40.496201 157.532471 83.521744 52.086609 201.940170 67.022804 14.420212 165.381897 56.186802 103.074364 184.899277 77.153221               4049 
40.512428 157.485352 83.538040 52.043175 201.938049 67.125092 14.500731 165.298950 56.130207 103.044518 185.002197 77.362701               4074 
40.549374 157.447800 83.541687 52.035732 201.932205 67.188194 14.577120 165.238861 56.086033 103.048294 185.064972 77.483032               4100 
40.578468 157.417053 83.543320 52.029682 201.927444 67.239464 14.640803 165.189438 56.047729 103.051186 185.115860 77.580925               4125 
40.657169 157.034882 83.088646 52.122787 201.775757 67.431000 14.674584 165.239517 55.783813 103.157707 184.761978 77.367622               4150 
40.728600 156.722397 82.711426 52.200596 201.648987 67.591072 14.704549 165.283569 55.566990 103.247337 184.474289 77.184250               4176 
40.777988 156.492310 82.427490 52.258442 201.554749 67.710075 14.729221 165.316818 55.405670 103.314301 184.265305 77.045082               4200 
40.836231 156.256683 82.174812 52.304344 201.447601 67.833755 14.740705 165.325836 55.293022 103.379379 184.061798 76.880493               4225 
40.841045 156.065445 82.014603 52.291756 201.348160 67.939323 14.718009 165.296143 55.227341 103.384224 183.912109 76.788780               4249 
40.781429 155.827835 81.813446 52.253426 201.174438 67.954224 14.653759 165.201767 55.093086 103.345612 183.666748 76.662704               4273 
40.749897 155.471802 81.609329 52.225491 200.901031 68.018044 14.594730 165.020523 54.989635 103.326393 183.318573 76.522346               4298 
40.802567 155.313629 81.538757 52.223412 200.819016 68.149704 14.614749 164.959900 54.997471 103.354164 183.246323 76.493240               4322 
40.843113 155.192963 81.484436 52.221813 200.756149 68.250648 14.631667 164.912827 55.001076 103.375435 183.191895 76.470917               4346 
40.874710 155.096191 81.439926 52.220531 200.705627 68.331749 14.646518 164.874542 55.001953 103.392509 183.148788 76.452980               4370 
40.899761 155.016907 81.402687 52.219482 200.664200 68.398262 14.659731 164.842758 55.000965 103.406502 183.113831 76.438278               4394 
40.920044 154.950394 81.370819 52.218597 200.629425 68.454079 14.671696 164.815735 54.998657 103.418236 183.084778 76.425949               4418 
40.936756 154.893478 81.343033 52.217842 200.599670 68.501854 14.682685 164.792328 54.995392 103.428276 183.060104 76.415398               4443 
40.950619 154.844330 81.318604 52.217194 200.573990 68.543083 14.692822 164.771866 54.991440 103.436935 183.038971 76.406296               4467 
40.962254 154.801300 81.296837 52.216621 200.551514 68.579170 14.702268 164.753738 54.986977 103.444504 183.020599 76.398338               4492 
40.990772 154.772644 81.331635 52.218250 200.535507 68.630783 14.709902 164.727036 55.048851 103.461678 183.021545 76.385826               4517 
40.575230 156.824646 82.939224 52.288376 201.887314 68.314339 14.598186 165.833939 55.984051 103.337090 184.233047 76.981758               4542 
40.311958 158.816406 84.371201 52.327682 203.207245 68.033478 14.556283 166.873535 56.890633 103.255676 185.584122 77.442711               4567 
39.691311 166.486130 88.228981 52.772316 207.758041 65.702003 14.244337 171.032928 59.659313 103.268982 190.402298 77.602982               4589 
38.258831 171.832031 87.143700 53.778450 209.309784 60.003101 13.083840 174.500443 58.212490 103.150024 190.653015 74.395500               4609 
36.732121 176.218292 85.083626 54.414707 211.302490 56.062855 11.483242 179.184738 56.651379 102.690140 191.067154 71.961990               4624 
3.525920 201.361160 49.157314 91.358124 220.986038 55.039898 28.264380 219.009079 80.322273 135.573135 197.128525 76.687538               4667 
-0.677462 208.861755 43.320179 91.605927 219.931473 53.537743 26.745787 222.389984 79.534172 133.838776 192.499222 74.906570               4680 
-2.233256 213.741119 37.408104 90.948425 220.308853 51.414398 25.227482 224.545609 75.501465 131.519821 191.046768 73.560745               4694 
-4.299718 218.770172 29.000441 89.009232 220.418976 47.557518 22.386190 226.070892 69.167351 127.750603 189.358459 70.516602               4703 
-4.005157 227.953369 19.874584 88.271507 216.368256 42.962154 21.367468 227.697327 62.050148 122.353607 179.912689 65.371315               4713 
0.069068 237.398529 5.310905 89.081200 212.272934 34.180923 20.945313 224.228561 48.869659 119.174576 170.704056 53.133114               4730 
0.024501 239.388397 -3.973911 88.361397 215.084457 28.706097 19.298733 225.762787 40.711838 118.532173 174.383102 49.343269               4739 
0.141438 242.509064 -23.922178 86.053215 219.981400 17.017450 15.273169 226.541473 22.492727 116.224747 180.400558 39.728760               4757 
0.152655 244.718048 -31.707609 84.532784 220.827713 12.017179 13.443338 227.650574 15.142868 113.685883 180.977127 35.571301               4766 
-0.852830 246.323746 -50.435539 80.241142 222.169632 -0.164437 8.453729 225.697433 -3.506461 108.711021 182.471924 24.459257               4784 
-1.628401 245.644363 -58.588268 79.194199 224.444931 -5.858494 6.136168 221.064987 -12.313276 108.723000 186.442413 20.153563               4793 
-1.460220 249.302795 -76.689796 77.913109 229.133240 -20.137180 4.195093 218.840820 -31.241693 107.325775 192.763977 8.234306               4811 
-2.381024 250.149094 -86.291245 75.633331 230.794250 -26.961447 2.073305 218.364700 -40.256805 104.513809 195.473785 3.223845               4820 
-2.647034 250.573807 -106.568970 72.743698 232.734772 -42.409523 0.279468 216.835175 -59.635338 100.885994 199.195862 -9.608278               4838 
-2.466576 251.086014 -113.786964 71.519623 232.622482 -47.547447 -0.275552 215.439102 -66.906715 99.150337 199.465454 -13.933119               4847 
-2.812016 249.579193 -140.862488 67.873322 231.947556 -69.876953 -2.059105 211.534531 -93.640526 94.346741 200.160858 -34.078453               4874 
-2.734473 250.866684 -147.733902 65.908592 231.467239 -74.881691 -3.581515 211.665146 -100.695679 91.000145 199.331772 -38.405743               4884 
-2.457904 250.136459 -164.324310 62.782269 230.769409 -87.989449 -5.543246 210.515030 -116.907593 85.855484 199.148438 -49.772831               4902 
-3.065314 251.455841 -168.810852 62.436760 230.121811 -92.325722 -5.436164 210.105652 -122.747322 84.597412 198.208237 -53.813404               4911 
-5.118268 253.523163 -180.847870 60.469810 229.547089 -103.689514 -6.569993 210.718796 -136.879684 80.303627 197.261993 -64.229904               4929 
-6.821989 253.014221 -186.107407 59.610916 229.549683 -108.780815 -6.934408 210.142212 -142.751190 78.833443 197.809296 -68.583672               4938 
-7.886008 254.695953 -195.455185 58.408104 229.635239 -117.768860 -7.285876 210.901276 -153.965637 76.108269 197.309158 -77.339943               4956 
-8.481190 255.155121 -197.663132 58.596600 227.826782 -121.191086 -7.026734 209.797897 -158.134750 76.278793 194.253052 -81.784058               4967 
-9.033738 252.976120 -205.190384 56.380016 227.325455 -126.458809 -7.847207 206.994949 -165.628967 73.210304 194.291199 -86.231354               4983 
-10.341056 252.208176 -209.523392 55.640076 226.181580 -131.276611 -8.265187 204.470840 -171.462799 73.134888 192.310944 -92.040405               5001 
-10.696885 252.647141 -212.292618 55.077065 227.003647 -133.675232 -8.722363 204.697556 -174.125824 72.433372 193.279160 -94.252052               5010 
-10.949668 251.608231 -217.527527 53.004044 226.721893 -137.082916 -8.766435 202.684341 -180.205032 70.047142 192.838974 -97.658951               5028 
-11.153966 250.722900 -220.853165 51.699440 227.092804 -139.128830 -9.290716 201.980759 -183.055008 68.341286 193.685608 -99.131630               5037 
-11.571300 249.050903 -224.862396 48.740013 225.643799 -141.111816 -9.718281 199.044312 -188.235672 65.022713 191.753525 -101.374031               5055 
-12.860513 248.000626 -227.934418 47.781013 226.728943 -143.822189 -11.075381 198.947296 -189.938889 64.098259 193.895676 -103.220551               5064 
-12.848828 250.053833 -231.431229 45.070396 225.024811 -146.386429 -12.903091 199.584702 -195.170639 59.722546 190.554565 -106.513069               5082 
-12.820572 250.561172 -231.923355 44.678532 225.141388 -146.685547 -13.196274 199.904205 -195.850128 59.083679 190.490692 -106.878639               5092 
-12.780377 250.843933 -232.305008 44.542015 225.473633 -146.892044 -13.327098 200.070618 -196.268799 58.886410 190.790894 -107.091110               5109 
-12.915912 250.760880 -232.274902 44.534458 225.475616 -146.903320 -13.442688 199.970963 -196.221329 58.948387 190.807007 -107.115204               5118 
-12.980885 250.794586 -232.291565 44.511669 225.518478 -146.919373 -13.602726 199.957550 -196.240631 58.953072 190.822662 -107.164940               5128 
-12.868545 250.613846 -232.046402 45.129520 227.098236 -146.481354 -12.798307 199.644394 -195.736038 60.577553 192.791824 -106.767418               5146 
-13.032373 250.088516 -231.880112 44.798874 226.621445 -146.173996 -12.950428 198.785675 -195.809113 60.493893 192.168045 -106.684769               5155 
-13.305821 248.190948 -231.259277 43.843559 225.393707 -144.890869 -12.578748 196.327225 -195.778366 60.062248 190.859909 -105.684502               5173 
-13.405807 247.588043 -231.059692 43.545029 225.010056 -144.489899 -12.441171 195.570816 -195.774063 59.933590 190.461380 -105.367371               5182 
-13.512917 246.954697 -230.995544 43.319664 224.701157 -144.241287 -12.239451 194.879425 -195.841812 59.862259 190.199341 -105.142227               5201 
-13.592651 246.620239 -230.979004 43.189358 224.516342 -144.142883 -12.169730 194.526871 -195.882034 59.798336 190.039413 -105.050018               5210 
-13.925846 244.561249 -231.223160 42.652420 223.231033 -144.078857 -11.991302 192.712509 -196.292267 59.459751 188.837204 -104.997574               5230 
-14.055971 243.421417 -231.407455 42.556164 223.012802 -144.119568 -11.880980 192.079514 -196.298874 59.501045 188.830948 -104.911896               5240 
-13.912225 242.370697 -232.926453 41.401752 221.416672 -145.003708 -12.968138 191.604568 -197.780334 57.223831 186.980392 -105.550270               5251 
-13.084465 242.138596 -234.702759 41.292431 222.015106 -146.052094 -12.604495 192.424606 -199.032181 56.256992 187.965286 -105.934265               5262 
-12.576000 241.933426 -235.824265 41.222321 222.398880 -146.724426 -11.761281 192.976227 -200.087463 55.642750 188.614197 -106.185364               5273 
-12.397474 241.256042 -237.661285 40.920589 222.805145 -148.069778 -10.887841 193.031067 -201.716339 54.924629 189.505798 -106.986824               5285 
-12.833970 240.674988 -238.253448 40.986614 222.353088 -148.957794 -10.570194 192.682510 -202.530167 55.138790 189.073090 -107.909943               5297 
-13.430768 239.831879 -239.498520 42.093445 223.453430 -150.888474 -10.248220 192.870804 -202.882217 56.870659 191.086075 -109.334213               5308 
-14.083363 239.462921 -240.077866 43.017757 224.115479 -152.304260 -10.065730 193.101303 -203.075134 58.421757 192.234848 -110.601608               5320 
-14.441194 239.162949 -240.348923 43.755936 224.541702 -153.186737 -9.861383 193.319443 -203.042664 59.511204 193.041992 -111.326141               5333 
-14.862009 239.042740 -240.361359 44.242645 224.839630 -153.753357 -9.711592 193.482758 -202.987305 60.359169 193.538620 -111.881256               5345 
-15.140667 238.889404 -240.398392 44.543430 225.043457 -154.140884 -9.388246 193.544937 -203.075241 60.909748 193.892471 -112.253784               5357 
-15.439258 238.715363 -240.563370 44.723961 225.252029 -154.587845 -9.174085 193.580017 -203.264893 61.313511 194.256973 -112.672913               5370 
-15.643119 238.582947 -240.671722 44.846539 225.393661 -154.891327 -8.826277 193.578140 -203.495010 61.588123 194.504150 -112.958923               5384 
-15.776435 238.483627 -240.739807 44.925922 225.485382 -155.087860 -8.553735 193.573639 -203.672394 61.766159 194.664093 -113.144760               5397 
-15.876435 238.399231 -240.789001 44.984829 225.553436 -155.233704 -8.394484 193.588837 -203.779053 61.898369 194.782715 -113.282982               5410 
-16.079342 238.320587 -241.150406 44.946163 225.916382 -155.653107 -8.292448 193.696243 -204.092758 61.987968 195.313263 -113.631752               5424 
-16.236681 238.251877 -241.429474 44.916142 226.198212 -155.978775 -8.192435 193.781189 -204.347656 62.057339 195.725586 -113.903046               5437 
-16.343830 238.193878 -241.616959 44.895828 226.388901 -156.199112 -8.080631 193.844437 -204.543030 62.104179 196.004715 -114.086838               5452 
-16.351439 238.036148 -241.855377 44.995560 226.481369 -156.485306 -7.972999 193.865387 -204.702972 62.217178 196.222183 -114.288544               5467 
-16.358429 237.913071 -242.030090 45.069294 226.549728 -156.696884 -7.891154 193.881180 -204.823517 62.301208 196.383194 -114.438042               5482 
-16.364689 237.815765 -242.157227 45.123425 226.599915 -156.852219 -7.859323 193.892029 -204.897842 62.363155 196.501511 -114.548004               5497 
-16.449732 237.684723 -242.297806 45.162296 226.641006 -157.063797 -7.849134 193.886887 -204.993744 62.440926 196.624176 -114.717506               5512 
-16.573729 237.599625 -242.404007 45.193436 226.711594 -157.265991 -7.836197 193.909164 -205.086227 62.538246 196.763229 -114.898308               5527 
-16.671265 237.528366 -242.486160 45.217789 226.766815 -157.424149 -7.763844 193.943924 -205.190201 62.614502 196.871948 -115.039948               5543 
-16.837444 237.352188 -242.617126 45.190899 226.968460 -157.612991 -7.681321 193.964798 -205.262909 62.676430 197.237839 -115.149879               5559 
-16.970560 237.207275 -242.720398 45.169380 227.129822 -157.764099 -7.599414 193.982193 -205.329147 62.726070 197.530899 -115.238403               5576 
-17.069733 237.094742 -242.795883 45.153408 227.249603 -157.876282 -7.594142 193.992279 -205.349213 62.762966 197.748566 -115.304443               5593 
-17.138443 236.849243 -242.998718 45.023521 227.253479 -158.008728 -7.598327 193.866821 -205.491653 62.633274 197.848389 -115.370651               5612 
-17.194674 236.645096 -243.164551 44.916965 227.256653 -158.117401 -7.593699 193.775406 -205.611450 62.526642 197.930344 -115.425064               5632 
-17.238188 236.483948 -243.292038 44.834705 227.259109 -158.201294 -7.599858 193.705475 -205.698868 62.444180 197.993652 -115.467133               5654 
-17.316526 236.028961 -243.378830 44.781361 227.158646 -158.289688 -7.769133 193.521667 -205.595322 62.406105 198.038803 -115.462463               5676 
-17.648909 235.577621 -243.463150 44.521931 227.189804 -158.398361 -8.281280 193.363449 -205.379181 62.184776 198.282654 -115.442917               5700 
-17.130142 241.790131 -235.743454 43.914700 223.740448 -151.384705 -9.588878 196.054367 -201.578659 60.286846 190.461456 -111.169899               5723 
-18.913513 240.959290 -231.215286 44.755718 225.828568 -148.216949 -10.955432 196.703934 -195.151917 62.018833 194.204865 -107.050285               5746 
-20.454662 241.771133 -229.140427 44.372662 226.429092 -146.987991 -12.502630 197.469482 -192.674667 61.895786 195.056717 -105.738953               5761 
-23.519358 247.684708 -223.829376 44.804672 230.238617 -144.619476 -15.766648 202.923813 -186.116226 62.577549 199.618118 -102.914825               5777 
-26.046499 254.254181 -218.938583 44.436893 233.485001 -142.139694 -19.055279 208.698196 -180.523819 62.007450 202.962296 -100.277908               5791 
-28.615623 257.667633 -215.456390 43.577595 236.169098 -140.257019 -22.080410 212.600021 -175.575989 61.325165 206.536163 -97.834366               5805 
-32.718842 258.012268 -211.177826 42.458492 239.551010 -137.940079 -24.833986 214.719208 -169.026093 61.718571 212.261307 -94.614685               5817 
-36.510895 257.082672 -206.476608 41.416157 241.825104 -135.256577 -27.439697 216.264679 -161.762253 62.019089 217.264099 -90.927750               5829 
-40.372478 253.453308 -200.149811 41.108475 245.274857 -131.733414 -28.431349 216.814987 -152.532227 64.231972 224.875519 -86.545593               5840 
-44.348713 255.379440 -192.432831 38.464230 246.343903 -125.354774 -33.804020 222.131485 -141.197372 61.643421 228.389145 -79.169067               5861 
-48.526867 249.373489 -188.563828 35.878368 245.665894 -122.001556 -35.962929 217.336334 -133.318207 61.314545 232.303604 -75.448158               5874 
-53.263851 250.971863 -162.460327 32.431999 244.162415 -95.640450 -41.527172 217.239151 -100.662109 59.721596 234.050903 -49.317623               5908 
-31.981281 211.658066 -119.811958 33.081291 244.450348 -84.577423 -39.399868 213.140228 -91.641777 59.389275 236.120804 -37.341022               5926 
-18.127014 198.055145 -91.390503 33.569336 244.547913 -72.658127 -38.265465 212.994934 -84.089760 58.133606 234.173874 -24.890514               5944 
-14.249139 197.785477 -83.384132 36.176582 244.893921 -65.906090 -36.097599 214.385330 -77.594902 61.563034 232.002884 -19.192949               5953 
-9.637150 199.062271 -68.403893 41.540844 244.176224 -50.367836 -32.059288 217.604584 -63.107861 66.941963 227.210144 -4.983878               5971 
-8.498055 200.476578 -61.806393 43.081108 244.663193 -44.307030 -31.259476 220.386932 -57.598808 67.600632 227.097687 1.333023               5981 
-4.152063 202.282532 -45.163017 49.569580 243.610687 -29.610582 -28.706638 227.261627 -38.326237 74.558601 223.438263 14.677011               5999 
-3.482052 202.217545 -40.377235 50.051537 243.763916 -26.213114 -28.710760 228.199020 -33.710274 75.470703 223.646652 17.854223               6007 
2.187585 211.856598 -33.739094 59.088169 245.148621 -15.383274 -18.468138 241.672745 -34.101234 75.033546 223.200455 32.122425               6025 
4.195413 213.222412 -27.511496 61.533241 245.939209 -10.164414 -15.075033 242.797913 -29.691244 77.288002 224.311691 37.551479               6034 
6.486736 212.805298 -19.382322 64.355118 245.448242 -3.995011 -8.538025 240.319824 -26.180901 80.190903 225.551529 44.441727               6044 
7.381011 212.251617 -4.045435 67.444107 239.453995 12.043124 -2.665736 239.403320 -12.972482 81.493263 216.123260 59.488529               6071 
18.355408 204.754257 11.727357 67.324539 235.973190 12.072768 -14.457887 239.969666 21.296982 92.702644 214.999268 55.762760               6080 
25.096718 204.344910 23.222284 64.808990 232.732758 12.704601 -20.229359 244.308365 44.588669 95.758957 213.404556 53.463512               6089 
29.317820 203.215912 30.874233 62.854454 230.515457 14.552119 -20.834373 246.691162 59.685631 96.972565 212.557739 53.362476               6101 
31.533558 201.345215 39.356907 61.967739 227.619812 20.450596 -19.092651 247.137680 70.973587 98.031906 210.084625 57.661640               6117 
32.757607 199.098465 42.853416 62.216282 225.263901 23.273577 -16.996952 246.505676 77.533112 99.186714 207.572968 59.508728               6125 
33.548386 198.663696 47.015614 63.153568 222.983749 25.993122 -9.315148 255.313950 85.409576 100.541550 203.903290 61.076504               6134 
34.312256 199.250687 51.273537 64.414352 220.867188 28.477436 3.967873 267.341370 94.595833 101.874100 199.415009 62.083088               6143 
33.156727 197.712204 56.015221 63.340603 218.630371 32.769165 14.028083 273.294434 105.508537 100.982117 195.337875 64.914848               6162 
32.612885 197.684402 59.520767 62.452641 217.801788 35.172337 19.189310 275.870392 110.370354 100.642113 193.902985 66.207489               6170 
33.512577 191.614365 62.443859 60.813084 214.620712 37.664383 19.637428 269.752869 116.708160 101.932770 192.709793 66.332344               6179 
35.025955 186.456680 65.038979 59.387173 211.859894 39.597980 22.207912 264.928101 122.816666 103.416199 192.118118 65.375420               6197 
34.936653 184.570587 66.672447 58.711678 210.774445 41.510941 22.415970 263.279510 125.694366 103.244240 191.514709 66.783112               6206 
36.138927 182.790115 70.415344 58.851906 209.631165 44.938286 24.725180 261.661560 130.493240 104.399590 191.054855 68.877762               6215 
36.530605 181.959000 72.084511 58.917004 209.100418 46.529381 26.956228 261.909637 132.697220 104.919296 190.856918 69.847458               6224 
36.806751 181.725754 72.810257 58.898067 208.944916 47.037807 29.306454 263.086578 133.609421 105.263184 191.021027 69.880280               6234 
37.517193 179.761810 75.179047 57.593914 207.839920 48.711411 30.966782 261.481049 136.680939 105.441132 191.341599 69.477196               6243 
37.960941 175.766708 77.370857 55.696873 204.892593 50.388134 33.992218 256.778503 140.853973 105.106064 189.194870 67.854729               6252 
37.631573 176.253052 85.279747 52.739040 203.571960 55.024456 37.622746 262.393982 142.672455 103.606087 189.880417 69.784332               6261 
-3.548111 195.845291 59.394733 73.807899 207.903854 66.848259 17.162895 211.255920 119.801575 123.666367 204.415970 89.090950               6270 
-2.849271 190.381393 54.545345 86.537003 209.738815 71.521545 22.189671 202.096054 109.713539 134.981827 211.316956 96.886444               6279 
7.677568 183.987076 60.662033 97.945145 213.578033 76.006889 32.097126 202.244858 109.900894 145.324249 220.595734 102.440598               6297 
10.357740 186.797379 64.802071 101.376610 215.708389 77.474518 35.025692 208.145065 112.055023 149.007339 222.801529 103.431595               6306 
