12.657554 195.041885 71.896210 94.510735 206.771530 82.487633 34.106010 186.588135 95.761971 132.207214 181.163086 95.365601                  0 
13.099115 194.464706 71.947830 94.561485 206.969421 82.295258 34.153500 186.841751 95.830994 132.267395 181.445480 95.312622                 17 
13.691753 193.862579 72.162369 94.719032 207.573502 81.853920 34.440521 187.260559 96.061218 132.608307 182.423828 95.065857                 34 
14.160745 192.920609 72.388611 94.761490 207.741409 81.756889 34.633343 186.966049 96.201080 132.843399 182.896927 94.992439                 51 
14.590526 192.145004 72.579369 94.731522 207.802414 81.805344 34.654301 186.737518 96.239944 132.875961 183.058304 95.048851                 68 
15.022968 191.295914 72.801926 94.597839 207.699463 81.889763 34.478081 186.643051 96.282532 132.700470 182.897171 95.144783                 85 
15.556621 190.383392 73.023170 94.518555 207.618164 81.874695 34.393490 186.495102 96.190247 132.603256 182.778793 95.111771                102 
15.885285 189.524963 73.228424 94.292526 207.718399 81.856644 34.274693 186.216827 95.991074 132.464539 182.978882 95.029045                120 
16.284372 188.763290 73.544235 94.154350 207.828384 81.888962 34.216839 186.067001 96.000366 132.402939 183.158798 94.970108                137 
16.738276 188.186371 73.833664 94.126160 208.102585 81.875641 34.292023 186.057938 95.993057 132.467575 183.615128 95.027039                155 
17.274981 187.833710 74.276329 94.376640 208.407410 81.699471 34.707882 186.124771 96.185738 132.874603 184.154785 94.828674                173 
17.523590 187.804047 74.462082 94.533882 208.572662 81.557472 34.956116 186.138382 96.096542 133.083221 184.396805 94.677528                191 
17.542543 187.766022 74.346344 94.501816 208.613312 81.401878 35.005596 185.929932 95.628983 133.060989 184.459274 94.533195                210 
17.566202 187.760513 74.366646 94.522621 208.622437 81.248489 35.163616 185.690506 95.103546 133.094086 184.493881 94.390564                227 
17.647032 187.691666 74.400688 94.539734 208.629944 81.122253 35.207211 185.647308 95.007652 133.121384 184.522415 94.273010                246 
17.744560 187.632095 74.413185 94.483154 208.831146 81.230125 35.156609 185.740234 94.916565 133.044373 184.889053 94.738167                265 
17.869810 187.589447 74.506622 94.424866 209.068314 81.317047 35.128643 185.833664 94.867668 132.989334 185.268967 95.065964                284 
18.158987 187.671341 74.945282 94.556000 209.498276 81.362877 35.346851 186.145782 95.139526 133.188446 185.950241 95.351578                304 
18.484007 187.685394 75.354065 94.692619 209.856918 81.374908 35.586800 186.339035 95.317375 133.397156 186.526932 95.528679                324 
18.718845 187.652069 75.717712 94.809258 209.939285 81.411003 35.774376 186.294815 95.441429 133.556717 186.639191 95.496429                343 
18.927622 187.564194 75.886803 94.863144 209.949677 81.424210 35.852287 186.218155 95.436951 133.617218 186.640457 95.476265                364 
19.108147 187.516937 76.063156 94.942398 209.920578 81.377960 35.945705 186.182175 95.465401 133.699722 186.572083 95.355667                385 
19.227537 187.437073 76.337494 94.991173 209.804657 81.375145 36.023029 186.056168 95.537743 133.754990 186.387512 95.219353                406 
19.324780 187.372910 76.536415 94.993355 209.736191 81.416725 36.034492 185.981155 95.584396 133.751129 186.255310 95.169601                427 
19.404610 187.345093 76.752884 94.991875 209.680496 81.484467 36.032196 185.954956 95.682503 133.739868 186.127579 95.141441                450 
19.473057 187.365219 76.969246 94.982079 209.652924 81.564995 36.013130 185.977127 95.786591 133.712723 186.018204 95.129524                472 
19.699074 187.333420 77.247787 95.074394 209.652969 81.601143 36.125057 185.997009 95.924301 133.817749 185.950577 95.010399                493 
19.846266 187.411789 77.570068 95.117752 209.717743 81.676224 36.182858 186.109283 96.082939 133.860168 185.952805 94.977074                515 
20.021154 187.467148 77.808830 95.204041 209.757660 81.649696 36.282326 186.220352 96.188103 133.948624 185.945862 94.860092                537 
20.189732 187.559845 78.034828 95.326073 209.756851 81.600204 36.409660 186.324768 96.294357 134.064163 185.870926 94.695313                559 
20.264847 187.658249 78.253204 95.376991 209.763992 81.596802 36.470413 186.413696 96.396217 134.109192 185.819473 94.602028                581 
20.324673 187.802124 78.402100 95.435112 209.792709 81.571953 36.540272 186.515823 96.386902 134.150497 185.785645 94.511772                603 
20.382343 187.819229 78.452461 95.450363 209.793747 81.581520 36.587791 186.468719 96.257736 134.163422 185.761292 94.481079                626 
20.445227 187.834305 78.495720 95.463432 209.795029 81.592400 36.634899 186.419357 96.119041 134.174011 185.740479 94.458199                647 
20.460575 187.879333 78.539726 95.436508 209.803009 81.609032 36.657494 186.364395 95.899406 134.136887 185.719620 94.451530                670 
20.450701 187.948837 78.605843 95.399673 209.813278 81.640205 36.661877 186.333450 95.732864 134.088821 185.691147 94.443794                692 
20.437803 187.952560 78.693985 95.362267 209.742203 81.661362 36.657402 186.251007 95.636009 134.044907 185.560089 94.371140                715 
20.433073 187.954575 78.775436 95.328247 209.677567 81.680611 36.646484 186.191498 95.576767 134.004822 185.441086 94.304962                738 
20.429571 187.954712 78.877625 95.295807 209.616638 81.708405 36.631649 186.148468 95.571312 133.969467 185.332138 94.249138                762 
20.467476 187.970703 78.961800 95.294518 209.575851 81.703125 36.638634 186.149078 95.580765 133.963867 185.258987 94.194328                786 
20.492794 187.925552 78.991821 95.290092 209.444809 81.717186 36.638641 186.032013 95.532944 133.949005 185.061447 94.110687                811 
20.458820 187.986633 79.080910 95.223511 209.399429 81.763618 36.548748 186.094711 95.572197 133.849030 184.958755 94.148369                834 
20.387842 187.841492 78.994835 95.088142 209.268539 81.764755 36.426014 185.911102 95.438950 133.716537 184.798691 94.082756                858 
20.365349 187.736740 78.901253 95.010925 209.152344 81.754730 36.352520 185.768265 95.311279 133.634949 184.646149 94.014046                881 
20.349548 187.660904 78.825394 94.948914 209.059021 81.746674 36.296448 185.662628 95.210129 133.569519 184.523849 93.958687                904 
20.349501 187.574036 78.725433 94.893959 208.964310 81.667068 36.246605 185.576324 95.088600 133.512451 184.408478 93.844177                928 
20.496407 187.427948 78.659035 94.956436 208.854584 81.616371 36.319321 185.467361 95.039078 133.584641 184.297867 93.760857                951 
20.482212 187.292847 78.445862 94.816597 208.770508 81.606987 36.162716 185.349197 94.822670 133.422546 184.205276 93.804878                975 
20.631786 187.094620 78.258644 94.741768 208.718719 81.515305 36.085846 185.280411 94.654243 133.347580 184.174454 93.755821                998 
20.519163 186.996140 77.881668 94.429855 208.704941 81.326660 35.755219 185.248795 94.252037 133.003906 184.178055 93.701370               1022 
20.623045 186.943542 77.684853 94.323547 208.697418 81.162552 35.624344 185.277725 94.022072 132.869186 184.171799 93.627983               1045 
20.922384 186.933456 77.612793 94.489746 208.625397 80.846802 35.800526 185.285049 93.881416 133.036148 184.053818 93.219017               1069 
21.174112 186.940079 77.548592 94.624306 208.567078 80.591171 35.943325 185.293457 93.794899 133.171005 183.958145 92.887955               1093 
21.501152 186.938782 77.597733 94.856857 208.498352 80.283806 36.206890 185.320419 93.793541 133.424088 183.899124 92.535553               1117 
21.768528 187.010559 77.597603 95.029915 208.468933 80.034187 36.387623 185.379654 93.771637 133.597733 183.854507 92.253494               1141 
22.001312 187.075699 77.601219 95.150345 208.448471 79.860474 36.513779 185.408447 93.763824 133.718506 183.823380 92.057198               1165 
21.890717 187.221664 77.184258 94.789146 208.508438 79.881393 36.024807 185.556107 93.402428 133.231171 183.848160 92.400970               1189 
21.906099 187.327011 76.825760 94.458092 208.562393 79.883904 35.590385 185.664459 93.015221 132.775528 183.857056 92.693253               1212 
22.086403 187.416306 76.552132 94.216957 208.606842 79.854012 35.260067 185.774170 92.640388 132.405182 183.832184 92.912941               1236 
22.417347 187.394226 76.401001 94.076126 208.524277 79.866165 35.036770 185.749237 92.317772 132.135300 183.599289 93.015427               1259 
22.748785 187.379333 76.270203 93.947342 208.436676 79.880875 34.806652 185.765442 92.019928 131.864136 183.343399 93.121086               1282 
23.118294 187.363495 76.323181 93.955338 208.344925 79.814384 34.746555 185.807236 91.956764 131.789017 183.142700 93.085396               1306 
23.801218 187.266785 76.438049 94.282913 208.741745 79.575012 35.260288 185.799118 92.015495 132.318665 183.829346 92.815605               1329 
24.309900 187.191513 76.533813 94.516228 209.063583 79.426163 35.652542 185.719818 92.103676 132.721741 184.404053 92.651382               1352 
24.732475 187.284103 76.702980 94.676994 209.505661 79.379562 35.956726 185.835785 92.268341 133.029602 185.112473 92.672768               1376 
25.085114 187.365128 76.840569 94.805801 209.809479 79.340683 36.190289 185.898895 92.406715 133.265472 185.611893 92.681915               1399 
25.532108 187.398010 76.984123 95.032463 210.053360 79.217804 36.557262 185.869492 92.526657 133.630920 186.049149 92.507500               1422 
25.879429 187.486710 77.091980 95.187714 210.224274 79.142509 36.809792 185.844727 92.629974 133.881149 186.354736 92.398499               1445 
26.154959 187.599838 77.166809 95.294411 210.345108 79.090904 36.985470 185.823608 92.706635 134.053421 186.569946 92.324921               1468 
26.208410 187.584732 77.016197 95.190872 210.278809 79.119164 36.855965 185.671280 92.568161 133.921783 186.488312 92.407768               1491 
26.224506 187.576462 76.813744 94.990845 210.166351 79.150093 36.586433 185.537766 92.344597 133.648758 186.299271 92.513771               1514 
26.229713 187.510941 76.644966 94.696236 209.954483 79.168488 36.176949 185.421234 92.111023 133.235657 185.989746 92.698586               1538 
26.419121 187.443787 76.533913 94.589439 209.771210 79.120544 35.994072 185.281631 91.918785 133.052765 185.705444 92.687820               1561 
26.647083 187.387344 76.472122 94.487816 209.613556 79.126472 35.807114 185.161224 91.775581 132.868576 185.434494 92.726067               1585 
26.961077 187.321350 76.453049 94.419014 209.494400 79.110466 35.665962 185.066620 91.656616 132.733200 185.230011 92.745781               1609 
27.311766 187.247467 76.524849 94.375710 209.443069 79.091095 35.570839 185.029068 91.622025 132.645203 185.156998 92.813042               1632 
27.683584 187.154938 76.620697 94.343399 209.389557 79.078209 35.497524 184.991165 91.584396 132.575775 185.077652 92.857750               1656 
27.927391 187.133560 76.562294 94.399879 209.229813 78.963425 35.494377 184.876114 91.494545 132.587875 184.800232 92.657616               1680 
27.974182 187.104752 76.418602 94.297195 209.043823 78.903465 35.292198 184.819504 91.317299 132.384628 184.527817 92.722717               1704 
28.201717 187.081833 76.449585 94.292763 209.041885 78.877625 35.277905 184.786346 91.290665 132.374252 184.519089 92.701187               1728 
28.384455 187.097168 76.384300 94.328484 209.028259 78.792328 35.304745 184.741562 91.196251 132.403519 184.487076 92.601082               1752 
28.700993 187.108292 76.330849 94.507088 209.124817 78.609726 35.556274 184.676254 91.112808 132.659149 184.641434 92.308029               1776 
29.046040 187.087769 76.383072 94.698059 209.259140 78.362892 35.878906 184.605270 91.132545 132.984009 184.928207 91.958878               1800 
29.294569 187.149857 76.477203 94.821533 209.346161 78.293175 36.080055 184.562454 91.208527 133.182098 185.114975 91.856911               1824 
29.523912 187.292343 76.548103 94.951515 209.435455 78.219376 36.276054 184.560913 91.278587 133.375397 185.279175 91.737419               1848 
29.612505 187.353195 76.550949 94.934212 209.494751 78.238281 36.290138 184.529022 91.282196 133.384155 185.411484 91.812401               1873 
29.710073 187.407959 76.573685 94.946754 209.519196 78.250366 36.330013 184.485336 91.299850 133.419617 185.475464 91.829636               1897 
29.834028 187.467728 76.613571 94.986931 209.557236 78.264984 36.415489 184.421387 91.340385 133.500809 185.567596 91.823662               1921 
29.949921 187.549744 76.641464 95.023201 209.591568 78.278183 36.490376 184.373306 91.381264 133.574036 185.650848 91.818275               1946 
30.050308 187.599747 76.667747 95.049370 209.615372 78.290504 36.547619 184.325912 91.410530 133.629929 185.711411 91.810829               1971 
30.132933 187.633545 76.702919 95.057861 209.652145 78.310341 36.591770 184.279480 91.444565 133.672226 185.793793 91.814720               1996 
30.069027 187.661987 76.624031 94.970505 209.521774 78.222878 36.449432 184.248306 91.387283 133.539993 185.605011 91.752205               2021 
30.136480 187.684052 76.632675 94.975349 209.526367 78.225945 36.456020 184.228470 91.398666 133.549850 185.621445 91.761871               2046 
30.199551 187.705124 76.629265 94.988358 209.503510 78.231689 36.466000 184.193954 91.401665 133.561966 185.604004 91.779709               2071 
30.233200 187.724411 76.594368 94.948235 209.502213 78.255356 36.411060 184.178497 91.373657 133.509399 185.620728 91.870407               2097 
30.279705 187.728683 76.550644 94.903114 209.464355 78.262520 36.344086 184.139221 91.319229 133.445023 185.576096 91.920135               2122 
30.178762 187.727341 76.371101 94.697685 209.351578 78.290764 36.045670 184.101730 91.141685 133.151810 185.416351 92.112633               2148 
30.260977 187.747635 76.307297 94.620300 209.326019 78.293236 35.928490 184.097275 91.039299 133.035431 185.380356 92.205154               2174 
30.288357 187.723618 76.161827 94.441711 209.361633 78.387421 35.716343 184.059692 90.870193 132.816162 185.481110 92.521820               2199 
30.537951 187.691086 76.150215 94.461990 209.514999 78.423180 35.785995 184.023193 90.849998 132.885361 185.788055 92.682755               2224 
30.785290 187.615112 76.138710 94.489487 209.617828 78.508202 35.864300 183.908752 90.830620 132.959732 186.040466 92.889015               2300 
30.833578 187.605347 76.129707 94.492935 209.625580 78.485954 35.877094 183.882172 90.822113 132.974670 186.073120 92.876808               2325 
30.873957 187.580688 76.086655 94.459808 209.596710 78.420334 35.845085 183.824585 90.786285 132.948776 186.069824 92.833664               2350 
30.918472 187.619202 76.092514 94.476738 209.533951 78.317101 35.841904 183.838943 90.798340 132.954163 185.993988 92.739876               2375 
30.977501 187.641190 76.118263 94.529861 209.412216 78.208023 35.868237 183.834656 90.817291 132.986740 185.838715 92.630844               2400 
31.152475 187.549484 76.136246 94.722458 209.117096 77.907951 36.067478 183.671692 90.816994 133.196884 185.485748 92.188606               2425 
31.106188 187.588898 76.140434 94.708603 208.871246 77.886375 35.980602 183.614609 90.821594 133.111572 185.139282 92.192482               2450 
31.138878 187.597168 76.130394 94.782982 208.603714 77.737961 36.004387 183.551041 90.803169 133.135284 184.778412 92.024864               2476 
31.073835 187.568008 76.069977 94.771965 208.269974 77.669899 35.937843 183.379013 90.730354 133.063339 184.308487 91.892326               2501 
31.025734 187.508026 75.972008 94.780632 207.926788 77.517792 35.876263 183.259796 90.623756 132.996201 183.839737 91.731972               2526 
31.268152 187.394211 75.991737 94.935593 208.003662 77.518402 36.189331 183.040680 90.625343 133.283371 184.082962 91.657249               2551 
31.349903 187.332672 76.032295 94.961327 208.069046 77.658714 36.382427 182.814804 90.593109 133.413742 184.287247 91.747612               2576 
31.748528 187.323685 76.308594 95.256737 208.382355 77.800247 36.988594 182.606720 90.793907 133.961899 184.845886 91.606216               2601 
32.147167 187.297897 76.571106 95.573120 208.649597 77.901421 37.614269 182.394653 90.985619 134.522736 185.364929 91.444344               2626 
32.311974 187.422287 76.681984 95.784615 208.828262 77.969055 38.046570 182.262314 91.089111 134.896057 185.714127 91.336624               2651 
32.269756 187.574707 76.713661 95.840523 208.875504 78.094498 38.261421 182.142639 91.056206 135.030701 185.834244 91.356789               2675 
32.180035 187.790771 76.681496 95.910446 208.888855 78.180702 38.453609 182.067215 91.003418 135.149902 185.902863 91.393112               2698 
32.019970 188.005386 76.681961 95.940956 208.866287 78.355873 38.606277 181.963699 90.963287 135.215195 185.914047 91.523552               2722 
31.885420 188.248398 76.590805 95.995941 208.824432 78.399673 38.742821 181.907822 90.842941 135.281372 185.880737 91.548820               2747 
31.781828 188.431824 76.525566 96.067482 208.735016 78.428421 38.851761 181.831482 90.801025 135.354813 185.772552 91.539116               2770 
31.601740 188.612686 76.472244 96.106247 208.548859 78.533066 38.892490 181.706650 90.770622 135.364929 185.504333 91.585419               2793 
31.503672 188.844742 76.472290 96.253807 208.468063 78.578308 39.112293 181.613647 90.784325 135.542801 185.399628 91.496559               2817 
31.311092 189.080933 76.380905 96.255440 208.472748 78.612236 39.174210 181.586975 90.713326 135.564362 185.416733 91.492004               2841 
31.142088 189.310516 76.269188 96.263794 208.471405 78.615089 39.228394 181.588715 90.620438 135.580627 185.419800 91.478539               2864 
30.981224 189.497604 76.163879 96.262985 208.463104 78.610329 39.272259 181.577103 90.538025 135.592239 185.420395 91.451744               2888 
30.835726 189.620361 76.087227 96.243835 208.433060 78.631523 39.278839 181.537247 90.516418 135.585403 185.393631 91.441101               2912 
30.778261 189.725937 76.021645 96.337547 208.403412 78.632233 39.441067 181.453094 90.493637 135.721680 185.400864 91.377106               2936 
30.602421 189.823746 75.978165 96.299019 208.265564 78.608772 39.395977 181.460236 90.450684 135.652908 185.222076 91.373070               2960 
30.085384 189.776291 75.771957 95.872116 207.893311 78.574982 38.841160 181.419327 90.200661 135.079193 184.681137 91.484657               2985 
29.695854 189.764847 75.589584 95.554207 207.605667 78.538475 38.448921 181.415604 89.885223 134.633972 184.246765 91.568954               3009 
29.522993 189.393097 75.287117 95.286148 207.347214 78.615860 38.180420 181.122009 89.513641 134.331482 183.963913 91.705627               3033 
29.607698 189.191376 75.171562 95.312149 207.121796 78.537521 38.193523 181.025879 89.301659 134.326828 183.639709 91.541573               3057 
28.909695 188.995438 74.248001 94.454041 206.910004 78.131897 37.148186 181.194794 88.508949 133.257919 183.444092 91.779892               3081 
28.491642 188.790543 73.406891 93.766182 206.883728 77.745491 36.340534 181.389816 87.790894 132.436996 183.508530 91.916847               3105 
28.340155 188.591476 72.817429 93.337006 206.860107 77.509827 35.796902 181.557693 87.358917 131.913666 183.538239 92.021568               3127 
28.293608 188.434525 72.387070 93.030663 206.857452 77.361008 35.387394 181.716385 87.094452 131.538986 183.575623 92.116501               3149 
28.345804 188.317215 72.119133 92.835793 206.855270 77.264763 35.111565 181.858032 86.945915 131.293259 183.596329 92.188042               3171 
28.473976 188.225952 71.980553 92.734108 206.841873 77.215973 34.979797 181.895889 86.781006 131.159348 183.577774 92.214020               3193 
28.618551 188.198776 71.962868 92.693062 206.851654 77.199104 34.921104 181.960938 86.729111 131.099716 183.580032 92.233047               3215 
28.694687 188.268219 71.851936 92.631676 206.890854 77.109573 34.828747 182.068405 86.600975 130.999878 183.623337 92.247688               3236 
28.755856 188.333221 71.728157 92.580978 206.899506 77.019356 34.743984 182.145264 86.472084 130.912354 183.616348 92.226593               3258 
28.831768 188.393768 71.648689 92.536812 206.895477 76.963165 34.669563 182.205475 86.393990 130.837708 183.598129 92.225349               3279 
28.966072 188.414978 71.658371 92.531845 206.874680 76.954521 34.642605 182.245499 86.396301 130.813965 183.563461 92.242584               3301 
29.079420 188.462463 71.662704 92.523666 206.857117 76.951088 34.622738 182.260086 86.380272 130.790771 183.534195 92.258904               3323 
29.189127 188.554932 71.661896 92.516487 206.865448 76.935364 34.603302 182.310516 86.380127 130.769379 183.538391 92.272369               3345 
29.258944 188.661362 71.602844 92.469101 206.920181 76.905510 34.554276 182.367004 86.322159 130.708084 183.628845 92.331245               3367 
29.267672 188.850494 71.542007 92.350479 207.079117 76.925812 34.436691 182.511963 86.284744 130.563171 183.869232 92.538330               3389 
29.333988 188.949844 71.471611 92.272217 207.186935 77.020363 34.373878 182.538788 86.229332 130.457703 184.084457 92.857132               3413 
29.377663 189.049210 71.380646 92.176544 207.322617 77.128716 34.291946 182.572571 86.167122 130.331985 184.344101 93.216232               3437 
29.435963 189.140717 71.320557 92.138306 207.357025 77.169205 34.247456 182.573700 86.128937 130.269547 184.417816 93.369804               3462 
29.476139 189.281509 71.270317 92.096497 207.443466 77.175888 34.195419 182.642288 86.126167 130.205490 184.566650 93.516464               3487 
29.527431 189.381973 71.227280 92.073807 207.481689 77.172958 34.176964 182.643326 86.097435 130.170212 184.642685 93.595581               3512 
29.473345 189.417114 70.989235 91.922951 207.475006 77.030190 34.018833 182.608994 85.894402 129.985672 184.711716 93.635002               3537 
29.469875 189.396576 70.854370 91.824150 207.419144 76.959282 33.917812 182.511963 85.771049 129.869751 184.689880 93.649750               3562 
29.513876 189.386322 70.776520 91.768616 207.376328 76.901230 33.859676 182.442810 85.697807 129.805374 184.671768 93.645386               3588 
29.563335 189.384125 70.698372 91.747147 207.328537 76.830330 33.830727 182.379257 85.644424 129.777512 184.635986 93.605270               3613 
29.640135 189.401123 70.673836 91.739647 207.301849 76.793137 33.813957 182.348511 85.645096 129.763687 184.622055 93.599625               3638 
30.102617 189.414078 70.777702 92.229988 207.138077 76.338997 34.306953 182.348907 85.822403 130.338989 184.440582 92.927734               3663 
30.304527 189.255890 70.722420 92.460800 206.750381 76.051910 34.480301 182.157471 85.876938 130.575073 183.942429 92.476242               3688 
30.381323 189.225815 70.682571 92.523766 206.578461 75.949272 34.501194 182.118027 85.942307 130.621857 183.745468 92.376350               3713 
30.456619 189.206879 70.675308 92.582176 206.421417 75.880096 34.530163 182.077744 85.997375 130.666626 183.561646 92.301552               3738 
30.517630 189.260452 70.673485 92.619987 206.347656 75.853348 34.546032 182.105530 86.052177 130.690460 183.476929 92.291946               3763 
30.847523 189.322937 70.716766 92.889679 206.469360 75.743790 34.922379 182.109406 86.230095 131.083954 183.811691 92.190224               3788 
30.890318 189.492249 70.684280 92.918457 206.432251 75.757156 34.953651 182.120636 86.275551 131.113541 183.778336 92.206902               3812 
30.855890 189.499054 70.563171 92.872719 206.314041 75.758652 34.907139 182.074982 86.254059 131.061981 183.654205 92.213768               3837 
30.813194 189.536240 70.480263 92.829590 206.256470 75.763435 34.862236 182.126282 86.281769 131.012589 183.609985 92.251411               3862 
30.832153 189.620590 70.451096 92.864792 206.230316 75.729645 34.924107 182.158310 86.328491 131.069885 183.611633 92.204620               3887 
30.850986 189.788559 70.290245 92.934219 206.223648 75.514633 35.033134 182.196930 86.333427 131.195419 183.688828 91.974312               3912 
31.237524 189.700485 70.444000 93.304146 206.296478 75.552254 35.608059 181.927734 86.579025 131.775650 184.000397 91.846031               3937 
32.525337 189.440063 70.898628 94.363670 207.161942 75.593933 37.385277 181.423004 87.114960 133.525101 185.716019 91.377258               3961 
32.541245 189.286514 70.696304 94.428398 207.229004 75.518700 37.703953 181.043167 87.169922 133.830643 186.099167 91.128067               3986 
32.236332 189.117828 70.378929 94.199532 207.058914 75.543068 37.534695 180.803680 87.089355 133.654907 186.028351 91.152275               4008 
31.995840 188.836929 70.132278 93.981171 206.876175 75.573952 37.382969 180.585785 86.996269 133.484543 185.933197 91.179504               4031 
31.775843 188.509399 69.914566 93.777405 206.601532 75.625397 37.234982 180.308746 86.825417 133.302032 185.676361 91.201012               4053 
31.584324 188.182877 69.726189 93.617996 206.249344 75.662239 37.097393 180.094467 86.678307 133.138046 185.278839 91.188423               4075 
31.406229 188.108795 69.639969 93.495926 206.036041 75.719940 36.936771 180.190979 86.625931 132.955215 184.986847 91.294121               4097 
31.228590 188.139145 69.552322 93.381088 205.883072 75.757881 36.774384 180.340454 86.543846 132.762909 184.745651 91.408432               4119 
31.170975 188.177582 69.553558 93.318657 205.934128 75.885849 36.729851 180.515457 86.526726 132.664215 184.851349 91.700462               4141 
31.184752 188.234024 69.533638 93.364807 205.983246 75.891495 36.839497 180.591171 86.500526 132.739120 184.949814 91.700233               4163 
31.158007 188.339157 69.486725 93.402779 206.024857 75.877274 36.955051 180.643402 86.467308 132.814713 185.055634 91.677582               4185 
31.070768 188.459213 69.433685 93.384087 205.969162 75.901474 36.927349 180.706284 86.459312 132.774368 184.971130 91.717506               4207 
30.972466 188.568176 69.375809 93.356354 205.856918 75.911407 36.861256 180.770996 86.453316 132.708206 184.791580 91.733627               4229 
31.228148 188.669830 69.481689 93.746994 205.713745 75.755127 37.276573 180.813629 86.648888 133.155060 184.634705 91.418404               4252 
31.379267 188.875259 69.513771 94.074280 205.593781 75.624184 37.623043 180.862350 86.819855 133.528595 184.502518 91.153984               4276 
31.399462 189.140503 69.465630 94.291336 205.514221 75.537346 37.850643 180.915558 86.943550 133.775909 184.414474 90.978462               4300 
31.339897 189.452148 69.372063 94.445679 205.457657 75.475601 38.010166 180.983414 87.042305 133.951553 184.351685 90.853592               4324 
31.322001 189.745499 69.320648 94.639343 205.400757 75.471497 38.232944 180.966949 87.156158 134.176651 184.309631 90.788933               4348 
31.287243 189.997650 69.268456 94.793480 205.355469 75.468224 38.415756 180.958588 87.233559 134.355713 184.276077 90.737389               4372 
31.456760 190.229065 69.339874 94.984955 206.018997 75.508743 38.955605 180.976593 87.406227 134.845230 185.412735 90.648087               4397 
31.418859 190.424988 69.303772 95.032906 206.321365 75.516106 39.207928 180.926392 87.495132 135.061905 185.996826 90.590973               4421 
31.321041 190.654999 69.210472 95.057793 206.481506 75.518608 39.350384 180.889542 87.531685 135.181213 186.318985 90.559975               4445 
30.905489 190.946808 69.085510 94.988594 205.629456 75.178818 38.946590 180.941483 87.466095 134.863281 184.876968 90.078583               4469 
30.506920 191.106552 69.134003 94.838669 204.866608 75.004990 38.551712 180.933014 87.449326 134.500214 183.593857 89.738976               4493 
30.149755 191.489044 69.393265 94.610001 204.762222 75.086319 38.167778 181.354050 87.785439 134.143784 183.287247 89.870216               4517 
29.950972 191.737625 69.550079 94.500191 204.719849 75.063576 37.994366 181.605835 87.989586 133.988541 183.140228 89.816521               4541 
28.606586 192.593628 70.567535 93.236275 205.648056 74.746254 36.779518 183.458679 89.547844 132.865662 184.644897 89.946175               4564 
27.790594 192.665115 71.175705 92.411491 205.756165 75.055626 35.749416 184.394485 91.075279 132.096146 184.828568 90.215530               4587 
27.365936 193.170242 71.201118 92.021385 206.102829 74.819557 34.758244 186.880280 93.883865 131.686447 185.120621 89.955238               4608 
27.426619 193.976700 70.580139 92.185181 206.564590 73.471901 34.431808 190.182831 96.880188 131.878098 185.436600 88.329239               4628 
27.343561 195.944229 68.156937 92.352341 207.590607 69.555145 34.605373 194.738281 97.516159 132.015579 186.122955 83.999031               4647 
27.155462 196.646103 63.187756 92.053291 209.297195 64.741066 34.433075 197.274292 95.334862 132.046188 188.354660 79.046227               4664 
25.932938 196.834198 55.715412 91.006912 209.380081 58.091789 33.218887 198.632980 90.502480 130.886322 188.153595 72.294876               4680 
23.359972 199.007568 48.453899 88.750206 210.094254 53.118137 29.665508 204.364639 86.213188 127.474228 188.544830 69.813377               4695 
23.234594 199.199203 40.632328 89.038788 207.446503 48.495640 28.672729 203.615387 80.376587 126.290970 183.691132 65.543091               4709 
21.035328 200.384430 31.441545 87.235565 208.170410 41.459240 26.232191 205.324493 72.804832 124.064377 184.426163 59.417744               4721 
20.797794 201.016907 23.408449 87.517441 208.398453 35.779415 26.083881 204.583206 66.368858 124.284355 184.488647 53.644871               4732 
19.030910 202.779221 13.857347 86.287331 209.726227 29.434778 23.983122 205.248901 58.273235 122.805618 186.268784 48.377354               4744 
14.684785 207.259903 -7.145900 83.927071 210.690781 15.810711 19.913330 207.053513 40.925625 119.242119 188.001770 37.735924               4765 
13.932674 210.833313 -16.528727 83.848557 211.347794 10.028353 19.146399 207.282242 33.262775 118.543846 188.193924 32.451420               4776 
12.893721 217.862701 -33.434158 82.844902 211.570557 -2.300158 17.088804 209.262665 17.905123 115.653496 186.382813 20.761337               4794 
10.390821 221.973328 -58.812111 79.639709 212.732376 -23.010481 13.212933 210.111450 -7.728931 111.155739 187.704651 1.949726               4820 
12.867365 225.418625 -73.004272 80.312386 215.700775 -31.564306 13.629004 208.356750 -23.855877 110.733528 191.587051 -4.439758               4838 
12.808712 227.065399 -93.724564 78.608849 214.179825 -47.134693 11.967874 202.086044 -45.499989 107.549530 190.652618 -17.953087               4857 
13.555533 229.217957 -99.277130 79.315071 215.466858 -51.151371 13.129160 200.629868 -51.298538 108.126587 192.634430 -21.297800               4866 
16.338053 231.086319 -116.579338 79.544838 217.600388 -62.639057 14.280018 199.191254 -67.372627 106.581322 196.922974 -29.712902               4883 
16.076931 232.008301 -132.214584 77.165680 218.351700 -74.133965 13.093917 196.737122 -82.241081 103.017021 199.095413 -39.441566               4901 
16.228292 232.719360 -138.969116 76.366150 218.297791 -79.029839 12.686469 195.781647 -88.236839 101.577003 199.695557 -43.518867               4911 
21.061157 230.420593 -160.603516 76.548851 214.989624 -95.250252 14.056864 191.359940 -109.360382 98.850899 197.089783 -57.502750               4938 
22.624416 230.500793 -163.827530 77.196289 215.406464 -97.364471 15.337935 190.758575 -112.617996 99.040634 197.839996 -59.195076               4947 
21.098326 230.944138 -173.961884 73.881874 213.744232 -105.903229 13.617131 187.316833 -124.561653 94.889160 195.416245 -67.622185               4965 
21.993332 231.990997 -176.591537 73.472549 212.797455 -107.608337 13.720173 186.400208 -128.042679 93.671547 193.912720 -69.163231               4975 
23.235804 232.650223 -183.592728 72.523972 211.671478 -112.784576 14.143183 184.333633 -136.077362 91.442741 192.583710 -73.792313               4992 
24.038567 233.064163 -186.320221 72.834694 211.488541 -115.009216 15.081377 183.460968 -139.243195 91.470909 192.383453 -75.889580               5001 
23.824171 234.427979 -195.813568 71.955925 212.600082 -123.432877 15.788150 182.229691 -149.241211 90.284889 193.964264 -83.943459               5019 
22.061520 236.075867 -198.652374 71.332306 212.972214 -127.047203 15.514945 181.816422 -153.015503 90.275291 193.992538 -88.013962               5029 
24.548338 239.428345 -205.469421 70.373268 212.132004 -132.239655 14.739179 182.459076 -160.633698 87.081566 192.512283 -92.508575               5046 
27.812096 245.343613 -210.308929 69.990997 213.039673 -135.937332 14.848715 184.424606 -166.498642 84.565475 193.211609 -95.476341               5064 
28.153076 239.638947 -219.979477 68.249283 215.718613 -141.655945 14.901093 184.362839 -172.916016 81.422256 198.305023 -99.633354               5082 
26.324366 235.752899 -223.239151 68.683144 217.269714 -144.953522 15.102082 185.033096 -175.031647 82.668388 200.410324 -102.967422               5091 
25.681509 232.135132 -225.417557 68.916695 217.423782 -146.915604 15.155617 185.415268 -177.183807 82.859451 200.211456 -105.058769               5110 
25.411684 231.564255 -226.570267 69.082176 217.840622 -148.105255 15.098427 186.081680 -178.371475 83.051315 200.396683 -106.353241               5127 
24.423754 230.801956 -229.261139 67.690201 219.060806 -150.241486 14.591460 185.840683 -180.684128 81.616768 202.282196 -108.203552               5137 
22.370525 228.064270 -233.399445 65.774353 221.551224 -153.839401 13.764928 185.183945 -182.867432 80.088760 207.056854 -111.088142               5155 
22.394793 230.053864 -234.885193 64.860886 223.212585 -154.838531 13.112768 187.022537 -184.707108 78.637276 208.418304 -112.013313               5173 
19.688196 231.447784 -236.753448 62.704041 223.620651 -157.083557 11.385534 187.101135 -187.552032 76.974052 208.027740 -114.705650               5191 
17.854343 229.182922 -238.590714 61.286407 224.147049 -158.914169 9.984213 186.463974 -188.007095 75.816032 209.919724 -116.145813               5209 
17.263533 228.876892 -238.971573 60.944820 224.328369 -159.398026 9.499460 186.531097 -188.115219 75.586784 210.326233 -116.593681               5218 
16.454279 229.076233 -239.813217 60.186142 225.141724 -160.226852 8.531886 187.310989 -188.587326 74.770851 211.434586 -117.307640               5236 
15.962714 229.011551 -240.020432 59.697330 225.350159 -160.418686 8.005069 187.460052 -188.665329 74.260338 211.760147 -117.454865               5246 
15.697278 229.439667 -240.587631 59.014889 225.598740 -160.760544 7.335090 187.905289 -189.342834 73.292984 211.884537 -117.740601               5263 
15.280371 229.694458 -241.250305 58.016109 225.975800 -161.111755 6.532099 188.327408 -190.142654 71.953537 212.185226 -118.004593               5282 
14.853046 229.705994 -241.444275 57.589390 226.118820 -161.303925 6.205281 188.390549 -190.405243 71.523018 212.304916 -118.203011               5293 
13.651267 230.119507 -241.976120 56.897896 226.541382 -162.114716 5.508619 188.732513 -191.098343 71.104103 212.587677 -119.148018               5311 
12.875019 229.680328 -243.830688 56.498932 227.232773 -164.134109 5.040158 188.987167 -192.427505 70.908562 213.820541 -121.062843               5321 
12.899130 228.517731 -246.370392 55.863842 228.005463 -166.283813 4.659058 189.109726 -194.171936 69.895882 215.544830 -122.804001               5342 
12.898562 228.252960 -247.020081 55.727798 228.059296 -166.860703 4.645874 189.004700 -194.763275 69.703766 215.710663 -123.330910               5352 
12.700819 227.769272 -247.739365 55.481186 228.136353 -167.555954 4.541266 188.804916 -195.341446 69.463280 216.001846 -123.967949               5364 
12.589302 227.792130 -248.135071 55.186611 228.501450 -167.857651 4.583014 188.825470 -195.784500 69.151398 216.436218 -124.244873               5375 
12.694139 227.529251 -248.372894 54.948101 228.477142 -167.917618 4.573574 188.619232 -196.048279 68.761650 216.461884 -124.242928               5388 
12.897961 227.066772 -248.875793 54.708839 228.527420 -168.197754 4.603551 188.333389 -196.453140 68.336067 216.704926 -124.412064               5401 
13.053352 226.476852 -250.446655 54.267849 228.964890 -169.488113 4.669077 187.951187 -197.799332 67.742546 217.524261 -125.554039               5428 
13.039418 225.682999 -251.125214 54.018768 228.792801 -170.069183 4.581943 187.354965 -198.272522 67.452499 217.604553 -126.057625               5443 
13.418990 224.997681 -251.586914 53.833500 228.780441 -170.276672 4.508552 187.039108 -198.480652 67.007385 217.892029 -126.111641               5458 
13.746220 224.723969 -251.940445 53.725777 228.814011 -170.430588 4.428233 186.976624 -198.719315 66.677040 218.053238 -126.168541               5472 
14.189059 224.599808 -252.538086 53.575161 228.954025 -170.753708 4.275638 187.085297 -199.208328 66.208878 218.303497 -126.373375               5487 
15.786539 222.695801 -256.011200 52.656681 229.343124 -173.214630 4.016946 186.677673 -201.929810 63.964191 219.875565 -128.212799               5519 
15.992553 222.102264 -256.946442 52.365391 229.074326 -173.956940 3.794756 186.200363 -202.751389 63.472950 219.720016 -128.881683               5535 
16.433249 221.369019 -257.751160 52.015308 228.856934 -174.464447 3.363000 185.756210 -203.287735 62.791306 219.696121 -129.269135               5551 
16.868277 220.819580 -258.352356 51.973209 228.494171 -174.880447 2.961447 185.377975 -203.639099 62.578594 219.357101 -129.639984               5567 
17.481205 219.559708 -259.215302 51.951553 228.606323 -175.616531 2.657198 185.026047 -203.803650 62.346081 220.109482 -130.202698               5583 
17.936546 218.130432 -260.383911 51.879280 228.470993 -176.719376 2.415526 184.355911 -204.343491 62.133423 220.569611 -131.166336               5598 
18.299747 216.971481 -261.433838 51.968430 228.375854 -177.796860 2.294894 183.853180 -204.840225 62.238277 220.937225 -132.169510               5614 
18.874472 215.632309 -262.491791 51.965591 227.881348 -178.743835 1.869883 183.331421 -205.415451 61.967434 220.858887 -132.991165               5630 
18.632010 214.463745 -264.217285 51.789707 226.908142 -180.524475 1.131473 182.450821 -206.778442 61.892399 219.938812 -134.785843               5646 
18.412960 213.953262 -264.829407 51.716553 226.066681 -181.145966 0.426289 181.914871 -207.193695 61.978443 218.855682 -135.480286               5662 
18.312017 213.161697 -265.132660 51.649532 225.690598 -181.523956 -0.148302 181.530167 -207.059586 62.076920 218.608963 -135.875519               5678 
18.364275 212.737427 -265.219238 51.574337 225.358459 -181.573654 -0.815958 181.561264 -206.834488 62.044453 218.251648 -135.938919               5694 
18.166389 212.143143 -265.614532 51.287685 224.883057 -181.951736 -1.369438 181.234512 -207.041092 61.840702 217.757416 -136.339035               5710 
18.550720 211.404831 -265.912537 51.099522 224.721970 -182.115021 -1.785208 181.242767 -207.028839 61.450676 217.840485 -136.418655               5726 
18.795555 210.939056 -266.095856 50.981850 224.621216 -182.217133 -2.160863 181.375244 -206.986145 61.204731 217.890991 -136.469391               5742 
18.973032 210.602570 -266.225433 50.897621 224.549103 -182.290222 -2.371131 181.432022 -207.010086 61.027740 217.926437 -136.506165               5758 
18.979679 210.076324 -266.469452 51.060951 224.873749 -182.739883 -2.141081 181.389603 -206.946442 61.381439 218.651733 -136.942154               5774 
18.960148 209.922348 -266.922150 51.232002 225.451508 -183.398560 -1.874684 181.613068 -207.151230 61.745182 219.575653 -137.598938               5791 
18.406776 209.797440 -267.167572 51.268562 225.718994 -183.948364 -1.711272 181.427704 -207.174271 62.241829 219.981247 -138.239243               5807 
18.465036 209.574692 -267.067078 51.366894 225.685471 -183.900085 -1.668975 181.376419 -206.997574 62.383915 220.031586 -138.191040               5824 
18.574757 209.300034 -266.996857 51.488811 225.642426 -183.879852 -1.608288 181.309006 -206.844940 62.537067 220.094986 -138.165298               5841 
18.598118 209.247284 -267.008911 51.553539 225.609436 -183.912125 -1.656183 181.335709 -206.823914 62.647392 220.053009 -138.209702               5858 
18.726263 209.118637 -267.100342 51.572704 225.570053 -183.977997 -1.752961 181.370667 -206.880890 62.634365 220.040878 -138.264465               5875 
18.781319 208.860443 -267.186920 51.744839 225.633072 -184.175125 -1.722390 181.354462 -206.795868 62.943417 220.237671 -138.478943               5893 
19.000885 208.375244 -267.360382 51.790199 225.675278 -184.387787 -1.908556 181.340240 -206.675049 62.982124 220.520447 -138.662216               5911 
19.363754 207.956802 -267.947906 51.748512 225.439026 -184.854660 -2.284046 181.327698 -207.131454 62.791508 220.342529 -139.086365               5929 
19.353931 207.506119 -268.706146 51.734631 225.115280 -185.638062 -2.897685 181.124725 -207.491394 62.875679 220.035522 -139.891663               5947 
19.929441 206.524612 -269.798462 51.460281 225.042953 -186.601196 -3.306905 180.788773 -208.263214 62.265724 220.397522 -140.728302               5967 
20.099634 206.091568 -270.168823 51.322800 224.850708 -186.909409 -4.053266 180.703812 -208.247498 62.066650 220.283813 -141.014175               5987 
19.972204 205.888748 -270.234955 51.270439 224.723846 -187.020859 -4.783692 180.857193 -207.972504 62.111805 220.167969 -141.147461               6008 
19.769363 204.851685 -270.247192 50.900799 224.518341 -187.162933 -5.598143 180.689285 -207.613815 61.662323 220.410049 -141.228516               6027 
17.754227 203.710205 -269.827484 49.670612 224.293854 -187.264740 -7.854219 180.993332 -206.495392 60.728840 220.748428 -141.353912               6047 
14.700015 201.235046 -267.981659 47.532280 224.138733 -186.394745 -11.794023 182.201157 -203.585159 58.624779 222.111664 -140.400101               6067 
4.274455 204.786194 -262.449280 40.109417 230.726334 -183.065811 -21.867584 191.319778 -196.521408 52.064545 230.884109 -137.243225               6087 
5.486166 185.964111 -216.670578 33.361542 235.637070 -180.051102 -30.264656 198.324860 -191.790268 43.596920 240.264481 -134.045853               6105 
7.229005 178.677948 -189.572876 31.750778 237.554291 -179.128433 -31.365726 197.398773 -182.945877 40.513298 253.353790 -135.353409               6121 
9.471171 178.165787 -172.807205 29.720745 238.662003 -179.039185 -30.757956 194.677475 -172.233917 37.812820 264.219910 -140.001129               6133 
6.472161 192.306854 -191.815475 46.139149 238.873932 -152.031494 -22.900198 210.911636 -155.863678 60.637341 246.262283 -107.558212               6142 
6.422256 212.037247 -192.751648 56.614769 235.696365 -134.381332 -15.511451 221.053268 -141.968826 72.655495 230.003693 -90.189163               6151 
11.495675 236.215393 -171.613556 64.351425 227.052948 -106.796211 -7.997613 227.670517 -118.037994 77.919258 204.801102 -67.256004               6169 
-2.508360 257.463928 -153.389450 58.408596 235.972992 -97.147598 -13.811765 229.024933 -103.278992 78.801521 206.203171 -66.479279               6187 
-5.606359 261.435822 -144.678070 58.118832 238.076050 -91.530678 -13.725590 228.619232 -96.356400 80.548744 207.527740 -63.134220               6197 
-11.671824 267.174469 -131.561951 55.716820 243.254898 -81.632446 -15.918863 231.498642 -83.147224 80.422066 213.503754 -54.297874               6215 
-14.774040 266.435669 -127.135330 54.277672 246.981857 -76.496033 -16.790876 232.084183 -76.587234 80.437767 220.123184 -47.566467               6226 
-20.274754 262.684021 -106.772507 53.808998 249.198624 -60.987682 -16.921494 235.465561 -51.915680 82.728325 226.421509 -31.196167               6251 
-20.750359 258.271240 -92.850494 55.213425 249.639801 -48.900421 -14.826823 234.813553 -36.514992 85.697113 229.586044 -18.713499               6269 
-18.760990 256.467529 -74.478836 59.162514 243.955750 -34.998314 -10.443716 229.013245 -20.539827 90.767105 221.344788 -7.932588               6287 
-16.681694 257.210266 -63.840576 63.045883 244.145432 -28.325821 -5.705011 227.474701 -12.022317 96.044899 220.592926 -3.851283               6297 
-12.548538 254.592239 -47.259056 67.653763 241.236710 -15.244534 -1.086734 227.911179 3.111455 100.447304 216.091751 7.884946               6314 
-10.650467 246.680084 -30.171404 71.715446 239.965439 -4.756259 5.168145 224.853378 18.726500 107.112030 216.535553 16.238525               6332 
-10.063178 243.779953 -24.114838 71.860924 237.561462 1.274705 5.187990 223.313080 24.190685 106.983040 213.612244 22.144070               6341 
-7.679531 236.633972 -9.562483 75.505135 235.425308 11.630004 10.991117 219.805038 38.163754 112.777115 213.604370 31.054338               6359 
-6.789882 232.461548 -5.478485 76.090019 233.614609 16.884512 11.944243 214.755676 41.603558 113.933167 212.468262 35.947212               6368 
-6.265455 228.207962 6.714585 77.268211 232.375214 25.991188 14.438582 215.361496 54.041111 116.113823 213.246567 45.168579               6386 
-5.855471 224.812500 12.269504 77.849831 231.056351 30.146948 15.956336 213.391647 59.131672 117.438644 212.917511 48.757896               6398 
-4.030094 218.479187 24.124435 79.987976 229.677719 37.553753 20.797194 209.537231 69.704361 121.458824 214.012527 54.209957               6413 
-1.501116 212.689713 35.844673 82.497543 225.089813 48.321377 24.336935 203.024689 80.315613 124.577202 209.576691 63.530087               6440 
-1.618756 211.713882 38.427597 82.483215 224.498779 49.671082 24.743313 203.443771 82.787918 124.762444 209.318115 64.660172               6450 
-1.900528 209.054459 43.138832 82.096321 223.604935 52.209423 25.607359 203.649399 87.450005 124.990097 209.171539 66.154297               6467 
-2.193185 208.599228 46.652115 81.988434 222.961044 53.116493 26.130480 206.907532 91.086014 125.014870 208.799942 66.931282               6477 
-3.622036 206.710526 53.887363 80.580170 216.768143 62.738029 22.682127 210.052948 100.545738 121.905960 200.587555 79.261528               6495 
-2.391891 203.016388 55.526432 81.500076 213.679062 65.264801 23.521578 208.163773 102.593964 122.701393 197.476196 82.074844               6504 
-2.434431 199.296051 58.555195 80.807808 211.218735 70.377090 22.276066 212.533997 106.783302 121.313187 196.237106 89.807083               6522 
-2.862970 194.828339 60.361263 80.032341 207.286255 73.378937 21.433825 213.250793 109.459061 120.081017 192.972672 94.208817               6540 
-2.670160 193.926132 61.035183 79.903214 207.892548 74.422974 21.340174 213.927399 110.735321 120.121559 194.196442 95.340912               6549 
-3.260585 191.721909 63.038300 78.903061 208.038879 76.135574 20.829016 211.549942 113.543121 119.818550 194.811279 95.975235               6567 
-3.490051 191.616394 64.476089 78.759705 207.817993 76.974037 21.187927 210.827530 115.098640 119.902382 194.151764 96.031143               6585 
-2.701966 191.236618 65.385895 79.103134 209.685684 77.586502 21.795734 210.256714 116.088814 120.790436 196.843857 96.023300               6594 
-1.503861 190.674133 66.523682 79.582748 211.365082 79.799149 22.417576 207.284271 117.741692 121.790512 198.895950 97.282982               6612 
-1.037549 190.569977 66.878487 79.809128 211.797638 80.552597 22.646250 206.443573 117.873352 122.113029 199.350601 97.818466               6621 
-0.668568 190.872574 66.960243 79.898079 212.360306 81.518867 22.597780 205.149216 117.464417 122.216782 199.632629 98.542175               6630 
-0.174457 191.785126 67.931358 80.359207 213.735168 81.717285 23.432976 205.835327 117.522003 122.907578 201.099823 98.229195               6640 
-1.305172 191.765259 69.024223 78.055519 216.991943 83.221497 21.866508 203.381027 116.825302 121.287003 205.429153 98.713432               6658 
-0.552384 191.963593 69.699928 78.677742 217.616043 82.999504 22.966644 202.986526 116.353546 122.140572 205.946350 97.746002               6667 
0.283696 192.599487 69.022003 80.122063 214.711136 84.085785 23.428982 200.373108 114.721260 122.866951 200.607635 98.803963               6685 
