29.792999 192.243027 82.374313 93.317978 209.880630 89.325760 33.767265 186.369843 97.701706 133.796036 189.981308 109.084625                  0 
29.797070 191.927246 82.631775 93.324203 209.626907 88.976761 33.940235 185.998795 97.907928 134.066910 189.793655 108.252213                 23 
29.810122 191.789536 82.790375 93.339226 209.423874 88.750137 34.077198 185.760117 98.025085 134.254196 189.614868 107.682594                 46 
29.749380 191.697250 82.890076 93.349304 208.994904 88.503197 34.134602 185.485565 98.088165 134.374084 189.024261 107.023727                 70 
29.667101 191.841171 82.895050 93.283478 208.886429 88.530190 34.086594 185.492615 98.096130 134.313736 188.868988 106.987991                 93 
29.698622 191.952499 82.934006 93.259056 209.013763 88.624626 34.165276 185.529968 98.139214 134.344482 189.167404 107.144325                116 
29.606421 192.150909 82.858948 93.195656 208.929474 88.607391 34.086906 185.610519 98.080872 134.252090 189.014114 107.117287                139 
29.482418 192.351913 82.759964 93.102158 208.809235 88.592651 33.966324 185.681747 97.997063 134.114319 188.798553 107.097900                162 
29.326864 192.475525 82.671516 92.988815 208.567123 88.598289 33.790821 185.740036 97.959610 133.912979 188.491318 107.227432                185 
29.259005 192.666321 82.630989 92.960152 208.458206 88.491615 33.754326 185.790817 97.917877 133.895920 188.229355 106.928726                208 
29.244974 192.795242 82.584396 92.955498 208.397964 88.408577 33.774544 185.813187 97.825668 133.913376 188.064972 106.681274                231 
29.124861 192.991196 82.439926 92.843964 208.279465 88.484306 33.596619 185.911118 97.651314 133.704941 187.745682 106.749405                254 
29.110308 193.108887 82.325165 92.816551 208.198502 88.505409 33.534042 186.007797 97.512497 133.612717 187.563446 106.801208                277 
29.122356 193.199295 82.207787 92.803398 208.136505 88.500893 33.494114 186.099747 97.383636 133.549301 187.431549 106.829712                300 
29.286318 193.112610 82.041336 92.923210 207.996536 88.318169 33.643803 185.992645 97.212090 133.708038 187.263168 106.527916                325 
29.422180 193.060089 81.903091 93.018677 207.884995 88.172585 33.765900 185.920227 97.072144 133.834534 187.129471 106.287308                347 
29.611280 192.896286 81.832863 93.157051 207.696594 88.087814 33.963753 185.666428 96.973938 134.040070 186.908569 106.012825                371 
30.119019 192.418808 82.021919 93.637108 207.280228 87.736046 34.575226 185.224335 97.156441 134.709335 186.631851 105.387825                395 
30.294870 192.245850 82.081055 93.745453 207.195984 87.642128 34.783451 185.041351 97.232437 134.932251 186.667450 105.166290                418 
30.360649 192.244278 82.022339 93.762245 207.123901 87.642403 34.832779 184.973846 97.188141 134.969498 186.609833 105.135384                442 
30.424480 192.264938 81.992226 93.790504 207.051010 87.613609 34.893108 184.954346 97.166466 135.020370 186.546936 105.064980                465 
30.440168 192.350494 81.966080 93.779350 207.028992 87.618286 34.892410 185.032761 97.157623 135.010178 186.515121 105.055885                488 
30.456160 192.450745 81.929741 93.769661 207.009857 87.622360 34.894951 185.110092 97.143860 135.001328 186.487503 105.047989                511 
30.478302 192.556168 81.886139 93.762909 206.995972 87.621643 34.910877 185.169968 97.118752 135.002838 186.476135 105.030663                534 
30.488979 192.644073 81.853577 93.728867 207.038483 87.627739 34.926617 185.243256 97.103218 134.993408 186.593658 105.066681                558 
30.509502 192.735870 81.805298 93.723373 207.027573 87.618301 34.951843 185.302399 97.069885 135.001053 186.598694 105.044815                580 
30.472795 192.682861 81.697029 93.624634 206.939774 87.746391 34.881897 185.201080 96.962723 134.883438 186.551529 105.264954                604 
30.575605 192.731293 81.763763 93.691246 206.959900 87.812698 35.035072 185.184448 96.973015 135.007019 186.607635 105.238617                627 
30.685358 192.725693 81.892303 93.783615 206.884644 87.884590 35.211090 185.092560 97.061180 135.161163 186.567337 105.204369                650 
30.901367 192.552628 81.999573 94.007607 206.612762 87.780212 35.488724 184.871857 97.144234 135.451416 186.286972 104.930786                673 
30.975222 192.428406 82.113655 94.077011 206.378632 87.836334 35.590515 184.680801 97.227821 135.544266 186.026566 104.898827                696 
31.146967 192.270752 82.253143 94.251236 206.148056 87.820267 35.812214 184.495697 97.341766 135.764984 185.806534 104.781998                720 
31.351940 192.156952 82.393341 94.467712 205.919128 87.780289 36.082703 184.321487 97.467384 136.037308 185.584076 104.612534                743 
31.368832 192.193863 82.368317 94.467651 205.837082 87.900154 36.096130 184.288300 97.415474 136.009140 185.480759 104.776001                768 
31.450308 192.191589 82.309242 94.542793 205.702469 87.924049 36.162388 184.225754 97.355598 136.056808 185.300522 104.812408                792 
31.517401 192.150482 82.273628 94.605553 205.590057 87.944008 36.215843 184.179718 97.311584 136.096588 185.149994 104.842743                816 
31.570345 191.989273 82.212921 94.627136 205.583527 87.760796 36.321457 184.067368 97.239021 136.204041 185.264496 104.594330                841 
31.499784 191.920898 82.107651 94.566910 205.444199 87.661598 36.246597 184.057465 97.126945 136.114532 185.102875 104.540436                865 
30.987432 191.876816 81.709846 93.980034 205.430984 87.897583 35.592411 184.106506 96.768318 135.358292 185.155411 105.264542                890 
30.892780 191.930588 81.523582 93.841423 205.549759 87.874557 35.465199 184.248993 96.597488 135.196243 185.345627 105.380035                915 
31.039995 191.847046 81.621696 93.953949 205.620422 87.794029 35.658718 184.257568 96.699112 135.397919 185.571609 105.267197                939 
31.159739 191.724335 81.677795 94.045883 205.591644 87.754280 35.803482 184.196793 96.752930 135.545517 185.632843 105.198357                963 
31.188528 191.650406 81.679802 94.043129 205.590454 87.720589 35.843933 184.165344 96.757469 135.585114 185.699066 105.140839                987 
31.270214 191.568756 81.712906 94.103271 205.593185 87.615707 35.950481 184.225159 96.827324 135.704514 185.803909 105.010857               1011 
31.345026 191.498398 81.743134 94.156090 205.584366 87.529457 36.053802 184.232925 96.853508 135.808044 185.880005 104.899628               1036 
31.386957 191.362976 81.744217 94.189529 205.420395 87.490631 36.096577 184.170609 96.841782 135.845581 185.717804 104.852959               1060 
31.430931 191.249207 81.749702 94.218475 205.278473 87.457016 36.133011 184.142990 96.840424 135.878067 185.577393 104.812561               1085 
31.482826 191.157669 81.766914 94.241318 205.166489 87.430496 36.163750 184.144211 96.836662 135.903702 185.466583 104.780678               1109 
31.525612 191.073685 81.798080 94.233551 205.225296 87.409462 36.219200 184.176239 96.866966 135.952286 185.652008 104.767555               1133 
31.497946 190.837448 81.728111 94.048347 205.510040 87.505920 36.179882 184.138199 96.849030 135.867813 186.348953 105.080193               1158 
31.500490 190.599182 81.753418 93.913864 205.710632 87.651321 36.193382 184.017654 96.872421 135.834229 186.873672 105.335251               1182 
31.631660 190.229248 81.908051 93.674675 206.503052 88.321754 36.294144 183.880035 97.086090 135.753998 188.591019 106.579865               1207 
31.713644 190.063019 81.910118 93.669121 206.516541 88.397583 36.391994 183.709763 97.063675 135.812912 188.752213 106.651344               1232 
31.726397 190.009140 81.886375 93.614235 206.522217 88.496857 36.399769 183.624329 97.030891 135.774750 188.867783 106.818451               1256 
31.801735 190.050598 81.883804 93.677292 206.467575 88.477280 36.494564 183.603821 97.013596 135.861023 188.823090 106.754974               1280 
31.919010 190.126984 81.927902 93.767334 206.520264 88.506523 36.651081 183.635666 97.041130 135.992172 188.957764 106.768257               1304 
32.012962 190.214127 81.954765 93.840218 206.564941 88.548805 36.784542 183.656616 97.065483 136.099472 189.077957 106.803398               1328 
32.085197 190.307953 81.968948 93.900963 206.602173 88.584045 36.895054 183.677551 97.086990 136.188797 189.178162 106.832672               1352 
32.135983 190.431244 81.959618 93.951988 206.633453 88.613647 36.987732 183.701706 97.104019 136.263748 189.262360 106.857239               1376 
32.149441 190.555603 81.937523 93.962662 206.666061 88.606979 37.034588 183.749146 97.093948 136.294693 189.335938 106.842552               1399 
32.131050 190.640656 81.907730 93.927765 206.671555 88.664886 37.028042 183.763992 97.075302 136.258438 189.386063 106.945892               1423 
32.099403 190.754761 81.862122 93.891655 206.673828 88.699013 37.013855 183.813202 97.027679 136.213135 189.413376 107.024910               1446 
32.134052 190.867996 81.827568 93.924072 206.687286 88.829025 37.064182 183.845032 97.026527 136.219299 189.486893 107.271629               1470 
32.355366 190.775345 82.002243 94.148109 206.672684 88.807014 37.456253 183.690063 97.124092 136.567276 189.639526 107.119705               1494 
32.516224 190.721436 82.204430 94.305229 206.727966 88.862663 37.924049 183.523224 97.006470 136.832535 189.885742 107.101013               1519 
33.060646 190.455490 82.785835 95.046455 206.003922 88.944290 38.873169 183.096725 97.172646 137.619766 189.012665 106.935425               1543 
33.312126 190.355606 83.270103 95.507927 205.299210 89.216919 39.451271 182.794617 97.293953 138.018982 188.025314 107.085678               1567 
33.271221 190.410645 83.353828 95.557220 205.199661 89.160301 39.617405 182.771896 97.241150 138.108566 187.894333 106.902275               1591 
33.128468 190.478180 83.396782 95.460670 205.190750 89.212830 39.566002 182.836197 97.245583 138.007278 187.896133 106.976601               1613 
32.978821 190.506897 83.439491 95.359657 205.159988 89.261200 39.591171 182.863770 97.100647 137.910751 187.881332 107.029762               1682 
32.966141 190.498795 83.464859 95.373062 205.112930 89.263023 39.625275 182.855225 97.092628 137.929382 187.819458 107.004654               1705 
32.907856 190.492722 83.465721 95.336655 205.117661 89.315720 39.676746 182.865372 96.976509 137.897537 187.851105 107.072578               1728 
32.839890 190.468781 83.470230 95.283447 205.125671 89.386421 39.711845 182.868378 96.868431 137.848312 187.895081 107.168686               1750 
32.757755 190.439209 83.449394 95.207016 205.151550 89.479591 39.707638 182.863617 96.780205 137.771469 187.969025 107.309273               1773 
32.777847 190.363297 83.427544 95.276932 204.963913 89.614624 39.828983 182.749115 96.628685 137.802185 187.687988 107.447609               1796 
32.805714 190.280991 83.353630 95.373070 204.714630 89.748619 39.954857 182.613235 96.449173 137.834686 187.310120 107.608147               1819 
32.780079 190.297272 83.256706 95.434372 204.509155 89.832680 39.969162 182.609909 96.354301 137.814285 186.957855 107.742584               1843 
32.897697 190.238586 83.152657 95.648796 204.255417 89.800072 40.165253 182.501129 96.237930 137.994812 186.564163 107.652359               1867 
32.972195 190.125931 83.192589 95.829788 204.064941 89.725174 40.385525 182.399368 96.286659 138.202713 186.393860 107.533546               1891 
32.987598 190.063553 83.220451 95.942619 203.948807 89.683014 40.574482 182.357056 96.266487 138.337433 186.296524 107.457909               1916 
32.954170 190.038330 83.221230 95.992981 203.887497 89.661621 40.672276 182.358398 96.257217 138.400269 186.248245 107.419693               1940 
32.889370 190.029373 83.199379 95.986145 203.891632 89.650368 40.705143 182.413315 96.250107 138.407425 186.286179 107.408539               1964 
32.830437 190.001816 83.176918 95.972816 203.892151 89.652054 40.784664 182.394348 96.138351 138.408966 186.330582 107.418167               1988 
32.777157 189.940369 83.161400 95.954536 203.897598 89.666344 40.927784 182.304214 95.930199 138.413422 186.407379 107.448479               2012 
32.710316 189.938904 83.151360 95.951859 203.892929 89.655205 40.989170 182.284546 95.865784 138.429947 186.421753 107.410187               2036 
32.567707 189.743515 83.050003 95.931236 203.505508 89.338799 40.979599 181.959549 95.671707 138.477310 185.824738 106.719589               2060 
32.485809 189.699463 83.030792 95.984360 203.184814 89.101143 41.016705 181.774902 95.550720 138.579086 185.218414 106.064827               2084 
32.392883 189.776779 82.951729 95.974419 203.120773 89.043945 40.965714 181.920715 95.538429 138.539246 185.080490 106.004280               2108 
32.337009 189.864655 82.825089 95.995300 203.065018 88.950371 40.944347 182.060455 95.466492 138.526520 184.938171 105.902740               2132 
32.277355 189.928146 82.765800 96.007973 203.018066 88.913475 40.931587 182.156311 95.449341 138.517014 184.827225 105.852913               2155 
32.225883 189.979477 82.715500 96.018471 202.979172 88.882927 40.923096 182.242065 95.434097 138.509064 184.735367 105.811668               2179 
32.190731 190.031158 82.687401 96.042191 202.971313 88.874687 40.934101 182.328232 95.449074 138.524277 184.690216 105.784554               2203 
32.176006 190.101074 82.634995 96.094452 202.967667 88.835854 40.969994 182.412674 95.429794 138.561768 184.643539 105.736214               2227 
32.151405 190.152985 82.581047 96.139297 202.960449 88.800385 41.001823 182.476639 95.416275 138.595642 184.604691 105.694016               2251 
32.112278 190.199890 82.524231 96.178055 202.954208 88.769737 41.028252 182.535583 95.409859 138.624878 184.571121 105.657555               2275 
32.051723 190.224701 82.477005 96.190468 202.953934 88.757935 41.036087 182.572189 95.411400 138.632675 184.563293 105.649170               2299 
31.974638 190.225876 82.410225 96.163513 202.949951 88.753136 41.008060 182.577652 95.379562 138.597580 184.560104 105.665649               2323 
31.894581 190.233231 82.357758 96.121880 202.943314 88.766655 40.962463 182.573441 95.345390 138.544830 184.537750 105.689957               2347 
31.861029 190.237503 82.344482 96.123306 202.924973 88.769165 40.958740 182.571472 95.341667 138.541458 184.498840 105.682121               2371 
31.845036 190.257645 82.371323 96.147011 202.905838 88.770416 40.972794 182.591797 95.370811 138.561966 184.446991 105.655678               2396 
31.835655 190.283752 82.382317 96.178169 202.877563 88.767654 40.988590 182.614120 95.382500 138.582932 184.371994 105.627357               2421 
31.822392 190.293930 82.392067 96.203087 202.852386 88.767387 41.018860 182.622818 95.359840 138.598419 184.307617 105.607735               2447 
31.781408 190.297684 82.396805 96.197479 202.861420 88.765068 41.010101 182.660751 95.355003 138.584198 184.300629 105.609444               2472 
31.740677 190.330139 82.433357 96.210541 202.867203 88.704178 41.003178 182.754486 95.381500 138.589813 184.269287 105.526329               2498 
31.693172 190.349426 82.465614 96.213837 202.876556 88.628212 40.990318 182.844147 95.398186 138.590134 184.247238 105.423058               2524 
31.635763 190.337723 82.502403 96.198860 202.894867 88.585220 40.963070 182.921982 95.411591 138.568954 184.245102 105.373070               2550 
31.547663 190.378021 82.599770 96.126816 203.086533 88.574928 40.922623 183.075302 95.460083 138.527069 184.488647 105.344147               2576 
31.380283 190.627396 82.747192 95.902466 203.792969 88.667114 40.794121 183.593872 95.616386 138.355331 185.546036 105.686882               2601 
31.419914 190.780090 82.794952 96.023819 203.945526 88.155060 40.951942 183.831345 95.573181 138.586609 185.677795 104.875381               2627 
31.273239 190.921295 82.751083 95.805382 204.515076 88.220520 40.815689 184.185532 95.568497 138.391144 186.589401 105.249695               2653 
31.295107 190.876526 82.744415 95.866028 204.414963 88.204636 40.851875 184.159409 95.536964 138.427826 186.414749 105.215073               2678 
31.360956 190.858627 82.709030 95.988037 204.239838 88.173187 40.920818 184.123901 95.484077 138.504028 186.096527 105.146141               2702 
31.355627 190.895126 82.653915 96.022491 204.177078 88.118927 40.920212 184.155365 95.417831 138.509537 185.938446 105.062134               2727 
31.345747 190.908646 82.615692 96.038399 204.144028 88.092537 40.913605 184.177643 95.381325 138.507492 185.854080 105.025475               2752 
31.323427 190.899216 82.591393 96.033745 204.117264 88.098045 40.895599 184.175171 95.358635 138.488693 185.797607 105.034302               2777 
31.305937 190.894455 82.526733 96.023422 204.097931 88.123741 40.866055 184.176285 95.308372 138.449631 185.757217 105.109161               2801 
31.253782 190.866287 82.394791 95.973152 204.072037 88.102707 40.800156 184.156128 95.190308 138.369629 185.717789 105.147652               2826 
31.184061 190.879120 82.189148 95.924629 203.930527 88.125595 40.688656 184.098541 94.979935 138.240143 185.400116 105.181107               2851 
31.147381 190.865158 82.040230 95.917702 203.745316 88.150810 40.627434 184.000336 94.808739 138.163147 185.032516 105.180855               2876 
31.154331 190.832855 82.011955 95.917297 203.793335 88.175560 40.648609 183.980698 94.783821 138.170853 185.131210 105.241081               2900 
31.134443 190.864258 81.855049 95.941162 203.644073 88.090454 40.622284 183.939651 94.602226 138.145157 184.802338 105.081070               2925 
30.895876 190.988968 81.615685 95.692825 203.776459 88.063934 40.357437 184.038895 94.358864 137.856461 184.869141 105.081886               2950 
30.418896 190.899261 81.230766 95.134216 203.989365 87.903427 39.825348 184.127686 94.041908 137.264801 185.320526 105.263107               2975 
30.445784 190.809555 81.139977 95.165161 203.863586 87.845894 39.838120 184.013809 93.886826 137.283707 185.055176 105.083694               3000 
30.444864 190.762772 81.096451 95.160553 203.812744 87.843697 39.819813 183.978745 93.815598 137.262558 184.936920 105.048187               3024 
30.452707 190.724091 81.080490 95.155098 203.802856 87.837769 39.776928 184.018234 93.825569 137.245758 184.884872 105.023705               3048 
30.483383 190.666901 81.026909 95.227211 203.584000 87.695274 39.796680 183.937744 93.733459 137.300034 184.478287 104.716377               3072 
30.504181 190.626129 80.978767 95.288177 203.398972 87.574799 39.819946 183.863312 93.644691 137.345352 184.135132 104.455803               3096 
30.498245 190.566849 80.876244 95.336784 203.102890 87.457520 39.803856 183.727570 93.499413 137.350723 183.593124 104.162842               3120 
30.493940 190.519379 80.799400 95.373665 202.878235 87.368538 39.791866 183.625839 93.392197 137.354309 183.182831 103.939171               3144 
30.485964 190.480835 80.746536 95.391724 202.732300 87.322243 39.780060 183.554962 93.315056 137.347092 182.915848 103.812416               3168 
30.479366 190.451889 80.705948 95.405472 202.621201 87.287003 39.771912 183.497910 93.254631 137.341492 182.712830 103.715553               3192 
30.479689 190.429855 80.689812 95.414421 202.573227 87.277496 39.775005 183.461319 93.224152 137.343216 182.625397 103.676582               3216 
30.480219 190.405304 80.676476 95.421867 202.533310 87.269585 39.782452 183.417847 93.187180 137.344650 182.552704 103.644104               3240 
30.479650 190.373383 80.668617 95.414886 202.532867 87.294769 39.808971 183.341385 93.103271 137.334717 182.552795 103.677528               3264 
30.478745 190.332504 80.656990 95.398521 202.559158 87.329330 39.845463 183.233109 93.000175 137.326797 182.599258 103.715065               3289 
30.526680 190.276443 80.659676 95.444473 202.572159 87.257973 39.946106 183.127426 92.929214 137.410110 182.655212 103.600243               3314 
30.530199 190.254654 80.654778 95.445343 202.585800 87.248520 39.963646 183.089996 92.910736 137.423462 182.685547 103.579071               3339 
30.530184 190.236679 80.650932 95.444435 202.592300 87.240730 39.974037 183.061203 92.896324 137.430252 182.701675 103.563225               3364 
30.582827 190.180145 80.651253 95.501114 202.579788 87.174019 40.074799 182.958572 92.832054 137.516663 182.712982 103.448929               3389 
30.595129 190.140793 80.659203 95.517731 202.571426 87.162621 40.149025 182.833771 92.738792 137.547806 182.717682 103.415985               3414 
30.594549 190.116058 80.659599 95.522736 202.566452 87.157936 40.178673 182.771927 92.701263 137.560226 182.719650 103.400581               3440 
30.596176 190.090408 80.663483 95.529572 202.558685 87.151199 40.199020 182.730469 92.692078 137.575684 182.718567 103.379700               3465 
30.564020 190.071014 80.669914 95.492119 202.606827 87.126694 40.183353 182.725433 92.699142 137.561462 182.815018 103.353973               3491 
30.524694 190.051743 80.672722 95.444359 202.660675 87.103607 40.156441 182.728455 92.705032 137.535004 182.920517 103.338570               3516 
30.489716 190.025925 80.664536 95.399368 202.705978 87.074371 40.129585 182.726486 92.700951 137.508759 183.013077 103.318062               3542 
30.336613 190.019440 80.602623 95.232422 202.747757 87.039085 39.963760 182.748947 92.655739 137.339508 183.081085 103.320534               3568 
30.257839 190.028931 80.511703 95.146263 202.758148 86.954903 39.850719 182.779922 92.602112 137.243729 183.072433 103.238213               3593 
30.212429 190.032547 80.479935 95.086288 202.881592 86.749626 39.780682 182.855423 92.663193 137.258072 183.247803 102.902786               3619 
30.144733 190.037521 80.439827 94.988266 203.024185 86.625870 39.689819 182.908035 92.681206 137.219437 183.451035 102.697266               3645 
30.061132 190.049210 80.356422 94.874855 203.062134 86.595840 39.554836 182.932358 92.618813 137.099991 183.456360 102.643311               3670 
30.007868 190.044510 80.288277 94.788231 203.049988 86.572197 39.429897 182.953156 92.560913 136.991577 183.376053 102.593506               3696 
29.976427 190.021622 80.239929 94.716156 203.039886 86.552521 39.337147 182.963577 92.489792 136.901413 183.309311 102.551842               3722 
29.945562 190.008163 80.180695 94.639755 203.030258 86.565727 39.235626 182.983490 92.406921 136.792007 183.238480 102.576424               3747 
29.823933 190.225143 79.978912 94.450508 203.226105 86.594353 38.965893 183.261749 92.250778 136.512848 183.354248 102.741722               3772 
29.780190 190.322784 79.803520 94.357567 203.291046 86.523956 38.777470 183.417877 92.158234 136.366257 183.324860 102.694633               3797 
29.748369 190.377930 79.656570 94.271904 203.334335 86.471481 38.591625 183.549820 92.110970 136.232010 183.286438 102.667191               3821 
29.722429 190.416061 79.515312 94.181671 203.362549 86.384979 38.403336 183.689468 92.054352 136.090805 183.242188 102.622757               3846 
29.673971 190.448410 79.389313 94.056030 203.386169 86.352364 38.169228 183.826294 92.032730 135.906326 183.195236 102.654167               3870 
29.681423 190.471313 79.287491 93.991470 203.400131 86.313927 37.988819 183.956390 92.069397 135.796951 183.147614 102.654274               3895 
29.663960 190.519379 79.159592 93.906334 203.413803 86.256157 37.773872 184.116150 92.105927 135.660965 183.090195 102.638176               3919 
29.647934 190.551865 79.010246 93.815590 203.422714 86.197227 37.577190 184.240677 92.080475 135.519730 183.038757 102.632820               3943 
29.616455 190.583328 78.841919 93.702057 203.437943 86.149475 37.362362 184.353912 92.025078 135.349899 183.002594 102.663818               3968 
29.618212 190.597412 78.715477 93.607246 203.450668 86.109604 37.160648 184.470398 92.027512 135.207886 182.972305 102.689499               3992 
29.631762 190.606308 78.619926 93.531067 203.460876 86.077560 37.005470 184.558685 92.010727 135.093658 182.947922 102.710007               4016 
29.649860 190.604233 78.531471 93.456413 203.463928 86.051216 36.850555 184.643158 92.006187 134.981461 182.918121 102.736847               4041 
29.673157 190.599197 78.455444 93.401695 203.458267 86.025497 36.725002 184.711365 92.003349 134.893723 182.883545 102.757576               4065 
29.396162 190.699448 77.855164 92.969093 203.718231 85.835121 36.204971 184.955597 91.597969 134.362671 183.282440 102.976318               4090 
29.198751 190.781143 77.319939 92.616776 203.943619 85.652580 35.760891 185.157333 91.269798 133.928177 183.635788 103.140587               4115 
29.084984 190.826035 76.969696 92.365150 204.093155 85.538582 35.429241 185.274124 91.095818 133.622208 183.887390 103.271370               4138 
29.031395 190.862152 76.725487 92.194756 204.194641 85.451569 35.189503 185.348572 90.999039 133.415604 184.061966 103.350937               4161 
29.007601 190.888916 76.539757 92.069237 204.268173 85.382561 34.995480 185.393082 90.960205 133.265182 184.195648 103.406357               4184 
29.002192 190.919617 76.394043 91.966713 204.329803 85.331039 34.825340 185.428238 90.963448 133.144760 184.310165 103.454300               4207 
29.023996 190.953674 76.273308 91.893578 204.375610 85.276649 34.687317 185.449265 90.986511 133.060013 184.402435 103.477371               4230 
29.028793 190.976364 76.148438 91.820557 204.366852 85.240135 34.533520 185.457199 91.021019 132.962128 184.408554 103.513275               4252 
29.053930 191.010742 76.032990 91.766899 204.359177 85.200127 34.432541 185.458801 90.988022 132.885818 184.410339 103.534462               4276 
29.079838 191.021179 75.927414 91.708206 204.348709 85.167366 34.359417 185.433060 90.907028 132.807999 184.424515 103.571243               4298 
29.140869 191.033264 75.848999 91.692444 204.331955 85.106621 34.307163 185.419937 90.899567 132.788544 184.425720 103.538155               4320 
29.196749 191.030228 75.776657 91.677330 204.306519 85.060089 34.233852 185.401062 90.944550 132.772125 184.407745 103.502617               4343 
29.293547 190.969543 75.692665 91.709015 204.237534 84.968842 34.248558 185.303802 90.903969 132.818649 184.351974 103.392517               4366 
29.369789 190.927765 75.611397 91.717216 204.178162 84.892067 34.239349 185.218246 90.867241 132.839249 184.304703 103.301132               4389 
29.400833 190.896515 75.536850 91.668610 204.136398 84.871788 34.173645 185.149536 90.836273 132.788620 184.286469 103.310715               4413 
29.416376 190.881409 75.436638 91.600334 204.108597 84.864937 34.079979 185.103455 90.794754 132.707031 184.283401 103.360085               4438 
29.595474 190.796112 75.335220 91.735199 203.956451 84.724861 34.170803 184.990326 90.783531 132.858078 184.112335 103.163658               4463 
29.777050 190.749496 75.257629 91.846840 203.910461 84.753593 34.244774 184.918823 90.824059 132.980408 184.066147 103.168320               4488 
29.944342 190.917297 75.315926 91.999458 204.097900 84.664284 34.337212 185.208054 91.103973 133.185913 184.331024 103.044052               4514 
29.903677 191.173676 75.441177 91.988777 204.151688 84.710976 34.118462 185.703003 91.626717 133.115372 184.338577 103.174820               4539 
29.689970 191.709686 75.514412 91.752609 204.759186 84.791168 33.479683 187.126938 92.795982 132.786179 185.204193 103.731033               4563 
30.147276 192.150757 75.071198 92.287415 205.408615 83.489868 33.635204 188.576782 94.093475 133.631042 186.046753 101.947708               4587 
29.145666 194.174866 73.874245 91.471222 206.893295 82.005112 31.821625 193.127182 96.504005 132.595047 187.537842 100.954208               4609 
28.016708 195.109863 70.104851 90.283150 207.614044 79.298500 29.596651 196.828873 97.101028 131.054688 188.092178 98.829208               4629 
27.398216 195.802292 64.506271 89.484238 208.894348 74.637489 28.156624 200.592194 95.143959 130.128738 189.855194 94.895943               4650 
26.998394 200.040680 59.958549 89.689423 210.776489 69.799484 27.950153 208.347458 93.031113 129.432922 190.809677 90.933578               4665 
25.235752 199.213654 50.856945 88.281937 210.059525 60.388191 26.869997 208.925522 86.249260 128.357834 189.992172 80.786552               4681 
25.099392 200.035721 36.310680 89.338776 207.235245 45.394176 28.746449 204.366684 73.046913 129.394150 183.577423 61.541733               4719 
21.607714 201.622787 30.710243 86.303795 207.307816 39.150421 25.968718 205.117004 66.836830 126.145950 182.900085 54.698250               4730 
22.417719 204.850830 24.544472 87.278481 210.670227 34.472462 26.464191 206.576447 58.418442 127.135719 186.793716 50.787556               4742 
22.797129 207.567184 13.908642 87.959061 213.758499 25.614746 26.799665 208.151291 45.314892 127.751266 191.258301 43.922974               4765 
9.806485 227.923111 -29.087404 83.491745 213.748322 6.885843 19.184849 207.949783 16.302668 119.343666 194.216949 34.418274               4785 
6.615129 233.719772 -52.226971 81.618118 211.345261 -4.824862 17.005177 199.863785 -2.674332 115.766434 192.375610 25.157034               4804 
4.175472 239.216248 -68.303070 78.465370 213.003250 -17.937744 13.888236 201.626541 -17.885759 111.527580 193.783005 13.083893               4821 
2.730946 240.816681 -83.232407 76.094902 215.611954 -29.835789 12.891822 201.158203 -33.365543 108.522804 197.606369 2.554024               4840 
3.173531 241.639557 -89.092995 75.192032 215.800247 -33.907299 12.858312 200.223038 -40.308468 106.777351 197.598053 -0.802660               4849 
3.608417 242.456604 -104.598106 72.844414 214.569885 -46.446289 11.706038 198.527924 -57.043861 102.704529 195.739517 -12.114665               4867 
5.308078 241.174438 -120.012367 72.107170 214.309601 -58.048645 12.309703 196.615097 -71.594902 100.546059 196.769211 -21.876366               4885 
5.487760 241.769836 -126.265816 70.788391 214.096970 -62.652561 11.889503 195.559052 -78.220711 98.385536 196.660446 -25.784754               4894 
5.562768 240.462387 -132.133896 70.744392 214.354446 -67.402596 12.740149 193.911713 -83.663109 98.283539 198.061264 -29.972700               4903 
7.026789 243.211029 -146.318604 68.239464 213.068802 -78.804924 10.886124 193.751282 -98.332207 93.420334 195.978485 -40.091690               4921 
4.777140 243.557510 -155.598526 66.050507 212.816589 -87.891571 10.418238 190.833603 -109.504692 91.220810 195.964096 -49.067368               4939 
4.285370 244.729431 -159.109573 65.339607 211.780777 -91.881790 10.041996 189.759277 -114.334373 90.312698 194.425858 -53.151680               4948 
3.516468 245.796204 -170.153564 63.035191 212.851196 -100.971092 9.764482 188.697159 -126.075798 86.838730 196.291580 -61.171085               4966 
3.314623 246.511871 -174.169189 62.874130 213.086731 -104.921761 9.969296 188.234055 -130.246094 86.554420 196.949371 -64.875549               4976 
2.873894 246.136536 -179.447891 62.720516 211.570786 -110.566010 10.864454 185.469818 -137.019302 86.287895 195.467941 -70.439377               4993 
2.395600 246.405319 -183.833527 61.855064 211.785309 -114.445282 10.597280 184.896271 -141.570313 85.050003 195.955093 -73.994461               5003 
1.967365 246.220978 -197.712570 59.510136 213.634872 -125.476387 9.562844 184.722961 -153.491165 81.348663 199.520813 -83.658432               5029 
1.248359 246.397720 -201.659637 57.741123 214.298553 -128.302994 8.587123 184.699936 -157.173386 78.864212 200.532104 -86.004417               5038 
3.593261 246.836624 -207.413498 57.883633 215.166519 -132.129059 9.183118 185.364639 -161.891251 77.657578 201.792587 -89.059364               5056 
3.433598 245.445221 -209.843246 57.450497 214.171600 -134.114197 9.522783 183.614044 -164.658661 76.847244 200.810684 -90.869301               5075 
4.691852 245.679413 -213.616455 56.734673 214.480408 -136.452011 9.005238 184.281509 -167.830002 74.920303 201.167068 -92.669502               5084 
7.148977 245.337830 -220.853989 55.075089 213.652802 -141.290985 7.606586 185.160614 -174.896469 70.616219 199.611435 -96.724373               5102 
4.430738 239.505692 -226.485397 53.422207 214.505219 -145.722061 7.232852 183.735825 -179.358246 68.939758 201.638351 -100.794136               5120 
4.561598 238.044479 -229.751114 52.686466 215.300415 -147.952347 6.810198 184.195724 -181.850784 67.532837 202.892487 -102.669914               5129 
4.732015 231.534042 -232.488068 52.597500 216.600159 -150.333237 6.734568 185.041641 -184.100052 66.979767 204.800964 -104.739380               5147 
4.666644 227.356888 -233.143555 52.452087 217.325317 -151.303848 6.832865 185.284241 -185.117691 66.687294 205.772705 -105.600838               5157 
4.241323 222.699051 -233.615128 52.431580 218.319321 -152.849579 6.880584 185.771576 -186.526215 66.840332 206.854980 -107.178726               5174 
4.873717 221.180603 -234.784424 52.408104 219.123337 -153.947983 7.453235 185.971024 -188.091522 66.539574 207.677475 -108.185959               5192 
4.776342 221.478104 -234.965744 52.378578 219.966446 -154.342422 7.368516 186.827560 -188.535263 66.549706 208.373962 -108.629585               5202 
4.610932 221.792297 -235.106430 52.638641 219.937042 -154.970901 7.370938 187.162140 -189.404266 67.046043 207.622360 -109.521538               5219 
4.794873 221.737061 -235.872894 52.510223 220.413696 -155.625839 7.315184 187.501892 -190.127029 66.727119 208.208679 -110.086983               5228 
4.949289 222.677658 -237.171082 52.706852 220.728531 -157.075256 7.123714 188.385574 -191.783051 66.836449 208.010300 -111.649811               5247 
5.996300 222.477249 -238.165695 53.078957 220.945938 -157.730728 7.474127 188.675644 -192.585144 66.720566 208.405075 -112.107246               5266 
6.436835 222.108124 -238.787979 53.051941 220.947388 -158.249268 7.491208 188.832184 -193.375549 66.385948 208.307922 -112.562096               5276 
7.676516 221.790268 -240.437027 53.138203 221.061783 -159.506531 7.608428 189.388550 -195.236603 65.661110 208.253204 -113.637299               5296 
7.846376 221.836441 -241.423523 53.305035 220.910187 -160.591583 7.593394 189.560760 -196.441498 65.756302 207.841476 -114.776253               5306 
7.982859 221.392548 -242.781189 53.222134 220.926544 -161.919724 7.371611 189.590897 -197.711044 65.442490 208.004898 -116.000618               5317 
8.579180 220.599655 -245.133606 53.183208 221.216278 -164.021652 7.590550 189.423233 -199.855804 65.001137 208.711548 -117.882317               5338 
8.783500 219.715103 -248.091782 52.724510 221.787888 -166.683411 7.213994 189.525101 -202.259705 64.075829 210.106873 -120.212219               5349 
9.216677 218.361816 -250.786514 52.375019 222.295395 -169.090805 7.220963 189.179565 -204.454178 63.295559 211.504608 -122.302231               5371 
9.826069 217.589111 -251.430405 52.444733 222.348297 -169.523087 7.427231 188.901047 -204.841675 63.035202 211.982651 -122.562836               5382 
10.169962 217.071823 -251.768005 52.484539 222.378494 -169.769928 7.541292 188.720734 -205.051559 62.886398 212.256424 -122.714493               5393 
10.575381 216.727570 -252.260605 52.640522 222.342896 -170.194839 7.737802 188.623642 -205.516434 62.873512 212.320724 -123.081017               5417 
10.786088 216.755493 -252.547653 52.799496 222.444672 -170.478638 7.862733 188.749222 -205.799286 62.978584 212.442505 -123.348907               5429 
11.242994 216.700806 -253.009018 52.980869 222.606354 -170.837952 8.109726 188.877808 -206.231384 62.978886 212.690979 -123.651146               5443 
11.469420 217.066254 -253.546600 53.241070 222.822220 -171.401993 8.354704 189.171417 -206.866867 63.257576 212.768723 -124.248344               5455 
7.410959 217.007553 -257.655365 52.295868 224.291901 -177.314316 7.084434 189.133408 -210.894028 64.551025 214.618774 -130.611954               5469 
5.990038 216.375183 -259.592194 51.915619 224.792465 -179.970795 6.523937 188.909607 -212.591949 64.910957 215.603775 -133.370804               5484 
5.581072 216.140045 -260.138977 51.804432 224.938843 -180.747559 6.333018 188.808563 -213.049500 65.014450 215.893784 -134.179855               5499 
5.869062 215.734756 -260.702118 51.540092 225.007416 -181.059387 6.264212 188.622360 -213.436783 64.450859 216.181076 -134.365936               5513 
6.395567 215.035629 -261.447845 51.212410 224.989136 -181.416428 6.195707 188.202576 -213.893616 63.684036 216.468536 -134.547165               5526 
7.238566 213.675446 -262.297333 50.989750 225.240067 -181.906067 6.253820 187.727798 -214.114014 62.886093 217.585190 -134.738815               5539 
8.089007 212.656189 -263.046936 50.796940 225.355713 -182.278534 6.236316 187.381317 -214.365891 62.108948 218.310471 -134.873123               5553 
8.723002 211.966812 -263.579651 50.810177 225.352509 -182.607162 6.246989 187.130722 -214.542007 61.761703 218.678909 -135.063522               5567 
9.027676 211.905975 -263.761230 50.854885 225.405029 -182.682968 6.175858 187.136032 -214.559845 61.667870 218.758743 -135.103821               5580 
9.450048 211.624695 -264.084290 50.816689 225.549362 -182.851135 6.046555 187.037201 -214.595001 61.420506 219.071579 -135.201721               5594 
9.807827 211.346069 -264.323761 50.811481 225.655579 -182.982605 5.853938 186.868301 -214.523911 61.280293 219.307816 -135.285858               5608 
10.192571 211.302170 -264.481750 50.806221 225.785858 -182.983734 5.764912 186.848129 -214.498413 61.095501 219.474960 -135.243057               5621 
10.731050 211.118271 -264.656464 50.821991 226.020844 -182.983398 5.851053 186.731064 -214.458145 60.903488 219.845398 -135.180710               5635 
11.033399 210.992569 -264.807861 50.852722 226.124771 -183.051544 5.724229 186.663559 -214.395309 60.832802 220.013260 -135.219376               5648 
11.372973 210.868103 -265.064423 50.833824 226.193817 -183.177551 5.543543 186.593048 -214.425995 60.658180 220.129379 -135.307175               5662 
11.562977 210.819290 -265.224426 50.833729 226.194412 -183.262238 5.306351 186.507736 -214.389282 60.587616 220.105621 -135.380524               5676 
11.775839 210.846268 -265.446533 50.869270 226.219849 -183.405518 5.254613 186.470261 -214.520157 60.546040 220.091019 -135.513275               5690 
12.030710 210.923141 -265.754974 50.864353 226.264999 -183.590683 5.224962 186.469452 -214.771896 60.411064 220.083542 -135.679108               5704 
12.419411 210.981277 -266.218201 50.784241 226.303680 -183.836151 5.223124 186.437286 -215.196976 60.090935 220.067169 -135.884506               5718 
12.599133 211.061920 -266.419525 50.741222 226.296936 -183.923401 5.055480 186.403091 -215.299713 59.943630 219.973541 -135.962997               5733 
12.655663 211.038620 -266.489563 50.786400 226.322952 -184.002411 4.938641 186.360687 -215.251511 59.998337 220.001099 -136.043640               5747 
12.666572 211.042191 -266.533875 50.819298 226.349670 -184.066360 4.896310 186.302139 -215.237427 60.074215 220.002106 -136.119263               5762 
12.634954 211.184525 -266.563660 50.865921 226.396744 -184.119659 4.872213 186.328552 -215.267349 60.183289 219.966614 -136.195663               5778 
12.678909 211.183899 -266.746216 50.850025 226.425415 -184.284653 4.768552 186.347534 -215.400375 60.122704 220.008179 -136.350266               5795 
12.588594 211.247498 -266.713989 50.867828 226.403763 -184.291245 4.666106 186.351257 -215.358032 60.205364 219.923660 -136.377899               5812 
12.451791 211.243973 -266.723511 50.670399 226.433167 -184.282974 3.990886 186.294037 -215.110977 60.012516 219.927429 -136.373993               5829 
11.141115 213.627380 -263.662262 50.919106 226.704041 -181.602295 3.831676 186.720901 -212.580551 61.487194 218.699280 -134.177521               5847 
8.879089 214.844269 -260.284332 49.880268 226.440964 -178.608841 1.955647 187.157135 -209.450775 61.117416 217.600952 -131.487183               5867 
6.903275 215.378342 -257.321106 48.127335 226.851089 -175.744217 -0.449922 187.865005 -206.284286 59.405090 218.000473 -128.634247               5886 
2.453912 218.594620 -250.594360 45.962959 227.494598 -170.005646 -4.457515 190.114059 -200.122025 58.404106 217.031982 -123.523163               5905 
-2.946482 223.288666 -237.362869 45.803497 230.196228 -159.633286 -7.381890 194.353073 -186.829529 60.909283 218.881180 -114.150818               5921 
-8.143628 231.725082 -229.683395 44.444950 231.881149 -154.129761 -12.626777 201.240021 -179.918808 60.533813 217.858231 -109.752113               5938 
-9.777825 234.652252 -224.060547 43.822578 233.282822 -149.135300 -14.841667 204.666626 -173.770615 59.777122 219.324295 -104.688911               5952 
-10.836600 237.526596 -214.313080 45.448624 235.405685 -141.343903 -14.324015 207.433594 -163.855423 62.688496 221.435898 -97.383682               5964 
-17.791180 244.384384 -202.265701 41.955910 238.573807 -132.230453 -20.779583 215.040634 -151.282440 60.187580 224.021347 -88.863388               5985 
-19.430016 238.756439 -193.433472 43.259617 240.247452 -125.700294 -18.948904 212.748917 -140.513260 63.724457 229.693054 -82.172546               5995 
-27.486189 237.265488 -182.911072 40.388397 241.058548 -120.253067 -23.069101 213.661926 -128.673172 63.911781 232.908798 -77.766579               6014 
-29.532539 239.758240 -178.421921 39.488686 240.804184 -116.990280 -25.089334 215.460571 -124.367058 63.415710 231.698669 -74.925369               6023 
-33.552299 242.252213 -153.103714 38.796173 240.079010 -95.880028 -27.986095 218.184021 -98.326355 64.598724 230.652084 -55.011570               6050 
-34.126266 241.189743 -147.040588 38.993469 240.366440 -90.911316 -27.740829 217.370056 -91.958824 65.541031 231.602600 -50.373779               6061 
-35.526779 239.383316 -121.278358 40.414703 240.085190 -69.266182 -26.538029 215.785583 -65.668396 69.296761 231.908722 -30.229763               6086 
-14.597148 198.772171 -58.852154 37.993507 235.000000 -47.187382 -26.705256 206.558838 -37.264053 69.119919 233.553940 -9.057013               6122 
-10.872905 202.621765 -50.883850 40.246033 236.643021 -42.046051 -26.698366 213.066055 -34.639149 70.551102 230.305634 -3.753623               6131 
-5.832312 206.401352 -35.826408 46.128975 237.523804 -27.343344 -22.578604 219.176529 -22.918356 74.726112 227.142700 11.377527               6150 
-6.047591 206.881500 -31.371628 46.623371 236.009811 -21.488922 -22.911249 220.481140 -18.935007 73.978897 223.156967 17.387156               6159 
-2.037628 207.978226 -16.475067 51.661072 235.305283 -8.734612 -19.728840 224.849869 -2.244467 79.550194 221.079865 29.274651               6176 
-0.611270 206.676376 -6.552056 53.086643 233.916199 -0.195024 -18.898985 224.926819 8.943868 81.772530 218.989166 36.942200               6195 
2.033206 207.358307 -0.928604 56.322266 233.228226 4.718454 -16.523390 228.882477 20.892399 86.289299 214.930664 39.244469               6204 
8.192929 200.368973 7.659854 59.636154 231.045181 13.364891 -12.633250 221.039291 39.245750 93.484222 211.398026 43.250786               6222 
10.439032 199.193161 13.806183 61.394203 230.866760 16.351889 -9.480171 221.213043 47.831177 97.048843 211.955566 44.565056               6231 
12.934471 196.412552 22.731014 62.731922 229.621567 23.034018 -6.392152 219.268524 59.936024 100.146324 211.129364 49.169628               6249 
15.376061 195.515671 29.183447 65.806343 227.604355 29.764782 -3.170416 219.521362 68.990486 102.964905 207.479141 55.044937               6267 
18.023203 192.045029 34.484756 68.361938 224.143005 31.587437 0.320563 219.338593 73.288269 106.133667 205.894852 57.378353               6276 
19.841743 189.482010 40.910515 69.471733 222.444534 36.123272 2.835817 217.345963 80.313110 108.340698 205.144562 60.918114               6294 
21.609186 188.711273 44.259483 71.332893 221.218399 37.757854 5.011873 218.683960 82.885643 110.284767 204.737610 62.976982               6303 
21.288244 186.455368 52.321754 71.549728 216.591217 40.637104 7.510497 222.830383 89.730637 111.015434 201.560699 65.963196               6321 
24.635565 182.930008 57.542839 70.223732 218.841522 43.217442 10.002450 219.110275 98.142105 112.843864 207.931000 65.338814               6339 
24.116106 183.449661 59.538170 71.047020 217.743073 45.397449 11.183537 221.437378 101.131233 113.208710 205.186752 67.524361               6348 
24.429224 181.362000 62.686844 72.828590 214.852493 50.361187 13.016920 219.813446 106.668785 114.424332 200.393341 72.397438               6366 
24.930309 182.565567 64.063835 74.553116 214.835831 52.670502 15.940554 222.078171 110.697586 115.694267 198.320450 74.106857               6384 
24.747005 184.189926 65.657600 75.685852 214.632523 54.287949 17.907412 225.608887 113.028549 116.153221 196.760086 75.917503               6394 
24.928066 181.524689 67.032005 76.345970 212.120087 57.574493 18.696888 223.293396 116.967186 116.349098 193.190216 79.167999               6411 
