36.217487 188.091125 72.289528 94.303322 199.685730 85.326912 23.626703 189.719437 89.970573 123.015793 166.930954 108.296211                  0 
36.178101 187.948380 72.307678 94.220230 199.613419 85.401093 23.609318 189.585541 89.810646 122.944443 166.874969 108.378998                 20 
36.151115 187.817902 72.304146 94.138664 199.559158 85.452019 23.562464 189.467316 89.708824 122.870178 166.842850 108.452286                 41 
36.138176 187.528076 72.335670 93.994820 199.648712 85.546951 23.486473 189.318787 89.561974 122.769432 167.272705 108.970985                 63 
36.136772 187.296677 72.398026 93.894020 199.688782 85.613312 23.450327 189.196823 89.473351 122.706375 167.550140 109.316177                 86 
36.034641 186.915588 72.435776 93.795364 199.284424 85.401741 23.384699 188.889969 89.448151 122.646698 167.134949 109.042397                108 
35.959358 186.594177 72.474747 93.712738 198.945786 85.224548 23.343441 188.645508 89.406494 122.596497 166.787033 108.812950                131 
36.069347 186.445389 72.582596 93.672890 199.143448 85.434067 23.358509 188.650543 89.321037 122.553513 167.315079 109.470184                153 
36.180973 186.310760 72.681999 93.643974 199.367081 85.625679 23.374121 188.666245 89.265068 122.526611 167.895538 110.124771                176 
36.343296 186.290298 72.679680 93.515030 200.169266 85.898933 23.364462 188.632095 89.112045 122.604057 169.245331 110.847046                199 
36.486698 186.244995 72.671989 93.464714 200.629486 86.040131 23.395893 188.573318 89.000122 122.679764 170.038712 111.250343                221 
36.532581 186.180161 72.721642 93.467598 200.636490 86.037422 23.413570 188.543594 88.998352 122.698410 170.103668 111.299583                243 
36.578201 186.146301 72.765831 93.467918 200.637238 86.036461 23.424664 188.535873 88.982803 122.701210 170.116760 111.310661                267 
36.632725 186.002869 72.875702 93.493904 200.643356 85.962654 23.518305 188.375153 89.036064 122.868156 170.193939 111.158997                289 
36.673489 185.875748 72.958084 93.507790 200.647644 85.916130 23.600117 188.242874 89.058968 122.995255 170.263428 111.058899                312 
36.715813 185.761765 73.033180 93.523186 200.646729 85.875061 23.702770 188.136292 89.023750 123.112595 170.318604 110.965721                335 
36.767948 185.611877 73.114311 93.554947 200.622604 85.803589 23.839851 187.978149 89.000389 123.287933 170.341827 110.781441                358 
36.861290 185.383636 73.187431 93.628540 200.549728 85.673218 24.013924 187.734543 89.014900 123.545357 170.336868 110.513443                381 
36.695782 185.111450 73.047028 93.663742 199.818817 85.028519 24.108086 187.240067 89.001137 123.812592 169.011749 108.836952                404 
36.776226 185.046036 73.145256 93.703369 199.804642 85.161530 24.221266 187.243103 88.943161 123.844589 169.063797 109.065041                428 
36.885891 184.950867 73.298538 93.748268 199.773300 85.392593 24.368414 187.250244 88.875374 123.861397 169.132172 109.458961                498 
36.913246 184.932892 73.339264 93.734474 199.818039 85.501755 24.393543 187.245346 88.844765 123.850052 169.222351 109.622833                521 
36.638142 184.421112 73.364174 93.548706 199.346786 84.938362 24.328154 186.853012 88.892197 123.930016 168.795807 108.781242                544 
36.583542 184.191879 73.502022 93.486359 199.233780 84.835861 24.330330 186.948257 88.847855 123.838760 169.034027 109.158211                568 
36.590641 184.200958 73.575836 93.493965 199.185501 84.855156 24.375395 187.056564 88.833389 123.819359 168.997131 109.225281                590 
36.647430 184.129745 73.606270 93.413414 199.500198 84.919945 24.357487 187.109146 88.732422 123.785004 169.731110 109.744064                612 
36.692917 184.151367 73.630608 93.432114 199.511856 84.932747 24.386255 187.135178 88.722008 123.802567 169.745117 109.761093                635 
36.724827 184.181564 73.637100 93.440788 199.509949 84.932571 24.401091 187.182938 88.705193 123.804573 169.725555 109.747917                656 
36.750202 184.278427 73.479378 93.551994 199.197952 84.767334 24.473780 187.227951 88.607147 123.842316 169.002563 109.172348                678 
36.454666 183.310440 73.936707 93.568550 197.820358 83.968300 24.473145 186.916336 89.026596 123.831970 167.992416 108.853813                701 
36.811264 183.828308 73.772881 93.564270 198.994186 84.699387 24.545464 187.258484 88.636909 123.791504 169.494186 110.016068                723 
37.280365 184.303314 73.700020 93.678795 200.169266 85.361725 24.764347 187.582352 88.358070 123.915031 171.077881 111.136337                742 
37.758114 184.614975 74.137360 93.960999 200.902954 86.104500 25.125107 187.851761 88.538582 124.143852 172.225082 112.399834                762 
37.835163 184.763092 74.263947 94.031815 201.038376 86.244278 25.221287 187.868591 88.545258 124.212227 172.339142 112.519096                782 
37.841076 184.832809 74.290810 94.039101 201.092758 86.262161 25.251297 187.803925 88.450447 124.220314 172.380859 112.522209                800 
37.906963 184.908539 74.470688 94.059341 201.363297 86.357536 25.291782 187.845764 88.621468 124.320107 172.845703 112.737495                820 
37.947971 184.929291 74.565315 94.091499 201.449493 86.382301 25.320093 187.824036 88.742561 124.399551 172.997635 112.778954                839 
37.967575 184.949722 74.633141 94.107758 201.503433 86.396080 25.330690 187.801178 88.840286 124.445435 173.095367 112.805870                858 
37.988300 184.970551 74.665680 94.128769 201.535889 86.400146 25.340336 187.773880 88.921890 124.479820 173.152924 112.821556                877 
38.005093 184.986588 74.690620 94.148041 201.553421 86.406258 25.343763 187.742905 88.997246 124.505524 173.178726 112.829163                896 
38.014786 184.987106 74.711502 94.162369 201.548340 86.409134 25.347229 187.702042 89.068657 124.527420 173.168274 112.817551                917 
38.024342 184.985107 74.730316 94.176132 201.542099 86.411270 25.356422 187.671432 89.126511 124.547874 173.156769 112.806351                935 
38.034252 184.979858 74.751671 94.189499 201.537872 86.417549 25.367331 187.637314 89.184158 124.566788 173.153595 112.807373                954 
38.040344 184.977127 74.770378 94.204018 201.533157 86.423782 25.382826 187.612640 89.228462 124.586502 173.147934 112.806610                974 
38.052715 184.972641 74.799522 94.220657 201.539322 86.439415 25.403885 187.593277 89.272110 124.610786 173.166779 112.827065                993 
38.060020 184.968842 74.815773 94.236992 201.544968 86.448692 25.421358 187.568680 89.312912 124.632431 173.187134 112.846039               1015 
38.082153 184.920197 74.841568 94.290596 201.514526 86.341583 25.479328 187.472427 89.425957 124.772247 173.152557 112.634888               1036 
38.096966 184.880066 74.861420 94.341591 201.485550 86.239685 25.526001 187.375839 89.565155 124.904976 173.119720 112.433746               1059 
38.087116 184.835617 74.873100 94.374603 201.451294 86.171432 25.567472 187.277908 89.665802 125.010994 173.080978 112.275192               1083 
38.061882 184.768799 74.874199 94.403778 201.399963 86.098373 25.614738 187.134094 89.763603 125.134163 173.020370 112.081284               1107 
38.032478 184.706207 74.864052 94.436325 201.344772 86.026169 25.665564 186.986237 89.861801 125.261978 172.953827 111.883530               1132 
37.999031 184.726059 74.826378 94.433769 201.329498 86.025856 25.671101 186.948700 89.821709 125.250366 172.923706 111.877693               1157 
37.976288 184.742874 74.804802 94.427086 201.317596 86.030807 25.693970 186.856552 89.724510 125.231850 172.896332 111.879753               1182 
37.967098 184.789764 74.826477 94.446434 201.305298 86.034683 25.734415 186.790100 89.684212 125.251572 172.837189 111.831581               1207 
37.966843 184.862473 74.832390 94.473213 201.286255 86.058922 25.747627 186.812103 89.678780 125.241058 172.754700 111.830215               1233 
37.999577 184.965637 74.873383 94.517105 201.345993 86.127052 25.767706 186.919418 89.721710 125.230652 172.834641 111.985321               1258 
38.018806 185.036407 74.923691 94.554306 201.389801 86.186867 25.784485 186.962662 89.808517 125.239143 172.916611 112.121162               1284 
37.984821 185.120102 75.052132 94.569992 201.437347 86.230698 25.790249 187.026215 90.012413 125.282150 173.002075 112.174263               1309 
37.907829 185.240784 75.184998 94.612030 201.452240 86.176086 25.540844 187.450989 91.176460 125.412331 173.023010 112.021584               1335 
37.306065 186.802719 75.888496 94.557800 201.809006 86.438431 24.878046 189.623627 93.656860 125.159096 172.728287 111.790794               1360 
35.750683 188.280045 75.411758 93.751640 202.237839 85.530800 23.294918 192.446426 96.465179 124.210396 172.975739 110.846077               1383 
35.045593 188.989792 73.902390 93.934418 201.454590 83.772842 22.678728 195.485825 99.680405 124.022049 171.615372 108.857185               1403 
33.117058 192.314362 70.266258 93.046509 203.617828 80.098724 21.313871 202.489136 101.252449 122.643738 174.067490 106.092018               1422 
31.057983 193.313553 63.226921 91.583542 205.306488 73.950256 19.525822 205.994324 97.891113 121.389084 176.910172 100.971504               1437 
29.427725 198.534103 55.471756 91.911034 206.112457 67.929550 19.992289 215.618652 94.728821 119.370461 176.939743 96.561737               1453 
27.994255 198.629303 45.600266 91.468758 207.124893 60.265026 19.302603 215.641281 89.482719 119.690155 178.208267 88.411980               1467 
25.956411 199.487518 34.811520 90.787193 208.236267 52.745434 17.963917 215.469711 82.025261 119.333565 179.930878 81.184471               1479 
23.509144 201.010651 23.360872 89.017349 208.800674 47.450294 14.500533 214.475510 73.204758 116.536674 180.668350 77.049767               1490 
25.127028 207.207489 0.006700 91.728828 210.731995 33.329659 15.414081 212.236511 54.285549 118.173180 181.287857 62.631680               1511 
25.127949 210.139191 -9.463411 90.916435 209.463013 28.935972 13.604400 210.562241 45.963436 115.683952 178.643692 58.289150               1520 
28.281628 216.530182 -29.925291 92.522148 211.083298 16.445246 14.070431 208.696976 27.065105 116.009193 179.898712 46.457737               1539 
30.126766 220.483871 -38.759872 93.942017 211.225693 10.950176 15.195683 207.369675 18.884071 116.944244 179.710587 40.992889               1549 
34.431778 227.679489 -55.049580 98.502335 215.004791 -1.690526 19.835720 205.952744 2.463830 122.240112 184.172745 28.488482               1566 
36.713242 230.601273 -61.592525 99.061874 214.428177 -5.509359 20.750299 204.713760 -6.293828 121.567360 182.857773 24.849859               1575 
42.755699 237.907639 -79.253929 100.403763 215.699600 -17.908159 23.468550 207.133865 -28.387201 119.183784 183.363205 14.131473               1593 
45.385574 240.964005 -86.022331 100.880875 215.508377 -22.957098 24.600319 207.301254 -37.219162 118.066353 182.530579 9.322832               1602 
48.891521 243.938156 -101.411751 102.719452 216.971008 -35.693302 28.310461 204.514389 -55.336998 119.448318 184.593445 -2.576728               1620 
49.492596 245.064926 -109.643509 102.759674 217.702240 -42.522785 29.155491 203.432953 -63.993267 119.173660 186.095444 -8.516002               1629 
52.849930 248.440079 -128.834747 103.046982 220.470627 -57.621933 31.378643 203.571930 -83.430786 117.607430 190.745941 -21.162287               1647 
58.514442 249.881302 -144.493195 104.761597 222.219574 -69.601563 34.555897 204.831253 -98.851982 116.807236 193.906418 -31.155008               1666 
60.629295 250.036057 -150.614410 104.538292 221.442261 -74.436371 35.033882 204.731064 -105.692146 115.133926 193.083664 -35.598351               1674 
61.866043 250.385605 -160.192596 104.569832 219.717743 -83.428955 37.087940 200.908691 -117.795097 114.861092 190.806076 -44.918247               1693 
61.969505 250.313736 -164.022125 104.843864 219.205551 -87.215195 38.326164 198.848831 -122.609116 115.475555 190.182907 -48.880836               1702 
63.513294 248.472641 -175.122375 105.639397 218.736267 -96.942986 41.017761 195.508972 -134.091934 116.192078 190.494858 -58.007992               1720 
63.732403 248.415924 -179.886795 104.585060 218.955612 -100.676216 41.135399 194.962692 -139.240540 114.429771 191.067368 -61.303673               1729 
64.597862 249.929062 -189.286682 105.141197 218.949890 -109.629562 43.989288 193.027298 -150.492310 114.781906 191.047668 -70.216469               1747 
64.817032 250.106125 -193.327576 105.474617 218.983124 -113.303864 45.025303 192.140594 -154.560806 114.966827 191.552811 -73.525154               1757 
64.960823 249.781647 -201.826294 106.060921 220.622574 -120.639450 47.445148 190.621582 -162.305054 115.709007 194.626434 -79.945663               1774 
66.588867 251.548950 -208.935196 106.263405 220.863617 -126.952187 48.710255 190.718903 -169.972565 114.715340 195.166138 -85.805214               1792 
66.272369 252.858765 -212.277588 105.266701 221.978485 -129.560715 49.061287 190.402756 -173.376083 113.217186 196.954117 -87.902084               1801 
66.480827 257.459473 -216.658768 104.322121 222.840530 -133.972107 49.459576 191.028137 -179.420181 111.200584 197.783234 -92.142830               1819 
65.750755 258.563934 -217.704834 104.122490 222.754639 -135.396393 49.635063 190.392258 -181.074615 111.141617 197.673508 -93.604797               1828 
65.755539 260.109344 -223.144608 103.936302 224.946121 -139.999130 49.762123 190.937347 -185.188400 110.603165 201.127029 -97.418922               1846 
65.232605 260.742615 -224.149185 103.845535 225.285431 -141.131317 49.680981 190.706573 -186.146576 110.649132 201.654694 -98.467873               1855 
63.680611 260.464813 -226.356949 103.756332 226.417480 -143.207596 49.408409 190.183304 -186.916977 111.232674 203.780563 -100.119957               1873 
63.384327 260.896576 -227.601807 103.644600 227.429489 -144.209259 49.329941 190.640152 -187.554413 111.148567 205.239563 -100.894524               1882 
62.863190 262.579437 -228.314667 103.708061 228.359100 -145.253998 49.260941 191.222275 -188.347015 111.305061 206.346375 -101.865112               1901 
62.517071 263.708740 -228.154236 103.716690 228.446854 -145.555435 49.255035 191.330765 -188.809982 111.371658 206.223221 -102.284409               1909 
62.102665 266.134857 -228.149612 103.495033 228.781464 -146.245422 49.337818 191.718613 -190.173706 110.962257 206.181931 -103.136597               1941 
62.063236 266.232086 -228.149872 103.474419 228.792969 -146.278000 49.347015 191.723618 -190.243561 110.936867 206.175659 -103.177673               1942 
63.505524 269.674133 -230.658493 101.526680 228.242081 -148.695740 49.907360 192.176834 -196.445602 106.865295 204.439575 -105.919464               1974 
64.213318 271.699585 -231.783646 101.263336 228.888000 -149.928925 50.199696 193.094696 -198.510147 105.931282 204.940811 -107.154961               1989 
63.782333 270.073914 -236.863556 101.041885 230.581161 -153.276276 51.434189 191.498062 -201.018402 105.666229 208.510910 -109.499702               2009 
63.714252 270.390106 -238.300201 100.808754 231.040283 -154.479156 51.891773 191.158615 -202.482315 105.244049 209.204102 -110.565842               2018 
65.051987 271.857086 -239.202011 101.798599 230.544464 -155.970856 52.943832 190.766754 -204.646866 105.785713 208.403275 -112.167419               2041 
65.609184 272.544098 -239.824844 102.191788 230.383240 -156.855255 53.413979 190.585632 -205.791916 105.964241 208.177887 -113.065300               2052 
65.435768 272.208710 -240.373245 102.738525 229.798218 -157.756683 53.898781 189.599701 -206.545456 106.766281 207.609970 -113.980797               2063 
64.982315 271.234253 -241.708084 102.842499 229.914719 -158.724106 54.095272 188.649841 -206.937805 107.067619 208.313171 -114.674232               2076 
65.003288 270.744293 -242.727722 103.233017 229.993500 -159.573212 54.522923 188.256500 -207.437988 107.556625 208.751740 -115.358238               2088 
64.386841 270.296814 -242.858276 103.568428 229.497009 -160.115509 54.590874 187.752182 -207.678421 108.301338 208.232010 -115.953651               2101 
64.181396 270.167175 -243.031509 103.938362 229.227966 -160.566360 54.700684 187.641785 -207.948013 108.856354 207.964035 -116.424232               2114 
63.963516 270.143738 -243.183334 104.178658 229.032837 -160.960449 54.872120 187.573074 -208.316742 109.209801 207.737061 -116.846420               2128 
63.747318 270.154663 -243.246338 104.311699 228.905289 -161.207367 54.952328 187.583099 -208.568451 109.416397 207.574692 -117.118629               2143 
63.791508 270.322571 -243.293976 104.413879 228.804474 -161.383545 55.078190 187.723694 -208.933640 109.481102 207.343918 -117.353584               2158 
63.695766 270.376282 -243.287476 104.516281 228.674026 -161.538345 55.087807 187.772415 -209.162735 109.633904 207.092560 -117.573357               2173 
63.266506 270.005280 -243.410522 104.623970 228.678329 -161.702271 55.024593 187.621033 -209.040573 109.954262 207.220901 -117.701859               2188 
62.972889 269.684174 -243.543564 104.873329 228.725693 -161.888779 54.994320 187.551544 -208.876816 110.419952 207.401550 -117.850311               2203 
63.121414 269.513092 -243.777008 105.199860 228.856628 -162.033066 55.114571 187.628326 -208.759476 110.780647 207.704498 -117.916039               2219 
63.043468 269.366486 -243.889252 105.378883 228.945770 -162.139053 55.133305 187.622711 -208.628784 111.046898 207.918213 -117.973625               2234 
62.974838 269.261993 -243.964310 105.505348 229.008743 -162.213928 55.168095 187.615128 -208.543106 111.235153 208.069214 -118.014656               2251 
63.180855 269.345428 -244.380249 105.581696 229.242676 -162.471893 55.204647 187.839706 -208.741150 111.201866 208.429550 -118.198914               2266 
63.142746 269.402618 -244.347015 105.605446 229.210358 -162.501572 55.125858 187.878723 -208.762161 111.220833 208.367523 -118.241959               2282 
63.021301 269.542633 -244.349121 105.639282 229.197876 -162.641983 54.981190 187.960388 -208.911301 111.279594 208.258606 -118.431091               2334 
62.909348 269.566620 -244.350586 105.628517 229.182922 -162.705978 54.961105 187.973389 -208.998428 111.291931 208.202347 -118.517616               2353 
62.682102 269.506012 -244.259933 105.613251 229.063232 -162.731171 54.885529 187.971924 -209.044952 111.315247 208.016434 -118.579285               2371 
62.576744 269.579468 -244.121750 105.660149 229.001724 -162.719238 54.853458 188.078796 -209.057907 111.376816 207.891541 -118.599518               2392 
62.425957 269.551971 -244.071594 105.674393 228.989716 -162.730133 54.834469 188.109802 -209.058792 111.417488 207.864838 -118.620880               2414 
62.252892 269.498291 -244.028076 105.684074 228.973572 -162.746979 54.803493 188.122299 -209.055023 111.459976 207.832794 -118.649635               2437 
62.089745 269.444489 -243.986664 105.692345 228.963058 -162.760498 54.775890 188.143326 -209.053879 111.494362 207.807495 -118.673668               2459 
61.865486 269.163605 -243.916779 105.690903 228.782883 -162.747925 54.604984 187.977280 -208.872101 111.556931 207.683411 -118.642685               2482 
61.803051 269.186584 -243.871109 105.566307 228.677338 -162.721069 54.479473 187.997040 -208.956573 111.346001 207.523087 -118.630669               2504 
61.546669 268.993134 -243.813873 105.390541 228.650986 -162.613831 54.314049 187.888947 -208.785812 111.161781 207.584106 -118.480515               2525 
61.572884 269.290131 -242.854187 105.225464 228.001419 -162.015427 53.806816 188.090225 -208.492645 110.845627 206.549835 -118.048241               2545 
61.652199 269.264069 -242.447708 104.980873 228.007187 -161.403580 53.199642 188.385895 -207.710602 110.372032 206.732712 -117.321815               2565 
60.613998 269.849457 -239.413162 104.391632 228.342575 -158.719284 51.239380 189.394073 -204.024231 109.976128 207.299896 -114.550423               2584 
61.233822 271.592560 -238.156372 102.669525 230.287155 -156.101547 48.820454 192.247879 -201.223206 106.936989 210.147842 -111.368271               2604 
57.551796 274.714294 -226.537918 100.721069 229.678421 -147.363892 44.730019 194.551041 -191.932373 105.927788 208.043411 -103.435692               2624 
55.096786 277.726257 -218.705399 98.365677 232.222412 -139.817703 41.350445 198.213593 -183.458069 103.623917 210.929581 -95.728752               2641 
53.142750 277.216949 -215.204361 96.423264 233.245499 -135.431686 38.985203 198.821762 -177.941666 101.650871 213.129562 -90.789886               2657 
48.471313 278.118073 -204.336655 95.756340 232.361374 -127.901192 36.615170 198.906342 -168.542038 103.190315 211.171631 -84.076530               2670 
44.135330 277.658173 -194.838287 94.331406 231.876846 -120.284424 33.649059 198.891342 -158.559250 103.416794 210.753891 -76.739662               2684 
42.418934 276.640320 -192.498779 92.909492 232.935043 -116.897507 31.789118 199.292938 -153.679596 102.174149 213.179901 -72.752625               2693 
39.437016 276.146881 -188.321884 91.373222 233.714996 -112.963997 29.141703 199.985672 -147.639832 101.474030 214.837769 -68.618835               2704 
36.426296 275.428528 -182.968414 89.926781 233.916916 -108.193291 26.526527 200.521927 -140.730240 100.948593 215.713776 -63.785690               2714 
28.151661 267.316498 -180.433304 84.415039 233.716949 -103.730545 20.027222 197.691101 -131.040894 96.886017 219.786469 -58.175240               2733 
24.241138 263.607635 -178.091614 82.613785 232.992737 -101.713379 16.144091 198.226883 -124.878731 96.351852 221.060013 -55.955921               2742 
15.068017 259.596191 -165.825485 77.944389 231.789948 -91.984406 8.307380 200.100677 -108.537682 94.361229 221.894135 -46.625504               2760 
10.991050 257.420471 -159.812164 76.270187 230.747162 -87.670448 5.595106 200.029861 -100.822266 94.172195 222.030746 -42.632557               2769 
3.858173 252.615860 -146.110779 72.431358 229.337051 -75.899834 0.800998 199.346893 -83.316628 92.510887 223.718216 -31.289173               2787 
1.103762 251.303833 -138.225311 71.225960 228.647125 -69.369987 -0.704067 199.020386 -74.452721 92.364586 223.895630 -25.149500               2796 
-3.676537 247.398621 -129.988724 69.530075 227.505508 -63.558838 -2.483962 197.490646 -64.309334 92.577225 224.598770 -20.139380               2805 
14.186570 184.164825 -84.788940 66.960556 224.568771 -50.820618 -5.602190 196.988708 -41.714554 93.700012 225.990982 -9.494493               2823 
14.127067 179.660553 -74.751732 66.051010 223.890564 -46.743664 -7.786129 200.695053 -35.378475 94.050598 223.684464 -6.236257               2832 
14.115158 179.745255 -66.282013 65.713676 223.769501 -40.544945 -10.092088 206.120743 -28.937607 93.355370 221.518646 0.145839               2841 
12.185739 180.321274 -46.278843 65.314011 222.404388 -25.764736 -10.945865 210.695023 -8.412547 95.558594 216.372040 12.624656               2859 
10.502831 176.804153 -27.920473 63.876610 219.159225 -12.226792 -12.150741 211.273575 9.302466 95.510193 213.258530 25.047428               2877 
11.703215 174.584564 -21.529730 62.211098 219.019104 -9.333071 -13.584979 211.024597 13.632099 94.385094 213.561737 27.544033               2886 
16.861809 175.072403 -5.089515 64.743462 219.687698 4.534935 -10.737342 213.102997 28.953033 97.564751 209.920425 39.921841               2904 
17.303637 176.807327 0.211669 64.915176 221.178558 9.298212 -9.799564 214.689758 35.954670 98.723404 208.771591 42.883041               2913 
17.900806 178.934952 6.094826 66.064995 222.430176 15.057607 -8.344261 217.535645 42.745975 100.000252 207.672073 47.545551               2922 
28.040569 178.126907 6.879283 77.669952 219.584351 16.600620 1.843285 220.239349 40.440617 108.921494 203.588120 51.130779               2940 
17.264372 178.163864 28.439461 71.125763 215.202713 31.437193 -2.035663 224.877411 60.873997 103.478569 198.233185 64.455376               2958 
17.038040 177.401917 38.454601 71.243874 214.076843 35.185375 0.278371 226.999100 68.521385 105.585556 199.323395 67.245544               2967 
18.608448 173.855362 53.102493 73.339729 210.025955 43.706646 4.868898 228.647903 80.018379 109.493027 198.730759 75.174522               2985 
18.933363 169.288467 53.684887 71.034515 210.361816 46.588684 0.882357 224.237885 82.447792 107.416374 201.749680 78.636475               2994 
17.359241 168.073441 58.259373 68.554131 210.954498 53.543789 -1.255895 229.134338 90.344841 104.350716 202.866318 86.377548               3012 
14.026492 180.261688 58.302738 72.432762 213.010590 57.701832 9.234003 242.407440 100.192902 106.118042 194.154617 88.273453               3022 
14.157856 184.142685 55.328957 74.838242 212.347153 59.885124 14.130287 244.012604 104.998123 106.066605 187.924103 89.094269               3031 
15.066870 182.875275 57.199505 75.374794 212.528824 61.526749 17.449724 242.611343 111.290115 108.321388 187.574829 88.297821               3049 
15.326143 181.726700 56.833927 76.566353 209.658371 61.742329 20.086119 239.320465 113.180809 109.209389 182.885605 87.090317               3058 
15.991289 182.628479 59.417084 77.220306 211.379929 66.492218 19.256182 240.720779 116.295700 109.691399 185.361572 92.827415               3076 
15.577765 182.962006 59.150242 77.039085 211.162643 68.219307 18.447405 239.835754 117.589859 108.943489 184.449127 94.551147               3085 
14.751974 184.358551 58.494724 76.876732 210.955811 69.499100 18.257727 240.336670 118.401939 107.743393 183.161621 95.949089               3094 
16.112368 169.260330 63.179058 73.605377 206.917664 69.674965 12.211329 229.503098 118.699753 109.843704 187.474762 96.760506               3112 
17.400656 165.969772 64.151657 73.478714 206.415878 69.591309 11.183874 227.280869 118.189598 110.760399 189.640488 97.041840               3121 
15.818272 168.131424 64.763748 72.259079 208.168671 70.643227 10.438396 227.817139 119.923996 109.782547 190.550735 97.222672               3131 
19.838245 174.487915 63.650513 75.513809 214.566788 74.829094 13.860897 222.455109 125.923180 114.270248 193.812210 97.011414               3157 
19.846851 175.827011 64.197899 76.314384 214.938110 75.420158 14.985326 222.529480 126.504280 115.017059 193.395630 96.935127               3167 
20.591776 173.446991 64.474907 76.897423 213.735718 75.608444 14.537539 218.635895 123.820374 116.244598 193.636581 97.349968               3184 
20.773157 173.808731 64.908043 77.158302 214.061890 76.032806 14.473578 217.952774 122.888855 116.570503 193.917450 97.614044               3193 
20.957619 176.396500 67.119141 80.029991 212.453522 78.746719 17.034361 216.164139 122.533333 118.332977 189.014023 98.954163               3211 
23.407843 175.540298 68.381874 81.620209 212.614288 81.135368 17.612194 209.771851 118.821136 120.622391 189.391541 100.224716               3230 
24.257990 176.050415 70.405296 82.833687 212.943390 82.078560 19.239634 207.883713 117.779610 122.298164 189.501236 99.908028               3239 
24.609774 176.810455 71.992897 83.463036 213.484726 83.342445 19.573578 207.121567 116.399345 122.944992 189.975922 101.045013               3248 
24.892311 180.178085 73.550201 85.451599 214.355789 84.710327 22.177233 206.522903 117.088699 124.876472 188.845306 99.534760               3267 
24.140549 181.360840 74.940651 85.616737 214.077698 86.026733 22.387836 205.762695 116.878799 124.759323 187.575180 99.823288               3275 
23.460840 182.663788 75.926254 86.052834 214.138229 86.484482 22.476116 205.885742 115.589561 124.882751 187.258041 100.433037               3285 
23.375032 183.205887 76.309113 86.484589 214.057922 86.787209 22.653917 205.521637 114.959366 125.161621 186.960037 100.739326               3293 
23.268583 183.375824 75.722031 87.040451 213.284973 87.249008 21.984770 204.800247 112.302101 124.976158 186.104599 102.964584               3311 
23.130505 183.329163 75.976898 87.195007 213.070648 87.293663 22.002573 203.056152 110.053322 125.147896 185.957123 103.083061               3330 
22.888302 183.371735 76.296509 87.458939 212.140335 87.841629 21.899527 202.225082 108.683990 124.897072 184.609634 104.130150               3339 
24.028271 183.142578 77.158165 89.129311 211.776108 86.735939 24.099155 200.825104 108.687332 127.094589 184.277481 101.813507               3351 
25.162800 181.636963 77.551842 90.280670 210.727768 85.744377 25.118624 199.900482 107.344017 128.266037 184.049942 102.184402               3368 
25.546320 181.128632 77.329208 90.186829 211.389236 85.169769 25.060728 199.395386 106.494308 128.552826 185.634552 102.187859               3378 
25.320250 180.960480 76.958298 89.996559 211.304733 85.257851 24.561754 198.528564 105.586456 128.268890 185.862427 102.943611               3397 
25.011284 181.058899 76.741982 89.928589 211.247925 85.305229 24.365013 198.062729 105.063301 128.141541 185.940201 103.309662               3407 
24.963570 181.271500 76.407646 90.156830 211.107330 85.330414 24.475098 197.395172 104.352737 128.260666 185.673950 103.388939               3418 
25.300323 181.127396 75.987000 90.701591 210.714920 84.848030 25.009291 196.438782 102.891670 128.690582 185.293945 103.164139               3428 
25.407452 181.162247 75.889671 90.891060 210.580566 84.856506 25.186348 195.560745 101.476776 128.694427 185.192169 103.596954               3439 
999.000000 999.000000 999.000000 999.000000 999.000000 999.000000 999.000000 999.000000 999.000000 999.000000 999.000000 999.000000             3450.0 
999.000000 999.000000 999.000000 999.000000 999.000000 999.000000 999.000000 999.000000 999.000000 999.000000 999.000000 999.000000             3462.0 
999.000000 999.000000 999.000000 999.000000 999.000000 999.000000 999.000000 999.000000 999.000000 999.000000 999.000000 999.000000             3473.0 
999.000000 999.000000 999.000000 999.000000 999.000000 999.000000 999.000000 999.000000 999.000000 999.000000 999.000000 999.000000             3486.0 
999.000000 999.000000 999.000000 999.000000 999.000000 999.000000 999.000000 999.000000 999.000000 999.000000 999.000000 999.000000             3496.0 
999.000000 999.000000 999.000000 999.000000 999.000000 999.000000 999.000000 999.000000 999.000000 999.000000 999.000000 999.000000             3508.0 
999.000000 999.000000 999.000000 999.000000 999.000000 999.000000 999.000000 999.000000 999.000000 999.000000 999.000000 999.000000             3520.0 
999.000000 999.000000 999.000000 999.000000 999.000000 999.000000 999.000000 999.000000 999.000000 999.000000 999.000000 999.000000             3533.0 
999.000000 999.000000 999.000000 999.000000 999.000000 999.000000 999.000000 999.000000 999.000000 999.000000 999.000000 999.000000             3545.0 
999.000000 999.000000 999.000000 999.000000 999.000000 999.000000 999.000000 999.000000 999.000000 999.000000 999.000000 999.000000             3558.0 
999.000000 999.000000 999.000000 999.000000 999.000000 999.000000 999.000000 999.000000 999.000000 999.000000 999.000000 999.000000             3572.0 
999.000000 999.000000 999.000000 999.000000 999.000000 999.000000 999.000000 999.000000 999.000000 999.000000 999.000000 999.000000             3587.0 
999.000000 999.000000 999.000000 999.000000 999.000000 999.000000 999.000000 999.000000 999.000000 999.000000 999.000000 999.000000             3603.0 
999.000000 999.000000 999.000000 999.000000 999.000000 999.000000 999.000000 999.000000 999.000000 999.000000 999.000000 999.000000             3619.0 
999.000000 999.000000 999.000000 999.000000 999.000000 999.000000 999.000000 999.000000 999.000000 999.000000 999.000000 999.000000             3636.0 
999.000000 999.000000 999.000000 999.000000 999.000000 999.000000 999.000000 999.000000 999.000000 999.000000 999.000000 999.000000             3654.0 
999.000000 999.000000 999.000000 999.000000 999.000000 999.000000 999.000000 999.000000 999.000000 999.000000 999.000000 999.000000             3673.0 
999.000000 999.000000 999.000000 999.000000 999.000000 999.000000 999.000000 999.000000 999.000000 999.000000 999.000000 999.000000             3692.0 
999.000000 999.000000 999.000000 999.000000 999.000000 999.000000 999.000000 999.000000 999.000000 999.000000 999.000000 999.000000             3711.0 
999.000000 999.000000 999.000000 999.000000 999.000000 999.000000 999.000000 999.000000 999.000000 999.000000 999.000000 999.000000             3731.0 
999.000000 999.000000 999.000000 999.000000 999.000000 999.000000 999.000000 999.000000 999.000000 999.000000 999.000000 999.000000             3750.0 
999.000000 999.000000 999.000000 999.000000 999.000000 999.000000 999.000000 999.000000 999.000000 999.000000 999.000000 999.000000             3769.0 
999.000000 999.000000 999.000000 999.000000 999.000000 999.000000 999.000000 999.000000 999.000000 999.000000 999.000000 999.000000             3789.0 
999.000000 999.000000 999.000000 999.000000 999.000000 999.000000 999.000000 999.000000 999.000000 999.000000 999.000000 999.000000             3808.0 
999.000000 999.000000 999.000000 999.000000 999.000000 999.000000 999.000000 999.000000 999.000000 999.000000 999.000000 999.000000             3866.0 
999.000000 999.000000 999.000000 999.000000 999.000000 999.000000 999.000000 999.000000 999.000000 999.000000 999.000000 999.000000             3885.0 
999.000000 999.000000 999.000000 999.000000 999.000000 999.000000 999.000000 999.000000 999.000000 999.000000 999.000000 999.000000             3904.0 
999.000000 999.000000 999.000000 999.000000 999.000000 999.000000 999.000000 999.000000 999.000000 999.000000 999.000000 999.000000             3924.0 
999.000000 999.000000 999.000000 999.000000 999.000000 999.000000 999.000000 999.000000 999.000000 999.000000 999.000000 999.000000             3943.0 
999.000000 999.000000 999.000000 999.000000 999.000000 999.000000 999.000000 999.000000 999.000000 999.000000 999.000000 999.000000             3962.0 
999.000000 999.000000 999.000000 999.000000 999.000000 999.000000 999.000000 999.000000 999.000000 999.000000 999.000000 999.000000             3982.0 
999.000000 999.000000 999.000000 999.000000 999.000000 999.000000 999.000000 999.000000 999.000000 999.000000 999.000000 999.000000             4001.0 
999.000000 999.000000 999.000000 999.000000 999.000000 999.000000 999.000000 999.000000 999.000000 999.000000 999.000000 999.000000             4020.0 
999.000000 999.000000 999.000000 999.000000 999.000000 999.000000 999.000000 999.000000 999.000000 999.000000 999.000000 999.000000             4040.0 
999.000000 999.000000 999.000000 999.000000 999.000000 999.000000 999.000000 999.000000 999.000000 999.000000 999.000000 999.000000             4059.0 
999.000000 999.000000 999.000000 999.000000 999.000000 999.000000 999.000000 999.000000 999.000000 999.000000 999.000000 999.000000             4078.0 
999.000000 999.000000 999.000000 999.000000 999.000000 999.000000 999.000000 999.000000 999.000000 999.000000 999.000000 999.000000             4098.0 
999.000000 999.000000 999.000000 999.000000 999.000000 999.000000 999.000000 999.000000 999.000000 999.000000 999.000000 999.000000             4117.0 
999.000000 999.000000 999.000000 999.000000 999.000000 999.000000 999.000000 999.000000 999.000000 999.000000 999.000000 999.000000             4136.0 
999.000000 999.000000 999.000000 999.000000 999.000000 999.000000 999.000000 999.000000 999.000000 999.000000 999.000000 999.000000             4156.0 
999.000000 999.000000 999.000000 999.000000 999.000000 999.000000 999.000000 999.000000 999.000000 999.000000 999.000000 999.000000             4175.0 
999.000000 999.000000 999.000000 999.000000 999.000000 999.000000 999.000000 999.000000 999.000000 999.000000 999.000000 999.000000             4194.0 
999.000000 999.000000 999.000000 999.000000 999.000000 999.000000 999.000000 999.000000 999.000000 999.000000 999.000000 999.000000             4214.0 
999.000000 999.000000 999.000000 999.000000 999.000000 999.000000 999.000000 999.000000 999.000000 999.000000 999.000000 999.000000             4233.0 
999.000000 999.000000 999.000000 999.000000 999.000000 999.000000 999.000000 999.000000 999.000000 999.000000 999.000000 999.000000             4252.0 
999.000000 999.000000 999.000000 999.000000 999.000000 999.000000 999.000000 999.000000 999.000000 999.000000 999.000000 999.000000             4271.0 
999.000000 999.000000 999.000000 999.000000 999.000000 999.000000 999.000000 999.000000 999.000000 999.000000 999.000000 999.000000             4291.0 
999.000000 999.000000 999.000000 999.000000 999.000000 999.000000 999.000000 999.000000 999.000000 999.000000 999.000000 999.000000             4310.0 
24.115244 221.727768 24.749147 94.573967 197.679718 83.078423 28.832054 187.274612 88.939651 129.804764 181.179581 113.267914               4329 
23.308947 222.053085 23.164806 93.098373 197.756271 82.209122 27.811113 188.146988 86.852493 127.910858 181.194382 112.846756               4349 
22.893501 222.389343 22.682516 92.365952 197.835129 82.011017 27.611559 188.283859 85.562073 126.974693 181.191498 112.834610               4368 
22.642950 222.571732 22.289248 91.952271 198.354614 81.964523 27.825298 188.425903 84.448921 126.454018 181.936508 113.028084               4387 
22.546515 222.751846 22.199360 91.822151 198.485550 81.907761 28.142881 188.364960 83.726234 126.281387 182.077942 113.024010               4408 
22.490818 222.868378 22.154034 91.749367 198.558807 81.875999 28.332472 188.330978 83.307701 126.185097 182.157578 113.021629               4428 
22.453600 222.955444 22.144835 91.705666 198.594757 81.862434 28.431372 188.344604 83.092087 126.125198 182.186905 113.022476               4448 
22.334166 223.140533 21.951281 91.420021 198.748688 81.856499 28.278667 188.665970 82.804794 125.726517 182.345306 113.143288               4468 
22.223185 223.306580 21.799391 91.175339 198.867554 81.848236 28.192215 188.875031 82.495316 125.388397 182.459793 113.234886               4487 
22.139750 223.429153 21.690596 90.996590 198.954391 81.842201 28.152470 188.990646 82.232277 125.141594 182.544571 113.301796               4506 
22.080233 223.565063 21.614855 90.867813 199.009399 81.822472 28.116659 189.084808 82.040222 124.962799 182.583923 113.328110               4526 
22.008493 223.671753 21.563150 90.729324 199.036057 81.819099 28.057442 189.132431 81.880829 124.780357 182.586868 113.359894               4546 
21.940691 223.755463 21.542931 90.629158 199.060867 81.816940 28.027277 189.155029 81.760445 124.655136 182.594849 113.375977               4565 
21.870483 223.805496 21.541012 90.577934 199.079865 81.787064 28.041080 189.147934 81.666275 124.607826 182.613617 113.341766               4584 
21.792831 223.845261 21.538816 90.538231 199.110474 81.744568 28.042366 189.188507 81.623642 124.582016 182.656204 113.290535               4604 
21.706499 223.906647 21.560289 90.498039 199.164566 81.716537 28.050316 189.234665 81.584595 124.559639 182.717056 113.246780               4623 
21.643126 223.978928 21.568085 90.468605 199.219299 81.683815 28.055359 189.306488 81.556053 124.543205 182.777039 113.202751               4644 
21.527365 223.985916 21.588779 90.414116 199.301056 81.670792 28.077374 189.288147 81.497017 124.520889 182.910400 113.181801               4666 
21.424271 224.138123 21.557127 90.289597 199.484985 81.679054 27.987242 189.499573 81.461296 124.379578 183.117035 113.220016               4689 
21.334335 224.299789 21.546383 90.192680 199.675079 81.690804 27.912968 189.732666 81.459190 124.271446 183.326584 113.253975               4713 
21.249977 224.385132 21.571800 90.170738 199.801880 81.666382 27.928698 189.867416 81.461342 124.273949 183.480438 113.217155               4738 
21.208590 224.429794 21.619938 90.165550 199.822906 81.665565 28.014921 189.767502 81.342537 124.285439 183.491043 113.192902               4762 
21.085613 224.454666 21.702957 90.169464 199.985123 81.662521 28.148907 189.802521 81.300613 124.349937 183.730255 113.164024               4787 
20.982086 224.488434 21.779203 90.172783 200.125320 81.660858 28.296579 189.784943 81.206635 124.404991 183.929367 113.136505               4812 
20.906759 224.569336 21.834900 90.134804 200.277161 81.704834 28.437031 189.776291 81.052414 124.379837 184.123810 113.188423               4837 
20.845587 224.624954 21.881088 90.096794 200.416275 81.760475 28.575901 189.754929 80.897354 124.346489 184.308960 113.262589               4862 
20.808176 224.608917 21.952425 90.099388 200.453598 81.808586 28.731733 189.595490 80.767120 124.367279 184.375854 113.306007               4886 
20.748560 224.560654 22.088003 90.113182 200.515289 81.905205 28.896072 189.404129 80.715431 124.420761 184.496994 113.389702               4911 
20.693647 224.489929 22.230232 90.140648 200.570694 82.005241 29.057972 189.201431 80.700729 124.493958 184.623657 113.476044               4936 
20.654774 224.421310 22.353260 90.176399 200.622299 82.093033 29.183786 189.051712 80.727249 124.571114 184.746368 113.554565               4960 
20.609087 224.336594 22.481720 90.205353 200.673798 82.192299 29.320984 188.877380 80.743378 124.642792 184.878113 113.647484               4985 
20.557127 224.270355 22.593645 90.227211 200.715683 82.264336 29.433788 188.723251 80.755531 124.708031 184.988647 113.706398               5010 
20.475727 224.243622 22.634830 90.147942 200.677689 82.299614 29.431667 188.563766 80.678719 124.632744 184.953674 113.738823               5034 
20.350704 224.214035 22.709682 90.062401 200.622910 82.318352 29.444057 188.366608 80.589127 124.570412 184.887329 113.726280               5059 
20.264404 224.199524 22.759184 90.006912 200.595352 82.326599 29.479692 188.231430 80.503998 124.532028 184.853088 113.712379               5083 
20.197960 224.174240 22.799911 89.994736 200.612625 82.320198 29.574837 188.120438 80.418579 124.550461 184.893082 113.683670               5108 
20.132038 224.173050 22.842789 89.973579 200.608795 82.308418 29.640848 188.021591 80.343575 124.555817 184.890915 113.643486               5133 
20.020155 224.184555 22.939907 89.928337 200.530289 82.290016 29.661676 187.894852 80.296791 124.547256 184.765900 113.561157               5158 
19.989532 224.169647 22.985811 89.927895 200.534561 82.305725 29.721737 187.826309 80.272705 124.567284 184.782761 113.560539               5184 
19.921385 224.157898 23.078846 89.921379 200.469116 82.301567 29.784477 187.660843 80.230644 124.600624 184.691467 113.499092               5209 
19.817442 224.171448 23.140190 89.879509 200.398941 82.251160 29.818529 187.507629 80.139366 124.599098 184.578598 113.382126               5234 
19.618917 224.170090 23.308325 89.852333 200.314972 82.179184 29.869583 187.374115 80.083473 124.641327 184.407990 113.188255               5260 
19.293371 223.845123 23.562195 89.829872 200.243637 82.148026 29.947042 187.245895 80.049156 124.678902 184.256866 113.048470               5282 
18.876469 223.288559 23.905884 89.844559 200.158249 82.111465 30.058804 187.105988 80.048531 124.770607 184.086884 112.880806               5302 
18.502148 222.811172 24.209940 89.856346 200.120865 82.087379 30.188248 187.057938 80.015419 124.827148 183.971313 112.764816               5323 
