23.137365 190.413956 64.393967 95.144630 204.214417 92.634483 34.905106 187.944183 81.150864 120.593460 172.007202 121.884911                  0 
23.080671 190.717041 64.178535 95.098595 204.135132 92.686462 34.838844 188.115295 80.979118 120.365898 171.756165 121.904594                 22 
23.105589 190.918167 64.024620 95.092453 204.393890 92.683434 34.860584 188.344009 80.885826 120.285225 172.136551 122.099792                 45 
23.125681 190.928970 63.958046 95.093056 204.596237 92.666069 34.907597 188.362854 80.845879 120.393745 172.416565 122.074875                 67 
23.130955 190.937973 63.902153 95.088760 204.725159 92.660530 34.922527 188.376923 80.818344 120.465759 172.592758 122.055275                 90 
23.131231 190.950989 63.853687 95.085457 204.824173 92.656281 34.925850 188.390884 80.799927 120.520981 172.728287 122.040329                114 
23.127953 190.906128 63.794186 95.040176 204.979218 92.676132 34.912666 188.376175 80.776772 120.559578 172.968613 122.080452                137 
22.985149 190.957581 63.581688 94.938057 204.689423 92.756073 34.801502 188.178482 80.668991 120.459007 172.441452 121.898544                161 
22.819872 191.218033 63.305676 94.903885 204.642227 92.774773 34.745956 188.131973 80.652206 120.450760 172.365509 121.862656                185 
22.562874 191.665100 62.869862 94.760139 204.350525 92.784637 34.504791 188.218994 80.461571 120.103188 171.809326 121.755913                209 
22.221062 192.177246 62.442280 94.418961 204.213257 92.921974 34.117546 188.431229 80.247421 119.497246 171.423050 121.842827                233 
22.157204 191.699249 62.535088 94.290619 204.580063 93.012024 34.141273 188.098648 80.464508 119.703430 172.269760 122.179939                257 
22.140297 191.615082 62.592415 94.311684 204.548203 93.025139 34.153893 188.001892 80.532913 119.800186 172.261673 122.153320                280 
22.082302 191.474457 62.621048 94.278351 204.607498 93.070480 34.161381 187.836166 80.633392 119.893440 172.460571 122.241974                304 
21.997227 191.564926 62.569759 94.268013 204.603119 93.100922 34.147423 187.785538 80.686127 119.927284 172.471085 122.249985                327 
21.869097 191.770096 62.367893 94.260323 204.597061 93.103401 34.139294 187.715485 80.711632 119.967010 172.499725 122.248917                351 
21.755566 191.832199 62.286461 94.227806 204.615158 93.121101 34.106754 187.634979 80.778923 120.000481 172.590668 122.288467                375 
21.556211 191.695236 62.255276 94.101143 204.523575 93.130455 33.985531 187.391144 80.863861 119.998032 172.576324 122.272491                398 
21.383238 191.179718 62.355293 93.920769 204.745331 93.093903 33.911274 187.026672 81.051003 120.137032 173.236649 122.427231                422 
21.300859 190.851654 62.451595 93.864212 204.807434 93.052872 33.881573 186.796799 81.189056 120.257126 173.554901 122.501587                445 
21.241180 190.962082 62.705074 94.043579 203.648346 93.357872 33.817314 186.444809 81.353371 120.228195 171.623795 122.155937                468 
20.973373 190.528244 62.470634 93.765892 203.196899 93.303017 33.533703 185.984512 81.219772 119.907784 171.235046 122.209328                491 
20.787521 190.282745 62.299881 93.582649 202.922424 93.258163 33.335281 185.712646 81.123505 119.705009 170.998581 122.224075                514 
20.656054 190.130066 62.185497 93.464607 202.713806 93.219742 33.194546 185.541061 81.048538 119.571098 170.793091 122.203415                537 
20.531847 190.050247 62.038124 93.344742 202.611816 93.162926 33.048897 185.465256 80.944679 119.435158 170.721497 122.194489                560 
20.437628 190.015930 61.907124 93.256950 202.541916 93.103050 32.923187 185.444748 80.845566 119.326210 170.669846 122.173622                582 
20.468916 189.658951 62.028111 93.281242 202.989685 92.961586 32.999592 185.392059 81.000877 119.627708 171.618851 122.325996                605 
20.468410 189.664154 62.053097 93.300606 202.971298 92.970741 32.963177 185.423279 81.011490 119.664444 171.583740 122.301666                627 
20.640032 189.321091 62.390717 93.468460 203.410324 93.029274 33.219765 185.284561 81.353256 120.199554 172.427200 122.457626                650 
20.669096 189.281403 62.450615 93.498993 203.511047 93.132668 33.266678 185.240692 81.471283 120.307884 172.627060 122.594437                672 
20.671457 189.301453 62.451046 93.526443 203.558044 93.198975 33.266426 185.229553 81.551735 120.382019 172.722412 122.668884                695 
20.669752 189.397964 62.445316 93.587082 203.583282 93.262329 33.272621 185.242584 81.652924 120.491539 172.754684 122.694984                717 
20.651814 189.527405 62.391399 93.638664 203.604767 93.316216 33.254345 185.259018 81.743729 120.584663 172.782181 122.717148                740 
20.622059 189.653503 62.313011 93.665848 203.606079 93.350487 33.194191 185.286743 81.795250 120.633751 172.768219 122.715294                762 
20.585091 189.754242 62.198967 93.666283 203.601685 93.358917 33.153477 185.285828 81.779373 120.642006 172.752655 122.704811                786 
20.550159 189.852966 62.086250 93.649834 203.614532 93.371101 33.118336 185.290878 81.740913 120.623260 172.752670 122.705612                808 
20.521038 189.982666 61.966110 93.632156 203.658981 93.379326 33.069565 185.342865 81.698929 120.590591 172.786118 122.716049                831 
20.577135 190.138245 61.853436 93.705238 203.866089 93.307381 33.130260 185.466187 81.640747 120.702927 173.057831 122.675903                854 
20.590981 190.496414 61.742947 93.787346 203.898483 93.269173 33.101440 185.717453 81.581558 120.691116 172.969894 122.597359                878 
20.711843 190.932510 61.736881 93.980087 204.175888 93.243599 33.192165 186.141434 81.631691 120.809677 173.264313 122.657562                901 
20.833784 191.206741 61.726322 94.116302 204.353226 93.313225 33.273239 186.399124 81.676086 120.866920 173.467255 122.825829                925 
20.951450 191.532379 61.466961 94.169304 203.891693 93.541954 33.226669 186.468338 81.433891 120.564354 172.556824 122.901131                949 
21.150753 191.968613 61.198803 94.322838 203.539993 93.694359 33.268871 186.686142 81.187790 120.334915 171.809189 122.969971                974 
21.370943 192.466934 60.910553 94.478279 203.101456 93.891464 33.321007 186.898331 80.908104 120.062355 170.879654 123.007515                998 
21.509584 192.804047 60.690151 94.557320 202.878174 93.998940 33.329708 187.078110 80.702095 119.856300 170.378265 123.054939               1022 
21.600489 193.010681 60.533558 94.600105 202.743454 94.068680 33.317978 187.185410 80.557404 119.714188 170.076477 123.097733               1046 
21.731333 192.825180 60.550083 94.679985 202.621384 94.111671 33.377365 187.076828 80.482994 119.783623 169.863876 123.047592               1070 
21.928301 192.011551 61.122974 94.743988 202.699524 94.107010 33.402199 186.998276 80.573967 119.992165 169.974335 122.953590               1094 
22.286415 190.866959 61.971115 94.912697 202.894852 94.053040 33.528858 186.871140 80.766411 120.435410 170.312042 122.819092               1118 
22.414225 190.633057 62.163624 94.993385 202.955811 93.992615 33.545525 186.896240 80.764229 120.579376 170.346359 122.672127               1140 
22.465517 190.559540 62.189560 95.017982 202.913483 93.991150 33.542961 186.860077 80.710793 120.584236 170.269989 122.649536               1162 
22.589148 190.483673 62.394749 95.114754 202.713226 94.067642 33.586060 186.822678 80.689896 120.611389 169.864807 122.553368               1183 
22.726316 190.253174 62.663391 95.157875 202.696350 94.107559 33.642677 186.768906 80.646141 120.629257 169.812531 122.575035               1204 
22.781094 190.531967 62.747620 95.249939 202.942673 94.051903 33.695286 187.053070 80.651093 120.657242 170.101028 122.625122               1225 
22.731045 190.602036 62.865818 95.278633 202.746689 94.041405 33.662006 186.991302 80.690819 120.658432 169.742294 122.451080               1246 
22.458464 190.252090 63.207607 95.071404 203.076248 93.872536 33.475819 186.718155 80.935585 120.985229 170.226868 121.978157               1267 
22.024271 189.720871 63.707924 94.660057 204.965088 93.161453 33.036015 186.986435 81.675224 121.580460 173.476944 121.872482               1289 
21.977278 191.462891 62.583176 95.016281 205.851974 91.454834 31.883795 189.395905 82.144562 121.833878 174.010864 119.871284               1309 
22.731007 195.760559 60.814079 96.874878 207.469879 88.174858 31.265852 195.105682 82.965492 122.921242 174.981293 116.575790               1330 
22.627398 199.941223 55.943939 97.680832 208.917908 82.255943 30.449308 200.182999 80.281212 123.052704 175.747910 110.479225               1349 
22.907095 202.830566 46.392460 97.549126 212.168076 74.301430 29.213612 204.694916 73.223747 122.439194 179.768723 103.819214               1365 
24.469696 203.868195 36.365841 99.613518 209.403168 65.257553 30.262787 203.859604 66.112717 124.499725 174.700455 92.033142               1381 
25.499865 206.984436 24.317339 99.937927 209.166855 57.112064 30.150805 204.220779 56.150688 123.882790 173.265594 83.155807               1395 
26.539486 211.366272 11.134254 99.625214 209.647018 49.376480 29.627260 204.411926 45.238747 122.613426 173.143997 75.445724               1407 
28.558260 216.973938 -0.873641 99.538254 210.668045 43.226093 29.317060 205.155197 35.373169 121.400978 173.485474 69.303123               1418 
30.749794 221.011230 -12.132348 100.484245 212.023254 35.665226 30.241985 205.220520 25.629992 122.242668 174.954269 61.990032               1429 
32.381695 225.587036 -22.458334 101.038231 213.627991 28.039314 30.988276 206.052826 16.061781 122.570404 176.444992 54.389339               1439 
36.415897 230.537323 -40.731789 103.350761 217.797348 13.815551 34.190983 207.265244 -1.418666 125.126877 181.503326 41.184864               1457 
38.554161 233.332535 -46.893627 104.907280 219.692795 9.001249 36.029350 208.132935 -7.376269 126.732201 183.615814 36.617516               1466 
42.617371 237.775269 -66.919502 105.365906 220.413315 -6.342942 37.940132 207.729279 -28.039652 125.935608 184.012100 21.806170               1484 
44.427685 240.737671 -73.691185 104.859268 220.076752 -11.082796 38.283844 208.105530 -35.940868 124.115387 182.922348 17.011433               1493 
50.006191 244.142166 -91.226784 105.834068 220.626740 -24.264400 41.561512 208.001205 -54.899143 123.179901 183.333267 4.870676               1511 
51.572899 244.940689 -98.620796 106.141937 220.633453 -30.283133 42.827625 207.307037 -62.712315 123.090736 183.558838 -0.639505               1521 
53.965714 246.020706 -116.955917 105.164337 220.652328 -45.414570 44.415524 205.737457 -82.094566 121.056297 183.995346 -14.685996               1539 
55.443604 246.899277 -125.124817 104.236588 221.786072 -51.425392 45.003716 205.953888 -90.274147 119.173462 185.627121 -19.645607               1547 
58.543945 246.373108 -141.625031 104.489830 222.611435 -65.121948 48.161789 203.760605 -107.403252 119.126930 187.307999 -32.259251               1566 
62.720154 249.284592 -154.612396 105.360970 222.851364 -76.196777 51.269310 203.727875 -121.668594 118.404846 187.465668 -42.756622               1583 
64.241562 250.584122 -160.132248 105.408516 224.090576 -80.193779 52.889568 202.829559 -127.013451 118.003441 189.688278 -45.576096               1593 
65.908890 254.420868 -170.072205 105.933128 224.694229 -89.257195 55.916622 201.286133 -138.445480 118.398262 190.750687 -54.143238               1610 
66.269318 256.482697 -176.003326 105.957428 225.753906 -94.590477 57.315235 200.583313 -144.772385 118.495621 192.412979 -58.929432               1622 
65.777046 260.430695 -181.290390 105.498482 226.424377 -100.204643 57.889305 200.714951 -151.649918 117.915741 193.013336 -64.566917               1638 
65.344597 262.427185 -182.399506 105.886574 226.163803 -102.159218 58.088543 200.651215 -153.741119 118.434471 192.547287 -66.761292               1647 
64.766220 265.199371 -192.956619 104.420532 230.117508 -110.870445 58.499493 201.526688 -162.883682 116.352928 198.264450 -73.674561               1665 
64.240509 265.887848 -195.098892 104.321739 230.448166 -112.983002 58.752014 201.040421 -165.073395 116.357674 198.963547 -75.507813               1674 
64.353874 267.271362 -199.554901 103.312492 230.338943 -116.970558 58.850121 200.698242 -170.101715 114.436882 199.013016 -79.082985               1692 
63.495544 267.228821 -201.178528 103.123978 230.647507 -118.493011 59.099167 200.050919 -171.558548 114.559258 199.752502 -80.345055               1701 
63.701374 268.780792 -203.301056 102.861038 230.815094 -120.676552 59.175182 200.412659 -174.323441 113.802673 199.819061 -82.465805               1710 
62.409786 268.345062 -209.425980 102.843864 231.568405 -126.419357 59.391953 199.148727 -179.368256 114.237770 201.691681 -87.456627               1728 
61.937832 268.392090 -211.416168 102.304985 230.638016 -128.612488 59.664429 198.402206 -182.390930 113.667976 200.467316 -89.867867               1738 
62.283710 270.824036 -214.484985 101.442932 231.103241 -131.732010 60.297741 199.631027 -187.217606 112.150856 200.308014 -93.293373               1756 
63.423107 272.824554 -218.280869 101.027550 231.865677 -135.133774 60.310169 200.839386 -191.227295 110.551964 201.080887 -96.376617               1773 
62.858868 272.384552 -220.671097 100.549927 231.766418 -137.223221 60.422947 200.004456 -193.382950 110.038567 201.360855 -98.159157               1782 
62.266911 272.612488 -223.159103 100.327789 232.160660 -139.527557 60.784817 199.462387 -195.697037 109.814476 202.225998 -100.101013               1800 
62.060173 272.831879 -223.678467 100.310310 232.210678 -140.107056 60.810490 199.331619 -196.285278 109.787506 202.358932 -100.615417               1809 
63.582706 274.803650 -226.123962 99.474480 232.059692 -142.364853 60.644020 200.220657 -199.650925 107.396774 201.842468 -102.808685               1818 
62.421745 273.996552 -228.587814 99.016068 232.129196 -144.479477 60.411049 198.822601 -201.212021 107.092575 202.760971 -104.319656               1828 
62.364384 275.010468 -229.799347 99.320679 232.494827 -145.990433 60.580315 199.017410 -202.644363 107.324081 203.255142 -105.722328               1839 
61.006386 275.159119 -230.704071 100.078018 232.267593 -147.868820 60.147579 198.300598 -203.716339 108.925316 203.195419 -107.656044               1874 
60.682411 274.965973 -231.114655 100.232132 232.484955 -148.262436 60.106087 198.124908 -203.751785 109.281815 203.662598 -107.915085               1884 
60.528988 275.004333 -231.602737 100.427322 232.714142 -148.769104 59.982658 198.095230 -203.912323 109.558540 204.110641 -108.284592               1894 
60.554741 275.062561 -232.063248 100.514824 232.602325 -149.322998 60.042145 198.049011 -204.515717 109.642052 203.944946 -108.875710               1904 
60.937252 275.281616 -233.227036 100.468880 232.667099 -150.319901 60.133698 198.138840 -205.673599 109.303810 204.038376 -109.787506               1915 
61.538330 275.692810 -234.779617 100.110954 232.819336 -151.520432 60.246948 198.284882 -207.425476 108.424416 204.124146 -110.924789               1926 
62.177673 275.934021 -235.853302 100.278938 232.899765 -152.426102 60.642250 198.317749 -208.587204 108.297318 204.206833 -111.769547               1937 
65.424530 278.438934 -239.984955 98.912018 232.851654 -155.836426 61.283943 199.768936 -214.362991 104.366226 203.450073 -115.261398               1961 
65.709167 279.115112 -240.897507 98.685593 232.695435 -156.940704 61.654137 199.837753 -216.035660 103.800743 203.064636 -116.488457               1973 
65.865593 278.764496 -242.258087 99.713768 233.187332 -158.102875 62.228203 199.267136 -216.409500 105.098297 204.226440 -117.202919               1985 
65.877571 278.684265 -242.991135 100.340324 233.487091 -158.811096 62.476833 198.845840 -216.623810 105.891235 204.938110 -117.644646               1998 
65.670891 278.568268 -243.375137 100.775909 233.289230 -159.461792 62.572182 198.283630 -217.106934 106.578995 204.782166 -118.301064               2010 
65.568581 278.162079 -244.135986 101.024544 233.337296 -160.099609 62.719692 197.664017 -217.531693 106.975311 205.072388 -118.793221               2023 
65.080452 277.643707 -243.930237 101.475060 232.830215 -160.283142 62.896980 196.948654 -217.527969 107.916130 204.502960 -119.093178               2036 
64.905571 277.202271 -244.003555 101.811592 232.574051 -160.477448 63.031948 196.436081 -217.530945 108.508690 204.304062 -119.288971               2050 
65.064758 276.920319 -244.254364 102.217674 232.426971 -160.764389 63.204090 196.166733 -217.616974 109.010185 204.243759 -119.532082               2063 
65.047447 276.559906 -244.648880 102.318306 232.290237 -161.092194 63.268955 195.787399 -217.836899 109.164833 204.213211 -119.796440               2076 
65.066109 276.398254 -244.948166 102.404579 232.155273 -161.404221 63.436459 195.496429 -218.162445 109.262558 204.110519 -120.088440               2091 
65.092102 276.339600 -245.118042 102.495995 232.026245 -161.636887 63.563805 195.308029 -218.431229 109.358551 203.966751 -120.331879               2105 
65.109360 276.278229 -245.246033 102.562103 231.932938 -161.805145 63.671162 195.181915 -218.625046 109.427979 203.862778 -120.507935               2121 
65.187752 276.191864 -245.670975 102.490166 231.841782 -162.166077 63.798820 195.027496 -219.104675 109.258827 203.776123 -120.849754               2138 
65.252373 276.097382 -246.106430 102.364006 231.715759 -162.535355 63.874283 194.853348 -219.612503 109.021645 203.638657 -121.208778               2154 
65.352028 275.951324 -247.027374 101.954735 231.796219 -163.112381 63.945980 194.702591 -220.382553 108.332664 203.835876 -121.662712               2171 
65.581764 275.565979 -248.445251 101.279449 231.730347 -163.973251 64.097870 194.333191 -221.607803 107.182037 203.924606 -122.349525               2187 
65.692398 275.470062 -249.086624 101.060997 231.622116 -164.477982 64.057648 194.177429 -222.214569 106.728119 203.875687 -122.782021               2203 
65.677994 275.553650 -249.387604 100.942825 231.522018 -164.820206 64.032524 194.095718 -222.649002 106.451736 203.781647 -123.099022               2222 
65.763611 276.061584 -249.373642 100.794273 231.373184 -165.039490 63.974480 194.234726 -223.130463 106.051422 203.480621 -123.387344               2242 
65.791672 276.353638 -249.366623 100.697906 231.192001 -165.222672 63.908539 194.256958 -223.470627 105.777641 203.204727 -123.612061               2255 
65.828568 276.996674 -249.151382 100.608322 231.070389 -165.358490 63.902008 194.442902 -223.845352 105.470390 202.922089 -123.830582               2272 
65.794952 277.563904 -248.936020 100.549286 231.038849 -165.458878 63.891712 194.604156 -224.064651 105.254326 202.820053 -123.960739               2291 
65.722191 278.236694 -248.520020 100.524422 230.805527 -165.566223 63.690125 194.729721 -224.294052 105.089317 202.429718 -124.159584               2311 
65.584351 278.831177 -248.133026 100.466064 230.634399 -165.649017 63.512108 194.778763 -224.446503 104.930107 202.168198 -124.293465               2331 
65.521118 279.338440 -247.904922 100.422012 230.620636 -165.738907 63.449100 194.815048 -224.558289 104.787941 202.157959 -124.370453               2352 
65.557114 279.271973 -248.545670 99.921364 230.667770 -166.095612 63.207817 194.632553 -224.918854 103.956009 202.430283 -124.539627               2372 
65.585609 279.126923 -249.206390 99.364571 230.658463 -166.439728 62.909904 194.431702 -225.305725 103.049385 202.623825 -124.714256               2393 
65.775047 279.211365 -249.744736 98.764702 231.188583 -166.405075 62.291611 194.544601 -224.985947 101.922401 203.684830 -124.284935               2414 
65.691971 279.729797 -249.109253 97.527077 231.950928 -165.177658 60.556793 195.036118 -223.248489 99.858757 205.187683 -122.529961               2434 
64.385315 281.197021 -245.308609 95.512550 232.329666 -161.726868 57.153572 196.189590 -219.325790 97.209450 205.834152 -118.882477               2455 
62.239914 284.065216 -237.118195 94.597519 233.941757 -154.738907 51.406818 199.415863 -209.796860 96.717209 208.046997 -111.547447               2475 
56.780640 284.455597 -227.987091 94.503197 235.226273 -147.349258 46.345348 200.362335 -197.848297 99.378426 210.479523 -103.710236               2494 
52.398167 287.602081 -215.154266 94.015877 236.601837 -137.568283 41.421188 203.510025 -184.603607 101.025940 211.660400 -94.332680               2511 
48.689106 287.901642 -208.035370 92.333099 237.671402 -131.041367 38.665882 204.028458 -176.283463 100.409431 213.346771 -87.640678               2525 
47.129654 289.924805 -201.014435 91.158592 238.690201 -124.892212 35.583447 206.452545 -168.609375 99.518799 214.456009 -81.494682               2537 
43.758030 290.733856 -192.507523 90.988045 239.065201 -118.616974 33.688454 207.179672 -160.077927 101.139778 214.663864 -75.697853               2548 
43.266422 291.652100 -188.365112 90.356789 239.867661 -114.454254 31.486404 209.342270 -154.311966 100.544052 215.930267 -71.283020               2558 
40.363789 288.092468 -188.863342 88.346176 240.066086 -113.003265 30.042690 207.486084 -151.498184 98.919449 218.080215 -68.897018               2569 
32.654644 281.773407 -183.475998 84.862129 239.271698 -107.093872 24.218481 205.059021 -139.166611 97.930870 220.889603 -62.017933               2587 
30.255604 280.423218 -178.757309 83.948586 239.637054 -102.456352 23.034756 204.802307 -132.759399 97.843552 222.317154 -57.207207               2596 
26.096718 280.111145 -164.695755 81.709846 239.916458 -89.448067 20.248526 205.764908 -117.451859 96.808586 223.358688 -44.299400               2614 
20.920635 277.744965 -150.556610 80.347198 240.090714 -76.950310 19.261105 204.642105 -101.918709 97.639832 224.893433 -32.111244               2632 
19.241566 277.701721 -138.054932 78.667023 240.560822 -64.218674 17.761093 206.191010 -88.101112 96.174751 226.157654 -19.201323               2650 
29.734457 228.739487 -112.369415 79.007393 240.322800 -57.528133 18.504339 205.634476 -80.196655 97.376266 226.577591 -12.648431               2659 
38.571159 206.659454 -76.074493 80.877762 241.912216 -41.559746 20.151331 213.171127 -65.056595 99.387650 224.604233 2.010337               2677 
38.198997 209.711594 -67.396866 82.738037 241.535629 -33.229809 21.968845 218.853104 -58.604073 100.779022 219.347275 8.276014               2689 
37.663017 212.997040 -51.731358 85.112816 241.047882 -18.865326 23.146267 223.482422 -43.137272 103.229668 215.953033 20.916109               2705 
37.857517 212.640900 -44.027267 85.287445 241.177628 -12.294185 23.273979 224.039032 -36.067089 103.483665 216.289078 27.580509               2716 
37.600426 210.983597 -30.999285 85.686058 239.090195 -0.592854 22.667789 225.619354 -21.692604 104.904121 213.257660 38.187035               2732 
38.519852 209.043961 -24.956133 86.865395 236.856003 5.095214 23.167208 225.495163 -13.446391 107.736626 209.741333 42.104950               2741 
38.668926 207.320236 -9.742419 89.282684 232.585785 18.579645 24.507816 227.417404 6.149227 112.157448 202.808716 52.204128               2759 
39.093018 204.272705 -4.497951 89.184860 231.026093 23.389599 24.671551 225.320953 12.693965 113.605484 201.726669 56.339737               2768 
39.083214 199.973068 8.447933 89.517998 227.806686 34.623924 25.111135 223.944778 27.659931 115.482964 199.175446 66.975220               2788 
39.209816 198.491562 12.448326 89.756248 226.816589 37.958954 25.422297 223.049301 32.476437 116.598755 198.417068 69.794174               2795 
39.242210 195.996704 17.854696 89.853889 224.987228 43.085075 25.630733 221.436523 39.185181 117.618080 197.187271 74.657944               2806 
37.864147 192.092072 26.995047 88.914803 221.993225 51.105087 24.744717 219.114838 49.577747 117.758598 195.313446 82.676567               2822 
36.182285 191.386871 28.987782 88.683525 218.325836 54.025368 24.425034 218.675537 53.500992 116.751144 189.538574 84.423325               2831 
35.525185 188.752655 32.422997 87.871544 217.359131 57.252922 23.644234 217.055405 57.964558 116.992050 190.188751 88.144676               2840 
33.780045 187.545517 37.910332 87.191566 215.643555 62.787994 22.883326 218.939209 65.703217 116.091217 189.071564 94.399277               2858 
32.189270 188.613083 40.383617 87.013306 214.686630 64.885292 22.825167 223.253265 70.086182 114.937485 187.445572 96.802368               2867 
31.745981 188.414856 43.610928 87.596558 212.665390 68.094048 23.883957 226.354691 76.497955 114.918404 184.517380 99.744324               2876 
31.672701 181.167694 47.764713 86.284630 209.723160 71.204048 22.034214 221.339828 82.194221 116.086266 184.354904 102.966423               2894 
31.904884 177.795151 48.923489 86.003113 207.621902 72.436287 21.559063 217.668869 84.070885 116.712868 182.893860 103.836433               2904 
32.537174 172.320541 50.727932 85.656639 204.028488 74.738426 20.937216 210.892899 87.096321 117.770782 180.156311 105.386993               2922 
32.713467 170.064178 51.971138 85.285789 203.471222 75.314438 20.446926 208.957367 87.780342 118.100204 181.026352 106.297920               2930 
32.790829 168.119598 52.997086 85.262283 202.519440 76.136345 20.388691 206.666458 88.837067 118.735886 180.976166 107.054611               2940 
32.900459 164.251617 54.566639 85.346756 199.585556 78.106499 20.452835 201.632843 90.507568 119.498314 178.932663 108.890625               2958 
32.354996 163.699142 54.778339 85.374016 198.793549 78.720268 20.494970 200.314774 90.781471 119.614037 178.250122 109.479378               2967 
31.860033 162.744354 55.124985 85.760727 197.434937 79.735466 21.238586 196.078949 89.276909 120.167122 176.991989 110.375626               2985 
31.639471 162.474106 55.407944 85.776855 196.818451 80.300247 21.448555 193.979507 87.870674 119.942337 176.245438 111.122398               2994 
31.410410 162.020554 56.249405 86.039330 195.939514 80.869514 21.918840 191.549591 87.179314 120.240677 175.163544 111.515244               3003 
31.248007 161.724808 56.838654 86.226204 195.360199 81.272728 22.473902 189.016434 86.036613 120.466858 174.457870 111.788368               3012 
30.967287 161.100082 58.413368 86.608185 194.070038 82.407097 23.304434 185.541672 85.516365 120.920433 172.760696 112.558640               3030 
30.939793 160.823730 59.069420 86.782074 193.597931 82.898125 23.577904 184.161377 85.338768 121.092064 172.187531 112.980560               3039 
31.072634 160.308426 59.840080 87.137314 192.870377 83.473801 23.999445 182.709869 85.493256 121.500412 171.321014 113.395973               3048 
31.140020 159.852234 60.580502 87.295540 192.365326 84.133415 24.360620 180.701279 85.004768 121.651291 170.823166 114.069214               3066 
31.137316 159.730316 61.136261 87.499306 192.042221 84.529457 24.532478 179.980835 85.216331 121.911911 170.365128 114.302109               3075 
31.282528 158.807434 62.322483 87.568886 191.595413 85.288086 24.938562 177.987427 85.414406 122.336868 170.252380 114.888695               3085 
31.541967 158.483795 64.105743 88.113136 191.503891 86.203102 25.709747 176.642822 86.037346 123.208572 170.474045 115.641006               3105 
31.558756 158.479401 64.756958 88.315353 191.491684 86.552124 26.075792 176.073425 86.128380 123.508698 170.524826 115.917976               3113 
31.456602 158.559341 65.937035 88.618080 191.467789 87.293854 26.544821 175.156937 86.540314 123.977676 170.543793 116.490074               3123 
31.383377 158.606308 66.762390 88.823799 191.477676 87.805603 26.796925 174.572479 86.921928 124.309349 170.606018 116.886253               3133 
31.236862 158.686935 67.661888 88.978561 191.570969 88.381744 27.105749 173.925583 87.304337 124.622437 170.805466 117.344513               3142 
30.747362 159.646378 68.826599 89.446648 191.766617 89.011147 27.364258 174.431625 88.253685 125.046547 170.801437 117.884018               3153 
30.228203 160.406799 69.513702 89.779175 192.081329 89.788147 27.963715 173.718246 88.513123 125.425362 171.181900 118.651566               3163 
29.652765 161.992752 70.130730 90.225060 192.513962 90.549805 28.148005 174.478378 89.192657 125.634140 171.132813 119.352196               3175 
29.371273 162.584137 71.034233 90.509933 192.713715 91.310860 28.381598 174.524734 90.091888 125.967758 171.251785 119.992943               3186 
29.173014 163.418640 71.712837 90.782768 193.161469 91.859406 28.596348 174.842911 90.752045 126.287285 171.553299 120.373444               3198 
28.885023 164.280441 72.617630 90.897949 193.712250 92.483757 28.708548 175.072464 91.458717 126.490356 171.991119 120.801712               3210 
28.801615 165.872421 74.231514 91.397362 194.794098 93.374008 29.263401 175.797150 92.470055 127.070404 172.913849 121.467117               3222 
28.845327 165.853119 74.842438 91.614548 194.627029 93.880966 29.683641 174.903717 92.748917 127.473198 172.532364 121.567009               3235 
28.110334 165.696716 74.409348 91.347519 194.550232 93.852432 29.893930 173.772507 92.338104 127.397835 172.695648 121.480064               3248 
26.788456 167.295670 74.853714 91.138840 195.183350 94.319466 29.635994 174.698166 93.181740 127.236206 173.026657 121.643364               3261 
25.823633 168.618622 75.375542 91.184082 195.543839 94.830429 29.669348 175.337875 94.048248 127.383385 172.990845 121.691315               3273 
24.737728 169.483582 76.315704 90.969719 196.101501 95.024124 29.705242 175.665634 94.981400 127.559036 173.673828 121.458107               3287 
23.906492 170.943802 77.364685 90.925636 196.842896 95.491470 30.014931 176.352646 95.561150 127.650917 174.171066 121.525589               3300 
23.649477 171.783829 77.900940 91.151794 197.111588 95.746330 30.706276 176.315521 95.373535 127.901695 174.159790 121.498863               3315 
23.494162 172.448746 78.425903 91.311600 197.348175 96.160187 31.226002 176.363907 95.338722 128.038971 174.164810 121.736847               3329 
23.355314 176.280258 79.333023 92.574707 196.728577 97.740158 32.254620 178.589020 95.110001 127.629791 171.084167 123.314362               3373 
23.286968 177.164505 79.375580 92.656265 197.077057 97.922211 32.528648 179.143951 94.716881 127.380852 171.257874 123.769958               3388 
23.297749 178.159531 79.666420 93.023674 196.956085 98.285675 33.086887 179.542267 94.409409 127.331993 170.521149 124.066833               3402 
23.240051 178.802200 79.580093 93.156548 197.000610 98.371796 33.406834 179.782166 93.877777 127.148087 170.256073 124.253052               3417 
23.373585 179.282059 79.281853 93.237610 197.572342 98.380608 33.712639 180.254852 93.228889 126.939423 170.882568 124.693687               3432 
23.413574 179.317719 78.928566 93.037384 198.291275 98.276489 33.778412 180.568558 92.571297 126.583855 171.934479 125.118393               3447 
23.448523 179.230637 78.861267 92.888481 198.679062 98.294724 33.881557 180.696823 92.118271 126.313416 172.447922 125.409943               3462 
23.427811 179.115372 78.904243 92.822052 198.836411 98.356728 33.929447 180.676941 91.979134 126.209244 172.663513 125.574524               3481 
23.564444 178.995804 79.051262 92.967926 198.797318 98.447548 34.055782 180.681717 92.050262 126.338692 172.528366 125.592842               3499 
23.599306 179.103134 79.161461 93.084450 198.762451 98.537476 34.133991 180.716782 92.145172 126.443672 172.369888 125.576859               3510 
23.433661 179.303604 79.085915 93.152145 198.779465 98.617455 34.184483 180.791214 92.171356 126.466713 172.288986 125.616127               3526 
23.071577 179.704224 78.954773 93.170532 198.881592 98.761726 34.243317 180.889236 92.191475 126.420914 172.327835 125.777359               3542 
22.575058 180.285889 78.777649 93.183655 199.011795 98.985748 34.356956 180.947952 92.182716 126.349937 172.384140 126.031990               3559 
21.988508 181.007599 78.361740 93.224854 199.059952 99.143433 34.492939 180.981293 92.053459 126.274162 172.291000 126.193398               3576 
21.535254 181.713226 77.954720 93.254921 199.149704 99.286751 34.626141 181.099289 91.834755 126.139809 172.209686 126.367256               3595 
21.280092 182.428040 77.758400 93.248810 199.326416 99.593498 34.770252 181.357681 91.610107 125.883972 172.148300 126.738106               3614 
21.134048 182.931976 77.681679 93.256897 199.289307 99.919327 34.820736 181.544113 91.523270 125.681610 171.762695 126.964790               3633 
21.050348 183.299774 77.825081 93.301956 199.170166 100.333374 34.865097 181.659729 91.649765 125.587578 171.281616 127.173676               3652 
20.880589 183.682144 77.658768 93.457214 198.991562 100.561699 34.983753 181.711273 91.682228 125.629105 170.810349 127.232338               3672 
20.679073 183.987015 77.763588 93.532829 198.831268 100.957916 35.042450 181.711929 91.893959 125.644348 170.355957 127.387848               3691 
20.611519 183.984711 77.910927 93.688187 198.665604 101.305115 35.229027 181.492432 92.133430 125.872139 170.034622 127.477501               3711 
20.281631 184.310654 77.634743 93.767509 198.666550 101.332703 35.306927 181.472382 92.132133 125.942337 170.009232 127.487465               3732 
19.898088 184.754562 77.459122 93.852966 198.680542 101.433884 35.384132 181.484283 92.225494 126.031723 169.955185 127.509071               3752 
19.791338 184.924255 77.299614 93.995789 198.794189 101.450027 35.546471 181.466278 92.241707 126.202545 170.129852 127.557785               3773 
19.816708 185.067032 77.425987 94.219658 198.853394 101.578865 35.757072 181.438400 92.426788 126.485710 170.152664 127.573174               3794 
20.061327 185.348038 77.662933 94.706940 198.803009 101.726791 36.148350 181.470474 92.690018 126.992180 169.909988 127.483162               3814 
20.189062 185.523956 77.774406 95.014656 198.802170 101.781708 36.361515 181.458740 92.872490 127.329124 169.809479 127.388992               3835 
20.266613 185.649780 77.757309 95.265129 198.676178 101.826180 36.500244 181.364441 92.987343 127.572708 169.529434 127.266739               3856 
20.288658 185.798782 77.721649 95.404922 198.682434 101.875420 36.552814 181.344742 93.089890 127.682060 169.468613 127.277649               3878 
20.408070 185.900253 77.696037 95.635132 198.567047 101.910751 36.702328 181.290054 93.152725 127.853386 169.235870 127.252411               3900 
20.543873 185.891754 77.691872 95.855247 198.499268 101.980553 36.824093 181.216797 93.272316 128.016190 169.106491 127.323647               3923 
20.695328 185.992447 77.597710 96.093895 198.475006 101.973160 36.962948 181.179062 93.306999 128.164841 169.023987 127.362648               3945 
20.789364 186.023193 77.545509 96.264854 198.406662 102.021950 37.052814 181.035736 93.384445 128.263458 168.901703 127.440071               3968 
20.992605 185.971924 77.237221 96.480621 198.315720 102.003265 37.165684 180.847519 93.305992 128.347504 168.735336 127.499084               3991 
21.280607 185.679398 77.115189 96.750092 198.299774 102.017830 37.311699 180.731110 93.404434 128.517120 168.714493 127.632286               4014 
21.552992 185.300781 77.053741 96.972824 198.294296 102.022118 37.386150 180.651398 93.545990 128.654510 168.696182 127.727287               4037 
22.070936 184.539459 77.195633 97.281784 198.260452 102.070351 37.559055 180.522644 93.751518 128.918762 168.644638 127.810196               4060 
22.608730 183.710403 77.385986 97.534485 198.247696 102.091301 37.693859 180.436646 93.927208 129.124527 168.621490 127.876785               4083 
23.005247 182.967926 77.515030 97.632919 198.192581 102.121147 37.719513 180.324768 93.977760 129.170059 168.513931 127.911064               4105 
23.358765 182.319550 77.667290 97.704872 198.166595 102.132339 37.721897 180.256058 94.036354 129.197952 168.451492 127.934135               4127 
23.401472 182.278503 77.618370 97.725983 198.155472 102.125938 37.693352 180.199478 94.052322 129.179108 168.405762 127.936577               4149 
23.350466 182.450500 77.272209 97.578712 198.422089 102.026253 37.593922 180.216827 93.765717 128.870773 168.812576 128.191452               4170 
23.323582 182.594269 77.212952 97.572662 198.430145 102.014160 37.608799 180.053558 93.661491 128.789688 168.753021 128.192368               4191 
23.259872 183.005692 77.298164 97.573105 198.477173 102.149368 37.635418 180.028534 93.608253 128.617783 168.642548 128.353500               4213 
23.248543 183.189896 77.271042 97.612167 198.459274 102.148247 37.733746 179.843246 93.459953 128.552505 168.543106 128.382813               4234 
23.217659 183.363815 77.205933 97.640961 198.448502 102.145599 37.774822 179.780655 93.372726 128.485168 168.463074 128.414276               4255 
23.196360 183.464096 77.118622 97.643692 198.456009 102.135323 37.828609 179.666794 93.229362 128.414215 168.439163 128.454483               4277 
22.735977 182.900208 76.178345 96.931137 198.757416 101.424698 37.322403 179.362167 92.408257 127.632988 169.428055 128.585693               4298 
22.454405 182.851563 75.568924 96.570557 198.879257 100.961411 37.024826 179.354233 91.855133 127.128929 169.770081 128.518188               4319 
22.298801 182.807220 75.230743 96.373535 198.945816 100.708275 36.879612 179.323563 91.551079 126.853416 169.958878 128.479980               4339 
22.260170 183.024246 74.995361 96.330429 198.952362 100.643829 36.872650 179.415192 91.303772 126.630440 169.877823 128.520599               4359 
22.025888 182.993042 74.284882 96.029556 198.961487 100.143456 36.638016 179.437363 90.658180 126.074829 170.090057 128.502869               4379 
21.972393 183.254944 74.079445 95.969254 198.970078 100.137001 36.637657 179.553482 90.413902 125.828209 169.971680 128.563583               4400 
21.910280 183.542267 73.946861 95.931969 198.854309 100.222328 36.638103 179.637589 90.249992 125.592766 169.633728 128.628815               4421 
21.883808 183.765732 73.840370 95.928452 198.782639 100.283508 36.652382 179.731415 90.140678 125.450706 169.391205 128.658051               4439 
21.861017 183.990768 73.755287 95.932823 198.708328 100.356506 36.656090 179.843750 90.061882 125.321274 169.138733 128.684799               4459 
21.890669 184.166199 73.623512 95.974937 198.667908 100.366570 36.690670 179.963516 89.953751 125.243744 168.974274 128.688995               4479 
21.915226 184.299225 73.507950 96.010796 198.633484 100.375145 36.712738 180.072540 89.868385 125.177437 168.834518 128.692337               4499 
21.975998 184.470200 73.420609 96.083931 198.579376 100.417793 36.752838 180.233398 89.797981 125.121223 168.612259 128.690414               4519 
22.038689 184.586731 73.349388 96.148598 198.531540 100.455505 36.790752 180.373810 89.733856 125.071060 168.416183 128.688293               4539 
22.093657 184.662537 73.292305 96.202316 198.491806 100.486832 36.826328 180.489410 89.679512 125.029068 168.253632 128.686234               4559 
22.142862 184.723877 73.243965 96.247742 198.458206 100.513321 36.867424 180.581924 89.630791 124.993340 168.116440 128.684265               4579 
22.178026 184.876312 73.108383 96.271187 198.397049 100.550591 36.898052 180.674957 89.514153 124.902115 167.907684 128.678894               4600 
22.168268 184.957718 73.066269 96.239693 198.454941 100.601624 36.908615 180.755219 89.478928 124.824409 167.929977 128.738342               4622 
22.149696 185.025024 73.015999 96.190277 198.542023 100.639885 36.908375 180.845016 89.433632 124.734543 167.999084 128.798141               4644 
22.131645 185.148697 72.993568 96.196686 198.398209 100.698540 36.908718 180.889648 89.392456 124.666832 167.643387 128.700790               4666 
22.113436 185.490082 72.874352 96.199776 198.276825 100.767052 36.895901 181.078125 89.264061 124.501839 167.234680 128.622269               4690 
22.099741 185.713638 72.786758 96.204803 198.186371 100.793243 36.907814 181.197403 89.159630 124.396263 166.945908 128.538666               4714 
21.913902 185.368729 72.452591 95.870575 198.303696 100.698029 36.768673 180.888824 88.839256 124.250359 167.147659 128.346222               4739 
21.792994 185.107498 72.119080 95.690948 198.306458 100.579605 36.725487 180.589386 88.547829 124.246925 167.136917 128.030472               4763 
21.652864 184.732956 71.898216 95.495651 198.284241 100.479538 36.665115 180.211395 88.335037 124.289742 167.127487 127.695175               4788 
21.634815 184.557129 71.857956 95.479378 198.245148 100.421310 36.655525 180.066788 88.343536 124.379601 167.077774 127.512009               4812 
21.633177 184.413132 71.811493 95.483070 198.212296 100.365730 36.670006 179.941544 88.331795 124.462990 167.036545 127.361473               4836 
21.550854 184.362839 71.670929 95.490402 198.175568 100.290527 36.686996 179.824280 88.296959 124.540756 166.983292 127.191322               4860 
21.533968 184.287155 71.588860 95.515648 198.136002 100.248825 36.700024 179.725418 88.291061 124.619896 166.917480 127.060760               4885 
21.518879 184.247330 71.553680 95.518890 198.126205 100.245941 36.699226 179.678192 88.299896 124.642990 166.896545 127.023338               4909 
21.411688 184.297272 71.386719 95.523888 198.102722 100.222206 36.685619 179.609344 88.287575 124.675545 166.843094 126.934578               4933 
21.495237 184.191498 71.331696 95.713577 197.940704 100.152687 36.795570 179.386795 88.336433 125.010841 166.547180 126.546837               4957 
21.471226 184.263000 71.219872 95.839470 197.864288 100.121201 36.787884 179.307251 88.459015 125.218033 166.366013 126.299301               4982 
21.409853 184.387909 71.098640 95.922699 197.857727 100.137123 36.768417 179.271851 88.575912 125.344391 166.302490 126.197922               5006 
21.317722 184.555405 70.955833 96.000008 197.862701 100.139420 36.720314 179.258026 88.696899 125.461662 166.258011 126.094933               5030 
21.250011 184.659180 70.879486 96.050591 197.884674 100.145981 36.643028 179.253326 88.826561 125.551758 166.241531 126.009613               5055 
21.251066 184.719452 71.010948 96.080482 198.024780 100.279099 36.628822 179.282883 89.013733 125.653694 166.381027 126.059540               5079 
21.232880 184.880936 71.030037 96.123909 198.114944 100.324799 36.610115 179.374710 89.076309 125.698669 166.415512 126.034966               5105 
21.203144 185.223618 71.155304 96.219803 198.195053 100.429390 36.638748 179.582001 89.193428 125.757339 166.350555 126.002747               5129 
21.189026 185.551270 71.288536 96.297737 198.306259 100.550003 36.660381 179.820999 89.300735 125.779984 166.327179 126.018997               5155 
21.172924 185.789337 71.383698 96.360085 198.399261 100.644249 36.690098 180.002823 89.368645 125.792671 166.314499 126.037636               5179 
21.138636 185.986572 71.383492 96.387711 198.434296 100.693344 36.707489 180.096039 89.352837 125.749321 166.273071 126.072166               5203 
21.152805 186.333557 71.482422 96.530815 198.409668 100.856308 36.797676 180.258667 89.456779 125.779106 166.080170 126.152046               5227 
21.120049 186.615402 71.444473 96.589600 198.416809 100.979141 36.838943 180.378403 89.466370 125.727722 165.980484 126.265259               5251 
21.088938 186.835327 71.409195 96.623711 198.448639 101.066246 36.862358 180.485123 89.458542 125.674767 165.940063 126.359779               5275 
21.049301 187.009445 71.390427 96.633469 198.457092 101.107819 36.869514 180.559601 89.413696 125.615974 165.868820 126.377419               5299 
20.789024 187.997208 70.539360 96.256035 198.916138 100.853745 36.514977 181.368195 88.614655 124.753838 166.175568 126.475296               5323 
20.442871 188.943756 69.775024 95.879852 198.930450 100.578636 36.073017 181.992416 87.830147 123.863899 165.793945 126.257423               5347 
20.175814 189.726791 69.050598 95.547005 198.984360 100.325623 35.689510 182.531616 87.104843 123.090469 165.547073 126.090691               5370 
20.000893 190.400635 68.452118 95.309387 199.010925 100.139938 35.405899 182.979446 86.496513 122.479645 165.294250 125.937149               5392 
19.854792 190.901031 67.807426 95.042770 199.095032 99.963333 35.128868 183.344910 85.893974 121.882736 165.217422 125.895134               5414 
19.760130 191.200653 67.302437 94.882233 199.078018 99.757721 34.950661 183.493042 85.386169 121.551643 165.027893 125.639473               5436 
19.672186 191.522247 66.763123 94.678558 199.251282 99.584373 34.777637 183.694504 84.854042 121.217331 165.099533 125.466522               5457 
19.642614 191.728302 66.447510 94.566780 199.468689 99.515770 34.687195 183.854660 84.554893 121.047577 165.304886 125.441353               5478 
19.611927 191.866974 66.203346 94.470718 199.646164 99.467941 34.590256 183.968842 84.324638 120.908638 165.480713 125.435074               5499 
19.584961 191.920853 66.037537 94.414833 199.769882 99.425018 34.523762 184.031250 84.147110 120.832726 165.594223 125.399094               5520 
19.564203 191.941498 65.964722 94.399658 199.807755 99.405136 34.474396 184.055740 84.055321 120.804237 165.600998 125.351822               5541 
19.570696 191.786072 65.973129 94.421349 199.755737 99.389305 34.414425 184.014679 83.995628 120.844643 165.458862 125.197601               5562 
19.577457 191.437378 66.014359 94.388901 199.843338 99.355606 34.293236 184.014221 83.907158 120.889252 165.493057 125.013420               5583 
19.600977 191.094833 66.045944 94.322906 200.003128 99.336754 34.213032 184.085373 83.756760 120.875000 165.599487 124.869263               5605 
19.572470 190.909500 66.185692 94.201439 200.237885 99.413902 34.096035 184.241150 83.678703 120.834343 165.721634 124.709183               5626 
19.508057 190.906616 66.021164 94.126778 200.384262 99.257881 33.964870 184.367599 83.453964 120.734894 165.849121 124.553474               5647 
19.298725 190.774017 65.936050 93.891243 200.679993 99.142479 33.763351 184.319351 83.299812 120.707726 166.228775 124.332237               5670 
19.108635 190.766296 65.929390 93.696564 201.001648 99.078674 33.585129 184.367844 83.239983 120.675110 166.633713 124.209061               5692 
19.088541 190.809647 65.816345 93.710114 201.181091 98.876595 33.543037 184.450912 83.099007 120.724907 166.864685 124.038460               5714 
19.047047 190.852829 65.841682 93.691490 201.262955 98.865707 33.510719 184.470520 83.047623 120.730698 166.922272 123.968163               5737 
19.022156 190.905701 65.935883 93.697800 201.372101 98.884026 33.499603 184.524750 83.022263 120.754509 166.994720 123.917282               5760 
19.034100 191.049210 66.134941 93.766838 201.347504 99.028107 33.525734 184.576096 83.096725 120.789436 166.844299 123.924728               5784 
19.079180 191.272552 66.267731 93.882217 201.269012 99.115219 33.565636 184.699722 83.148003 120.816727 166.601227 123.878319               5807 
19.092630 191.416306 66.330994 93.933891 201.266617 99.159966 33.564976 184.805283 83.176720 120.794609 166.533752 123.912010               5831 
19.148123 191.643661 66.367996 94.047211 201.165955 99.187637 33.578293 184.957916 83.193893 120.760460 166.296875 123.907738               5855 
19.191351 191.833298 66.402222 94.144356 201.079666 99.211357 33.575638 185.080673 83.211586 120.730576 166.094452 123.904297               5878 
19.225433 191.907806 66.484940 94.233681 201.019440 99.230965 33.568214 185.183228 83.239784 120.723862 165.936401 123.888313               5903 
19.233696 191.847153 66.593979 94.264755 201.003494 99.277985 33.541298 185.251312 83.263435 120.684784 165.865997 123.933067               5927 
