-3.105023 187.383957 80.306686 65.270607 213.918335 114.510262 16.588934 187.172623 97.779572 87.850365 204.005844 152.910721                  0 
-3.099772 187.304169 80.280571 65.245422 213.822952 114.557213 16.569654 187.153717 97.777298 87.760902 203.935196 153.001755                  8 
-3.009107 187.233124 80.359482 65.363358 213.654770 114.578850 16.616467 187.162933 97.795540 87.845047 203.720886 153.031281                 17 
-2.934015 187.109467 80.524132 65.421654 213.584961 114.574539 16.623529 187.180405 97.821526 87.924728 203.604492 153.002396                 26 
-2.946878 187.160248 80.629509 65.492500 213.875458 114.232986 16.628355 187.403137 97.777763 88.162712 204.031555 152.597778                 35 
-3.106436 187.186768 80.543846 65.280685 214.082855 114.010231 16.414362 187.574341 97.619957 87.926712 204.359192 152.419937                 44 
-3.111853 187.286575 80.519226 65.315453 214.092453 113.904503 16.366606 187.687363 97.544426 87.961433 204.297897 152.296219                 53 
-3.088271 187.621033 80.374092 65.418747 214.144958 113.779175 16.338791 187.922791 97.402954 88.024063 204.186127 152.152603                 62 
-3.036960 187.803421 80.356743 65.508080 214.169144 113.739227 16.322231 188.041275 97.374535 88.096878 204.078186 152.087845                 71 
-2.950087 187.895004 80.408890 65.509384 214.311356 113.736877 16.285267 188.162689 97.335136 88.055916 204.123535 152.084747                 80 
-2.907822 188.069199 80.382820 65.518822 214.447891 113.725334 16.259016 188.258682 97.298996 88.010277 204.189087 152.086624                 89 
-2.890274 188.128357 80.410797 65.538849 214.444000 113.760590 16.254290 188.216370 97.326950 88.019142 204.101532 152.105972                 98 
-2.872027 188.339066 80.489059 65.714050 214.299805 113.801895 16.307768 188.199936 97.381317 88.319168 203.622131 151.981659                107 
-2.830488 188.464325 80.598061 65.928024 214.139923 113.848000 16.430851 188.091339 97.467445 88.730965 203.131165 151.815506                117 
-2.823949 188.501877 80.595703 65.952446 214.134399 113.880020 16.442980 188.042999 97.493317 88.785248 203.058228 151.809952                125 
-2.810668 188.488419 80.649475 65.983620 214.130814 113.893425 16.471281 187.970886 97.536324 88.847603 203.047287 151.802414                134 
-2.759643 188.478821 80.911407 66.255630 213.689880 114.067238 16.634174 187.712204 97.700958 89.346329 202.150391 151.701767                143 
-2.617676 188.444061 81.251625 66.706985 213.184723 114.208138 16.956135 187.381500 97.917999 90.157341 201.115601 151.452133                152 
-2.725741 188.293655 81.010071 66.209137 213.706772 114.254364 16.742485 187.444672 97.798019 89.451187 202.072205 151.766251                161 
-2.628414 188.187149 80.901314 66.017754 213.871323 114.214149 16.608339 187.561432 97.579193 89.066628 202.290146 151.861511                170 
-2.563624 188.003891 81.051605 65.908600 213.958725 114.208061 16.510611 187.620453 97.555199 88.884865 202.440720 151.919144                179 
-2.525262 187.703613 81.135567 65.757050 214.006775 114.210403 16.429585 187.545059 97.543404 88.667969 202.634293 152.005295                188 
-2.516782 187.577408 81.200157 65.709396 214.047684 114.209984 16.418768 187.504211 97.582741 88.609314 202.784088 152.044128                197 
-2.512993 187.546753 81.225304 65.710007 214.065094 114.201698 16.438063 187.493362 97.598694 88.604248 202.858078 152.056076                207 
-2.521122 187.540802 81.209686 65.706688 214.064240 114.202118 16.454472 187.475433 97.601692 88.601692 202.875320 152.061386                220 
-2.507374 187.508530 81.221832 65.716423 214.063919 114.198059 16.469265 187.458694 97.614960 88.615776 202.900558 152.062256                224 
-2.537701 187.474518 81.178322 65.679733 214.062439 114.190788 16.466013 187.426712 97.612579 88.589058 202.936066 152.059830                234 
-2.422670 187.215530 81.199486 65.736229 213.946518 114.238106 16.559851 187.271179 97.669853 88.641945 202.914017 152.136780                243 
-2.313830 187.028015 81.255882 65.794968 213.939407 114.285072 16.657183 187.213028 97.765488 88.710869 203.044739 152.217453                252 
-2.340119 186.346054 80.936813 65.434143 213.974136 114.094925 16.554096 186.830460 97.567139 88.251770 203.551544 152.218719                261 
-2.427964 184.583527 81.045387 65.098427 213.799545 113.719978 16.697403 186.402420 97.718582 88.367104 204.429672 151.844406                270 
-2.682378 184.364929 80.770912 64.981071 213.466705 113.635025 16.598413 186.631973 97.607536 88.386780 204.139999 151.686096                279 
-2.722242 184.142746 80.863380 65.196465 212.984650 113.617584 16.664244 186.636139 97.673630 88.985046 203.293777 151.338776                288 
-2.869176 184.079773 80.589050 64.912407 213.113846 113.563858 16.497847 186.761368 97.484581 88.691040 203.485352 151.307297                297 
-3.000158 184.335068 80.333519 64.852043 213.205292 113.471397 16.416769 186.937256 97.356110 88.581429 203.594940 151.250427                306 
-3.036442 184.431168 80.290848 64.839653 213.222244 113.470596 16.386753 187.004807 97.326294 88.567207 203.559814 151.237503                315 
-2.948961 184.704041 80.495323 65.118652 213.474213 113.332924 16.543589 187.262878 97.456795 89.092010 203.754150 150.929413                324 
-2.982971 184.772369 80.477242 65.100487 213.498886 113.357887 16.507063 187.285141 97.467918 89.094597 203.725616 150.927353                333 
-3.095192 184.968979 80.453979 65.036346 213.517181 113.425949 16.427338 187.367828 97.462845 88.991631 203.659271 150.998062                342 
-3.192175 185.142273 80.493294 64.996658 213.501511 113.538651 16.392509 187.383835 97.498940 88.922432 203.547150 151.104141                351 
-3.283714 185.302567 80.534279 65.025742 213.519272 113.603798 16.465546 187.315857 97.573097 88.992287 203.545639 151.138184                360 
-3.472673 185.639069 80.469505 65.048576 213.481293 113.696938 16.493013 187.278641 97.635475 89.023109 203.431534 151.205902                369 
-3.590572 185.883331 80.447708 65.094490 213.440689 113.742393 16.539297 187.265488 97.658508 89.071945 203.330750 151.233307                378 
-3.743688 186.130585 80.446838 65.064095 213.440704 113.831741 16.461712 187.368790 97.744377 88.986519 203.324966 151.356232                387 
-3.828677 186.253296 80.483246 65.053314 213.426498 113.930237 16.457111 187.385544 97.829010 88.921204 203.354202 151.501114                396 
-3.860415 186.218994 80.508865 65.023972 213.367813 114.006248 16.445309 187.328003 97.880341 88.849014 203.333374 151.614426                406 
-3.728427 186.280640 80.938873 65.566261 212.630325 114.228111 16.711924 187.069000 98.169823 89.607468 202.023788 151.540573                415 
-3.661257 186.029938 80.923187 65.515671 212.605225 114.297195 16.752533 186.903564 98.196495 89.535149 202.110703 151.655304                423 
-4.025955 186.329041 79.975807 65.161079 212.691910 114.080330 16.578693 186.798203 97.831284 88.924416 202.574280 151.705261                433 
-4.259096 186.594711 79.522408 65.053246 212.668961 113.997055 16.532215 186.783142 97.702118 88.730324 202.697510 151.715271                441 
-4.531851 187.236343 79.012566 65.106300 212.534988 114.015182 16.534868 186.859406 97.687294 88.712631 202.575317 151.780838                450 
-4.611023 187.595825 78.451469 65.258698 212.323212 114.039047 16.707232 186.731003 97.651703 88.755028 202.497543 151.908249                459 
-4.521735 187.169632 78.450417 65.355133 212.040192 114.251511 16.989683 186.398605 97.807083 88.896942 202.395554 152.138992                468 
-4.260458 186.597794 79.171104 66.114342 211.212616 114.365395 17.594839 185.860840 98.292793 90.188042 201.313049 151.850769                478 
-3.985561 185.980118 79.973038 66.925346 210.225586 114.500542 18.232582 185.261108 98.770706 91.629051 199.867325 151.448212                487 
-3.756225 185.464401 80.013184 66.962120 210.188782 114.622704 18.436846 185.265869 98.797440 91.648415 200.067291 151.647568                496 
-3.902345 185.058899 79.239120 66.295784 210.449539 114.381897 18.061409 185.326599 98.190468 90.609047 200.748749 151.764481                505 
-3.944512 184.760025 78.784821 65.934967 210.553665 114.192352 17.833090 185.391678 97.797554 90.025772 201.078918 151.776398                515 
-3.977630 183.712280 78.649376 65.493156 210.571777 113.966934 17.658552 184.983002 97.626915 89.579163 201.614838 151.680801                523 
-3.728133 183.077148 78.933067 65.442719 210.622513 113.821739 17.562702 185.198349 97.568619 89.593048 201.748520 151.514069                532 
-3.356127 181.549469 79.436401 65.001427 210.908218 113.418991 17.361250 185.000641 97.331825 89.192871 202.594803 151.212631                541 
-3.323016 180.869537 79.089211 64.302887 211.297852 112.915375 16.836884 185.200790 96.657181 88.111412 203.473846 151.055084                550 
-3.304696 180.722824 78.980934 64.239838 211.316330 112.596268 16.598299 185.491302 96.423073 87.958984 203.598572 150.813232                559 
-3.412856 180.805603 78.988434 64.072853 211.386505 112.536423 16.383730 185.704086 96.284592 87.732880 203.577469 150.771484                568 
-3.395945 181.557449 79.594437 64.534119 212.092499 112.140961 16.552610 186.541595 96.521172 88.676971 204.217636 150.059387                577 
-3.392654 181.714706 79.684464 64.401855 212.286285 112.203644 16.380239 186.863068 96.452682 88.418922 204.335922 150.186142                586 
-3.325043 181.755371 79.757057 64.437057 212.266647 112.248894 16.337387 186.929199 96.450592 88.419182 204.181915 150.225098                595 
-3.290357 182.312347 79.704712 64.442322 212.486984 112.315445 16.162861 187.323318 96.342651 88.250771 204.083099 150.331635                622 
-3.262995 182.598740 79.667824 64.500603 212.547897 112.335114 16.119465 187.443085 96.312546 88.251114 203.966721 150.347931                631 
-3.221753 183.104385 79.606285 64.618614 212.650543 112.371323 16.046335 187.507080 96.340286 88.274742 203.786835 150.378159                640 
-3.200270 183.696442 79.541176 64.750069 212.771027 112.416321 15.970242 187.602966 96.387444 88.311821 203.602448 150.409470                650 
-3.174996 184.333481 79.534836 64.917496 212.927994 112.462486 15.947744 187.726013 96.455795 88.386780 203.497574 150.448776                658 
-3.073500 185.197479 79.538170 65.319794 213.005402 112.509766 16.048662 187.956970 96.564247 88.720894 203.202316 150.443741                667 
-2.977489 185.898865 79.526222 65.646164 213.065567 112.552773 16.145227 188.112640 96.633331 88.967377 202.975998 150.460815                676 
-2.883382 186.184036 79.568550 65.785248 213.150345 112.661980 16.222038 188.057007 96.738792 89.019112 203.008026 150.609558                685 
-2.816895 186.394547 79.600723 65.888092 213.213043 112.742729 16.281591 187.984421 96.823875 89.057198 203.032120 150.719559                694 
-2.780495 186.642990 79.596069 65.998535 213.202606 112.803360 16.307314 187.961655 96.861214 89.116219 202.890671 150.776169                703 
-2.758318 186.857925 79.589279 66.098419 213.182419 112.857582 16.361944 187.866470 96.879883 89.170860 202.755096 150.826401                713 
-2.758131 187.065475 79.667938 66.222816 213.121506 112.952347 16.426447 187.801224 96.967552 89.272827 202.580002 150.903259                722 
-2.801836 187.241531 79.677086 66.265533 213.110901 113.001068 16.436760 187.735733 97.009445 89.284927 202.507401 150.953293                731 
-2.819454 187.374435 79.708153 66.307350 213.098770 113.045631 16.453838 187.675720 97.045059 89.301460 202.437943 150.997116                740 
-2.817526 187.532867 79.757439 66.386070 213.074997 113.093269 16.486496 187.654022 97.092079 89.356529 202.344833 151.039536                749 
-2.808421 187.663773 79.801353 66.453987 213.054489 113.134377 16.502691 187.637192 97.142708 89.403831 202.264572 151.076172                758 
-2.788023 187.790298 79.829056 66.521309 213.038574 113.171318 16.534975 187.601517 97.173088 89.449051 202.184814 151.108276                767 
-2.731493 187.878082 79.933388 66.626343 213.012375 113.228935 16.585945 187.615921 97.230957 89.544952 202.079147 151.148590                776 
-2.678103 187.913269 80.020515 66.698608 212.996216 113.261673 16.612253 187.663467 97.247421 89.597984 201.995331 151.173370                785 
-2.631630 187.899933 80.076294 66.730751 212.989578 113.271271 16.600363 187.691132 97.240036 89.599136 201.941544 151.187958                794 
-2.543356 187.790710 80.206635 66.744453 213.005966 113.301079 16.598385 187.718674 97.232590 89.580406 201.916931 151.225357                803 
-2.496716 187.949005 80.231529 66.620735 213.296432 113.413353 16.504925 188.009186 97.187500 89.292221 202.220871 151.440109                812 
-2.410138 188.066727 80.809807 66.726128 213.950607 113.304764 16.590702 188.388977 97.471588 89.629120 203.086700 151.253769                821 
-2.459050 188.102142 80.978584 66.658157 214.056488 113.298088 16.495708 188.466034 97.494919 89.536629 203.179749 151.258209                830 
-2.524466 188.395660 80.974457 66.634834 214.050842 113.437103 16.417765 188.555130 97.537262 89.374046 203.074966 151.452316                839 
-1.397366 191.429108 82.446098 68.330879 214.016296 116.145447 17.496569 190.268402 99.337120 90.191071 201.759735 154.284760                848 
-1.343390 192.269135 82.671913 68.436562 214.359192 116.626350 17.619852 190.567184 99.658150 89.970619 202.112762 154.953979                857 
-1.454257 192.567169 82.684906 68.166183 214.693893 116.940025 17.647547 190.344711 99.739731 89.428970 202.622971 155.474228                867 
-1.630482 192.706772 82.730888 67.982414 214.811859 117.006340 17.696186 189.997589 99.746124 89.143692 202.843170 155.628204                876 
-1.794491 192.700882 82.879257 67.770035 214.918762 117.151405 17.698055 189.674637 99.861671 88.852486 203.082504 155.857117                884 
-1.872712 192.639481 83.047295 67.640305 215.018661 117.272926 17.742914 189.423630 99.990120 88.641121 203.354568 156.075150                893 
-1.900214 192.464249 83.304718 67.585686 215.060410 117.373367 17.798677 189.201111 100.170998 88.580994 203.546524 156.223404                902 
-1.939449 192.342224 83.469139 67.546043 215.062912 117.437988 17.847319 189.005508 100.298233 88.546135 203.654358 156.316513                911 
-2.131018 192.061111 83.792534 67.309509 215.103790 117.553711 17.765865 188.760239 100.520668 88.304886 203.935287 156.504410                920 
-2.192484 191.870148 84.049294 67.248192 215.078033 117.600410 17.775429 188.622971 100.658134 88.254349 204.028809 156.579300                930 
-2.256361 191.642761 84.317764 67.155571 215.100113 117.649254 17.769613 188.509552 100.808456 88.171364 204.220566 156.670654                938 
-2.312998 191.473038 84.505692 67.141754 215.011841 117.660446 17.772232 188.386749 100.928032 88.201202 204.215546 156.681427                948 
-2.087647 191.089706 85.109467 67.385605 214.765564 118.124939 18.045118 188.058777 101.493164 88.517967 204.043915 157.127090                957 
-2.068227 190.894974 85.209953 67.385353 214.770554 118.124077 18.105436 187.959793 101.573959 88.568596 204.162994 157.129822                966 
-2.044590 190.607452 85.392075 67.420311 214.725433 118.122192 18.194004 187.813919 101.729164 88.690414 204.288132 157.126602                975 
-2.082778 190.208282 85.565620 67.360580 214.703888 118.108063 18.261530 187.638626 101.878929 88.747055 204.504974 157.111893                984 
-2.115788 189.773651 85.707565 67.343758 214.624863 118.065849 18.375488 187.492691 102.038010 88.884239 204.693207 157.053894                993 
-2.173965 189.356125 85.726440 67.355675 214.498413 118.023552 18.532032 187.335861 102.238251 89.096855 204.886139 156.980240               1002 
-2.307013 189.274597 85.395050 67.334465 214.423569 117.988495 18.646994 187.342972 102.336617 89.213402 205.068893 156.930756               1011 
-2.468534 189.499985 84.806084 67.339500 214.389496 117.944115 18.733805 187.464279 102.385994 89.312531 205.234833 156.880936               1020 
-3.003617 189.262192 83.670456 67.090034 214.192795 117.615662 18.808182 186.959122 102.598206 89.499802 205.816101 156.478638               1029 
-3.480087 189.089523 82.664589 66.877289 213.898911 117.409950 18.839180 186.661285 102.690826 89.626671 205.995346 156.174591               1038 
-3.738668 188.438477 82.211624 66.683708 213.599030 117.253639 18.866377 186.357895 102.757980 89.720337 206.093597 155.927673               1047 
-3.858894 187.565140 82.227043 66.499397 213.287292 117.163834 18.855907 186.110657 102.755859 89.784203 205.965836 155.724335               1056 
-3.911849 186.850052 82.344498 66.366394 213.062332 117.099030 18.824312 186.017563 102.765381 89.828278 205.876999 155.577713               1065 
-3.945121 186.312393 82.307144 66.256615 212.884613 116.984695 18.810226 185.854370 102.671120 89.819061 205.801239 155.420807               1074 
-3.950958 185.989731 82.267487 66.221550 212.760483 116.880585 18.746389 185.858047 102.617409 89.864052 205.696182 155.271027               1083 
-3.932429 185.780579 82.200249 66.251923 212.552887 116.800423 18.665792 185.897247 102.571236 89.960709 205.391266 155.131912               1092 
-3.865043 185.686005 82.099716 66.327705 212.438202 116.681381 18.629377 186.004929 102.482597 90.087074 205.170380 154.961517               1101 
-3.797459 185.532181 82.158737 66.336617 212.419159 116.620392 18.588856 186.094055 102.429718 90.125778 205.086365 154.869629               1110 
-3.709071 185.306183 82.338249 66.330750 212.434265 116.558105 18.546839 186.175766 102.381668 90.154213 205.039566 154.774063               1120 
-3.635201 185.106812 82.505157 66.325928 212.446671 116.506966 18.509699 186.244781 102.346153 90.177536 205.001190 154.695496               1128 
-3.609805 184.988434 82.624001 66.321472 212.458130 116.459656 18.473589 186.310226 102.316452 90.199097 204.965714 154.622742               1138 
-3.614911 184.929779 82.707451 66.310104 212.478912 116.413322 18.439377 186.371826 102.279022 90.206459 204.946594 154.556824               1146 
-3.611569 184.850708 82.811760 66.299500 212.498306 116.370071 18.392746 186.434387 102.258690 90.213333 204.928757 154.495239               1156 
-3.587679 184.880325 82.653770 66.311546 212.478073 116.266869 18.335295 186.487839 102.144531 90.198715 204.840820 154.395264               1165 
-3.555054 184.833603 82.105980 66.175323 212.581635 115.937698 18.255325 186.495392 101.686584 89.961502 204.965561 154.133392               1174 
-3.560722 184.841537 81.737534 66.082443 212.561707 115.770500 18.137712 186.373383 101.453896 89.789131 204.887329 154.003922               1183 
-3.545917 185.578888 81.225822 66.121910 212.878952 115.543045 17.908134 186.949539 101.189072 89.590935 205.108643 153.903503               1192 
-3.461382 186.496109 80.666855 66.333000 213.270737 115.149872 17.877171 187.575211 100.768349 89.687416 205.285080 153.536057               1201 
-3.659738 188.930496 79.087624 66.377556 214.231049 114.194870 17.279758 189.548370 99.569145 89.190628 205.807587 152.812317               1210 
-3.425154 192.404510 79.545837 68.380951 213.840118 113.523659 17.171047 191.958405 100.058174 91.865425 203.135651 151.161301               1219 
-2.863193 195.148743 78.750313 69.281929 215.454803 112.269928 16.343451 195.005035 100.014984 92.637001 204.280197 149.851395               1228 
-2.760377 197.801285 77.701141 70.024910 215.694260 110.821709 15.461182 197.326553 99.439980 93.376587 203.019958 147.926422               1237 
-2.444582 200.110550 76.745201 70.775040 216.108948 109.521835 15.080755 199.292557 98.687828 94.211357 201.968018 146.038559               1246 
-2.439173 202.635498 75.005905 71.010727 217.218262 107.689316 14.512760 201.496719 97.147781 94.434525 201.950287 143.757477               1255 
-2.692852 204.297012 71.436836 70.464844 218.404175 104.833336 13.920263 202.594360 93.646584 93.941299 201.936935 140.335220               1264 
-2.942975 207.609604 69.000603 70.838577 220.263855 101.308182 13.677823 205.405838 90.856010 94.762169 202.552795 135.901199               1273 
-2.954641 209.570572 66.005821 70.840424 221.656097 97.887695 13.359595 207.251190 87.531487 94.971054 202.879883 131.767838               1282 
-3.578432 212.579651 61.868301 70.001350 223.784912 93.995750 12.300116 210.109375 83.195259 93.901337 203.949051 127.432655               1291 
-4.078801 215.840073 57.612022 69.353165 225.693115 89.912132 11.348484 213.236679 78.718163 92.793694 204.797333 123.027176               1300 
-4.909988 218.260910 52.854988 68.521614 227.175842 85.012932 10.250251 215.475647 73.764107 91.859383 205.357925 117.601662               1309 
-5.844543 221.589294 47.084618 67.542801 228.998978 79.598076 8.982715 218.420975 68.049606 90.389076 206.358414 111.973236               1318 
-6.874243 224.785629 41.010609 66.392220 230.612473 74.072578 7.659269 221.125748 62.043934 88.666168 207.147507 106.258980               1327 
-7.696680 227.868683 34.214836 65.320572 231.967773 68.052475 6.463346 223.600861 55.344315 86.926918 207.542297 99.978333               1336 
-9.629396 229.535004 26.548563 63.443546 233.789169 60.157207 4.530099 225.185501 47.555859 85.291237 209.138168 91.743668               1345 
-11.187297 232.950485 18.478951 61.620132 234.926163 52.763336 2.594373 227.826859 39.448647 82.694214 208.965561 83.821800               1354 
-12.337866 235.680664 10.083387 59.965145 236.064011 45.342442 0.963359 230.210358 31.130638 80.103821 209.369537 76.399437               1363 
-13.422307 237.957718 0.105340 57.598103 237.052094 37.666916 -1.017398 232.400787 21.450071 76.135262 209.895645 69.314980               1372 
-14.690231 240.738281 -12.009647 54.624058 238.679840 27.967569 -3.411673 235.431793 9.361757 71.296982 210.820084 60.038521               1383 
-16.250471 240.777786 -19.285067 52.717247 239.026443 20.683163 -5.235159 235.820984 1.671215 69.386299 210.559814 52.218735               1390 
-18.483673 239.981216 -29.706434 49.539734 239.186691 11.441069 -7.915708 234.976944 -9.074192 66.261436 210.100555 42.377773               1400 
-19.898754 242.904526 -40.943298 46.901146 239.939285 1.973412 -10.094277 237.394226 -20.230488 61.969757 210.066772 33.009964               1409 
-21.967733 244.118195 -51.689476 44.099197 239.335220 -7.825402 -12.525221 237.368179 -31.280062 58.770451 208.041306 21.976334               1418 
-22.951027 245.813339 -61.675663 42.211494 239.396713 -16.690262 -13.981032 238.395584 -41.351624 55.988464 207.309540 12.691819               1427 
-24.631014 243.709518 -72.149750 39.125809 239.368454 -24.963902 -16.016670 236.154663 -51.740986 53.556686 207.153534 3.960950               1436 
-25.776964 243.608994 -82.891556 36.718784 238.438965 -34.136597 -17.623335 235.432053 -62.553089 50.863285 205.359924 -6.057991               1445 
-26.234318 243.110962 -94.389709 34.096523 237.869324 -42.953587 -18.814463 234.484695 -73.938957 47.719822 204.306366 -15.193322               1454 
-27.385351 241.179214 -107.647240 29.910652 236.047363 -52.797527 -20.865234 231.959503 -87.114563 43.117542 201.937225 -25.506969               1463 
-27.760513 241.084412 -118.674545 27.653240 234.742188 -61.967232 -21.899662 231.302734 -98.114273 39.953011 200.101990 -34.921524               1472 
-28.100206 244.063980 -131.178375 24.467129 233.586182 -72.108040 -23.298508 232.674026 -110.745811 34.693527 197.650848 -45.901730               1482 
-28.565968 242.671555 -141.264038 22.276230 232.879303 -80.323288 -23.855259 230.527832 -120.841331 33.092083 196.979721 -54.305305               1490 
-28.853380 242.807541 -152.589355 19.496843 231.540787 -89.435432 -24.423077 229.027756 -132.338333 30.162579 195.200729 -63.972900               1500 
-29.142258 241.960159 -161.413513 18.359362 231.409882 -97.048447 -24.395969 227.282089 -140.997833 29.572441 195.551422 -71.142166               1508 
-29.584785 243.013824 -170.821045 17.067333 231.324173 -105.395157 -24.460438 226.608170 -150.456543 28.431000 195.508789 -79.494888               1517 
-30.458586 241.985535 -179.169617 15.834673 231.210571 -112.702301 -24.441023 224.335175 -158.621140 28.212357 196.115250 -86.286209               1526 
-30.226654 244.502808 -186.260696 14.689032 227.327255 -119.413010 -23.916904 223.392029 -167.085312 26.563860 190.543884 -95.150490               1535 
-30.657450 245.946762 -192.136490 14.052010 225.886581 -125.272446 -23.877214 222.730286 -173.548203 25.705389 188.690796 -101.537010               1544 
-30.455074 249.709518 -201.657990 11.746870 223.570068 -134.739212 -23.477591 223.890106 -184.969147 22.331873 184.769501 -113.171379               1553 
-29.990437 249.877777 -208.147980 9.748784 219.317429 -141.096863 -21.813095 221.965363 -193.496277 20.764460 179.484970 -121.738945               1562 
-30.410532 249.363373 -210.641602 8.672570 216.107437 -144.108658 -20.932177 220.223221 -197.323120 20.000652 175.786118 -125.982338               1571 
-30.830093 249.316620 -211.760330 8.121553 214.463943 -145.650696 -20.403290 219.369431 -199.233078 19.645882 173.921967 -128.151077               1580 
-27.302237 253.324020 -215.040924 9.484016 216.615524 -148.465637 -18.155605 222.494415 -202.307922 18.542818 175.708145 -130.376343               1589 
-23.996412 262.267700 -214.911530 11.859316 218.835403 -151.801056 -17.717754 229.772568 -203.712875 16.767763 176.574463 -135.289902               1599 
-23.446875 264.964233 -199.588562 14.681853 212.303879 -145.324280 -19.378532 230.765106 -191.790146 16.066933 168.606583 -132.235153               1607 
-21.741407 266.112762 -190.999252 16.276947 208.612732 -141.664093 -19.192564 231.079483 -184.943054 15.238685 164.511444 -129.972366               1616 
-20.486679 266.567627 -186.570511 17.120108 206.661621 -139.729324 -16.669756 230.504135 -182.262421 14.752872 162.470657 -128.582382               1626 
-19.957367 266.779907 -184.911072 17.433218 205.937057 -139.010834 -13.617620 229.843384 -181.877289 14.571696 161.733505 -128.031036               1634 
-19.709873 266.934326 -184.158524 17.568882 205.623123 -138.699539 -11.126947 229.220047 -182.089050 14.493649 161.417450 -127.786263               1643 
-19.471546 266.769257 -183.839890 17.861742 205.257034 -138.614243 -9.962980 228.757706 -182.091370 14.701128 161.074615 -127.631371               1653 
-19.302891 266.674042 -183.608887 18.064484 205.003586 -138.555206 -9.100336 228.376663 -182.145615 14.845702 160.837524 -127.523575               1662 
-19.179014 266.626984 -183.432587 18.209105 204.822800 -138.513077 -8.261690 228.037491 -182.250793 14.949306 160.668518 -127.446404               1671 
-18.118364 238.277893 -184.427734 18.315201 204.690170 -138.482178 -7.447450 227.721588 -182.391678 15.025563 160.544586 -127.389648               1680 
-17.711308 227.094177 -184.775574 18.396036 204.589127 -138.458649 -6.646490 227.367828 -182.606903 15.083808 160.450211 -127.346329               1689 
-17.060070 223.178497 -185.181168 18.963923 204.296600 -138.765976 -5.415442 226.718201 -183.236176 15.163095 160.307251 -127.225220               1698 
-17.172211 221.056503 -185.594391 19.640535 203.756775 -139.698318 -4.883565 225.490387 -184.260056 15.390206 160.053085 -127.263672               1707 
-17.285196 219.884766 -185.824738 20.101288 203.389160 -140.333206 -4.460915 224.569901 -185.007416 15.575015 159.893417 -127.282104               1716 
-17.355059 219.289368 -185.934006 20.348904 203.191605 -140.674408 -4.187565 223.998901 -185.473038 15.684679 159.811844 -127.290100               1725 
-17.885908 218.526932 -186.185043 20.415121 202.901688 -141.326202 -4.367461 223.095673 -186.206039 15.712423 159.702576 -127.382736               1734 
-18.864746 217.366547 -186.783829 20.357712 202.484467 -142.511642 -5.013762 221.725388 -187.413788 15.772226 159.569824 -127.679062               1743 
-22.275162 213.279663 -188.631012 19.789913 201.326797 -146.161652 -7.743751 217.058685 -190.950623 16.427307 159.380951 -128.499893               1770 
-22.821396 212.615372 -188.884018 19.698542 201.140503 -146.749023 -8.027329 216.158188 -191.583435 16.561836 159.363617 -128.650635               1779 
-23.200640 212.127426 -189.049805 19.634979 201.010895 -147.157623 -7.914860 215.263031 -192.199966 16.659895 159.353470 -128.759094               1788 
-23.452404 211.792114 -189.155304 19.592703 200.924698 -147.429398 -7.868400 214.734177 -192.564758 16.727110 159.347565 -128.832932               1797 
-23.624720 211.555603 -189.225128 19.563726 200.865631 -147.615662 -7.847234 214.396042 -192.795502 16.774086 159.343903 -128.884338               1806 
-23.758074 211.367722 -189.277679 19.541275 200.819855 -147.759979 -7.822457 214.136841 -192.973679 16.810984 159.341278 -128.924622               1815 
-23.858936 211.222321 -189.316498 19.524281 200.785202 -147.869232 -7.670431 213.839569 -193.171265 16.839205 159.339401 -128.955383               1824 
-25.241352 211.390274 -188.640640 19.369312 200.350525 -148.689377 -8.760512 213.390152 -193.261932 16.438482 159.142136 -129.299225               1833 
-26.220228 211.516663 -188.108978 19.256943 200.035324 -149.284073 -9.397479 212.924301 -193.382431 16.182280 159.005920 -129.539902               1842 
999.000000 999.000000 999.000000 999.000000 999.000000 999.000000 999.000000 999.000000 999.000000 999.000000 999.000000 999.000000             1852.0 
999.000000 999.000000 999.000000 999.000000 999.000000 999.000000 999.000000 999.000000 999.000000 999.000000 999.000000 999.000000             1860.0 
999.000000 999.000000 999.000000 999.000000 999.000000 999.000000 999.000000 999.000000 999.000000 999.000000 999.000000 999.000000             1870.0 
999.000000 999.000000 999.000000 999.000000 999.000000 999.000000 999.000000 999.000000 999.000000 999.000000 999.000000 999.000000             1878.0 
999.000000 999.000000 999.000000 999.000000 999.000000 999.000000 999.000000 999.000000 999.000000 999.000000 999.000000 999.000000             1888.0 
999.000000 999.000000 999.000000 999.000000 999.000000 999.000000 999.000000 999.000000 999.000000 999.000000 999.000000 999.000000             1897.0 
999.000000 999.000000 999.000000 999.000000 999.000000 999.000000 999.000000 999.000000 999.000000 999.000000 999.000000 999.000000             1906.0 
999.000000 999.000000 999.000000 999.000000 999.000000 999.000000 999.000000 999.000000 999.000000 999.000000 999.000000 999.000000             1915.0 
999.000000 999.000000 999.000000 999.000000 999.000000 999.000000 999.000000 999.000000 999.000000 999.000000 999.000000 999.000000             1924.0 
999.000000 999.000000 999.000000 999.000000 999.000000 999.000000 999.000000 999.000000 999.000000 999.000000 999.000000 999.000000             1933.0 
999.000000 999.000000 999.000000 999.000000 999.000000 999.000000 999.000000 999.000000 999.000000 999.000000 999.000000 999.000000             1942.0 
999.000000 999.000000 999.000000 999.000000 999.000000 999.000000 999.000000 999.000000 999.000000 999.000000 999.000000 999.000000             1951.0 
999.000000 999.000000 999.000000 999.000000 999.000000 999.000000 999.000000 999.000000 999.000000 999.000000 999.000000 999.000000             1960.0 
999.000000 999.000000 999.000000 999.000000 999.000000 999.000000 999.000000 999.000000 999.000000 999.000000 999.000000 999.000000             1969.0 
999.000000 999.000000 999.000000 999.000000 999.000000 999.000000 999.000000 999.000000 999.000000 999.000000 999.000000 999.000000             1978.0 
999.000000 999.000000 999.000000 999.000000 999.000000 999.000000 999.000000 999.000000 999.000000 999.000000 999.000000 999.000000             1987.0 
999.000000 999.000000 999.000000 999.000000 999.000000 999.000000 999.000000 999.000000 999.000000 999.000000 999.000000 999.000000             1996.0 
999.000000 999.000000 999.000000 999.000000 999.000000 999.000000 999.000000 999.000000 999.000000 999.000000 999.000000 999.000000             2005.0 
999.000000 999.000000 999.000000 999.000000 999.000000 999.000000 999.000000 999.000000 999.000000 999.000000 999.000000 999.000000             2014.0 
999.000000 999.000000 999.000000 999.000000 999.000000 999.000000 999.000000 999.000000 999.000000 999.000000 999.000000 999.000000             2023.0 
999.000000 999.000000 999.000000 999.000000 999.000000 999.000000 999.000000 999.000000 999.000000 999.000000 999.000000 999.000000             2032.0 
999.000000 999.000000 999.000000 999.000000 999.000000 999.000000 999.000000 999.000000 999.000000 999.000000 999.000000 999.000000             2041.0 
999.000000 999.000000 999.000000 999.000000 999.000000 999.000000 999.000000 999.000000 999.000000 999.000000 999.000000 999.000000             2051.0 
999.000000 999.000000 999.000000 999.000000 999.000000 999.000000 999.000000 999.000000 999.000000 999.000000 999.000000 999.000000             2059.0 
999.000000 999.000000 999.000000 999.000000 999.000000 999.000000 999.000000 999.000000 999.000000 999.000000 999.000000 999.000000             2069.0 
999.000000 999.000000 999.000000 999.000000 999.000000 999.000000 999.000000 999.000000 999.000000 999.000000 999.000000 999.000000             2077.0 
14.201754 167.039368 -145.683731 25.509003 198.671310 -146.825516 -5.236276 166.241806 -164.015503 47.832584 188.735077 -110.670418               2086 
12.798388 167.031021 -146.119247 24.863562 198.462616 -146.913025 -6.100581 166.656326 -164.858002 45.990070 188.142914 -110.151138               2096 
12.303074 166.930115 -146.174911 24.708630 198.271713 -146.894287 -6.385841 166.710526 -165.045441 45.363152 187.869125 -109.888351               2104 
11.965671 166.860107 -146.212067 24.602018 198.140350 -146.881378 -6.579147 166.746933 -165.174210 44.929871 187.685928 -109.709549               2113 
11.553453 167.012604 -146.981262 24.280334 198.275284 -146.970337 -6.744101 167.272018 -166.172470 44.099079 187.159836 -109.715454               2123 
10.877766 167.271225 -148.551987 23.673206 198.479782 -147.163895 -7.091288 168.304810 -168.031509 42.825508 185.927795 -110.016907               2132 
10.236063 167.512527 -149.766296 23.061335 198.640289 -147.405472 -7.528155 169.119354 -169.433578 41.778908 185.027557 -110.410774               2141 
9.806955 167.698975 -150.596954 22.631605 198.753006 -147.575134 -7.823754 169.707458 -170.406403 41.050045 184.397476 -110.711311               2150 
9.557064 167.815277 -151.090073 22.366671 198.822510 -147.679733 -8.001477 170.076309 -171.000793 40.603458 184.010483 -110.906296               2159 
9.373832 167.906403 -151.457382 22.177416 198.872147 -147.754456 -8.126358 170.342621 -171.422745 40.285805 183.734894 -111.050072               2168 
9.105596 168.000473 -151.845184 21.909788 198.924149 -147.889435 -8.356806 170.593781 -171.842789 39.931259 183.494583 -111.264069               2177 
8.909658 168.070663 -152.126526 21.703812 198.964172 -147.993317 -8.533491 170.788177 -172.164764 39.658939 183.310257 -111.430618               2186 
8.620279 168.074982 -152.630890 21.388298 198.910980 -148.280731 -8.894309 170.965576 -172.662247 39.425259 182.904175 -111.911621               2195 
8.219790 168.123779 -153.086075 20.920521 198.921738 -148.678970 -9.447332 171.082993 -173.076462 39.183308 182.709976 -112.513908               2204 
7.835609 168.526413 -154.153854 19.885311 199.530960 -150.060913 -9.984730 170.974197 -174.242142 38.534042 183.874863 -113.848015               2213 
7.663736 168.784988 -155.433716 19.087626 199.931839 -151.564896 -10.345356 170.805618 -175.602417 38.173717 184.653381 -115.418633               2222 
7.713466 168.741043 -156.406540 18.468319 199.922180 -152.411499 -10.386166 170.504852 -176.793457 37.836708 184.607590 -116.431076               2231 
7.912496 168.838882 -156.569168 18.131487 200.056686 -153.018677 -10.235368 170.052963 -177.257858 37.641205 185.275497 -116.891823               2240 
8.033876 169.008072 -156.670609 17.886518 200.189331 -153.443726 -10.198665 169.825668 -177.562408 37.566673 185.722443 -117.282112               2250 
8.288899 169.707428 -157.432022 17.441748 200.995499 -154.481079 -10.536341 170.068253 -178.000702 38.390461 186.859360 -118.906059               2258 
8.694969 170.373383 -157.975784 17.198439 201.772720 -155.224106 -10.673450 170.330917 -178.180817 39.343800 187.956085 -120.253464               2267 
8.923823 170.747070 -158.249359 17.067183 202.192001 -155.624939 -10.736283 170.469315 -178.276169 39.848961 188.564514 -120.990501               2276 
9.071168 170.989899 -158.371429 16.982887 202.458603 -155.864883 -10.783154 170.543396 -178.290466 40.179630 188.977600 -121.449242               2285 
9.225669 171.255569 -158.580017 16.950411 202.736908 -156.137848 -10.782297 170.688400 -178.414063 40.474636 189.344086 -121.910599               2294 
9.377709 171.496994 -158.810303 16.931887 202.985214 -156.408966 -10.762602 170.827713 -178.575394 40.740921 189.656174 -122.354172               2303 
9.461650 171.541168 -159.054703 16.900988 203.023560 -156.503357 -10.742780 170.910934 -178.797775 40.860229 189.558914 -122.607628               2312 
9.487284 171.545898 -159.113998 16.882963 203.014252 -156.527161 -10.738655 170.923828 -178.880920 40.881470 189.494904 -122.681030               2321 
9.501671 171.586014 -159.131531 16.863523 203.031982 -156.546875 -10.746255 170.953018 -178.931702 40.898319 189.479782 -122.739647               2330 
9.498592 171.651962 -159.142319 16.839214 203.084595 -156.562653 -10.760731 171.007538 -178.962341 40.895523 189.519180 -122.776039               2340 
9.512123 171.654663 -159.176743 16.821741 203.081100 -156.569275 -10.752349 171.014374 -179.015533 40.893623 189.484726 -122.806206               2349 
9.503560 171.677399 -159.144745 16.806095 203.095978 -156.568390 -10.773339 171.019638 -178.994354 40.894970 189.511520 -122.812637               2358 
9.346315 172.581940 -159.453445 16.851944 203.949722 -156.868179 -11.092746 172.085449 -179.143768 41.133457 190.147797 -123.339424               2367 
9.016274 173.174423 -159.468338 16.669693 204.515503 -156.987625 -11.578664 172.735718 -178.999344 41.158871 190.659134 -123.632813               2376 
8.878299 173.410187 -159.539841 16.552864 204.744965 -157.013428 -11.793374 173.030396 -178.993347 41.169975 190.795883 -123.791702               2385 
8.827331 173.665451 -159.567932 16.416912 205.009857 -156.921051 -11.853618 173.306808 -179.014801 41.089348 190.994064 -123.768509               2394 
8.989402 173.881836 -159.454742 16.376989 205.276245 -156.859650 -11.579263 173.341568 -179.019608 40.947216 191.502823 -123.530090               2403 
9.103757 174.052124 -159.369522 16.346958 205.476639 -156.813461 -11.371997 173.369446 -179.022186 40.837894 191.884888 -123.351234               2412 
9.181044 174.160980 -159.319855 16.324783 205.624603 -156.779358 -11.218493 173.390991 -179.023499 40.755856 192.166611 -123.219452               2421 
9.138709 174.183716 -159.209747 16.214924 205.709534 -156.766296 -11.216482 173.321228 -178.923813 40.626381 192.444382 -123.115463               2430 
9.141484 174.705841 -158.395157 15.495894 206.423294 -155.713272 -10.730448 173.500717 -178.532639 39.424667 193.614822 -121.542831               2439 
9.088891 176.284744 -159.071609 14.040974 208.347168 -156.563766 -10.727443 174.128479 -179.103653 38.577526 196.857559 -122.355453               2448 
7.810951 177.838196 -158.294449 11.562815 210.240814 -157.149033 -12.370481 174.195724 -177.652420 37.343388 201.122986 -123.141838               2457 
7.577779 185.912781 -174.603958 10.325906 218.509979 -175.498215 -9.701129 180.199036 -196.080460 31.483486 212.895691 -137.747742               2466 
7.767325 191.256134 -182.931488 8.595848 223.906342 -185.884796 -6.732798 183.029739 -205.586746 25.832611 222.261734 -145.829193               2475 
4.973858 204.419769 -190.513794 10.990916 236.296326 -182.951859 -6.940499 205.198044 -214.547882 19.288378 220.947250 -142.954117               2484 
5.335271 211.463943 -197.570068 12.851520 239.640823 -180.586349 0.118270 217.783188 -219.307098 14.564708 213.775253 -145.482239               2493 
5.827399 210.110687 -200.891220 12.643327 234.897568 -178.608307 3.512501 218.574249 -220.034561 13.160726 203.339340 -148.474060               2502 
3.621006 213.842651 -199.194748 14.090205 236.627335 -175.948196 2.252155 222.514328 -217.148758 12.695516 203.745331 -147.293518               2511 
2.086377 214.341736 -195.395676 15.547023 237.765610 -174.176300 2.858343 220.170120 -212.868027 13.441841 207.092010 -143.209213               2520 
-2.025413 226.258530 -207.242554 14.741863 242.435684 -157.056229 2.444103 224.263351 -201.077820 14.148979 211.630295 -126.154152               2529 
-5.751180 230.888290 -214.042282 11.976569 243.372879 -152.304214 0.629514 225.798218 -200.306473 12.183221 211.932205 -122.043625               2539 
-7.561787 232.871170 -215.391541 10.530456 243.862991 -149.819138 -0.391399 226.744522 -199.360092 11.160935 212.106079 -119.896507               2548 
-7.193782 229.755280 -215.582642 9.216874 243.557434 -148.708359 -0.036893 224.165848 -198.250793 9.493370 213.167496 -117.393234               2556 
-20.022263 233.008774 -189.677094 13.178610 246.215057 -130.883041 -14.217808 224.058350 -173.596222 18.365822 220.099197 -96.309685               2566 
-22.884531 230.972382 -173.101501 15.810829 246.654572 -119.208542 -17.224606 222.027878 -156.818665 25.070847 223.564148 -83.356819               2574 
-24.585844 230.402237 -160.459473 16.770853 245.877533 -108.974174 -18.600815 221.216019 -144.497299 28.703482 223.165085 -73.675179               2583 
-24.915791 232.096405 -152.021271 18.332396 245.803711 -101.663620 -19.203236 222.410248 -135.914047 30.776684 223.075653 -66.551834               2593 
-26.163954 234.369995 -146.113190 18.376680 245.603867 -95.888359 -20.587267 223.557526 -129.418442 30.633707 222.765564 -60.782249               2602 
-27.078119 233.919922 -137.321793 19.596867 244.083237 -88.611359 -21.168396 222.773544 -120.467140 32.939873 221.301483 -53.866310               2611 
-27.252914 232.201721 -128.321747 21.170305 242.911285 -81.465149 -21.023405 221.700424 -111.521141 35.758232 220.628769 -46.897186               2620 
-27.607494 231.828186 -119.630554 22.900949 241.951141 -74.908424 -21.222267 221.990631 -103.009308 38.626595 219.556244 -40.916737               2629 
-26.994488 231.283310 -110.046898 25.127117 240.750351 -67.113197 -20.334917 221.839890 -93.772728 42.104763 217.852341 -34.072277               2638 
-25.764160 232.468491 -100.998238 27.161629 240.018707 -58.878010 -19.437721 223.394089 -85.045334 44.135349 216.076157 -26.583910               2647 
-25.455282 232.786301 -91.900383 28.178917 241.348038 -51.597214 -18.665886 224.376114 -76.976410 47.181217 216.762604 -20.958498               2656 
-23.158342 230.775497 -82.066612 31.445297 239.582016 -44.070633 -16.918465 224.089752 -67.414276 50.049412 215.687637 -12.650780               2665 
-21.970139 226.915741 -72.590744 33.291847 238.177216 -37.013264 -15.726432 222.027451 -58.288643 52.902393 215.703629 -5.160062               2674 
-20.075397 225.939209 -64.486977 35.664440 236.325470 -29.957027 -14.282024 222.149033 -50.373165 54.859615 213.680328 2.027419               2683 
-18.622301 224.947983 -55.703724 38.273575 235.594711 -23.645237 -12.871932 222.663574 -41.708065 57.631031 214.126190 9.045025               2692 
-17.305096 221.782043 -47.569042 40.028126 234.245987 -17.330257 -11.465888 220.715363 -33.765427 60.398399 213.935440 15.484315               2701 
-14.812099 221.774918 -39.993111 42.090374 233.548096 -9.940252 -9.513836 221.222855 -26.854727 62.391876 211.880905 22.038544               2710 
-12.490281 219.585938 -31.878611 44.449753 232.037079 -3.263293 -7.534637 220.124420 -19.238956 65.239815 210.467041 28.466324               2719 
-10.684010 216.163971 -23.573414 45.964756 230.515121 2.635876 -6.246716 218.171219 -12.108911 67.689636 209.373550 34.025772               2728 
-8.603878 212.410568 -15.675339 47.605576 228.942993 8.663000 -4.598459 215.550293 -5.100117 70.094383 208.829102 40.189930               2737 
-7.545033 210.976440 -7.587199 48.956413 228.133347 14.429571 -3.678825 214.882324 2.405869 72.457420 208.150909 45.294868               2746 
-6.144679 207.431793 0.489985 50.191357 226.641327 19.816751 -2.529062 212.271484 9.816806 75.111237 207.799850 50.284119               2755 
-4.282813 203.842453 8.765679 51.655487 224.891479 25.739317 -1.022922 209.550400 17.449915 77.822830 206.990479 55.724091               2765 
-3.114894 203.172714 15.188212 52.815548 224.106277 31.246967 0.001231 209.129654 23.676983 79.681519 205.368652 60.080685               2773 
-1.558114 202.843491 22.064419 54.722851 222.760727 37.549282 1.623350 209.010376 30.531733 81.890587 202.806381 65.262093               2783 
-0.206351 200.059097 26.360819 55.433968 221.021011 42.343754 2.567023 207.068359 34.994350 82.759293 201.381546 70.126495               2791 
1.555515 198.275482 32.495033 56.881268 219.734879 47.912209 3.982715 206.387009 41.033710 84.518471 200.071320 75.367470               2801 
3.131726 197.823456 37.190620 57.954613 219.662827 53.112656 5.023864 207.135742 45.988560 85.455139 199.859192 80.604462               2810 
4.878744 196.946854 41.258389 59.475883 218.546265 57.817539 6.418304 207.109238 50.304829 86.552856 198.401703 85.481529               2818 
6.357103 196.208801 46.115170 61.065121 217.483551 62.502331 7.830187 206.975998 55.358250 88.128967 197.022232 89.945816               2828 
7.241757 194.600800 50.313957 61.725075 216.734573 66.112747 8.505729 206.029236 59.639679 89.237534 196.783005 93.485397               2837 
7.961521 194.272110 53.998001 62.571144 216.016190 69.775215 9.193473 206.400269 63.745544 90.077484 195.650116 96.847084               2846 
9.035955 193.845749 57.649708 63.338249 215.987564 73.809074 10.039326 206.417343 67.829895 91.070183 195.465897 100.531029               2855 
10.005765 192.625549 60.781147 64.172821 214.980850 77.058762 10.861600 205.893372 71.236137 91.860031 194.619781 103.949409               2864 
10.877799 190.865784 63.544437 64.360283 215.249481 79.142662 11.274132 204.930786 74.006752 92.777893 196.312958 106.310829               2873 
11.351773 189.325577 65.534210 64.262756 214.578003 81.680206 11.310114 204.047470 76.140778 92.509430 196.298965 109.469849               2882 
11.593152 187.846863 68.483414 64.694160 213.300354 83.380478 11.584671 203.261963 79.215698 93.499390 195.172821 110.691879               2891 
11.190815 184.796036 75.651245 64.397789 211.340393 87.756653 11.331775 200.719574 86.407539 94.847198 193.842789 113.658958               2918 
12.161842 183.569870 77.446053 64.890846 210.996933 89.507339 11.979196 199.712723 88.097961 95.497826 194.114532 115.631264               2927 
13.172900 183.385895 80.004776 65.918213 210.374130 92.780746 12.913680 199.778366 90.816086 96.082436 193.107620 119.167282               2936 
12.936560 182.326675 81.813759 65.821510 209.374512 93.600388 12.745957 199.341034 92.199150 95.974304 192.619125 120.327309               2945 
12.293067 182.582260 82.953041 65.828392 208.373245 94.469208 12.515236 200.068542 93.359489 95.600136 190.979889 121.215729               2954 
13.753754 182.113800 84.349861 67.153481 207.902359 96.422882 13.823428 200.030518 95.033447 96.707413 190.390533 123.333160               2963 
14.453928 182.015839 84.780174 67.652168 207.931839 97.439407 14.325990 200.214493 95.520386 96.889160 190.545120 124.773674               2973 
14.748865 181.864899 84.864319 67.946304 207.681488 97.814468 14.599753 200.106979 95.784554 97.104630 190.139435 125.133514               2981 
14.759000 181.980759 85.259804 68.099586 207.529846 98.470245 14.729552 200.161072 96.311890 97.128746 189.864243 125.847183               2990 
14.679467 182.132233 85.212929 68.200882 207.276810 98.680313 14.794432 200.189941 96.476974 97.143799 189.281555 125.933578               3000 
14.516113 182.269379 85.500931 68.267609 207.008194 98.938484 14.806338 200.347458 96.746407 97.052498 188.919418 126.296997               3008 
14.368385 181.825195 85.863907 68.334175 206.436707 98.685829 14.836876 199.964035 97.000481 97.288315 188.444641 125.929276               3017 
14.331085 181.502579 86.183601 68.324059 206.246918 98.660866 14.854411 199.645599 97.212807 97.421829 188.499023 125.911438               3026 
14.295228 181.330185 86.300705 68.321609 206.172363 98.504150 14.948688 199.274841 97.135811 97.549362 188.647766 125.760139               3035 
14.283017 181.052109 86.380081 68.302689 205.971710 98.493530 15.157701 198.517944 96.871986 97.609581 188.588455 125.755058               3044 
14.056005 181.054382 86.289192 68.190201 205.742844 98.583649 15.529471 197.188171 96.014076 97.367500 188.406982 126.013840               3053 
13.910939 181.138290 86.259254 68.092026 205.558395 98.874153 15.841853 196.067627 95.237297 97.006584 188.116791 126.514732               3063 
13.793191 181.190643 86.227356 68.014153 205.395264 99.082703 16.117605 194.881638 94.546219 96.726707 187.851822 126.869003               3072 
13.599339 181.288422 86.088066 67.882950 205.264572 99.245880 16.186296 194.045914 94.112366 96.447334 187.602692 127.109756               3081 
13.368469 181.244949 86.084221 67.677902 205.019165 99.505020 16.139772 193.265396 93.836594 96.085083 187.204926 127.432549               3090 
13.086514 181.279892 85.943764 67.380974 205.109711 99.348572 16.054647 192.593613 93.356613 95.777542 187.419235 127.365425               3099 
12.980952 180.633347 85.809837 66.991570 205.098495 99.400932 15.970605 191.465317 93.068893 95.477303 187.948425 127.662216               3108 
12.943602 179.652344 85.694336 66.467453 205.061172 99.797882 15.883860 190.063354 92.897552 94.971275 188.680511 128.494019               3117 
13.136933 178.984375 85.745888 66.398170 204.921997 99.867950 16.003199 189.239578 92.841911 94.975929 188.913651 128.700333               3126 
13.166786 178.235992 85.764053 66.124840 204.747849 99.949638 15.918191 188.440628 92.812309 94.771652 189.149323 128.937714               3135 
13.108389 178.029846 85.844368 66.026566 204.747620 100.011154 15.812800 188.120987 93.001373 94.723259 189.435989 129.102661               3144 
13.070499 177.782166 85.884109 65.921745 204.712006 100.119347 15.695142 187.805130 93.184311 94.627571 189.669266 129.341827               3153 
13.176571 177.141846 86.061249 65.666870 204.779617 100.376808 15.625286 187.256454 93.246269 94.153488 190.587204 130.232300               3162 
12.896582 176.846436 86.192673 65.103104 204.946426 100.695328 15.197929 187.127396 93.147911 93.020020 191.685226 131.501953               3171 
12.639525 176.562500 86.050758 64.548584 205.208206 100.653358 14.833132 187.013031 92.746315 91.966194 192.900696 132.292923               3180 
12.373539 176.519196 85.948563 64.281609 205.309372 100.536964 14.619364 187.017731 92.492897 91.400856 193.513718 132.625458               3189 
12.136673 176.445633 85.813591 64.032265 205.246109 100.603760 14.411352 186.945465 92.281578 90.855843 193.670929 133.019394               3198 
11.586605 176.074905 84.762917 62.976101 205.016022 101.066597 13.675991 186.554321 91.253448 88.831139 193.534668 134.292450               3207 
11.368645 175.735413 84.048286 62.488155 204.667114 101.292564 13.392509 186.131531 90.578384 87.825836 193.054428 134.869476               3216 
11.221096 175.567856 83.722176 62.172749 204.548340 101.472771 13.243070 185.843460 90.243156 87.265114 192.857086 135.206284               3225 
11.083970 175.559631 83.567802 62.016479 204.480499 101.536903 13.176248 185.677643 90.017654 86.987488 192.690582 135.326080               3234 
11.016609 175.627289 83.557182 61.992245 204.477753 101.550819 13.193594 185.599106 89.908073 86.920883 192.638702 135.354095               3243 
10.947420 175.746613 83.541687 61.952538 204.495941 101.625008 13.203840 185.574738 89.791908 86.821426 192.538727 135.430710               3252 
11.369731 175.804688 83.902359 62.163799 204.871933 101.957771 13.561597 185.623596 89.997795 87.049942 193.024155 135.789291               3261 
11.784060 176.661560 84.331879 62.729965 205.510956 102.288239 14.046827 186.385834 90.443268 87.854935 193.276978 135.804321               3271 
12.052692 176.992584 84.497192 62.925724 205.742355 102.762871 14.300035 186.661331 90.569275 87.921432 193.277817 136.290649               3279 
12.245806 177.294907 84.986275 63.408718 205.878677 102.590706 14.581558 186.914185 90.964783 88.864525 193.184174 135.683212               3288 
12.253823 177.545029 85.262657 63.684258 205.822556 102.536148 14.697005 187.041534 91.274529 89.580437 192.614761 135.081558               3298 
12.282734 178.027924 85.631096 64.025703 205.783066 102.735268 14.834361 187.375717 91.725410 90.325432 191.797089 134.625381               3307 
12.733851 178.835098 86.538414 64.883507 205.769867 103.593513 15.419683 187.977539 92.777916 91.614136 190.628098 134.584839               3316 
13.248022 179.616837 87.143097 65.607094 205.779572 104.648224 15.996598 188.587433 93.524734 92.345993 189.665176 135.137878               3325 
13.304206 180.367294 87.195358 65.879364 205.761444 105.081146 16.122597 189.171738 93.693787 92.579285 188.782730 135.132767               3334 
13.320435 181.147781 87.586128 66.015984 206.229691 105.349365 16.149025 189.942657 93.986824 92.661346 189.047028 135.333405               3343 
13.406855 181.679718 87.613060 65.876297 206.727631 105.550026 16.051008 190.623917 93.722565 92.062584 189.660629 136.000946               3352 
13.243468 181.936752 87.628304 65.698097 206.785568 105.397530 15.808191 190.942368 93.492493 91.766487 189.557220 135.858734               3361 
13.335304 181.905716 87.860970 65.377686 207.246048 105.263283 15.603009 191.127335 93.270081 91.468582 190.205383 135.810669               3370 
13.520679 182.035080 88.839142 65.555969 207.612213 104.769707 15.541875 191.497833 93.781166 92.298019 190.493698 134.704330               3379 
13.188521 181.568588 88.324669 64.326469 208.098419 104.416382 14.679518 191.419785 92.620056 90.452385 191.830185 135.352493               3388 
12.972939 181.516846 88.432281 64.153854 207.855148 104.266151 14.396708 191.440155 92.543892 90.293571 191.359528 135.069916               3397 
13.297273 181.351852 89.238106 64.487595 207.723022 104.404022 14.573728 191.368988 93.232155 91.146553 190.849701 134.551224               3406 
14.669879 174.099930 89.877777 62.868404 206.101166 103.203979 14.679929 184.808746 93.001259 90.790237 193.604553 134.324188               3415 
15.565072 172.479507 90.884460 63.278790 205.219162 103.610809 15.125407 183.946106 93.581070 90.914948 193.800812 135.393295               3424 
15.704900 172.770996 90.767303 63.345623 205.448242 103.789223 14.940343 184.916275 93.446526 90.435539 194.274353 136.124069               3433 
15.732059 173.016800 90.545624 63.407753 205.533142 104.005867 14.686136 185.709473 93.283012 89.844383 194.582596 136.952057               3442 
15.789073 173.124542 90.204887 63.431282 205.581268 104.081657 14.255158 186.439468 93.254944 89.464935 194.698318 137.369370               3451 
15.971969 173.378067 89.693893 63.490448 205.817642 104.156097 13.996546 187.156143 92.985863 89.001083 195.032501 137.877762               3460 
16.231537 173.710907 89.123520 63.660397 206.067108 104.167801 13.836163 187.830963 92.620018 88.576584 195.396088 138.366852               3469 
16.396955 173.870102 88.768593 63.764652 206.167770 104.219513 13.736232 188.124420 92.380295 88.257378 195.581573 138.749222               3478 
16.356773 174.364944 87.863060 63.419788 206.702637 104.216766 13.588437 188.656235 91.226814 86.831245 196.552094 139.616379               3487 
16.291174 174.780655 87.144440 63.040936 207.229340 104.229858 13.432193 189.078781 90.267014 85.511978 197.532074 140.358475               3496 
15.513553 175.087738 85.778564 62.948048 207.273376 104.166008 13.322535 189.145569 89.659462 84.858795 197.706787 140.671646               3506 
14.610897 175.560837 84.107094 62.925453 207.331360 104.122208 13.054348 189.351913 89.357872 84.432381 197.805725 140.877838               3515 
13.896561 176.263519 82.140823 63.104191 207.375870 104.076080 12.864039 189.738342 88.952927 83.972748 197.950348 141.223419               3523 
13.918914 177.147720 79.978889 63.736145 207.263290 104.298187 12.928876 190.483627 88.426765 83.503265 197.733536 142.016968               3533 
13.922684 178.049011 77.682823 64.342308 207.092026 104.363670 12.976646 190.916214 87.976387 83.233437 197.537674 142.522568               3542 
13.961861 178.787338 76.431145 64.735077 207.162903 104.606430 12.911414 191.469406 87.919373 83.005997 197.665878 143.080338               3551 
14.191551 179.576447 74.880096 65.355927 206.946625 104.799721 13.185452 191.801041 87.661736 83.027321 197.236145 143.499725               3560 
14.213303 180.346924 73.412216 65.666725 206.816101 105.018776 13.304764 191.946060 87.470589 82.850708 197.009171 143.913467               3569 
14.235407 181.518845 72.070251 65.835770 206.866287 105.384743 13.333870 192.590866 87.179672 82.289932 196.920166 144.558685               3578 
14.759667 182.224686 70.891998 66.219620 206.548950 106.073257 13.747206 192.631287 87.031784 81.950920 196.335129 145.474609               3587 
15.103296 182.948853 69.846947 66.465645 206.309723 106.703690 14.002557 192.665695 86.992805 81.578346 195.917374 146.299988               3596 
15.251526 183.746841 69.021248 66.659706 206.192093 107.072067 14.150526 192.861206 86.946487 81.346710 195.642822 146.786880               3605 
15.337819 184.496002 68.481857 66.773705 206.228378 107.432518 14.186870 193.159302 87.005501 81.066345 195.668518 147.288147               3614 
15.664079 185.239853 68.130676 67.325623 206.001480 107.919243 14.524518 193.332809 87.383156 81.313316 195.410233 147.874619               3623 
15.999614 186.072342 67.354706 67.789742 205.743332 108.392876 14.874725 193.345306 87.612267 81.406120 195.146576 148.474854               3633 
16.464384 186.925949 66.838737 68.590889 205.263794 108.788895 15.413103 193.526108 87.949493 81.928307 194.516708 148.924606               3641 
16.885504 187.720367 66.417290 69.316742 204.892502 109.245819 15.903712 193.631210 88.383011 82.411491 194.114136 149.452988               3650 
17.078577 188.308212 66.052383 69.663071 204.759094 109.601364 16.102375 193.686996 88.678864 82.552094 194.034088 149.889191               3659 
17.157612 188.697357 65.760086 69.848480 204.684097 109.805946 16.103491 193.750366 88.890892 82.603508 193.974838 150.140579               3668 
17.204296 189.026581 65.469025 69.965408 204.668396 109.940460 16.049267 193.802994 89.040474 82.605591 194.000641 150.322220               3677 
17.435003 189.547806 65.342094 70.250336 204.661499 110.150589 16.162258 194.185059 89.179474 82.689621 193.900879 150.570084               3686 
17.686281 189.918793 65.170074 70.452728 204.727692 110.257698 16.254391 194.549896 89.158920 82.664825 193.951294 150.742218               3695 
17.895908 190.252975 65.054703 70.628853 204.779510 110.377304 16.331732 194.864731 89.175255 82.654900 193.972549 150.909332               3704 
17.980139 190.467575 64.981766 70.732635 204.771805 110.447617 16.310009 195.023788 89.241096 82.680794 193.892609 150.983353               3713 
17.939264 190.623642 64.782700 70.726242 204.798004 110.459732 16.182995 195.082535 89.277710 82.625526 193.916428 151.009216               3722 
17.871017 190.847656 64.488541 70.721184 204.818954 110.470001 16.069813 195.121964 89.307884 82.576256 193.933212 151.031311               3732 
17.863008 190.981522 64.254890 70.653412 204.883423 110.444542 15.919029 195.221710 89.233093 82.411163 193.988113 151.031601               3740 
17.894127 191.203430 63.968613 70.570580 205.048065 110.399178 15.812972 195.441650 89.053535 82.166046 194.179092 151.039948               3749 
17.848957 191.369141 63.654152 70.553444 205.074249 110.394852 15.766783 195.406982 89.023659 82.113174 194.202744 151.045135               3758 
17.747540 191.907608 63.024094 70.503510 205.099976 110.421349 15.699961 195.320282 89.005951 82.026955 194.203476 151.075241               3768 
17.726135 192.708038 62.427868 70.533813 205.221191 110.453842 15.681682 195.499756 89.006844 81.988365 194.300034 151.120575               3777 
17.660336 193.609146 61.766582 70.499390 205.278168 110.537659 15.621580 195.582001 89.034271 81.891617 194.305267 151.207977               3786 
17.633923 194.405197 61.302975 70.458542 205.380646 110.711365 15.590938 195.621979 89.114426 81.783905 194.356369 151.386459               3795 
17.645069 195.087051 61.010326 70.517250 205.468506 110.891106 15.633693 195.643524 89.282539 81.825203 194.441818 151.570389               3804 
17.716164 195.617569 60.811771 70.613640 205.404892 111.165932 15.746987 195.434052 89.511551 81.928757 194.293365 151.820129               3813 
17.814198 196.118698 60.851501 70.719261 205.382248 111.634758 15.874177 195.300232 89.922447 82.023682 194.205551 152.274078               3822 
17.953051 196.675491 60.781197 70.789917 205.472443 112.071136 16.024725 195.245453 90.209770 81.992294 194.350449 152.753693               3831 
17.984457 197.233704 60.554680 70.784569 205.513443 112.311623 16.084974 195.179214 90.329857 81.911674 194.404236 153.018326               3840 
17.937578 197.703461 60.253735 70.693451 205.649017 112.442574 16.054476 195.179352 90.373207 81.732109 194.692169 153.214600               3850 
17.924101 198.085770 59.973595 70.679871 205.656128 112.489090 16.073919 195.138321 90.364647 81.674850 194.735321 153.282578               3858 
17.942625 198.435852 59.748474 70.677460 205.711197 112.550903 16.109951 195.184387 90.351456 81.600410 194.847000 153.378845               3867 
17.963455 198.707321 59.567287 70.665039 205.744797 112.626419 16.137999 195.196030 90.347229 81.521584 194.915024 153.481216               3876 
18.296999 199.079788 59.564678 71.047142 205.790237 112.832794 16.486057 195.365204 90.568481 81.855270 195.027939 153.718231               3885 
18.576370 199.454285 59.667507 71.365860 205.809280 113.157433 16.778818 195.512436 90.887825 82.126480 195.067245 154.060730               3894 
18.820118 199.999771 59.663288 71.656990 205.556076 113.594055 17.037031 195.505875 91.289513 82.335320 194.778961 154.509689               3903 
18.800987 200.567871 59.232475 71.564041 205.591171 113.742233 17.000311 195.507492 91.334526 82.117950 194.978561 154.733078               3912 
18.826607 201.142639 58.875320 71.632545 205.509216 113.912865 17.071596 195.428085 91.510216 82.145073 195.030563 154.948776               3921 
18.829554 201.854324 58.485043 71.558205 205.587372 114.099831 17.009005 195.689621 91.598793 81.896111 195.285461 155.224762               3930 
18.953072 202.409088 58.428436 71.653229 205.462814 114.537086 17.084127 195.820190 91.989540 81.864784 195.264755 155.719437               3939 
19.000303 202.748917 58.205620 71.542381 205.434067 114.879326 17.051043 195.819397 92.165840 81.563698 195.444199 156.159317               3948 
19.047415 203.176620 57.969086 71.445869 205.458633 115.170670 17.035322 195.897736 92.292610 81.282379 195.650040 156.538498               3957 
19.214083 203.415039 58.064171 71.505867 205.265350 115.749451 17.197674 195.677643 92.716972 81.212570 195.558533 157.171906               3966 
19.389452 203.275131 58.418812 71.853027 204.873260 116.395668 17.610188 194.958832 93.468842 81.671852 195.370819 157.839081               3975 
19.433304 203.454407 58.304474 71.799400 205.081253 116.739944 17.684244 194.991135 93.753334 81.470451 196.111603 158.336563               3984 
19.406033 203.805771 58.097904 71.670326 205.109222 117.033195 17.686134 194.940659 93.950569 81.211678 196.457214 158.726929               3994 
19.357161 203.976257 58.222519 71.706749 205.259079 117.400154 17.815237 194.802994 94.406509 81.299484 196.934113 159.148651               4003 
19.280619 203.839600 58.538853 71.891335 205.184174 117.697174 18.026331 194.500443 94.922577 81.652130 197.100937 159.454208               4012 
19.079222 203.234543 59.152260 72.042336 204.969635 118.091728 18.129597 193.996201 95.667931 82.051422 197.206726 159.850769               4021 
18.537954 202.134964 60.508007 72.256020 204.435501 118.789131 18.219595 192.998734 97.056015 82.822235 196.984085 160.467590               4030 
17.647348 200.062485 62.694229 72.530571 203.778168 119.877831 18.618296 191.098145 99.136009 83.969749 197.018143 161.443558               4039 
16.555254 197.587906 65.758255 72.906342 203.065674 121.437523 19.133636 189.418243 101.967377 85.208504 197.665070 162.955612               4066 
16.117426 197.147888 66.355789 72.798836 202.883759 121.660561 19.106480 189.192108 102.358772 85.201378 197.753036 163.183014               4075 
15.234989 195.472427 69.952438 73.836052 202.137665 122.695259 20.055315 188.485092 104.680885 87.160233 197.644150 164.005508               4084 
14.144539 193.731140 72.472473 73.462830 202.621552 123.258430 20.596823 187.780899 105.323593 86.935646 199.053802 164.610779               4093 
13.559692 192.510696 74.692078 73.497963 202.669159 123.674088 21.582529 186.884659 105.687729 87.120857 199.507217 165.010284               4102 
13.364632 191.933685 76.298515 73.984718 202.064804 123.887062 22.340839 186.439011 106.048248 87.737305 199.062943 165.192230               4111 
13.373706 191.850723 77.870773 74.439079 201.943054 124.578682 23.051975 186.341537 106.811562 88.237701 199.136963 165.882263               4120 
13.221578 191.652435 78.442299 74.496323 201.770966 124.601921 23.473372 185.929642 106.705078 88.251556 198.996521 165.922104               4129 
12.915945 191.634079 78.845482 74.419701 201.658447 124.392799 23.647734 185.718826 106.396599 88.146576 198.795120 165.716354               4138 
12.475530 191.975342 79.322899 74.282776 202.155304 124.140350 23.764648 185.831665 106.260765 88.129875 199.320282 165.425735               4147 
12.203671 192.482925 79.696571 74.367180 202.043762 123.961960 23.913948 185.784561 106.137840 88.343048 198.822250 165.175537               4156 
12.103508 192.993423 80.138474 74.594452 201.936234 123.822548 24.258644 185.611740 106.023582 88.650574 198.290710 164.973465               4165 
12.021790 193.358582 80.365944 74.637222 202.032486 123.606766 24.505472 185.418152 105.708061 88.638412 198.068649 164.746979               4174 
12.017778 194.787964 80.138931 74.596016 202.821457 123.258644 24.443790 186.542938 105.064873 88.343903 198.444733 164.442398               4183 
12.106647 195.602036 80.101357 74.762169 202.965469 123.066551 24.511099 186.969040 104.761536 88.426872 198.140717 164.227936               4192 
12.364369 196.606262 79.920204 75.678925 202.199432 121.907944 24.889547 187.247040 103.893982 89.764320 196.020554 162.745239               4201 
12.153265 197.370911 79.628227 75.711136 202.094162 121.105934 24.649046 187.552887 103.120422 89.951736 194.952667 161.731873               4211 
12.235923 197.667526 79.938454 76.385902 202.158203 120.308121 24.894737 187.623901 102.982025 91.232239 194.370941 160.597168               4219 
12.193006 197.679138 80.374069 76.753395 202.421677 119.839111 24.878922 187.612686 103.139305 92.098129 194.279129 159.870346               4229 
12.128246 197.504944 80.530983 76.860672 202.341995 119.524551 24.640377 187.425293 103.204659 92.417267 193.955948 159.423523               4238 
12.086077 197.158768 80.732010 76.861176 202.512207 119.343765 24.445242 187.279709 103.297737 92.565308 194.094574 159.178238               4247 
11.848228 196.480911 80.549530 75.903175 203.204193 119.774658 23.848913 187.023880 103.048180 91.169327 194.941238 159.811264               4256 
11.941059 196.213989 80.814888 75.958252 203.184769 119.843086 23.763023 186.904404 103.216476 91.242119 194.863403 159.860840               4265 
12.033887 195.998672 81.029602 76.033134 203.132874 119.886353 23.740892 186.782410 103.338120 91.344955 194.751282 159.880844               4274 
12.067716 195.826645 81.248802 76.125191 203.040070 119.888161 23.756979 186.653152 103.476151 91.521049 194.631134 159.844635               4283 
12.079575 195.810165 81.328453 76.146866 203.016174 119.898781 23.725470 186.644226 103.552101 91.536980 194.647720 159.865967               4292 
12.159797 195.746582 81.966988 76.229294 203.254974 120.364197 23.740795 186.784485 104.263184 91.562843 195.394531 160.456055               4301 
12.350004 195.609497 82.687225 76.385757 203.287415 120.979736 24.054502 186.465118 104.979034 91.601837 195.885880 161.203491               4310 
12.367379 195.089966 83.752663 76.419655 203.241028 121.853065 24.855373 185.342987 105.791267 91.658203 196.330200 162.155533               4319 
12.405897 194.443039 84.550133 76.484879 202.991837 122.469482 25.388281 184.569321 106.401031 91.747215 196.531250 162.837585               4328 
12.499223 194.095612 84.676460 76.507217 202.869308 122.708176 25.560669 184.277649 106.620720 91.698769 196.734146 163.153671               4337 
12.441411 194.449463 84.251854 76.467987 202.823792 122.771812 25.591917 184.228607 106.676682 91.653473 196.787949 163.234528               4346 
12.405388 194.691895 83.803146 76.533104 202.538452 122.858925 25.676891 183.997894 106.802109 91.754799 196.561249 163.316742               4355 
12.457137 194.534393 83.826508 76.764069 202.041809 123.063751 25.870619 183.601364 107.144264 92.075928 196.157059 163.501083               4364 
12.626518 194.448288 83.897736 76.996834 201.572998 123.306290 25.896379 183.724487 107.386475 92.240166 195.777603 163.782410               4373 
12.643690 194.453857 83.876633 77.030983 201.466751 123.401466 25.737646 184.170395 107.458206 92.217949 195.787003 163.915146               4383 
12.691604 194.401779 83.958397 77.123749 201.403503 123.451393 25.710526 184.417068 107.553337 92.316566 195.830917 163.977753               4391 
12.755209 194.245697 84.024971 77.204178 201.289215 123.525299 25.734282 184.479492 107.638290 92.377563 195.840042 164.075714               4400 
12.795791 194.123474 84.035698 77.247299 201.226074 123.559761 25.759624 184.503265 107.658669 92.397331 195.865616 164.130737               4409 
12.938218 193.909561 83.880234 77.336487 200.968201 123.538643 25.759020 184.523834 107.582253 92.339577 195.799210 164.188995               4418 
13.281405 193.684265 83.843170 77.752174 200.637909 123.448456 25.998953 184.560303 107.608139 92.704567 195.707520 164.147095               4427 
13.489952 193.389572 83.862701 78.023216 200.766861 123.341957 26.163240 184.663300 107.680946 93.032486 196.125092 164.053604               4436 
14.309478 192.660767 84.460083 79.275391 199.250702 123.420631 27.198767 183.543930 107.965439 94.686890 193.784546 163.878860               4445 
14.235405 192.878815 84.194344 79.253120 199.339020 123.167274 27.155102 183.693832 107.687790 94.674507 193.761642 163.606567               4455 
14.126668 193.157181 83.945518 79.164993 199.346146 123.007339 27.041498 183.850693 107.444901 94.543877 193.617233 163.441635               4464 
13.842655 193.528625 83.406189 78.792900 199.308655 122.748421 26.677248 184.012283 106.922668 94.019104 193.295944 163.199280               4473 
13.698226 193.612854 83.139023 78.680038 199.200806 122.499161 26.533165 183.950272 106.606079 93.929123 192.897888 162.897186               4482 
13.478089 193.812317 82.944618 78.511513 199.212997 122.282219 26.320341 184.045181 106.344826 93.771217 192.672058 162.638382               4491 
13.401064 194.158508 82.718727 78.522644 199.168442 121.999039 26.224422 184.215256 106.070831 93.807571 192.343903 162.298660               4500 
13.008657 194.654800 82.485092 78.167870 199.500565 121.741325 25.833139 184.559662 105.743851 93.481079 192.332611 161.970520               4509 
12.886736 194.887405 82.462265 78.143227 199.571274 121.567558 25.653074 184.769699 105.649658 93.515015 192.148987 161.728241               4518 
12.191398 194.723450 81.978981 77.042160 200.721008 121.463715 24.950005 184.918228 105.051453 92.235527 193.340805 161.699966               4527 
11.802274 194.527237 81.940331 76.364166 201.371002 121.496178 24.454966 185.167145 104.790680 91.348831 194.125977 161.835129               4536 
11.619297 194.139908 82.177887 76.007851 201.712616 121.513229 24.195486 185.275375 104.660126 90.881927 194.537308 161.905548               4545 
11.606025 193.858124 82.667442 76.071945 201.797897 121.421913 24.175133 185.380173 104.706444 91.059448 194.528534 161.755432               4554 
11.620322 193.666534 82.922356 76.143974 201.716385 121.268570 24.143063 185.408844 104.641579 91.214073 194.275879 161.540070               4563 
11.569693 193.402710 83.055824 75.900909 201.833435 121.332069 23.953947 185.463867 104.536835 90.834755 194.406982 161.656876               4572 
11.629285 193.547211 83.301636 76.188568 201.788406 121.000275 24.013176 185.764313 104.533104 91.277290 194.339050 161.263153               4581 
11.618508 193.342621 83.311890 75.947441 202.055252 121.031029 23.853546 185.861572 104.422394 90.864685 194.812302 161.395340               4590 
11.655470 193.143402 83.525589 75.952690 202.049011 121.038383 23.846321 185.837631 104.454796 90.882790 194.808899 161.398453               4599 
11.819089 192.210022 83.886414 76.149345 201.662827 121.006470 24.084539 185.124756 104.594070 91.280106 194.456070 161.297729               4608 
12.027838 191.797256 84.790161 76.864281 201.091446 121.004395 24.679514 184.485046 105.218689 92.525681 193.785736 161.074448               4617 
11.961387 191.455231 85.809799 77.288300 200.715668 121.128929 25.079803 183.949112 105.969795 93.465988 193.481186 161.006332               4626 
11.950327 191.292450 86.031952 77.289063 200.792526 121.254936 25.417444 183.655457 106.056328 93.483841 193.847733 161.176880               4635 
11.957954 191.175140 86.315170 77.372696 200.871460 121.395897 25.707401 183.471191 106.312523 93.648949 194.266968 161.342438               4644 
11.955318 190.778076 86.672249 77.456604 200.828903 121.666161 25.988333 183.111267 106.774742 93.892609 194.656448 161.616394               4653 
12.009023 190.711258 86.783020 77.592804 200.719833 121.928902 26.245169 182.898575 107.147507 94.104836 194.854065 161.893982               4663 
12.170136 190.878540 86.485153 77.904472 200.413849 122.073761 26.537725 182.713211 107.387558 94.504837 194.643036 162.016052               4671 
12.218281 190.994064 86.139320 78.100060 199.872803 122.267204 26.735886 182.313385 107.562012 94.746193 194.033813 162.180542               4681 
12.083585 191.412704 85.585617 77.945938 199.989151 122.293083 26.624107 182.472656 107.504013 94.482430 194.348495 162.280441               4690 
12.003051 191.820511 85.101875 77.830750 200.030701 122.347733 26.530121 182.623779 107.436653 94.217178 194.539993 162.417664               4699 
12.223568 192.248322 84.985550 78.269371 199.368820 122.413986 26.750599 182.584991 107.547859 94.715065 193.545578 162.412628               4708 
11.542511 193.002274 83.618584 76.707596 200.600433 122.714066 25.692713 183.293365 106.756142 92.314682 195.041061 163.084534               4717 
11.258805 192.919891 82.816711 75.753220 201.330185 122.904541 25.203415 183.364517 106.219528 90.831459 196.018387 163.508652               4726 
11.244722 194.312973 81.091805 75.084343 202.146042 122.468567 24.723446 184.512833 104.879341 89.391876 196.735977 163.337723               4735 
11.008781 195.338531 80.414017 74.584816 202.658981 122.359100 24.345970 185.153091 104.318054 88.575775 196.980820 163.301422               4744 
10.946861 196.199203 79.879562 74.282936 203.109268 122.292809 24.145477 185.649551 103.890388 87.993408 197.222290 163.300476               4753 
10.929897 196.786224 79.588219 74.126984 203.308929 122.317711 24.024061 185.928833 103.673508 87.671684 197.189301 163.346405               4762 
10.924951 197.281067 79.163795 73.928375 203.353821 122.290031 23.880342 186.099930 103.291000 87.286209 196.850098 163.320892               4771 
10.952033 197.981033 78.917892 74.106369 203.126785 121.970993 23.861814 186.286850 102.885796 87.599846 195.804871 162.819214               4780 
11.281418 198.759781 78.241531 74.771584 202.525574 120.971825 24.010916 186.380478 101.957993 88.623528 193.806320 161.423767               4789 
10.920160 198.934402 77.106812 73.798615 203.448349 120.668503 23.260490 186.632370 101.113625 87.287758 194.723709 161.241714               4798 
11.058792 198.962570 75.878403 73.256409 204.398468 120.373398 22.982283 186.813812 100.328247 86.366959 195.887100 161.115662               4807 
11.228812 199.198364 75.003571 73.052605 204.430298 120.224319 22.592892 186.824646 99.992355 85.943382 195.776413 161.006668               4817 
11.371267 199.616714 74.363754 73.046867 204.375656 120.163666 22.245646 186.903961 100.041740 85.895058 195.651047 160.944382               4825 
11.356113 199.961258 74.227783 73.219238 204.139236 120.091057 22.087255 186.832932 100.316460 86.284233 195.286987 160.775269               4834 
11.250075 199.757584 74.377693 73.526421 203.469727 119.842087 22.085165 186.310669 100.512444 87.009781 194.305420 160.320190               4843 
11.230955 199.698441 74.412079 73.822304 203.054611 119.550369 22.082623 186.114182 100.615326 87.586433 193.747894 159.901276               4852 
11.196585 199.527328 74.569794 73.893661 202.969635 119.569832 22.011175 186.039871 100.832413 87.779892 193.691666 159.885513               4861 
11.353229 199.168762 74.803482 74.134277 203.050705 119.657394 22.238043 185.875275 101.143944 88.139053 194.047424 159.994339               4870 
11.373587 198.842056 75.473846 74.328217 202.976425 120.088631 22.365286 185.667496 101.887589 88.507790 194.210892 160.416870               4879 
11.482435 198.941162 75.936470 74.681763 202.717117 120.409378 22.507355 185.648346 102.600243 89.019333 194.138596 160.721970               4889 
11.487845 198.560883 76.147346 74.629524 202.796997 120.802391 22.519289 185.447998 103.124466 88.940201 194.729263 161.229843               4897 
11.625470 196.824326 77.141853 75.052940 202.475922 121.260155 23.130896 184.417313 104.112823 89.784988 195.143372 161.676270               4906 
11.580924 195.642761 77.946228 75.200829 201.913223 121.701920 23.383421 183.861374 104.783371 90.165161 194.946564 162.097427               4916 
12.245129 195.068268 79.359940 76.409279 201.372589 122.314674 24.283401 183.978668 106.135483 91.723312 194.966461 162.671875               4924 
12.553272 194.701111 80.076256 76.964546 200.990982 122.677879 24.768559 184.047592 106.759636 92.413376 194.903168 163.032974               4933 
12.557497 194.607529 80.451340 77.138313 200.875320 122.816093 25.022051 184.201828 106.976006 92.678970 194.977905 163.164200               4943 
12.589710 194.526154 80.545227 77.192749 200.928726 122.849174 25.198259 184.435410 106.964653 92.680710 195.334915 163.260742               4952 
12.630604 194.472244 80.638214 77.265999 200.970993 122.884071 25.522202 184.498169 106.901711 92.704506 195.661774 163.352905               4961 
12.664883 194.150482 80.845161 77.377563 201.073792 122.900002 25.737467 184.488297 107.015076 92.842422 196.159241 163.408615               4970 
12.733580 193.718063 81.175011 77.553833 200.925049 122.958031 25.920986 184.352875 107.168304 93.043625 196.247986 163.485229               4979 
13.712341 193.454758 82.465988 79.446419 199.357178 123.046700 27.287567 183.747253 108.093437 95.592278 194.199875 163.258331               4988 
13.567925 193.281296 82.476830 79.314453 199.347458 122.996750 27.179886 183.746017 108.020302 95.400566 194.353668 163.252945               4997 
13.519186 193.131165 82.581596 79.307800 199.360474 122.958618 27.189646 183.748077 107.966927 95.370392 194.434265 163.232529               5006 
13.143718 192.952530 82.216782 78.778206 199.805466 122.677055 26.760134 183.981308 107.575508 94.647247 195.313248 163.078232               5015 
12.989336 192.982666 81.968452 78.576004 200.052704 122.404114 26.539314 184.328781 107.265701 94.312263 195.837479 162.887009               5024 
13.012598 193.183289 81.676643 78.604240 199.945770 122.133209 26.435827 184.683548 106.923080 94.211678 195.756302 162.668610               5033 
12.512337 193.191528 81.302612 78.450020 199.229462 121.298615 25.969736 184.630310 106.338089 94.324646 194.568558 161.678497               5042 
12.127324 193.701721 81.216728 78.263145 199.054077 120.980049 25.633608 184.891571 106.028061 94.296570 193.761124 161.219040               5051 
11.951694 193.907501 81.394676 78.298538 198.969391 120.800468 25.574383 185.010223 105.919807 94.515747 193.213074 160.901947               5060 
11.597521 194.164352 80.621826 77.471161 199.479980 120.634674 25.043713 185.269501 104.926201 93.274467 193.254745 160.831238               5069 
11.512697 194.287827 80.575829 77.150818 199.942841 120.745888 24.919315 185.502274 104.593353 92.752792 193.453522 160.979324               5078 
11.499094 194.763977 80.452499 77.020164 200.537125 120.608284 24.812454 186.197113 104.230141 92.451660 193.939453 160.889816               5088 
10.698320 195.720993 78.765907 75.268684 201.700500 120.306129 23.526939 187.137772 102.659569 89.790474 194.952026 160.899704               5096 
11.040692 196.565750 77.825577 75.263977 201.848831 119.956863 23.568705 187.650696 101.739799 89.360031 194.647400 160.622604               5105 
11.144584 196.774414 77.915108 75.337700 201.952606 120.027252 23.617249 187.741898 101.743706 89.368073 194.585022 160.685944               5115 
11.226852 196.994705 77.867516 75.284645 202.156891 120.132462 23.626083 187.775452 101.655212 89.193710 194.586899 160.795654               5123 
11.102976 197.782745 77.854607 74.977997 202.762390 120.333893 23.511251 188.029739 101.512161 88.746498 194.726730 160.955536               5133 
11.162106 198.419708 77.909218 75.251862 203.087494 120.017891 23.728867 188.221939 101.271568 89.299271 194.361069 160.400833               5141 
10.561099 198.685318 77.196945 74.157181 204.298096 119.818962 23.151529 188.352493 100.403778 88.086929 195.158340 160.151199               5150 
10.100693 198.759323 76.622040 73.138031 204.875015 119.819412 22.621307 188.238693 99.592827 86.858902 195.108704 160.076324               5159 
10.019690 198.566299 76.425957 72.862511 205.019714 119.722702 22.532499 187.996353 99.208427 86.613258 194.872879 159.875168               5169 
10.070634 198.428741 76.460091 72.954437 205.019836 119.563148 22.552046 187.860870 99.113716 86.846313 194.638321 159.606903               5178 
9.192140 197.874100 76.936485 72.265533 205.265991 119.503296 22.031719 187.370270 99.235909 86.701042 194.587067 159.275635               5187 
9.078537 196.964859 77.032127 72.035156 205.203674 119.443489 21.944454 186.760574 99.146103 86.683693 194.387039 159.100555               5214 
8.861525 196.522476 77.031036 71.714188 205.234024 119.497620 21.767448 186.434601 99.162567 86.403954 194.526779 159.169113               5223 
8.682693 195.868942 76.610733 71.247948 205.249100 119.353386 21.559017 185.973862 98.834755 85.832733 194.783417 159.127945               5232 
7.991394 193.560486 76.093811 70.135872 204.847504 118.952522 21.062216 184.181290 98.365845 84.850021 194.972626 158.830368               5241 
7.743806 193.736206 76.658356 70.079971 204.965805 119.213600 20.882320 184.466873 98.848991 84.900856 195.138489 159.063660               5250 
8.028876 194.487854 77.794388 71.040222 204.412140 119.693443 21.207001 185.032974 99.843987 86.098923 194.222885 159.363037               5259 
8.221911 194.473450 78.588318 71.693756 204.182068 119.878502 21.539078 185.152451 100.567093 87.097321 193.990982 159.414993               5268 
7.984262 193.295822 78.559097 71.406120 204.044724 119.728600 21.341961 184.649261 100.673683 86.929901 194.434052 159.363297               5277 
8.105618 192.841919 78.629410 71.602493 203.624100 119.763939 21.343555 184.700302 100.861252 87.128197 194.171112 159.435791               5286 
8.183058 192.425873 78.737083 71.789154 203.122101 119.764046 21.361612 184.657700 100.981384 87.345375 193.713531 159.434494               5295 
8.260315 192.385956 78.852448 71.886604 203.019882 119.883247 21.366016 184.882126 101.117424 87.400970 193.659103 159.581390               5304 
8.311825 192.281967 78.823761 71.899345 203.022446 119.901695 21.299740 185.134033 101.129585 87.368675 193.735168 159.634659               5313 
8.530668 192.004333 78.596558 71.750565 203.334427 120.047424 21.251923 185.430450 101.043221 86.795944 194.621582 160.072235               5322 
8.757185 191.748276 78.507439 71.688950 203.581589 120.158119 21.252514 185.706909 100.970238 86.383987 195.316238 160.407364               5331 
9.229692 191.530258 78.719719 72.095749 203.566345 120.352531 21.610107 185.803482 101.168686 86.597252 195.629852 160.737930               5340 
9.538076 191.326431 78.655266 72.197517 203.549973 120.464241 21.709621 185.907532 101.120087 86.363396 195.939438 161.031097               5350 
9.921372 191.584351 78.929550 72.738922 203.534500 120.549004 22.039467 186.234406 101.390320 86.802589 196.170654 161.196869               5358 
10.488972 192.255142 79.996262 73.784744 203.439026 121.024757 22.642286 186.876404 102.332710 87.890564 196.233292 161.686340               5367 
10.488527 192.358368 80.311592 73.808075 203.608322 121.141205 22.743263 186.878571 102.433907 87.830231 196.465515 161.842819               5376 
10.107091 192.712616 80.537834 73.083275 204.658966 121.463905 22.451077 187.169296 102.377342 86.888718 197.528900 162.241760               5385 
9.885665 192.922897 80.748688 72.611214 205.410080 121.645256 22.313309 187.306107 102.301888 86.245834 198.284531 162.481339               5394 
9.853617 192.697006 80.794174 72.436661 205.585236 121.604378 22.271238 187.155853 102.198448 85.896301 198.681870 162.536560               5404 
9.859511 192.714249 80.848701 72.472656 205.534851 121.558975 22.282833 187.050171 102.177269 85.893608 198.587692 162.496445               5413 
9.878955 192.938461 80.981903 72.590027 205.441208 121.511650 22.295967 187.056763 102.178299 85.963768 198.346832 162.439331               5422 
9.905176 193.209503 81.044250 72.707664 205.402588 121.457100 22.326027 187.023178 102.194992 86.041245 198.194839 162.378082               5431 
9.921195 193.371185 80.986176 72.734306 205.406662 121.383797 22.276373 186.921234 102.175957 86.003540 198.136414 162.314621               5440 
10.035387 193.658981 80.908691 72.892143 205.416138 121.305382 22.289690 186.940247 102.171837 86.122635 198.028625 162.227753               5449 
9.803418 193.878342 80.899376 72.648262 205.573456 121.310387 22.021004 186.964569 102.197128 85.854950 198.116013 162.227768               5458 
9.750376 193.904343 80.968651 72.620865 205.624725 121.314125 21.953922 186.883240 102.274704 85.876938 198.098999 162.203018               5467 
9.712558 193.905960 81.116562 72.628464 205.661301 121.369316 21.917652 186.815842 102.416687 85.962837 198.061676 162.219070               5476 
9.701958 194.061905 81.302895 72.794540 205.481461 121.493149 21.968578 186.730728 102.667519 86.271782 197.658676 162.253784               5485 
9.619239 194.082596 81.376007 72.804062 205.374344 121.530357 21.910414 186.657959 102.805054 86.349670 197.502365 162.258850               5494 
9.437829 194.020813 81.561661 73.022995 204.764343 121.282524 21.884687 186.320084 102.876053 86.935867 196.445541 161.797852               5503 
9.250272 193.938126 81.754349 72.957237 204.904404 121.256042 21.816229 186.242706 103.069122 87.057259 196.654266 161.720673               5512 
8.426314 194.100464 82.487022 72.447746 205.594971 121.364647 21.437035 186.272934 103.718506 86.977409 197.613281 161.731018               5521 
8.313179 193.829102 82.500443 72.331490 205.505310 121.429253 21.401424 185.944839 103.845245 86.905106 197.633484 161.801361               5530 
8.286600 193.828125 82.390121 72.334648 205.452713 121.440338 21.399323 185.854263 103.920967 86.920372 197.666229 161.824615               5539 
8.298317 193.935822 82.347687 72.428894 205.430862 121.514862 21.443066 185.843689 104.133850 87.047684 197.779816 161.913071               5548 
8.236816 193.923431 82.142708 72.397369 205.424500 121.573471 21.455286 185.669556 104.300591 87.032684 197.991592 162.006393               5558 
8.350638 194.071655 82.219826 72.555931 205.283142 121.831482 21.594929 185.641708 104.601578 87.108826 197.973618 162.316620               5566 
8.453225 194.343948 82.597633 72.780685 205.054474 122.248001 21.816259 185.607880 105.069252 87.273674 197.762405 162.757767               5576 
8.527915 194.472839 82.757484 72.893631 205.005280 122.462540 22.022211 185.511475 105.308502 87.325943 197.816315 163.012375               5584 
8.566200 194.552124 83.017479 73.036087 204.897949 122.697815 22.248919 185.327759 105.640717 87.470222 197.813553 163.265396               5593 
8.548495 194.656265 83.140602 73.096573 204.791122 122.853279 22.335739 185.230118 105.845955 87.526550 197.731110 163.426590               5603 
8.568521 194.668564 83.316551 73.177635 204.787674 123.014107 22.411423 185.208084 106.098778 87.618393 197.842285 163.603363               5611 
8.570715 194.640915 83.255241 73.159676 204.818680 123.041878 22.413412 185.200439 106.129265 87.548065 197.996872 163.670685               5620 
8.610914 194.631485 83.230881 73.202934 204.831543 123.059135 22.446508 185.231339 106.184044 87.552696 198.130722 163.721710               5630 
9.054763 194.066788 82.812622 73.495583 204.470123 123.058479 22.709887 184.911880 106.169998 87.632233 198.159058 163.857834               5638 
9.811646 193.403412 82.497528 74.283226 203.601227 123.014198 23.261284 184.459366 106.251457 88.311493 197.530182 163.887314               5648 
10.204401 193.020172 82.950829 75.511261 202.168808 122.586922 23.901529 183.851395 106.635712 90.174080 195.704132 163.175980               5657 
10.565645 192.439301 83.037621 76.336075 201.230667 122.168655 24.363947 183.371979 106.772079 91.360626 194.719559 162.617767               5666 
10.876976 192.335815 83.149025 76.908600 200.543411 122.098869 24.662596 183.247025 106.904320 92.075134 193.798111 162.456512               5675 
11.258922 192.299683 83.350822 77.515701 200.182327 122.135078 25.035393 183.313568 107.196571 92.785683 193.462067 162.457870               5684 
11.618972 192.197098 83.282379 77.834602 200.018173 122.317741 25.303080 183.322510 107.312080 92.986870 193.408600 162.703201               5693 
11.807898 192.050125 83.109795 77.988037 199.814835 122.391930 25.416101 183.246933 107.303772 93.050400 193.243469 162.817230               5702 
13.208568 191.327667 85.232002 80.201096 198.332535 123.410255 27.372721 181.961075 109.017960 96.101212 190.903473 163.363449               5711 
13.713550 191.063919 86.579033 81.284340 197.549591 124.065773 28.299255 181.281708 110.183968 97.738152 189.673630 163.707962               5720 
13.828122 190.771729 87.035797 81.566566 197.247894 124.264801 28.584635 180.903046 110.514565 98.222786 189.220779 163.791977               5729 
13.950725 190.852585 87.418251 81.868988 197.053284 124.394524 28.829584 180.857880 110.771027 98.673347 188.859650 163.824722               5738 
13.788862 190.901657 87.385056 81.775726 197.125244 124.260796 28.772131 180.885635 110.677460 98.628853 188.986481 163.681534               5747 
14.219581 191.032745 88.065186 82.654045 196.684647 124.226768 29.374454 180.919693 111.216080 99.829697 188.511185 163.500854               5756 
14.040122 190.985001 87.971718 82.504356 196.793121 124.082733 29.269213 180.898499 111.100479 99.714920 188.713959 163.361053               5765 
13.832667 190.843277 87.756889 82.277733 197.119675 123.854721 29.127962 180.924606 110.918037 99.480263 189.369659 163.202820               5774 
13.653034 190.860550 87.447517 82.044662 197.118851 123.680252 28.917843 180.922974 110.650414 99.133804 189.469742 163.097443               5783 
13.638304 190.914612 87.445580 82.044365 197.119568 123.684212 29.021833 180.729355 110.594650 99.126472 189.465439 163.103470               5792 
13.242718 191.538330 87.057915 81.633453 197.307266 123.423294 28.697769 180.840103 110.156288 98.615654 189.460617 162.847870               5801 
13.030610 192.036011 87.136955 81.607887 197.300064 123.260139 28.664770 180.801620 110.109154 98.704117 189.222931 162.588760               5810 
12.573080 192.721527 87.112495 81.505402 197.108490 122.757156 28.401224 180.843964 109.831657 98.893463 188.390045 161.820007               5819 
11.876731 193.440796 87.057747 81.158249 197.173309 122.177673 27.913939 181.110107 109.513916 98.866783 187.915741 160.971573               5828 
10.893103 194.585602 85.179977 79.670135 198.027618 121.349426 26.555904 182.133820 107.859940 96.776665 188.607300 160.373596               5837 
10.506430 195.348038 84.976906 79.432945 198.259491 120.956001 26.187426 182.657776 107.520889 96.638214 188.439545 159.837997               5846 
