-1.587662 188.639893 87.448929 69.491203 202.007156 121.018654 22.242651 170.513672 103.290977 100.179192 180.582642 147.132553                  0 
-1.401709 188.405563 87.524483 69.434410 201.968857 121.109184 22.156593 170.607925 103.285599 100.034378 180.477325 147.271240                  9 
-1.230384 188.251297 87.670837 69.479881 201.885834 121.130806 22.094700 170.683868 103.294731 100.064812 180.266998 147.205444                 18 
-1.005234 188.990036 87.384926 69.509727 202.517242 120.839767 21.842070 171.685608 103.034203 99.915154 180.713425 146.970245                 45 
-0.932506 189.073257 87.333931 69.576431 202.453140 120.757057 21.796080 171.786011 102.921448 99.986687 180.507233 146.762665                 54 
-0.860240 189.148148 87.095543 69.608047 202.293365 120.572906 21.660149 171.864807 102.598038 100.071144 180.086182 146.293304                 63 
-0.872410 189.334518 86.680153 69.541542 202.503510 120.239738 21.513359 172.098175 102.245422 100.054970 180.251663 145.861679                 72 
-0.982884 189.565918 86.216339 69.325836 202.689499 120.003525 21.306772 172.287338 101.856575 99.780441 180.393784 145.657288                 81 
-1.331529 189.794830 85.320869 68.656189 202.868256 119.723969 20.714655 172.520584 101.211342 98.749107 180.572357 145.800903                 90 
-1.391213 189.907379 85.128593 68.577209 202.949570 119.530960 20.591465 172.621262 100.988792 98.625877 180.605789 145.617950                 99 
-1.429720 189.882431 84.998856 68.488930 203.044601 119.379860 20.487343 172.649017 100.799141 98.514603 180.689087 145.483261                108 
-1.388986 189.625793 85.052200 68.422485 203.116135 119.266144 20.388456 172.644318 100.675423 98.430855 180.751740 145.381836                117 
-1.366111 189.528290 85.028442 68.384735 203.236465 119.126389 20.323816 172.647202 100.569687 98.388397 180.891754 145.264328                126 
-1.394341 189.666000 84.903069 68.322311 203.304657 119.036591 20.243156 172.654633 100.408623 98.229340 180.909225 145.241776                135 
-1.410000 189.732010 84.900185 68.320229 203.269592 119.030769 20.211124 172.564819 100.367462 98.194870 180.815613 145.222778                144 
-1.385843 189.814407 84.920883 68.377136 203.198029 119.042511 20.199713 172.506699 100.356812 98.237129 180.654724 145.174454                154 
-1.344622 189.872681 84.937965 68.455925 203.092148 119.059746 20.207813 172.425003 100.351173 98.317886 180.455719 145.108795                162 
-1.313211 189.937515 84.945808 68.520447 203.020569 119.080589 20.232143 172.349930 100.347725 98.386772 180.320313 145.069031                172 
-1.296487 190.000259 84.945091 68.567680 202.968155 119.095848 20.246084 172.286942 100.350021 98.437210 180.221283 145.039795                182 
-1.295710 190.027481 84.990021 68.631966 202.828674 119.117950 20.243828 172.166870 100.386566 98.522591 180.009308 144.973801                189 
-1.306751 190.054321 85.004608 68.650818 202.771240 119.149170 20.257908 172.097092 100.400375 98.546616 179.931366 144.980927                198 
-1.309308 190.057526 85.050613 68.713852 202.672119 119.168678 20.302332 171.979752 100.439995 98.652481 179.809967 144.931030                207 
-1.309472 190.068359 85.092865 68.749588 202.630585 119.203781 20.323511 171.910522 100.500351 98.712875 179.766479 144.935699                216 
-1.318662 190.111145 85.123314 68.798531 202.578949 119.227913 20.352705 171.825027 100.573257 98.797379 179.717331 144.920593                226 
-1.315466 190.120377 85.145760 68.828346 202.546631 119.252777 20.381086 171.760498 100.623131 98.851440 179.694077 144.925171                235 
-1.253585 190.153503 85.210960 68.927170 202.487930 119.338707 20.471537 171.688171 100.744370 98.963264 179.647964 145.007111                244 
-1.197677 190.141632 85.346329 69.049606 202.372238 119.453667 20.591927 171.542618 100.913948 99.137627 179.545258 145.072754                253 
-1.002301 189.880432 85.841515 69.448196 201.976868 119.653061 20.938242 171.136017 101.258896 99.765724 179.084839 144.941406                262 
-0.905184 189.860977 86.058426 69.657219 201.799942 119.804047 21.150368 170.947006 101.483055 100.093712 178.906860 144.948120                271 
-0.889134 190.001724 86.090172 69.764587 201.698166 119.904854 21.265892 170.865387 101.634369 100.276581 178.818954 144.969925                280 
-0.840572 190.128571 86.100021 69.898216 201.665741 119.956070 21.410631 170.851212 101.793030 100.501556 178.846558 144.964432                289 
-0.769492 190.282196 86.109352 70.080528 201.684311 119.972992 21.607071 170.835281 101.985519 100.808189 178.969437 144.923813                298 
-0.742058 190.351929 86.147827 70.181816 201.587601 120.074837 21.715090 170.773346 102.181549 100.983406 178.925797 144.982727                307 
-0.740027 190.467682 86.145630 70.255646 201.513641 120.164902 21.820621 170.731049 102.330612 101.119667 178.902176 145.041229                316 
-0.644989 189.975189 86.474480 70.463814 200.960556 120.419777 22.164204 170.208832 102.524498 101.576180 178.338608 144.975159                325 
-0.622306 189.997269 86.406822 70.514755 200.785599 120.511772 22.285324 170.163452 102.560097 101.657104 178.178528 145.042816                334 
-0.661819 190.247787 86.245201 70.510002 200.779907 120.535370 22.334558 170.245514 102.583809 101.662659 178.211273 145.088715                343 
-0.722993 190.154617 86.163742 70.472023 200.643906 120.591194 22.449005 170.138474 102.599319 101.734161 178.168564 145.090912                352 
-0.645269 189.762817 86.295708 70.588577 200.344391 120.735764 22.714851 170.033585 102.723412 102.044334 177.954239 145.065048                361 
-0.587069 189.410980 86.431610 70.662788 200.125656 120.895828 22.941711 170.122192 102.855545 102.280006 177.830811 145.103027                370 
-0.565739 189.249741 86.479958 70.708206 199.988983 121.021751 23.123856 170.282867 102.938965 102.437965 177.775726 145.156616                379 
-0.565642 189.320709 86.433441 70.761223 199.961029 121.088089 23.252075 170.522827 103.031372 102.575096 177.832123 145.189682                388 
-0.539270 189.068924 86.549034 70.797653 200.158508 121.198273 23.494600 170.620392 103.340538 102.780884 178.382660 145.397110                397 
-0.541928 188.840332 86.687431 70.846626 200.262604 121.225761 23.690233 170.723175 103.557716 102.967316 178.741745 145.470596                406 
-0.631839 188.945145 86.780472 70.927017 200.369751 121.193573 23.837015 170.869934 103.793343 103.166588 179.048981 145.457397                415 
-0.458468 188.413879 87.236717 71.457092 199.881424 121.118614 24.372906 170.386887 104.177490 104.106674 178.720215 144.970367                424 
-0.323192 188.130859 87.386955 71.709465 199.793610 121.124001 24.720467 170.330780 104.447807 104.596184 178.861160 144.851501                433 
-0.238886 188.205704 87.290413 71.833687 199.809219 121.156921 24.893858 170.504166 104.644958 104.792450 179.046280 144.933334                442 
0.042555 188.203598 87.301170 72.145142 199.770737 121.314583 25.264879 170.554108 105.013496 105.174889 179.235153 145.189758                451 
0.331939 187.757156 87.418076 72.363197 199.442444 121.678574 25.576067 170.308853 105.481339 105.461945 179.129211 145.648224                460 
0.566320 187.394547 87.505371 72.530693 199.190277 121.958160 25.814064 170.281067 105.834236 105.681519 179.048172 146.000122                470 
0.722968 187.192764 87.528702 72.636421 199.031113 122.134644 25.984566 170.338196 106.049950 105.819717 178.997147 146.222137                479 
0.832745 187.172043 87.501518 72.710228 199.006958 122.232094 26.077791 170.554031 106.218727 105.896667 179.059357 146.386841                488 
0.924870 187.298035 87.370354 72.780731 198.996521 122.285797 26.162449 170.741577 106.324478 105.975845 179.112900 146.481323                497 
1.053604 187.315094 87.278526 72.885475 198.906006 122.326859 26.249983 170.917755 106.405754 106.071510 179.049927 146.557434                506 
1.089387 187.377014 87.107590 72.843552 198.858673 122.376694 26.241379 171.091187 106.382095 105.964592 179.007141 146.699768                515 
1.219904 187.595627 86.904526 72.962517 198.688095 122.376183 26.304012 171.213226 106.338745 106.011772 178.728836 146.708740                524 
1.362825 187.808609 86.707542 73.109222 198.482101 122.366982 26.375822 171.300156 106.313530 106.102814 178.409119 146.681519                533 
1.483709 188.028412 86.524361 73.225754 198.342148 122.356003 26.396910 171.499557 106.329742 106.171516 178.181229 146.662628                542 
1.621612 188.267014 86.423065 73.361115 198.291000 122.358162 26.376650 171.913223 106.415565 106.237144 178.042053 146.686020                551 
1.627270 188.969833 85.892944 73.283257 198.471725 122.199608 26.139273 172.609192 106.236679 105.941399 178.106934 146.723450                560 
1.673240 189.600937 85.441109 73.288727 198.525940 122.061081 26.028351 173.100845 106.054024 105.795799 178.033661 146.679260                569 
1.756527 190.041183 85.116562 73.301651 198.606232 121.989502 25.932362 173.589600 105.958496 105.663528 178.029724 146.728424                578 
1.868490 190.262512 84.892166 73.322647 198.682968 121.933075 25.887419 173.983765 105.863586 105.572594 178.055099 146.775177                587 
1.976460 190.942184 84.346634 73.292480 198.963165 121.720772 25.695024 174.750565 105.607422 105.270851 178.228470 146.823639                596 
2.064119 191.437943 83.920189 73.248268 199.188522 121.574478 25.563082 175.310394 105.389427 105.014267 178.387283 146.891037                605 
2.126272 191.763779 83.544632 73.192284 199.303421 121.437561 25.470457 175.662598 105.146294 104.824844 178.436325 146.866760                614 
2.191367 191.881042 83.306541 73.144829 199.350281 121.351303 25.416750 175.871689 104.978096 104.708572 178.448593 146.837509                623 
2.332143 191.982376 83.068344 73.168877 199.331436 121.237038 25.401737 176.071167 104.784317 104.673584 178.344849 146.726532                632 
2.408032 192.253372 82.777962 73.171051 199.340790 121.096367 25.354239 176.316330 104.559784 104.600182 178.244980 146.589005                641 
2.437729 192.492813 82.335892 73.049637 199.458908 120.924454 25.244656 176.589157 104.219154 104.382919 178.308243 146.489517                650 
2.561773 192.561310 81.879066 72.952393 199.678696 120.704010 25.200012 176.850586 103.851486 104.230400 178.554733 146.358673                659 
2.656202 192.634430 81.512115 72.875854 199.851654 120.530510 25.152601 177.073532 103.571228 104.110062 178.748459 146.255539                669 
2.731333 192.678284 81.251900 72.821144 199.975311 120.406494 25.107985 177.250946 103.378494 104.023872 178.886795 146.181732                678 
2.872081 192.583557 81.090897 72.762466 200.025513 120.315315 25.038603 177.421631 103.188225 103.902916 178.886703 146.124649                687 
2.779127 193.138565 80.486740 72.454849 200.189194 120.135193 24.705256 177.875839 102.705490 103.337646 178.863785 146.100128                696 
2.807329 193.218353 80.108788 72.166519 200.339005 119.974327 24.410994 178.249985 102.273735 102.824913 178.880524 146.095093                705 
2.964965 192.820221 80.009361 71.947296 200.450958 119.850212 24.202200 178.505753 101.925850 102.436745 178.910965 146.101318                714 
3.187649 192.094498 80.225250 71.827858 200.498154 119.757523 24.063778 178.670593 101.705956 102.225204 178.887787 146.057541                722 
3.354761 191.578552 80.315498 71.717087 200.507355 119.676537 23.937363 178.785065 101.492378 102.033714 178.820099 146.006424                732 
3.504646 191.222092 80.452446 71.701248 200.507248 119.599144 23.823271 178.914810 101.404114 101.974937 178.735382 145.908615                741 
3.544738 191.365234 80.321098 71.664345 200.617905 119.457512 23.654366 179.191803 101.252823 101.863617 178.732681 145.758438                750 
3.621404 191.109924 80.385986 71.599258 200.644653 119.408440 23.531185 179.254807 101.168831 101.796127 178.700684 145.663147                759 
3.795774 190.665283 80.606895 71.636116 200.614990 119.333527 23.437178 179.289795 101.151253 101.866508 178.588043 145.479935                768 
3.988605 190.107834 80.858543 71.625427 200.524963 119.303154 23.304680 179.287384 101.116409 101.870422 178.382477 145.334839                777 
4.157977 189.563797 81.149750 71.597481 200.497192 119.293922 23.154263 179.321884 101.141266 101.840881 178.285507 145.268448                786 
4.285911 189.188446 81.328453 71.541191 200.505020 119.298058 23.037268 179.367294 101.112915 101.762039 178.236160 145.249863                795 
4.386186 188.908249 81.458359 71.507568 200.466583 119.285744 22.911785 179.396973 101.086449 101.706291 178.112885 145.190338                805 
4.435699 188.958374 81.484390 71.524773 200.528946 119.264038 22.819138 179.511978 101.102623 101.701447 178.109711 145.137650                813 
4.375470 189.190140 81.343910 71.456413 200.605240 119.255074 22.711460 179.590179 101.030632 101.606773 178.127747 145.108826                822 
4.367004 189.210342 81.323830 71.427612 200.598404 119.254150 22.611177 179.582214 101.037956 101.574913 178.074799 145.071304                831 
4.421462 189.220840 81.401131 71.417488 200.800995 119.226395 22.532436 179.740463 101.044342 101.574883 178.264740 145.020706                840 
4.509542 189.067566 81.562447 71.435333 200.856094 119.214798 22.483191 179.769974 101.054413 101.604927 178.275894 144.956360                849 
4.617436 188.939148 81.694054 71.455505 200.906479 119.197205 22.421694 179.789734 101.058769 101.616943 178.273392 144.901855                858 
4.702441 188.826157 81.788040 71.453156 200.939636 119.191879 22.353621 179.687363 101.058243 101.604332 178.267029 144.873734                867 
4.726172 188.798737 81.840424 71.429199 200.963867 119.215057 22.307705 179.431870 101.044991 101.580139 178.253983 144.864227                877 
4.736331 188.812454 81.861595 71.409088 200.984238 119.234528 22.265514 179.198700 101.037125 101.559883 178.243103 144.856171                885 
4.722094 188.930542 81.853134 71.384056 201.015228 119.255318 22.185301 179.077545 101.041557 101.512451 178.216782 144.852356                894 
4.730835 189.055740 81.871658 71.388802 201.051193 119.276115 22.115097 179.011490 101.072617 101.490791 178.193497 144.851379                904 
4.752131 189.051620 81.962021 71.403549 201.032333 119.311745 22.088202 178.808426 101.108788 101.524750 178.120789 144.816116                912 
4.756099 189.070435 82.046989 71.419189 201.012314 119.349518 22.093830 178.529877 101.121361 101.560791 178.043930 144.778549                921 
4.729837 189.251068 82.051468 71.381027 201.084427 119.393593 22.032429 178.448624 101.122810 101.487534 178.063522 144.816696                930 
4.703232 189.484619 82.000786 71.361252 201.174835 119.350555 21.945700 178.490433 101.079918 101.414017 178.084656 144.774414                940 
4.577989 189.645615 81.814552 71.234909 201.473557 119.099419 21.811773 178.552460 100.913643 101.309250 178.467606 144.574081                949 
4.467076 189.785278 81.615288 71.109764 201.535110 118.931030 21.650473 178.517532 100.722862 101.139526 178.490067 144.422943                957 
4.389564 189.920700 81.436195 71.004723 201.603302 118.794991 21.516195 178.464279 100.557426 100.988892 178.527603 144.312820                967 
4.317713 190.195938 81.180466 70.916359 201.659424 118.612061 21.337158 178.518433 100.361015 100.797760 178.505798 144.179810                976 
4.275441 190.498154 80.941582 70.817009 201.792053 118.500748 21.176065 178.671829 100.177048 100.550865 178.573914 144.181747                985 
4.296280 190.656021 80.869446 70.834038 201.794449 118.459473 21.109613 178.688263 100.125366 100.502419 178.497543 144.144867                994 
4.360918 190.817276 80.914749 70.943802 201.728210 118.459709 21.118282 178.682312 100.127907 100.564423 178.301575 144.082153               1003 
4.380067 190.918274 80.938156 70.966499 201.742004 118.477104 21.080486 178.718704 100.152496 100.540306 178.267426 144.109741               1012 
4.407580 191.129181 80.985352 71.049675 201.733887 118.478661 21.056423 178.818008 100.186890 100.571365 178.151764 144.072617               1021 
4.424121 191.247498 81.025581 71.082764 201.752213 118.503136 21.037058 178.880463 100.220100 100.567627 178.119827 144.093201               1030 
4.454444 191.346191 81.053177 71.132156 201.752838 118.516792 21.039026 178.923782 100.241669 100.587013 178.073013 144.097534               1039 
4.507179 191.472046 81.131119 71.243546 201.753845 118.518158 21.070780 178.987259 100.302994 100.689117 178.012970 144.052979               1048 
4.556942 191.593979 81.207329 71.351105 201.773010 118.508362 21.101021 179.060745 100.366074 100.794609 177.983368 144.000137               1057 
4.604158 191.657745 81.295914 71.447350 201.778152 118.515587 21.137772 179.088379 100.439369 100.909134 177.955429 143.955322               1066 
4.572174 191.947250 81.243095 71.490204 201.790848 118.519402 21.130743 179.152328 100.475159 100.944618 177.924454 143.926697               1075 
4.607267 191.954819 81.236816 71.522644 201.791840 118.519363 21.127827 179.139771 100.503319 100.988068 177.926544 143.914917               1084 
4.669865 191.921463 81.369514 71.624268 201.749741 118.579575 21.188568 179.097412 100.624786 101.125877 177.874619 143.923828               1093 
4.723689 191.863251 81.485512 71.684853 201.704147 118.675758 21.242554 179.036240 100.733826 101.205750 177.830292 143.998734               1102 
4.777397 191.784653 81.590317 71.729485 201.666000 118.756287 21.291224 178.979126 100.813377 101.271355 177.790527 144.053284               1112 
4.822727 191.667999 81.666237 71.785721 201.390747 118.830986 21.344135 178.774155 100.791824 101.360420 177.382828 143.963730               1121 
4.817958 191.572403 81.598137 71.674034 201.243988 118.938232 21.302370 178.567139 100.682968 101.201027 177.171921 144.065720               1129 
4.869370 191.369629 81.638191 71.615433 201.132874 118.992500 21.323959 178.281311 100.561943 101.119682 177.003769 144.091965               1139 
4.953087 191.135300 81.734703 71.585732 201.121613 119.010178 21.375858 177.974731 100.477531 101.079567 176.983673 144.113403               1147 
5.056646 190.944809 81.811134 71.573120 201.225647 118.999329 21.452988 177.637482 100.412689 101.066475 177.131821 144.145447               1156 
5.122699 190.891220 81.853958 71.559357 201.512833 118.867027 21.540432 177.378098 100.308823 101.033272 177.510223 144.122925               1165 
5.137393 190.945358 81.850105 71.542580 201.862885 118.705780 21.473953 177.343628 100.326103 100.993416 177.972458 144.094635               1192 
5.078011 191.041672 81.897255 71.478912 201.984665 118.706963 21.392166 177.428177 100.347191 100.895424 178.091217 144.132736               1202 
4.992692 191.130692 82.076591 71.369781 202.191162 118.726723 21.221827 177.665436 100.417160 100.714417 178.282928 144.221573               1211 
4.919785 191.225052 82.328903 71.326103 202.370712 118.739784 21.073971 177.947342 100.539818 100.614082 178.428024 144.267410               1220 
4.883902 191.322144 82.554878 71.351837 202.483902 118.748489 21.006647 178.159714 100.648682 100.613731 178.493408 144.261139               1229 
4.855537 191.388336 82.725159 71.388359 202.521057 118.755058 20.975103 178.270325 100.714630 100.650894 178.472916 144.212646               1238 
4.828526 191.461945 82.854729 71.411568 202.556351 118.761444 20.921711 178.375458 100.772614 100.663284 178.456696 144.182724               1247 
4.709704 191.648682 82.890533 71.293663 202.626572 118.825073 20.768812 178.552872 100.767441 100.468880 178.453110 144.264191               1256 
4.616795 191.689499 82.977722 71.211380 202.635132 118.877213 20.654982 178.634644 100.782906 100.340477 178.409973 144.319992               1265 
4.541483 191.692398 83.062187 71.124825 202.670013 118.940758 20.564318 178.699753 100.790817 100.220161 178.417770 144.396362               1274 
4.496174 191.734573 83.028099 71.052696 202.688736 118.954346 20.489271 178.745087 100.740532 100.106033 178.413803 144.436279               1283 
4.451275 191.770050 83.006798 70.987793 202.702728 118.969727 20.416294 178.784088 100.703804 100.005615 178.406937 144.472244               1292 
4.413132 191.941467 82.996513 70.960388 202.785202 118.960403 20.309757 178.955399 100.714539 99.922409 178.454147 144.492722               1301 
4.377371 192.091217 82.986382 70.928726 202.873322 118.957680 20.201893 179.119797 100.738564 99.842003 178.524673 144.528427               1310 
4.331319 192.180054 82.916031 70.856422 202.908936 118.948616 20.115627 179.202332 100.680595 99.712769 178.540680 144.564972               1320 
4.226755 192.093048 82.756561 70.667763 202.985245 118.898376 19.984842 179.186737 100.578026 99.475029 178.723053 144.670166               1328 
3.918067 191.781204 82.323288 70.194405 203.024017 118.699417 19.683634 179.007080 100.239723 98.924690 179.000412 144.778809               1338 
3.655247 191.631271 81.961761 69.844482 203.053497 118.550331 19.452480 178.885696 99.989944 98.520027 179.199783 144.845047               1346 
2.697495 189.829117 81.556137 68.935593 203.898392 117.125519 18.916130 178.084488 99.839653 98.330818 181.573456 143.962372               1355 
1.993065 189.077179 81.358406 68.365173 204.668030 115.997299 18.422482 178.070938 99.740234 98.180519 183.263229 143.118820               1364 
1.571020 188.785492 81.104683 67.980087 205.164246 115.317726 18.055101 178.239197 99.603600 97.978989 184.273407 142.636902               1374 
1.279101 188.656433 80.851799 67.694138 205.292450 114.907997 17.746357 178.440735 99.337425 97.693779 184.552307 142.340927               1382 
-0.502432 183.968872 78.492767 64.842316 204.034561 112.798615 16.295904 174.809753 97.086723 95.888741 184.812775 140.172684               1391 
-1.299909 180.735153 77.105095 63.243412 203.264679 111.407188 15.809654 172.364517 95.621544 95.116608 185.144318 138.581619               1401 
-1.678834 179.036789 76.260704 62.305683 203.122879 110.551674 15.542824 171.257935 94.781975 94.536179 185.774551 137.808395               1410 
-1.971650 177.085785 75.682205 61.473660 202.559341 109.981430 15.363377 169.877563 94.159203 94.123886 185.866074 137.147507               1418 
-2.231784 175.587402 75.234283 60.792171 202.185333 109.466682 15.048220 169.000565 93.792679 93.750702 186.061493 136.604385               1428 
-2.788857 173.390854 74.573402 59.701637 201.567642 108.530647 14.635828 167.483734 93.052124 93.226250 186.237167 135.433701               1437 
-3.312160 171.752945 74.203674 58.868076 201.264313 107.604774 14.246536 166.551208 92.590477 92.875000 186.673721 134.313232               1446 
-3.668552 170.451645 73.866180 58.237118 200.923889 106.926689 13.907982 165.937805 92.209755 92.546745 186.877258 133.539459               1455 
-3.928993 169.762207 73.583740 57.823978 200.773117 106.442368 13.447174 165.892456 92.051048 92.289131 187.030258 133.012756               1464 
-4.091341 169.202240 73.347153 57.572853 200.508850 106.106339 13.184919 165.829758 91.812202 92.162849 186.901184 132.583908               1473 
-4.310238 168.679626 73.002258 57.212929 200.290375 105.742012 12.799192 165.799820 91.517746 91.861580 186.817108 132.211609               1482 
-4.456057 168.293411 72.778938 56.964172 200.139389 105.490211 12.503994 165.828827 91.331413 91.652908 186.759216 131.954544               1491 
-4.093550 169.027328 72.640930 57.385181 200.096054 105.983269 12.486284 166.607254 91.396278 92.026962 186.077316 132.177170               1500 
-3.667576 169.722488 72.422592 57.708012 200.213989 106.445145 12.607720 167.360687 91.256119 92.228844 185.670212 132.512146               1509 
-3.248172 170.084351 72.497581 57.999603 200.322006 106.903046 12.715578 167.918274 91.385551 92.429153 185.449463 132.905197               1518 
-2.605880 170.601059 72.581696 58.506794 200.312775 107.641525 13.145556 168.408371 91.469444 92.710815 184.979355 133.673615               1527 
-2.148344 171.096512 72.662476 58.953625 200.191055 108.239151 13.467665 168.832916 91.557518 92.992714 184.404343 134.216415               1536 
-1.634002 171.401245 73.007927 59.413883 200.388504 108.760071 13.847346 169.234238 91.993393 93.405930 184.514130 134.745514               1545 
-1.297389 171.717590 73.414917 59.907406 200.259598 109.256218 14.126645 169.482727 92.427330 93.900085 184.092041 135.059433               1555 
-1.115282 172.038223 73.667671 60.249256 200.235428 109.518799 14.314104 169.714645 92.674263 94.238846 183.861313 135.195526               1563 
-0.981372 172.410004 73.920776 60.568043 200.193619 109.782936 14.455067 169.950378 92.928932 94.562462 183.579041 135.298279               1572 
-0.884747 172.673218 74.102158 60.790703 200.164413 109.967422 14.582134 170.090073 93.079002 94.787880 183.382355 135.369247               1581 
-0.745329 173.002274 74.306259 61.023705 200.329132 110.121651 14.730212 170.379623 93.263153 95.006920 183.456558 135.482162               1590 
-0.709889 173.158310 74.414276 61.074268 200.487442 110.186333 14.821602 170.607086 93.291664 95.025238 183.627121 135.598129               1599 
-0.704273 173.121201 74.521851 61.068638 200.456573 110.276772 14.817949 170.607697 93.372383 95.025795 183.589294 135.675690               1609 
-0.677306 173.036331 74.620560 61.038280 200.454590 110.343697 14.879440 170.654755 93.349892 94.992409 183.611786 135.762894               1617 
-0.723760 173.122742 74.584518 60.943905 200.537506 110.346123 14.882226 170.861984 93.192360 94.821861 183.691162 135.864410               1627 
-0.792683 173.266479 74.517395 60.878845 200.602219 110.317177 14.782398 171.020111 93.130165 94.688538 183.718903 135.901474               1636 
-0.758654 173.232544 74.575966 60.882729 200.583725 110.327728 14.804278 171.086761 93.084946 94.680443 183.675613 135.911484               1645 
-0.685386 173.145126 74.685974 60.888977 200.590149 110.333534 14.802977 171.131409 93.086533 94.683830 183.673874 135.915665               1654 
-0.602729 173.081833 74.777283 60.883247 200.638275 110.341713 14.795877 171.203766 93.082397 94.664528 183.724365 135.943329               1663 
-1.250739 175.667175 74.464111 60.840137 201.906509 109.896576 13.966876 173.669876 92.785820 93.965919 184.337906 135.910507               1672 
-1.663634 177.443268 74.251915 60.754280 202.394897 109.896042 13.361017 175.302658 92.453621 93.289253 184.072601 136.134689               1681 
-1.681238 177.777527 74.503189 60.662464 202.550522 109.917435 13.027176 176.102768 92.230270 92.875351 183.837372 136.277359               1690 
-1.651718 177.870911 74.844978 60.634914 202.663528 109.908905 12.767218 176.751480 92.110603 92.625725 183.658905 136.330673               1699 
-1.625243 178.108353 75.031906 60.575966 202.830902 109.866158 12.451773 177.536682 91.902077 92.286324 183.484436 136.377777               1708 
-1.563615 178.764084 75.252769 60.654068 203.133011 109.794601 12.245029 178.684021 91.517723 91.988998 183.223282 136.335556               1717 
-1.552757 179.223465 75.406044 60.700378 203.332642 109.755211 12.011240 179.574097 91.330215 91.761894 183.016922 136.309906               1726 
-1.555707 179.243408 75.532585 60.668804 203.365417 109.764488 11.858155 179.956253 91.223801 91.597366 182.856995 136.326233               1735 
-1.625308 179.494797 75.423981 60.624840 203.400009 109.763779 11.609151 180.356949 91.180016 91.411377 182.690643 136.334610               1744 
-1.680635 179.918671 75.313019 60.666500 203.484528 109.764977 11.385797 180.839844 91.214867 91.316841 182.558899 136.323837               1753 
-1.889127 180.471176 75.226509 60.707478 203.563843 109.769363 11.167182 181.289413 91.258377 91.227432 182.435104 136.317566               1762 
-2.158531 181.444199 74.988167 60.743874 203.779678 109.803635 11.024240 181.937195 91.117126 91.025826 182.369095 136.398529               1771 
-2.503491 182.471390 74.827538 60.904602 203.850677 109.821480 10.997823 182.398438 91.044281 91.030602 182.155228 136.362579               1780 
-2.567114 184.051743 74.840775 61.596691 203.867310 110.135628 11.441666 182.975388 91.211746 91.560539 181.696182 136.466354               1789 
-2.785388 186.312515 74.671143 62.444923 203.930573 110.315025 11.949580 183.581482 91.401123 92.362732 181.234055 136.247452               1798 
-2.982153 187.764786 74.640526 62.955090 203.805603 110.559395 12.309836 183.849258 91.496895 92.819023 180.696991 136.188187               1807 
-3.039877 188.746597 74.698967 63.387749 203.620163 110.751854 12.503145 184.038788 91.705559 93.202148 180.154739 136.112717               1816 
-3.128685 189.500061 74.728920 63.677822 203.495834 110.880898 12.556095 184.177841 91.933113 93.458664 179.792953 136.059708               1825 
-3.212075 190.073166 74.759491 63.872284 203.392639 110.993149 12.543207 184.265961 92.148613 93.622223 179.515686 136.043716               1834 
-3.321558 190.590820 74.826187 64.021278 203.314362 111.109192 12.603249 184.344528 92.265953 93.735947 179.304337 136.074265               1843 
-3.341049 190.944534 74.990807 64.206558 203.174133 111.278061 12.679756 184.373886 92.471298 93.896210 179.023056 136.136612               1852 
-3.211233 191.144531 75.380119 64.572075 202.976990 111.533440 12.938401 184.320663 92.843353 94.268463 178.724640 136.285126               1861 
-3.181772 191.276154 75.790192 64.775253 202.844406 111.844223 13.080631 184.281784 93.231491 94.472824 178.538574 136.541962               1871 
-3.208882 191.369461 76.148933 64.900475 202.772675 112.132828 13.177621 184.221283 93.589005 94.591911 178.491013 136.861710               1880 
-3.244731 191.179749 76.868813 65.144920 202.612030 112.520920 13.393693 183.886597 94.249367 95.012375 178.465424 137.169937               1889 
-3.105088 190.710876 77.634315 65.484650 202.178818 113.014267 13.738780 183.356796 94.917404 95.465523 178.123260 137.614578               1898 
-3.049250 190.390701 78.005516 65.454529 202.157135 113.484787 14.061001 183.161423 95.083519 95.359619 178.326462 138.394272               1907 
-3.016914 189.705978 79.046379 65.756546 202.540878 113.636032 14.492321 182.906448 95.895592 95.994545 179.393478 138.786774               1916 
-3.022239 189.219116 79.740776 65.957558 202.713593 113.697006 14.793754 182.694427 96.387352 96.435074 179.988785 138.943832               1925 
-3.053749 188.963181 80.074387 66.015572 202.838959 113.729462 14.958278 182.607239 96.598534 96.588768 180.380295 139.098465               1934 
-3.177261 188.818649 80.100708 65.857994 202.802917 113.806328 15.033277 182.590851 96.456627 96.332764 180.451706 139.387772               1943 
-3.188274 188.605881 80.203033 65.807442 202.750702 113.853157 15.046711 182.585907 96.475655 96.227608 180.457275 139.549744               1952 
-3.128589 188.321320 80.292328 65.742653 202.723221 113.864655 14.972446 182.625702 96.510384 96.126030 180.436691 139.610718               1961 
-2.946940 187.654434 80.546593 65.657677 202.665207 113.883484 14.872398 182.647964 96.545044 95.999710 180.372009 139.672485               1970 
-2.802615 187.091415 80.675461 65.543755 202.540192 113.828033 14.728406 182.640884 96.475975 95.847984 180.176773 139.600677               1979 
-2.739275 186.451050 80.641853 65.271622 202.529373 113.607101 14.479692 182.663147 96.238098 95.564972 180.178818 139.403671               1989 
-2.760641 185.811737 80.405098 64.879395 202.504227 113.238480 14.100923 182.656052 95.848869 95.159813 180.171249 139.065445               1997 
-2.835682 185.285538 79.916832 64.295868 202.551453 112.754173 13.548895 182.856415 95.176666 94.434814 180.155197 138.691589               2006 
-2.615743 184.230042 79.469933 63.567860 202.642975 112.143021 12.859830 183.136032 94.287666 93.458649 180.192200 138.319382               2015 
-2.593007 183.313187 78.979301 62.867168 202.836594 111.487503 12.199591 183.296661 93.546074 92.610085 180.547699 137.968857               2024 
-2.885841 182.550171 77.952911 61.870453 202.984924 110.672112 11.371655 183.295715 92.418388 91.493431 180.850174 137.415894               2033 
-2.907070 181.851364 77.578445 61.401939 203.001984 110.183441 10.950210 183.232300 91.882927 91.085388 180.925339 136.908203               2042 
-2.794332 181.263992 77.345200 61.002247 203.323883 109.754349 10.600761 183.398071 91.451668 90.714142 181.415695 136.585907               2051 
-2.776033 180.530472 76.930031 60.495144 203.343979 109.409752 10.227880 183.224121 90.923546 90.328583 181.484131 136.145706               2060 
-2.757977 180.112991 76.583580 60.158222 203.332062 109.178139 10.008490 183.127747 90.478394 90.063728 181.430298 135.799026               2069 
-2.664455 179.849518 76.048065 59.861126 203.347610 108.923141 9.704548 183.207947 90.023727 89.716331 181.351089 135.522339               2079 
-2.550582 179.887558 75.645309 59.793854 203.404282 108.744354 9.372848 183.453461 89.958313 89.629486 181.258636 135.241577               2088 
-2.428325 180.017380 75.388535 59.830444 203.454575 108.684586 9.079809 183.706818 90.122749 89.626099 181.192429 135.129135               2096 
-2.492037 180.692078 74.808250 59.935661 203.512451 108.576790 8.787154 184.126526 90.136734 89.608208 180.958206 134.912018               2105 
-2.712089 181.546249 74.241821 60.014832 203.548126 108.526329 8.660240 184.473801 89.968590 89.529526 180.690704 134.777390               2115 
-2.865629 182.469131 73.655884 60.143623 203.575195 108.477943 8.637514 184.811737 89.723526 89.501144 180.380707 134.609344               2124 
-3.000451 183.325638 73.120834 60.254486 203.542542 108.502113 8.692522 185.000046 89.443573 89.448006 180.042480 134.544083               2133 
-3.039615 184.491852 72.532730 60.547798 203.514984 108.573364 8.904827 185.183716 89.149818 89.586006 179.608154 134.417984               2142 
-2.992442 185.844833 72.066528 60.993580 203.526703 108.706284 9.216666 185.435364 88.983505 89.895134 179.174179 134.286606               2151 
-2.417627 187.179810 72.222275 62.034168 203.828949 109.169548 10.087408 185.702301 89.406212 90.944351 179.224152 134.497467               2160 
-2.153942 188.428329 72.484756 62.939270 203.981903 109.491478 10.786129 185.819794 89.873169 91.956833 179.164169 134.486664               2169 
-2.230817 189.500381 72.658028 63.468323 203.939484 109.708061 11.174236 185.886002 90.169716 92.516037 178.916214 134.462143               2178 
