16.581076 185.006378 91.771645 66.680901 192.353195 95.605659 52.432507 230.685242 149.880310 96.868797 173.595901 112.034470              81111 
16.508156 185.018753 91.769669 66.671158 192.356323 95.606964 52.350498 230.686844 149.784103 96.870316 173.615097 112.033417              81119 
16.491528 184.968475 91.767883 66.667709 192.348907 95.648064 52.238010 230.644958 149.759491 96.873543 173.627808 112.085159              81129 
16.598337 184.813278 91.837875 66.753197 192.372177 95.754799 52.152683 230.550705 149.875595 97.018394 173.737473 112.180901              81138 
16.762226 184.647141 91.948296 66.886261 192.417709 95.955788 52.042728 230.431091 150.118942 97.207649 173.881699 112.389915              81147 
17.070673 184.469147 92.107903 67.171021 192.454376 96.088760 52.220898 230.274002 150.359299 97.588844 174.010727 112.448410              81156 
17.032492 184.505020 92.043175 67.141022 192.581131 96.085732 52.107697 230.365952 150.417191 97.575256 174.193909 112.478371              81165 
16.986013 184.547653 91.994034 67.124748 192.624908 96.088837 52.116322 230.387802 150.537109 97.547340 174.237671 112.503044              81174 
16.912401 184.610199 91.947998 67.104591 192.661774 96.091667 52.110695 230.412537 150.619827 97.511131 174.267166 112.527344              81183 
16.803940 184.831924 91.856949 67.064835 192.818512 96.175201 51.980019 230.558868 150.762726 97.403961 174.396835 112.704880              81192 
16.888416 185.019913 91.840164 67.176315 193.073822 96.253769 51.993919 230.748077 150.941681 97.515083 174.688461 112.824486              81201 
17.146484 185.071014 91.781288 67.442970 193.326660 96.109314 52.265808 230.805832 151.026703 97.893982 175.036438 112.579117              81210 
17.041283 185.177841 91.626259 67.409492 193.387939 96.038780 52.246475 230.795258 151.108765 97.829651 175.063919 112.528023              81219 
17.005205 185.249451 91.477539 67.444061 193.485489 95.946915 52.256760 230.773178 151.188644 97.872292 175.169891 112.430626              81228 
17.013035 185.320831 91.207588 67.530998 193.591400 95.703316 52.343800 230.653900 151.188797 97.988579 175.267059 112.122963              81237 
16.839209 185.507294 91.078682 67.491112 193.635117 95.674210 52.321083 230.661606 151.254272 97.889542 175.240356 112.124725              81246 
16.610018 185.806458 90.820244 67.410439 193.728439 95.574593 52.235207 230.694931 151.250290 97.713036 175.219131 112.073357              81256 
16.417324 186.233231 90.547852 67.378197 193.888489 95.436783 52.254364 230.815674 151.206070 97.573250 175.235825 111.971214              81264 
16.301907 186.568115 90.409859 67.405571 194.008118 95.396645 52.326927 230.919113 151.233902 97.518646 175.248489 111.959534              81273 
16.281509 186.804504 90.312080 67.453773 194.118912 95.412857 52.361237 231.019913 151.286697 97.492508 175.281937 112.022911              81282 
16.268930 186.989929 90.232719 67.492966 194.209000 95.426041 52.389549 231.100784 151.334061 97.471062 175.309250 112.074295              81291 
16.435610 187.140335 90.091431 67.701439 194.392776 95.325592 52.567734 231.135986 151.362885 97.688728 175.478867 111.941177              81301 
16.851133 186.897537 90.083847 68.095345 194.614990 95.216927 52.783642 231.047226 151.439102 98.295433 175.926666 111.701836              81309 
16.980436 186.643326 90.077065 68.203224 194.660034 95.244949 52.672863 230.902588 151.541763 98.505066 176.116760 111.706924              81318 
17.055470 186.378815 90.178383 68.256691 194.692856 95.323692 52.547409 230.861557 151.613373 98.669617 176.323303 111.775551              81327 
17.411118 185.875656 90.495506 68.579491 194.635101 95.434654 52.793842 230.600479 151.806763 99.222900 176.508667 111.727737              81337 
17.142704 185.591324 90.629814 68.338570 194.301697 95.679459 52.462963 230.318268 151.945816 98.930267 176.147827 112.039055              81345 
16.908665 185.231674 90.819672 68.093842 193.991089 95.981583 51.920578 230.195068 151.701645 98.659485 175.886856 112.444527              81355 
16.880836 184.979431 91.093681 68.073578 193.861237 96.131760 51.845829 230.175797 151.484924 98.719849 175.845581 112.541908              81364 
16.814943 184.383240 91.425270 67.991386 193.574097 96.349655 51.557529 229.970428 151.247360 98.781708 175.764740 112.715271              81373 
16.687853 183.528442 91.920654 67.846512 193.038986 96.527184 51.403294 229.452698 151.067230 98.849586 175.429398 112.706261              81382 
16.446630 182.873688 92.350128 67.622986 192.590012 96.539040 51.383644 229.008057 150.864182 98.834969 175.112015 112.457031              81391 
16.161587 182.798019 92.814713 67.411949 192.392685 96.673271 51.519707 229.154510 150.730560 98.672287 174.917145 112.498810              81400 
16.092796 182.456757 93.421387 67.355919 192.151657 96.887505 51.779510 229.014633 150.960449 98.762566 174.772812 112.528778              81409 
15.967697 182.237488 93.915092 67.199753 192.260162 97.171593 51.524967 229.414902 151.010757 98.760178 175.199081 112.853119              81418 
15.676107 182.274918 94.158897 67.026718 191.953461 97.113701 51.907883 229.239609 151.068405 98.577896 174.720520 112.624977              81427 
15.429759 182.566910 94.385712 66.908699 191.819672 97.142799 52.401527 229.208237 151.445786 98.390381 174.363388 112.545158              81436 
15.450439 182.797394 94.632813 66.986923 191.937210 97.152252 53.100803 229.292572 152.321442 98.503319 174.464691 112.464935              81445 
15.507874 183.027222 94.949646 67.094734 192.093903 97.063019 54.081573 229.393417 153.353317 98.702438 174.645905 112.214630              81454 
15.647141 183.183640 95.288719 67.258972 192.234741 96.956543 55.110203 229.479507 154.248215 98.981766 174.833893 111.920685              81463 
15.696614 183.305023 95.462173 67.320335 192.332886 96.876762 55.772579 229.510941 154.949814 99.100555 174.956909 111.747650              81472 
15.746041 183.391632 95.593559 67.367004 192.407532 96.816093 56.111065 229.608887 155.159119 99.190582 175.050018 111.615654              81481 
15.813455 183.411285 95.688751 67.383125 192.459183 96.782211 56.298214 229.696640 155.239777 99.233345 175.111633 111.536072              81490 
15.957781 183.467377 95.822861 67.426056 192.500961 96.793320 56.657803 229.759171 155.524521 99.260338 175.096024 111.513954              81499 
16.178713 183.489868 95.977913 67.513466 192.674789 96.889786 56.930809 230.011948 155.900604 99.358528 175.329758 111.657745              81508 
16.315979 183.400146 96.016617 67.503632 192.691345 96.882813 57.242916 229.977814 156.368942 99.335167 175.333618 111.665016              81517 
16.221884 183.631699 95.896889 67.306114 192.750381 96.737343 57.583511 230.152481 156.689011 99.013741 175.236771 111.601753              81526 
16.285116 183.811523 95.705635 67.220711 192.790176 96.484421 58.075680 230.290161 156.863419 98.805099 175.095413 111.396591              81536 
15.929728 184.401855 95.212425 66.777580 193.017548 96.344772 57.650944 231.067825 156.532715 98.023010 175.084732 111.680626              81544 
16.053217 184.427567 94.840004 66.660095 193.231430 96.138695 57.387165 231.454590 156.237457 97.793488 175.265244 111.662186              81554 
16.172056 184.470535 94.602303 66.566765 193.566086 96.163902 56.870949 231.975586 156.082504 97.622055 175.688843 111.944389              81562 
16.308388 184.506348 94.188805 66.527267 193.942673 96.030670 56.345539 232.387787 155.855682 97.542374 176.184006 112.022652              81572 
16.234262 184.820129 93.745750 66.392540 194.192383 95.942780 55.922184 232.682190 155.696701 97.225388 176.322693 112.161926              81581 
16.243565 185.946808 93.083778 66.387886 194.983887 95.920418 55.470703 233.650940 155.486984 96.848808 176.872055 112.568077              81590 
16.374327 186.631210 92.650711 66.502563 195.442535 95.862732 55.367229 234.152863 155.369446 96.726173 177.141373 112.734360              81599 
16.313675 186.910019 92.433685 66.455711 195.477692 95.783447 55.411106 234.125259 155.357346 96.526413 176.958252 112.690063              81608 
16.330471 187.054276 92.199211 66.441086 195.481155 95.674431 55.462223 234.053589 155.317047 96.373489 176.766281 112.611237              81617 
16.534658 186.958694 91.956429 66.594460 195.389236 95.366570 55.805733 233.632950 155.244812 96.517036 176.506393 112.133446              81626 
16.544640 186.957352 91.800766 66.548958 195.416824 95.286171 55.723511 233.576279 155.183517 96.408905 176.444824 112.064064              81635 
16.550331 186.874435 91.673615 66.498230 195.376053 95.221603 55.622204 233.432617 155.088287 96.305031 176.310471 111.987923              81644 
16.478903 186.509140 91.286682 66.363197 195.125412 94.858887 55.292080 232.815582 154.590805 96.183044 175.940598 111.465225              81653 
16.569059 186.138840 91.266609 66.363937 194.910904 94.816406 55.085339 232.447037 154.213623 96.205093 175.662750 111.310791              81662 
16.631151 185.784134 91.350945 66.330353 194.754227 94.826057 54.865234 232.228134 153.809753 96.225327 175.495682 111.210495              81671 
16.604427 185.514740 91.357338 66.269806 194.583450 94.800987 54.682877 231.947830 153.554596 96.200157 175.298065 111.088974              81680 
16.549965 185.139359 91.374397 66.188148 194.361389 94.758224 54.497894 231.571777 153.396332 96.199318 175.104095 110.930336              81689 
16.349440 184.728760 91.360115 65.986778 193.998871 94.673927 54.322632 231.031677 153.298752 96.049034 174.707977 110.710541              81698 
16.298197 184.256607 91.611397 65.921059 193.641510 94.735741 54.363438 230.574158 153.318314 96.087769 174.375290 110.604996              81707 
16.164690 183.708618 91.993599 65.772224 193.242783 94.900177 54.303444 230.139542 153.379303 96.066895 174.048553 110.612106              81716 
16.024103 183.083359 92.357994 65.576759 192.989059 95.134399 53.864521 230.007843 153.265549 96.043877 174.045532 110.817131              81725 
15.882780 182.702454 92.520462 65.419571 192.799088 95.166954 53.601933 229.832779 153.016754 96.001465 173.961609 110.753738              81734 
15.849956 182.384491 92.826775 65.364578 192.653931 95.279533 53.556675 229.735123 152.911957 96.070419 173.923813 110.751610              81743 
15.853056 181.869995 93.190224 65.374321 192.243271 95.186417 54.004833 229.093292 152.930191 96.280479 173.519165 110.261826              81752 
16.014896 181.603653 93.835114 65.555573 192.093033 95.515854 54.417507 229.174210 153.152374 96.593170 173.513184 110.499435              81761 
16.124048 181.941620 94.702148 65.714684 192.303879 96.112045 54.864597 230.067627 153.356064 96.749229 173.807312 111.204582              81771 
17.019506 182.075134 96.253944 66.635674 192.386307 97.021042 56.621185 230.375336 154.454575 97.828194 173.923050 111.825989              81779 
17.124790 182.110367 97.187401 66.728218 192.635529 97.478844 57.222824 230.951843 155.201324 98.121658 174.446945 112.198845              81789 
17.142118 182.222748 97.466805 66.745338 192.849899 97.554115 57.673424 231.208221 155.882050 98.228966 174.801651 112.254211              81797 
17.165560 182.324081 97.622551 66.783127 192.976913 97.545990 58.351501 231.257462 156.839111 98.317551 175.001724 112.226723              81824 
17.117277 182.374954 97.619690 66.743080 193.018860 97.506935 58.537075 231.301392 157.107361 98.281258 175.061722 112.201675              81834 
17.042574 182.412598 97.589867 66.665237 193.056702 97.440620 58.627045 231.382187 157.276779 98.204941 175.127945 112.166710              81842 
17.043573 182.373001 97.522369 66.612206 193.078506 97.376244 58.633209 231.428238 157.363083 98.148743 175.176315 112.141365              81852 
17.027351 182.436142 97.385818 66.555923 193.130646 97.214882 58.798817 231.517471 157.467117 98.070099 175.221832 112.019691              81861 
16.967180 182.535187 97.258865 66.504005 193.178726 97.066032 59.006870 231.563995 157.665436 97.997589 175.264023 111.907471              81870 
16.464409 182.851761 96.520279 66.029968 193.369965 96.489708 58.691116 231.746613 157.439072 97.423470 175.398285 111.473618              81880 
16.228548 183.022705 96.138840 65.816055 193.422485 96.154305 58.693615 231.665710 157.407730 97.154396 175.352951 111.136002              81889 
16.152008 183.258881 95.810722 65.740921 193.536682 95.905861 58.810482 231.711502 157.438675 96.997353 175.367706 110.938286              81897 
16.027493 183.298157 95.248390 65.564804 193.664352 95.511452 58.497921 231.640244 157.282776 96.792358 175.493698 110.601776              81906 
16.125099 183.339478 95.076576 65.607269 193.696289 95.305496 58.725697 231.587006 157.259094 96.813660 175.459381 110.359634              81915 
16.212477 183.364166 94.817848 65.575668 193.925049 95.095749 58.563820 231.866272 157.057297 96.796364 175.772064 110.221497              81924 
16.358793 183.318314 94.634926 65.618980 194.060867 94.957283 58.480858 232.024231 156.898499 96.850815 175.965683 110.129227              81933 
16.403982 183.219254 94.521126 65.577988 194.033173 94.913101 58.376324 231.936737 156.890411 96.780304 175.908676 110.110764              81942 
16.313684 182.997742 94.218636 65.400925 193.956161 94.779190 57.932953 231.852036 156.736176 96.573586 175.875702 110.089745              81951 
16.390223 182.798233 94.098801 65.383980 193.872116 94.695770 57.851547 231.711487 156.684982 96.554985 175.797546 110.016632              81960 
16.288160 182.734619 93.738258 65.275887 193.758575 94.432053 57.716610 231.445236 156.515472 96.396935 175.596329 109.750801              81969 
16.202070 182.720993 93.447144 65.197052 193.676514 94.237556 57.597130 231.257690 156.373688 96.263145 175.432922 109.571167              81978 
16.158449 182.692001 93.264679 65.163078 193.617493 94.124283 57.505875 231.117767 156.275543 96.197090 175.324799 109.464386              81987 
16.135088 182.677063 93.253822 65.162239 193.617249 94.126930 57.450939 231.132339 156.199280 96.196243 175.326263 109.469078              81996 
16.091490 182.651703 93.219505 65.175682 193.601959 94.125732 57.374851 231.128876 156.067993 96.211189 175.311584 109.465553              82006 
16.055859 182.598389 93.235390 65.209785 193.588669 94.236824 57.249756 231.083115 156.073120 96.249306 175.317703 109.591644              82014 
15.854898 182.672272 93.198891 65.178398 193.564896 94.429329 57.011948 231.060226 156.153778 96.149513 175.257751 109.878883              82023 
15.843108 182.673111 93.296852 65.263748 193.561707 94.610390 56.992474 231.056793 156.235489 96.234604 175.269211 110.077827              82032 
15.773323 182.622757 93.284470 65.315895 193.477737 94.697540 56.954361 230.920349 156.252655 96.275375 175.166428 110.165474              82041 
15.644073 182.631271 93.263313 65.314072 193.423355 94.695625 56.961796 230.843674 156.166061 96.272163 175.077332 110.125160              82050 
15.512205 182.674011 93.282364 65.316284 193.397110 94.722237 56.975971 230.814896 156.138153 96.279327 175.037521 110.125694              82059 
15.428122 182.701233 93.293037 65.313950 193.390701 94.749573 56.951855 230.828812 156.097427 96.278793 175.031677 110.150078              82069 
15.318094 182.734924 93.335854 65.301376 193.387253 94.833206 56.864929 230.892410 156.070908 96.262192 175.045990 110.262939              82078 
15.137699 182.929352 93.596123 65.283173 193.320755 95.267281 56.772076 230.990692 156.364960 96.122238 174.891312 110.835136              82087 
15.213007 182.820724 93.773079 65.401619 193.181335 95.284233 57.138805 230.730820 156.507324 96.297043 174.718918 110.700539              82096 
15.254123 182.819382 93.923187 65.460175 193.187653 95.364021 57.296600 230.744553 156.647141 96.385033 174.746872 110.747185              82105 
15.332151 182.883286 94.150620 65.560913 193.193893 95.512993 57.601162 230.808014 156.921051 96.486664 174.747513 110.887634              82114 
15.386147 182.884918 94.244179 65.622337 193.207123 95.451027 57.944405 230.793564 157.123093 96.599174 174.790802 110.758698              82123 
15.383201 182.906693 94.275894 65.625771 193.209320 95.419785 58.149139 230.744690 157.345505 96.614105 174.792770 110.703903              82132 
15.489507 182.922775 94.373917 65.728516 193.255310 95.335602 58.513866 230.772018 157.460342 96.780609 174.873795 110.532272              82141 
15.583912 182.938766 94.461136 65.818726 193.295670 95.261703 58.815937 230.800110 157.537735 96.926491 174.944748 110.381287              82150 
15.661764 182.953476 94.531342 65.889511 193.327347 95.203712 59.051418 230.815048 157.610397 97.040764 175.000320 110.262604              82159 
15.725935 182.965790 94.561554 65.944046 193.343491 95.153969 59.234356 230.787369 157.717728 97.119484 175.026474 110.174965              82168 
15.780689 183.024994 94.556046 65.991791 193.373169 95.100929 59.387032 230.791321 157.779922 97.168465 175.043259 110.103592              82177 
15.826358 183.085892 94.554176 66.027458 193.402176 95.063309 59.510456 230.809570 157.834213 97.198448 175.056580 110.058601              82186 
15.908188 183.383286 94.619057 65.996117 194.076172 95.298637 58.854973 232.053238 157.670166 97.207962 176.102249 110.654724              82195 
16.089317 183.438614 94.656433 66.077927 194.426910 95.230209 58.796783 232.589249 157.484238 97.401398 176.678284 110.621025              82204 
16.068193 183.703812 94.502792 66.019989 194.628174 95.170845 58.654232 232.907898 157.354126 97.267166 176.844070 110.675392              82213 
16.057058 183.758301 94.404495 65.949684 194.682251 95.158638 58.486061 232.973541 157.324631 97.146317 176.869781 110.732224              82222 
16.125401 183.733444 94.383484 65.926048 194.693680 95.159119 58.415257 232.981644 157.314072 97.098999 176.862885 110.759132              82232 
16.264723 184.107132 94.491760 66.026817 194.803253 95.403130 58.525284 233.239792 157.449051 97.019943 176.782974 111.143089              82240 
16.291368 184.219131 94.504257 65.986923 194.737350 95.549553 58.454144 233.192993 157.543304 96.832008 176.541229 111.377762              82249 
16.414145 184.167282 94.510132 65.988136 194.663666 95.633385 58.333172 233.127609 157.495026 96.750542 176.367752 111.507401              82259 
16.436472 184.070404 94.409927 65.962639 194.584473 95.519196 58.255165 232.935547 157.313477 96.726143 176.228867 111.322029              82267 
16.796484 183.776382 94.638779 66.228821 194.382187 95.771820 58.325851 232.653809 157.405304 96.994621 176.001938 111.541489              82276 
16.847927 183.710861 94.662956 66.246849 194.360413 95.769516 58.268185 232.610657 157.283813 97.028954 175.972504 111.498398              82285 
16.837038 183.467804 94.685577 66.230995 194.146896 95.670769 58.373680 232.266144 157.247116 97.070152 175.741562 111.266953              82294 
16.757418 183.108902 94.687462 66.143669 193.860031 95.439499 58.557896 231.714569 157.201004 97.099693 175.440079 110.784866              82304 
16.689825 182.857025 94.697311 66.075623 193.654343 95.286774 58.679153 231.331299 157.177200 97.114357 175.231873 110.461098              82313 
16.549910 182.709824 94.689339 66.021736 193.491455 95.165817 58.773640 231.028244 157.155670 97.125526 175.067459 110.204460              82322 
16.464584 182.749237 94.773842 66.005898 193.507904 95.231796 58.737106 231.110611 157.160492 97.129677 175.122711 110.276588              82331 
16.292562 182.860535 94.805939 65.977440 193.515823 95.251030 58.766422 231.129303 157.203674 97.118431 175.145126 110.277916              82340 
16.234928 182.905060 94.854111 65.993980 193.524200 95.240707 58.898411 231.121231 157.281799 97.167351 175.174347 110.225853              82349 
16.052486 182.999435 94.899338 65.908493 193.508499 95.280724 59.012962 231.113815 157.487183 97.070251 175.143051 110.270897              82358 
15.948026 183.090500 94.958237 65.838715 193.533508 95.329292 59.211147 231.168503 157.805893 96.980598 175.169876 110.362968              82367 
15.867931 182.898804 94.919281 65.715515 193.560226 95.066971 59.330921 231.120926 157.796112 97.003418 175.348450 109.981682              82376 
15.841294 182.861191 94.966873 65.678558 193.558960 95.087730 59.350086 231.105621 157.910004 96.985954 175.378677 109.999962              82385 
15.807157 182.829086 95.013100 65.624321 193.557861 95.093796 59.346092 231.088028 157.977066 96.951942 175.399460 109.990219              82394 
15.714158 182.814301 95.017326 65.494514 193.589066 95.000282 59.322681 231.113281 157.942795 96.860168 175.459976 109.852325              82403 
15.703497 182.766068 95.081970 65.397400 193.643250 94.934906 59.325436 231.197113 157.913925 96.818550 175.575516 109.744347              82412 
15.578875 182.799454 95.088493 65.207825 193.651566 94.864471 59.278664 231.283813 157.873062 96.617462 175.570328 109.681847              82421 
15.560680 182.836670 95.189011 65.030190 193.916031 95.038506 58.813660 231.868698 157.879028 96.447510 176.025406 110.069389              82430 
16.267557 182.858109 95.799889 65.523743 194.421112 95.585846 59.049931 232.846909 158.284836 97.065659 176.945602 110.842476              82439 
16.708677 182.682449 95.959328 65.784805 194.722626 95.437027 59.504379 233.079895 158.436264 97.562874 177.563950 110.562660              82448 
16.911238 182.643875 96.052780 65.871628 194.897598 95.392677 59.757248 233.244370 158.659790 97.738205 177.899780 110.513725              82457 
17.120546 182.523422 96.130417 65.944275 194.897003 95.345207 60.022289 233.154663 158.842865 97.858719 177.942780 110.414154              82467 
17.326504 182.401703 96.183937 65.990135 194.881088 95.308884 60.204861 233.075256 158.959106 97.929085 177.942123 110.343033              82476 
17.511829 182.288300 96.256393 66.028549 194.828964 95.314270 60.345322 232.995026 159.034561 97.970741 177.874512 110.324066              82484 
17.651056 182.101990 96.243843 65.982956 194.699478 95.296280 60.318378 232.824188 159.049011 97.897446 177.696701 110.310341              82493 
17.705673 181.868973 96.213173 65.830872 194.565994 95.233971 60.172165 232.689026 158.993500 97.734558 177.549988 110.256004              82502 
17.675282 181.782104 96.138557 65.674538 194.415329 95.123741 60.154682 232.531998 158.918533 97.525780 177.297531 110.141396              82511 
17.716486 181.662598 96.094749 65.531410 194.293228 95.051155 60.078094 232.419952 158.836884 97.334122 177.094971 110.079750              82521 
17.510401 181.511368 96.165726 65.196999 194.161926 95.231117 59.463226 232.638535 158.713821 96.914932 177.006378 110.485977              82530 
17.289408 181.412628 96.229675 64.946327 193.986023 95.314583 59.157360 232.654953 158.597412 96.603813 176.797714 110.657867              82539 
17.218496 181.128571 96.501579 64.791954 193.777969 95.438492 58.980312 232.647995 158.447632 96.496658 176.661484 110.764557              82548 
17.166246 180.917801 96.598587 64.690063 193.662048 95.408112 58.803673 232.680298 158.178497 96.456955 176.639572 110.710091              82557 
17.182682 180.487213 96.940857 64.592453 193.490158 95.541725 58.535835 232.739594 157.949768 96.499451 176.694122 110.802361              82566 
17.254892 180.163635 97.456413 64.552742 193.352020 95.817467 58.366631 232.869873 157.748718 96.581207 176.730942 111.015091              82575 
17.388802 179.677002 98.235992 64.552879 193.032425 96.348579 58.314915 232.755585 157.898010 96.699982 176.559845 111.457161              82584 
17.534153 179.335495 98.952934 64.566360 192.798172 96.869232 58.226692 232.799622 157.970169 96.790749 176.449875 111.948120              82593 
18.418282 178.872437 100.597900 65.345436 192.345764 98.015717 59.556190 232.417358 159.036957 97.723824 176.010269 112.775185              82602 
18.619680 178.817169 100.950287 65.441788 192.359573 98.130043 59.823868 232.653259 159.025848 97.901413 176.130127 112.827942              82611 
18.726406 178.829193 101.018005 65.458870 192.370453 98.137466 59.934288 232.691605 159.105591 97.927116 176.150848 112.827202              82622 
18.825464 178.620926 101.213921 65.447639 192.318787 98.260002 59.828182 232.813873 159.161102 97.980194 176.270035 112.995018              82629 
18.899605 178.390533 101.352821 65.376602 192.272308 98.295235 59.715969 232.880768 159.220169 97.996246 176.410995 113.040680              82639 
18.692654 178.594101 101.215134 65.148438 192.360138 98.223923 59.534966 233.119080 159.191406 97.698868 176.481476 113.103035              82647 
18.407911 178.980072 100.979828 64.803467 192.703766 97.959236 59.345146 233.557281 159.053391 97.339493 176.846512 112.892601              82656 
18.127331 179.370499 100.698357 64.485352 192.983597 97.728043 59.152981 233.892487 158.968307 96.958580 177.086319 112.755249              82665 
17.925194 179.720825 100.261635 64.302055 193.048935 97.343002 59.243980 233.901291 158.781006 96.657387 176.947433 112.407036              82674 
17.841890 179.986603 99.913902 64.210587 193.094345 97.030426 59.395859 233.858932 158.668625 96.471909 176.819260 112.109520              82683 
17.765976 180.213120 99.608238 64.099968 193.144089 96.803444 59.403206 233.853104 158.581512 96.262871 176.727295 111.939079              82692 
17.707087 180.431412 99.230118 63.982376 193.290695 96.547546 59.263878 233.906006 158.482635 96.069489 176.797989 111.761314              82701 
17.666298 180.613449 98.921608 63.888973 193.406387 96.345406 59.167263 233.938782 158.432480 95.906067 176.842804 111.629509              82710 
17.736471 180.669327 98.772308 63.877659 193.427658 96.277611 59.169914 233.884628 158.503540 95.836220 176.803650 111.618530              82719 
17.847149 180.820068 98.525276 63.896496 193.471695 96.148140 59.214931 233.838547 158.493301 95.746277 176.705215 111.560074              82728 
17.951807 180.923782 98.277962 63.902935 193.507629 96.020958 59.206936 233.778610 158.472153 95.651962 176.615616 111.503510              82737 
18.112778 181.035797 98.037003 63.927753 193.579147 95.865364 59.249943 233.736267 158.425140 95.583534 176.552765 111.391609              82746 
18.097803 181.218216 97.684380 63.832638 193.681976 95.686150 59.091389 233.724350 158.356903 95.358734 176.505188 111.310303              82756 
18.060139 181.372925 97.374672 63.743504 193.787735 95.532120 58.937546 233.694962 158.341507 95.171806 176.502136 111.233109              82765 
18.139942 181.484390 97.094673 63.752487 193.921219 95.344635 58.901165 233.676361 158.301895 95.133850 176.576965 111.074791              82773 
18.223511 181.436371 96.650970 63.754253 193.967468 94.924240 58.920372 233.408234 158.118973 95.153511 176.575500 110.565758              82783 
18.205826 181.427887 96.292839 63.702599 193.956467 94.658287 58.838570 233.211380 158.002014 95.059151 176.489746 110.302177              82792 
18.225216 181.271774 95.879646 63.683403 193.886658 94.342934 58.707561 232.930420 157.846802 95.040489 176.417191 109.982697              82801 
18.313877 181.120712 95.425476 63.728790 193.871674 93.853661 58.800571 232.613937 157.583511 95.163368 176.423889 109.361504              82810 
18.315546 181.116257 95.328026 63.720463 193.895737 93.815094 58.751339 232.556732 157.636856 95.146217 176.449493 109.342529              82819 
18.306311 181.166092 95.283432 63.715511 193.914017 93.813927 58.765850 232.532410 157.700073 95.111130 176.431931 109.362007              82828 
18.342842 181.397202 95.300262 63.792374 193.983597 93.922104 58.924297 232.573975 157.876511 95.088089 176.370804 109.523972              82837 
18.400938 181.663818 95.352333 63.880299 194.126846 94.030838 59.129021 232.764755 158.052017 95.092567 176.429642 109.704193              82846 
18.421312 181.792267 95.376755 63.905834 194.222351 94.154716 59.088764 232.889114 158.189163 95.052513 176.488892 109.917320              82855 
18.526564 181.925980 95.501350 64.017929 194.317230 94.296188 59.268635 233.003510 158.362320 95.124084 176.537643 110.086823              82864 
18.626413 182.013489 95.627907 64.104622 194.449371 94.384026 59.442566 233.172638 158.502899 95.223488 176.697937 110.181274              82873 
18.547804 182.051086 95.780357 64.059555 194.404083 94.768944 59.229282 233.200409 158.894669 95.050484 176.602051 110.759583              82882 
18.805313 181.634689 96.051620 64.169800 194.540924 95.195175 58.708328 233.261230 159.335388 95.314209 177.102402 111.287857              82891 
18.867023 181.469742 96.077957 64.191505 194.532944 95.236382 58.632137 233.166931 159.423203 95.389091 177.172043 111.309975              82900 
18.900480 181.274658 96.145622 64.192696 194.499634 95.298637 58.522461 233.135788 159.473572 95.448792 177.246735 111.374863              82909 
18.895622 181.264282 96.162964 64.191658 194.515961 95.294861 58.547588 233.137482 159.474457 95.462173 177.269257 111.349670              82918 
18.869579 181.292465 96.237846 64.181145 194.542862 95.356567 58.587078 233.110580 159.572189 95.456451 177.274277 111.378502              82927 
18.848995 181.227478 96.294632 64.154060 194.531616 95.403770 58.554062 233.045715 159.644547 95.453804 177.281387 111.397705              82937 
18.815979 181.232025 96.360413 64.121475 194.552170 95.439590 58.574047 233.033524 159.700073 95.437164 177.298370 111.398438              82945 
18.422985 181.974472 95.973663 63.913773 194.776733 95.292877 58.554760 233.091934 159.666122 94.959908 177.102081 111.317703              82972 
18.290417 182.236862 95.849869 63.845745 194.854141 95.250671 58.553581 233.118927 159.659958 94.795067 177.032959 111.300461              82982 
18.244711 182.786148 95.566887 63.870296 195.188461 95.096695 58.665787 233.197052 159.665329 94.703323 177.142075 111.118645              82991 
18.191607 183.153442 95.369728 63.875454 195.365540 95.041710 58.698532 233.188980 159.722000 94.588745 177.126602 111.075600              83000 
18.150581 183.448318 95.156822 63.879333 195.519531 95.011124 58.620205 233.183929 159.775208 94.476013 177.129440 111.095245              83009 
18.128134 183.640182 95.055817 63.906437 195.609726 95.033905 58.622097 233.113129 159.886063 94.424042 177.096008 111.126427              83018 
18.275635 183.940918 94.634315 64.095650 195.799332 94.694351 58.912563 232.904739 159.776459 94.552704 177.086609 110.670967              83027 
18.309000 184.008224 94.316063 64.127785 195.888855 94.477951 58.878159 232.762772 159.677460 94.542770 177.085480 110.428268              83036 
18.414274 184.270020 94.217194 64.250618 196.061554 94.476357 59.011166 232.890015 159.696609 94.546822 177.104843 110.471161              83045 
18.563225 184.411575 94.015854 64.391319 196.263458 94.400291 59.015812 232.949203 159.686874 94.635468 177.245865 110.421318              83054 
18.809631 184.515396 93.945992 64.625885 196.485611 94.297142 59.297600 233.030655 159.669937 94.906410 177.462021 110.242142              83063 
19.023682 184.595932 93.915497 64.793396 196.843536 94.284149 59.288597 233.371994 159.675491 95.153702 177.961777 110.246048              83072 
19.233536 184.503738 93.977615 64.946877 197.038116 94.463303 59.137619 233.513596 159.889130 95.360596 178.300858 110.493637              83081 
19.387760 184.384171 94.050194 65.071335 197.110245 94.583115 59.117165 233.511429 160.051041 95.531464 178.454254 110.620110              83090 
19.590351 184.212585 94.167130 65.231438 197.168198 94.691559 59.163509 233.524246 160.185211 95.774910 178.634354 110.711678              83099 
19.555338 184.069366 94.215157 65.212387 197.047577 94.696037 59.234104 233.413834 160.202866 95.767395 178.507217 110.686577              83108 
19.623466 183.801254 94.323524 65.278549 196.847534 94.582191 59.577656 233.250534 160.098541 95.925697 178.345642 110.440399              83117 
19.775433 183.652374 94.503349 65.390503 196.891754 94.668388 59.667816 233.362640 160.152237 96.133057 178.525803 110.499939              83126 
19.771318 183.537720 94.590485 65.382492 196.835144 94.673012 59.746056 233.307922 160.167252 96.170609 178.499176 110.450676              83135 
19.693035 183.317352 94.748634 65.303108 196.664490 94.689384 59.845951 233.128906 160.206650 96.156387 178.352402 110.367165              83144 
19.514969 183.113022 94.979767 65.141685 196.420074 94.805359 59.879490 232.940659 160.310806 96.011566 178.085129 110.423645              83153 
19.555634 182.834061 95.343430 65.176437 196.170258 94.941895 60.167431 232.866608 160.370956 96.121254 177.891525 110.477570              83162 
19.496283 182.427383 95.711700 65.088341 195.859207 95.121986 60.239182 232.661072 160.503693 96.126877 177.667465 110.572571              83172 
19.454838 182.142319 95.934677 65.026993 195.637421 95.227699 60.275291 232.508774 160.577560 96.125290 177.503448 110.625938              83180 
19.520096 181.717468 96.217293 65.061028 195.310074 95.353035 60.438171 232.236267 160.677048 96.247482 177.252335 110.662292              83189 
19.427210 181.216400 96.449669 64.907906 195.005112 95.511269 60.195480 231.975464 160.766602 96.195099 177.085815 110.777588              83198 
19.336498 180.973190 96.564621 64.788666 194.850494 95.577759 60.031628 231.860397 160.748779 96.126793 176.988586 110.806854              83207 
19.456648 180.773193 96.870522 64.747505 195.164276 95.762909 59.604530 232.508087 160.699265 96.301521 177.750397 111.064919              83216 
19.419453 180.722794 97.125107 64.661469 195.295395 95.951637 59.394127 232.800735 160.780991 96.301048 178.061081 111.280251              83226 
19.414461 180.730652 97.177727 64.662201 195.344498 95.951469 59.419544 232.892990 160.764740 96.341843 178.165878 111.259834              83235 
19.127926 181.006882 97.151848 64.438629 195.511642 95.884590 59.303749 233.160599 160.659119 96.101074 178.306763 111.199036              83244 
19.006485 181.209961 97.162689 64.401459 195.509796 95.919312 59.405205 233.196503 160.700226 95.985893 178.181519 111.255699              83253 
18.919065 181.345200 97.106171 64.373611 195.515366 95.913261 59.406807 233.225861 160.689392 95.899033 178.112823 111.286949              83262 
18.871527 181.996140 97.028931 64.511528 195.586594 96.224808 59.480164 233.342163 160.970016 95.681580 177.779526 111.857697              83271 
18.732998 182.602310 96.748680 64.509003 195.751801 96.237602 59.462799 233.444611 161.019516 95.412560 177.617172 112.022293              83280 
18.627052 183.051666 96.387550 64.504387 195.854172 96.140190 59.417328 233.429871 160.987320 95.188416 177.446716 112.036934              83289 
18.584511 183.656555 95.863029 64.585541 196.005249 95.970634 59.473614 233.321335 160.964264 94.969383 177.197098 111.974571              83298 
18.581852 184.574997 94.999176 64.732140 196.315140 95.576546 59.585255 233.257675 160.777908 94.709328 176.969742 111.706474              83307 
18.515207 185.350128 94.503136 64.752380 196.570984 95.546349 59.472206 233.341248 160.826050 94.308784 176.759796 111.886086              83316 
18.583076 185.688705 94.196465 64.813942 196.713425 95.459801 59.484905 233.312256 160.809830 94.151207 176.631134 111.863380              83325 
18.875282 185.949478 93.878426 65.044487 196.998093 95.368195 59.517754 233.329529 160.839676 94.251129 176.758377 111.811348              83334 
18.997169 185.868439 93.627182 65.060524 197.118256 95.310593 59.164261 233.341385 160.727829 94.216827 176.865875 111.827324              83343 
19.133579 185.829422 93.310043 65.097855 197.351944 95.204170 58.656521 233.451660 160.461029 94.257858 177.149551 111.775490              83352 
19.230461 185.718033 93.079025 65.093521 197.510895 95.155327 58.122898 233.563248 160.128113 94.254463 177.351669 111.777473              83361 
19.171038 185.688690 92.957031 65.015694 197.513794 95.141403 57.690216 233.720947 159.571167 94.112564 177.284653 111.790863              83371 
19.140600 185.607361 92.857498 64.974365 197.476776 95.134491 57.278503 233.875214 158.934280 94.025749 177.197403 111.802269              83379 
19.290905 185.373230 92.858597 65.092857 197.431671 95.205956 57.138424 233.728470 158.873611 94.194191 177.190781 111.833321              83389 
19.265919 185.214920 92.821480 65.059235 197.359802 95.212204 56.903301 233.682983 158.634796 94.172127 177.122330 111.823509              83397 
19.268938 184.815887 92.694328 65.061676 197.022903 95.122879 56.762745 233.156143 158.383102 94.204437 176.720932 111.602577              83406 
19.227758 184.784164 92.683563 65.042694 197.057724 95.133812 56.598579 233.301987 158.174011 94.197174 176.786606 111.630730              83415 
19.153416 184.722305 92.662880 65.006752 197.018005 95.094910 56.569111 233.254425 158.076736 94.177460 176.735199 111.548729              83424 
19.241289 184.671204 92.856667 65.098267 197.241074 95.205528 56.529354 233.530579 158.082184 94.417747 177.142700 111.621201              83433 
19.213942 184.515106 92.902687 65.112129 197.226746 95.246964 56.424316 233.518280 158.039627 94.507072 177.217468 111.636482              83442 
19.179998 184.281906 93.019753 65.112473 197.163391 95.311012 56.348526 233.478027 158.012146 94.612076 177.270432 111.654037              83452 
19.153622 183.663910 93.361099 65.057549 196.936279 95.467766 56.216400 233.259186 158.085617 94.804100 177.315155 111.691345              83461 
19.167437 182.857742 93.726212 65.044067 196.509827 95.492165 56.335491 232.813156 158.043289 95.093002 177.152100 111.473091              83469 
19.147108 181.967392 94.286148 64.969543 196.154861 95.704308 56.204918 232.616257 158.076233 95.386284 177.249969 111.530785              83478 
19.081758 181.258072 94.858582 64.870132 195.911636 95.898041 56.055447 232.717056 157.981461 95.627174 177.483749 111.629158              83489 
19.344372 180.467087 95.606888 65.087914 195.486328 96.122559 56.671265 232.147675 158.331833 96.216583 177.346100 111.451889              83497 
19.236181 179.708054 96.166412 64.967064 194.990128 95.932243 57.251106 231.740875 158.183075 96.490005 177.148743 110.799644              83506 
19.130011 179.477341 96.732483 64.952240 194.666718 96.064453 57.767262 231.584976 158.298294 96.629227 176.902908 110.695450              83515 
19.032452 179.321899 97.138718 64.949806 194.403595 96.162758 58.156628 231.424606 158.422653 96.741676 176.699905 110.616386              83524 
19.092974 179.088699 97.834023 65.087517 194.050095 96.556084 58.685844 231.234207 158.802612 96.970627 176.393250 110.865303              83533 
18.924273 179.162247 98.030525 64.985779 194.021652 96.629898 58.692440 231.305252 158.855545 96.920990 176.425339 110.897438              83542 
18.840614 179.307327 98.091331 64.964386 194.045914 96.614716 58.769066 231.329102 158.864990 96.923347 176.448608 110.827736              83551 
18.774912 179.371445 98.106430 64.942856 194.027039 96.619339 58.748447 231.305771 158.880524 96.914543 176.443390 110.820656              83560 
18.620838 179.652908 98.083656 64.927933 194.001694 96.747658 58.667046 231.420349 158.934296 96.777863 176.316879 111.096184              83569 
18.431580 179.869476 98.053009 64.903839 193.996796 96.748108 58.667278 231.416885 158.959930 96.746216 176.301117 111.099991              83578 
18.210709 180.143890 97.953636 64.868721 194.013184 96.705482 58.672073 231.418869 158.971436 96.683365 176.279739 111.072266              83587 
17.954603 180.613693 97.736450 64.824646 194.063034 96.628616 58.682453 231.516861 158.912369 96.506721 176.169907 111.090050              83596 
17.699501 180.972504 97.309967 64.729622 194.089828 96.470291 58.484474 231.522949 158.806870 96.247925 176.035583 111.088493              83605 
17.588173 181.278671 96.984871 64.708504 194.177582 96.332474 58.511265 231.502975 158.862457 96.111870 175.990479 111.033112              83614 
17.588484 181.704712 96.600288 64.787170 194.334641 96.183380 58.700058 231.541306 158.981430 96.020538 175.952225 111.002762              83623 
17.670015 182.133438 96.143341 64.955406 194.436737 95.988121 58.924664 231.489929 158.996872 95.989395 175.803833 110.913177              83632 
17.537239 182.564789 95.418114 64.910172 194.527603 95.555374 58.912560 231.272446 158.832077 95.737297 175.595901 110.533005              83641 
17.440079 182.821960 94.835548 64.846321 194.644730 95.234482 58.727192 231.098923 158.720306 95.552124 175.552841 110.257935              83650 
17.626194 183.475815 94.396210 65.033485 195.293549 95.197014 58.493286 231.737030 158.748611 95.602295 176.193527 110.487137              83659 
17.373741 183.919495 93.727745 64.731323 195.804489 94.915108 57.648617 232.328903 158.362640 95.166542 176.722260 110.491272              83668 
17.344471 184.030914 93.243324 64.615387 196.136124 94.730759 56.998299 232.639481 158.094620 95.007645 177.137009 110.491302              83677 
17.399586 183.966354 93.148865 64.599052 196.230637 94.767967 56.656334 232.745712 157.953400 94.983162 177.271591 110.592346              83687 
17.388700 183.902771 93.070137 64.550339 196.144333 94.776665 56.432438 232.686737 157.701401 94.871300 177.097107 110.616280              83695 
17.383352 183.756836 93.032326 64.514130 195.916107 94.762123 56.371655 232.421371 157.507187 94.770515 176.724945 110.551407              83705 
17.400448 183.494934 92.983414 64.495781 195.681122 94.628761 56.432755 232.006485 157.341858 94.790375 176.417206 110.255318              83714 
17.345589 183.258209 93.067665 64.412361 195.425720 94.653374 56.411999 231.690475 157.274841 94.709381 176.088760 110.184746              83723 
17.354790 183.024200 93.244659 64.395264 195.195953 94.742508 56.444103 231.469620 157.229767 94.714455 175.829834 110.194084              83732 
17.452978 182.675125 93.400742 64.481773 194.889175 94.802872 56.540184 231.032761 157.197250 94.863205 175.503464 110.106926              83741 
17.535702 182.181503 93.606766 64.522316 194.587051 94.894531 56.458675 230.691147 157.091965 95.030342 175.306549 110.079178              83750 
17.756987 181.577393 94.307213 64.683350 194.252426 95.314728 56.592915 230.485352 157.179321 95.392204 175.167740 110.341103              83759 
18.197134 180.573837 94.791916 65.001419 193.711899 95.524162 56.795845 229.680099 157.188736 96.012337 174.855865 110.215088              83768 
18.667458 179.370590 95.656342 65.307465 193.089279 96.015701 56.984779 228.998627 157.348465 96.678856 174.593765 110.396339              83777 
18.723110 178.969803 95.976051 65.298019 192.909195 96.137146 56.942989 228.916840 157.240372 96.826782 174.592560 110.402100              83786 
18.775869 178.686935 96.374184 65.272278 192.863541 96.273376 56.876625 229.217651 157.052322 96.963661 174.809021 110.512123              83795 
19.589865 178.671158 97.633759 65.954391 193.277588 97.473198 57.297775 229.442352 158.282455 97.864456 175.525330 111.603157              83804 
19.893282 178.465851 98.552177 66.241180 193.266556 97.854301 57.906345 229.834595 158.494232 98.428009 175.880249 111.810478              83813 
20.080435 178.591537 98.951172 66.468506 193.569489 98.154091 57.931240 230.363602 158.685867 98.825813 176.539993 112.155922              83822 
20.008587 178.712936 98.986084 66.520500 193.686661 98.212494 57.851078 230.527603 158.792252 98.968719 176.862762 112.252419              83831 
19.832668 179.043671 99.155197 66.490601 193.744568 98.308243 58.124699 230.715271 159.001526 98.909325 176.860916 112.344604              83840 
19.298573 179.992050 99.130653 66.268387 193.931747 98.227005 58.631924 231.075073 159.171280 98.475220 176.658997 112.277725              83849 
18.735165 181.169922 99.118019 66.019470 194.233139 98.646042 58.489128 231.905472 159.510559 97.779572 176.549362 113.193565              83858 
18.582510 181.714584 99.122292 66.003685 194.317352 98.811775 58.697357 232.174545 159.794022 97.535179 176.385605 113.551788              83867 
18.373755 182.169968 98.999954 65.897636 194.387894 98.918076 58.678020 232.366409 160.001282 97.203865 176.235077 113.866196              83876 
18.071720 182.745941 98.724243 65.709930 194.516037 98.912010 58.584396 232.540970 160.106598 96.757660 176.078674 114.049789              83885 
17.839630 183.294907 98.406708 65.587967 194.613602 98.732628 58.746002 232.655411 160.098816 96.414452 175.885223 113.965034              83894 
17.638620 183.955597 97.789848 65.496956 194.797882 98.329117 58.922733 232.746643 159.982727 96.065170 175.736359 113.668388              83905 
17.503511 184.504471 97.266121 65.392807 195.216370 97.894569 58.951347 233.005569 159.830093 95.880081 176.039658 113.251350              83913 
17.837688 185.064240 96.875488 65.666191 195.977783 97.818459 58.820175 233.664566 159.981247 96.113335 176.910019 113.389030              83922 
18.069508 185.125824 96.351273 65.869347 196.138870 97.561951 58.718243 233.546188 159.937607 96.269958 177.058792 113.208176              83931 
18.134718 185.042358 96.158318 65.905998 196.137878 97.506088 58.563969 233.401657 159.949280 96.289009 177.057083 113.185585              83939 
18.137817 184.886139 95.593330 65.935471 195.848145 97.164413 58.487370 232.787216 159.789932 96.207199 176.589539 112.841766              83949 
18.296967 184.820557 95.456146 66.086983 195.828171 97.231705 58.378658 232.596466 159.923187 96.321342 176.558136 112.967010              83958 
18.375340 184.603180 95.268356 66.145477 195.787827 97.137215 58.155331 232.468826 159.736603 96.429672 176.600418 112.877655              83967 
18.107334 183.991730 94.618752 65.845589 195.434036 96.508133 57.579140 231.908600 159.000885 96.248726 176.354828 112.150520              83976 
17.807775 183.396973 94.148582 65.572716 195.053604 96.023285 57.052959 231.338348 158.324448 96.109169 176.078201 111.531662              83985 
17.655945 182.997910 93.950485 65.428673 194.814987 95.855469 56.618336 230.972733 157.916733 96.050140 175.912521 111.285103              83994 
17.692526 182.278961 93.850410 65.443726 194.420792 95.574547 56.443890 230.345123 157.377701 96.291916 175.675903 110.742561              84003 
17.749010 181.439758 94.018761 65.397728 194.074097 95.600014 55.864845 230.169876 156.687592 96.486938 175.666534 110.688873              84012 
17.667850 180.766983 94.118828 65.290947 193.702240 95.633080 55.257233 229.883377 156.047226 96.544342 175.509827 110.643494              84021 
17.829433 179.642487 94.840614 65.409882 193.002136 95.887222 55.314953 229.308334 155.784409 97.003723 175.160294 110.602814              84030 
17.861326 178.441513 95.936043 65.489494 192.116852 96.312210 55.699303 228.527817 155.894562 97.470978 174.615601 110.593010              84039 
17.578089 177.970840 96.357697 65.420547 191.535217 96.392586 55.886635 227.846954 155.824951 97.572495 174.075790 110.337906              84048 
17.350206 178.202133 96.945648 65.480003 191.314362 96.836342 56.228386 227.729828 156.139343 97.612640 173.730392 110.669220              84057 
17.114080 178.664383 97.405998 65.615982 191.184082 97.170891 56.709648 227.728195 156.416946 97.705650 173.457108 110.920723              84066 
16.906860 179.313126 97.845741 65.850723 191.148987 97.456093 57.340847 227.870453 156.646057 97.901382 173.290970 111.127136              84075 
17.188362 179.907043 98.486519 66.368004 191.807648 98.156708 57.407375 228.892227 157.064056 98.552231 174.343872 112.021858              84084 
17.032667 180.588638 98.733597 66.443298 192.072067 98.363564 57.690414 229.442245 157.172653 98.555199 174.526199 112.292633              84093 
16.816702 181.393417 98.533791 66.442886 192.337189 98.243576 58.012901 229.703156 157.284195 98.393913 174.523331 112.202415              84120 
16.721083 182.088226 98.321594 66.404427 192.819153 98.215752 57.966022 230.250595 157.358810 98.227974 174.899033 112.328926              84129 
16.606318 183.018387 97.961624 66.365654 193.399124 97.997597 58.168507 230.697861 157.532242 98.026108 175.240799 112.172974              84138 
16.499302 183.752563 97.411377 66.328857 193.817276 97.681755 58.233196 231.030304 157.561646 97.809654 175.458939 111.998932              84148 
16.514051 184.140442 97.173546 66.386322 194.012222 97.502945 58.577816 231.058105 157.835968 97.783630 175.514938 111.824600              84157 
16.541019 184.300980 97.011200 66.403458 194.100327 97.409729 58.697472 231.004303 158.040131 97.740768 175.515396 111.749313              84166 
16.463772 184.511063 96.686806 66.346962 194.164200 97.266884 58.632595 230.974640 158.100311 97.566887 175.454544 111.700043              84174 
16.483948 184.732346 96.440735 66.345840 194.504990 97.349876 58.259182 231.290878 158.295853 97.502960 175.866043 112.008484              84183 
16.441889 184.839493 96.261818 66.332001 194.528625 97.289253 58.287514 231.253067 158.417557 97.422104 175.828445 112.011986              84193 
16.515049 184.700043 95.963181 66.352074 194.705154 97.085213 58.067547 231.210693 158.403122 97.535835 176.166061 111.813622              84202 
16.740120 184.464737 95.825607 66.509773 194.793396 97.130562 57.800507 231.147171 158.490387 97.756371 176.423187 111.937202              84211 
16.806078 184.284637 95.776932 66.538841 194.798889 97.189850 57.577065 231.070938 158.562943 97.821434 176.529907 112.045631              84220 
16.943117 183.983261 95.734734 66.637405 194.677719 97.245979 57.435623 230.791031 158.629715 97.963837 176.487030 112.105461              84229 
16.959419 183.705887 95.550789 66.623917 194.535751 97.181717 57.130894 230.591599 158.408463 97.970978 176.408722 112.075455              84238 
16.956669 182.890884 95.017410 66.490601 194.303558 96.756996 56.393356 230.010574 157.805603 98.039215 176.461670 111.569244              84247 
17.038322 182.043259 94.741997 66.520912 193.687943 96.449730 56.179173 229.067795 157.190887 98.189148 175.875824 111.040886              84256 
17.009459 181.315903 94.539841 66.415070 193.265854 96.227036 55.655087 228.487000 156.489578 98.211914 175.572922 110.682884              84265 
17.146057 180.813614 94.898445 66.507996 192.946411 96.510208 55.487312 228.290848 156.216415 98.392975 175.360168 110.901970              84274 
17.304789 180.050552 95.676949 66.624290 192.384262 97.046608 55.555435 227.911545 156.335510 98.645515 174.951141 111.321678              84283 
17.127901 179.355576 96.194695 66.378906 192.027542 97.274750 55.200447 227.897217 156.109161 98.589455 174.900146 111.493874              84292 
17.248215 178.973648 96.966774 66.492859 191.687164 97.691246 55.423729 227.854385 156.036102 98.824081 174.665680 111.762917              84301 
17.301620 178.690414 97.394218 66.549110 191.415970 97.905670 55.351173 227.885132 155.562576 98.960121 174.485138 111.902962              84310 
17.324755 178.505569 97.666748 66.578094 191.198532 98.029213 55.326050 227.881271 155.245850 99.039566 174.322433 111.975571              84319 
17.375391 178.642029 98.156693 66.708664 191.066650 98.365349 55.692707 227.762787 155.530426 99.173355 174.092850 112.185051              84328 
17.264273 178.950287 98.269852 66.707718 191.030014 98.423386 55.901371 227.745438 155.611221 99.126678 173.927979 112.192253              84337 
17.104189 179.280304 98.347946 66.695564 191.049316 98.589348 55.865742 227.839569 155.754456 99.067940 173.917694 112.430870              84346 
16.891037 179.806610 98.428757 66.707947 191.109543 98.611328 56.264084 227.913422 156.081421 99.038803 173.869003 112.414604              84355 
16.668190 180.602676 98.616333 66.681152 191.526260 98.850471 56.433121 228.615021 156.478638 98.935890 174.281082 112.824944              84364 
16.469885 181.088181 98.592628 66.596153 191.802597 98.651558 56.774178 228.781769 156.724701 98.889572 174.531570 112.504280              84373 
16.218067 181.988770 98.837799 66.485085 192.141144 99.015945 56.990738 229.343369 157.224564 98.565964 174.606461 113.030319              84382 
16.160433 182.593887 98.981728 66.490814 192.441055 99.165222 57.297379 229.808838 157.523804 98.461601 174.771652 113.261719              84391 
16.119480 182.823105 98.999847 66.480453 192.504593 99.186485 57.538292 229.835007 157.834534 98.394211 174.741684 113.294701              84400 
16.115150 182.987244 98.961983 66.487183 192.548477 99.154312 57.774769 229.820984 158.117279 98.357971 174.719376 113.276146              84409 
16.034397 183.341721 98.751358 66.424011 192.766113 98.970200 57.951305 229.974411 158.281693 98.238892 174.862076 113.123268              84419 
15.451799 184.055969 97.983559 65.897125 193.145523 98.449539 57.494297 230.509521 157.899033 97.514328 175.079895 112.838295              84428 
15.174001 184.560013 97.045464 65.593719 193.737808 97.864731 56.891350 230.952225 157.618500 97.137497 175.715164 112.466965              84437 
15.277326 185.158127 96.376137 65.681053 194.327026 97.707405 56.532913 231.365448 157.691162 97.066833 176.261780 112.594673              84446 
15.465046 185.547226 95.761581 65.864899 194.656693 97.586456 56.322525 231.458160 157.822327 97.083046 176.500748 112.713890              84455 
15.613608 185.852173 95.233337 65.985657 194.970551 97.518593 55.987980 231.549789 157.908157 97.065262 176.758301 112.862076              84464 
15.929523 186.125259 94.715187 66.298172 195.193863 97.290123 56.156315 231.449799 157.998169 97.276642 176.868347 112.703125              84473 
15.975873 186.384384 93.737595 66.327759 195.498840 96.607971 55.968945 231.233994 157.695923 97.240189 177.061722 112.020462              84482 
15.931540 186.448502 93.404556 66.294159 195.438858 96.406471 55.943279 230.966522 157.655853 97.111305 176.842133 111.818024              84491 
15.925167 186.390457 93.174171 66.267326 195.391373 96.282349 55.833202 230.734039 157.635681 97.040039 176.721771 111.694595              84500 
15.987442 186.341599 92.737511 66.289680 195.474594 95.930862 55.725513 230.491241 157.457001 97.078461 176.783630 111.285004              84509 
15.297781 186.702087 91.805885 65.724739 195.077942 95.143005 55.599331 229.800278 156.914505 96.188667 175.794144 110.411751              84518 
15.340551 186.513153 91.820473 65.738113 194.880188 95.181175 55.640427 229.521179 156.990814 96.152672 175.505920 110.433807              84527 
15.289673 186.525177 91.688873 65.705070 194.728378 94.838036 55.998192 229.231262 156.766968 96.093765 175.167816 109.903313              84536 
15.268030 186.223343 91.522011 65.668495 194.433136 94.506310 56.109226 228.620560 156.525681 96.096329 174.762711 109.347893              84545 
15.282270 185.818817 91.585678 65.661911 194.066254 94.369652 56.274826 228.123016 156.389740 96.140617 174.345337 109.038818              84554 
15.251947 185.574585 91.653259 65.576958 193.912308 94.315308 56.087505 228.105148 155.967072 96.084869 174.203339 108.939758              84563 
15.215316 185.185181 91.789978 65.477371 193.695023 94.327972 55.755051 228.102371 155.437378 96.049957 174.065979 108.924850              84572 
15.195394 185.005859 92.005104 65.445396 193.574371 94.393501 55.725281 228.132172 155.188721 96.065147 173.971024 108.925873              84581 
14.972977 184.355026 92.274300 65.204399 193.305191 94.462738 55.328037 228.258606 154.847183 96.002838 174.009644 109.029442              84590 
14.790548 183.908875 92.439102 65.058060 193.044266 94.460228 55.200462 228.115601 154.706894 95.971756 173.889847 108.968941              84599 
14.818656 183.336044 92.647362 65.047661 192.854752 94.633682 54.905415 227.983780 154.677597 96.108627 173.941650 109.144447              84608 
15.009391 182.893646 93.093231 65.226631 192.603073 94.780190 55.293362 227.732834 154.794632 96.441383 173.799561 109.102104              84618 
14.957319 182.640747 93.398338 65.199226 192.374771 94.926826 55.448368 227.485443 154.964981 96.470795 173.579102 109.134659              84626 
15.053341 182.445648 93.915070 65.322189 192.119598 95.259163 55.862614 227.210907 155.361603 96.625809 173.277359 109.334099              84636 
15.673858 182.607513 95.074333 65.987381 192.088333 96.245270 56.829548 227.581589 156.167847 97.247345 173.202881 110.359283              84644 
15.791322 182.591232 95.432571 66.126244 192.117645 96.582581 56.961189 227.738007 156.448746 97.404945 173.293045 110.736313              84654 
16.347687 182.592560 96.593895 66.647041 192.404572 97.977844 56.982025 228.130524 157.697983 97.961906 173.796509 112.336487              84663 
16.170464 182.655090 96.602547 66.585358 192.400528 97.920715 57.044628 228.111771 157.680191 97.925514 173.788345 112.218674              84672 
15.756684 182.978424 96.534653 66.378578 192.455597 97.692802 57.196571 228.211914 157.527756 97.716675 173.760849 111.887215              84681 
15.573232 183.267944 96.553329 66.402473 192.522400 97.739670 57.328835 228.403259 157.624435 97.699501 173.805649 111.995552              84690 
15.625129 183.544846 96.862099 66.544357 192.765381 97.805557 57.786934 228.840393 157.758209 97.907166 174.120834 112.011398              84699 
15.603082 183.763016 96.987144 66.592026 192.862839 97.838745 58.065361 228.965286 157.932495 97.944870 174.179214 112.015236              84708 
15.580748 183.826874 96.982048 66.582298 192.896072 97.801323 58.177582 228.968384 158.050247 97.931480 174.198593 111.967621              84717 
15.497982 184.027344 96.928963 66.515007 193.047287 97.670593 58.346096 229.115356 158.152756 97.859985 174.333176 111.824211              84726 
15.300639 184.486588 96.821846 66.346115 193.325943 97.431244 58.621025 229.399231 158.214279 97.642479 174.498474 111.542046              84735 
15.254895 184.759048 96.555786 66.284630 193.520767 97.109406 58.868317 229.509338 158.212463 97.534302 174.597824 111.195969              84744 
15.130391 185.217346 96.383438 66.105621 193.877213 96.955307 58.982960 229.844360 158.380783 97.252563 174.826401 111.096916              84754 
15.156631 185.698349 95.935196 66.053558 194.198944 96.752258 59.016983 230.153152 158.441010 96.987076 174.942276 111.082245              84762 
15.219675 185.778809 95.625832 65.960884 194.384552 96.615814 58.963135 230.291916 158.579926 96.775307 175.043976 111.088699              84772 
15.380813 185.857971 95.130798 65.909668 194.637512 96.204880 58.991531 230.415649 158.418594 96.637352 175.194427 110.724754              84780 
15.404718 186.204620 94.197342 65.751518 194.928085 95.615128 58.774399 230.513687 158.084229 96.219048 175.201797 110.300278              84789 
15.663600 186.370773 93.719803 65.830765 195.329865 95.367455 58.625591 230.800110 157.999344 96.214279 175.578217 110.191940              84798 
15.915081 186.371414 93.525253 65.931534 195.624588 95.421082 58.346722 231.026215 158.118713 96.281853 175.943329 110.406303              84807 
16.395355 186.635452 93.523026 66.263184 196.231705 95.868484 57.952560 231.714722 158.479996 96.546722 176.711945 111.196144              84816 
16.342649 186.573318 93.410210 66.187042 196.195847 95.789223 57.895901 231.697830 158.474701 96.449013 176.680359 111.164818              84825 
16.320282 186.674545 93.320885 66.158699 196.229340 95.804695 57.864483 231.715988 158.572311 96.344528 176.650345 111.249092              84834 
16.633757 186.549072 93.339569 66.401237 196.387314 96.041336 57.669571 231.871826 158.791031 96.619095 176.983719 111.643646              84844 
16.615034 186.360504 93.236259 66.369949 196.325623 95.954437 57.589668 231.723511 158.791885 96.632523 176.984344 111.547455              84852 
16.642975 186.026733 93.148270 66.387955 196.138214 95.824402 57.616299 231.296844 158.817352 96.732880 176.838943 111.309059              84861 
16.528605 185.649963 93.277145 66.269844 195.859238 95.846817 57.605408 230.880707 158.948318 96.692085 176.593445 111.221046              84871 
16.391813 185.277069 93.393402 66.125984 195.597763 95.845200 57.549465 230.553955 159.002228 96.630363 176.391876 111.131401              84880 
16.189207 184.977417 93.629097 65.966888 195.371933 95.945045 57.492126 230.384048 159.089218 96.549385 176.245956 111.175240              84889 
15.967711 184.684631 93.790062 65.857620 195.134323 95.943459 57.501053 230.183578 159.085602 96.545647 176.111115 111.089874              84898 
15.874403 184.304871 94.034294 65.859238 194.890579 96.037453 57.559425 229.938477 159.179169 96.679214 176.007813 111.091393              84907 
15.663373 183.281097 95.077576 65.736656 194.194351 96.546494 57.748852 229.548233 159.526596 96.866341 175.663986 111.399734              84916 
15.877423 182.474991 96.212006 65.993988 193.594482 97.280350 58.173187 229.356674 159.941635 97.327522 175.335175 112.040352              84925 
15.848415 181.907562 97.120552 65.963730 193.228851 97.607262 58.530628 229.143433 160.067200 97.557907 175.171112 112.056381              84934 
16.180542 181.501633 98.198982 66.249702 193.251373 98.441048 58.604252 229.457733 160.580109 98.089554 175.607224 112.861832              84943 
16.385290 181.268967 98.696281 66.466835 193.278473 98.840126 58.583210 229.646988 160.756332 98.472031 175.937439 113.262566              84952 
16.516758 180.945908 98.967575 66.583267 193.231033 98.931839 58.596767 229.707718 160.732300 98.771606 176.181305 113.293884              84961 
16.715946 180.770737 99.194130 66.773964 193.406219 98.769890 58.890190 229.944397 160.546249 99.238647 176.711929 112.926010              84970 
16.923136 180.768921 99.535507 66.982239 193.547119 99.041664 58.999996 230.214127 160.730240 99.533958 177.034576 113.211082              84979 
16.825010 180.957245 99.597023 66.943031 193.567963 99.157471 58.983021 230.353012 160.793869 99.435936 177.003159 113.400711              84988 
16.780748 181.143112 99.620728 66.941978 193.598801 99.159317 59.109310 230.394928 160.822083 99.402733 176.959259 113.388718              84997 
16.676231 181.485580 99.597969 66.896309 193.687057 99.127350 59.308239 230.557999 160.881821 99.273903 176.911575 113.386589              85006 
16.224798 182.300217 99.425209 66.568939 193.927719 99.124794 59.231560 230.997726 160.901550 98.697594 176.826935 113.559586              85015 
16.095291 182.817047 99.275406 66.492004 194.017471 99.082962 59.375259 231.221848 160.898834 98.433174 176.666672 113.635017              85025 
16.051533 183.036438 99.181053 66.441956 194.026306 99.038010 59.466587 231.280548 160.917557 98.282822 176.539444 113.646912              85033 
15.821769 183.618576 98.786575 66.245590 194.073151 98.802704 59.544949 231.502396 160.715668 97.819748 176.244400 113.576302              85042 
15.831358 183.922714 98.511719 66.144516 194.154785 98.671959 59.574821 231.654251 160.658005 97.526451 176.099197 113.579018              85051 
15.932703 184.312134 98.130760 66.062881 194.373718 98.465683 59.576904 231.931961 160.504807 97.225777 176.067459 113.525726              85060 
16.127859 184.870178 97.648216 66.105255 194.621445 98.073326 59.951015 232.196686 160.271301 97.020691 175.973831 113.224342              85069 
16.203815 185.114594 97.315598 65.995522 194.834488 97.964188 59.759270 232.392853 160.254684 96.734329 176.028702 113.278191              85079 
16.013447 185.341797 96.483749 65.581474 195.563065 97.328575 58.939377 232.785919 159.872772 96.387550 176.900757 112.682861              85088 
15.869423 185.270660 95.955688 65.354408 195.520920 97.043320 58.533657 232.489975 159.756653 96.057991 176.740829 112.459175              85096 
16.039467 184.994934 95.726067 65.371101 195.628891 96.812477 58.377373 232.380875 159.655853 96.182587 176.978821 112.170815              85105 
16.212614 184.814392 95.668938 65.424072 195.646561 96.790291 58.323902 232.321136 159.671539 96.250824 177.027786 112.155960              85115 
16.320543 184.678955 95.492378 65.450020 195.755173 96.695419 58.133808 232.226868 159.675034 96.333122 177.218201 112.046822              85123 
16.300327 184.588333 95.378792 65.418068 195.711990 96.648956 58.016212 232.087234 159.677643 96.297882 177.173920 112.005653              85132 
16.273941 184.497726 95.365959 65.407135 195.615311 96.650627 58.006874 231.983658 159.686646 96.278854 177.067307 112.011581              85142 
16.460926 184.266541 95.449730 65.558769 195.586563 96.698456 58.077885 231.852783 159.784790 96.521225 177.147049 112.007324              85151 
16.579792 184.094498 95.523094 65.698196 195.439407 96.695496 58.298737 231.671478 159.809860 96.700378 177.015839 111.943031              85160 
16.770752 183.793228 95.659775 65.912575 195.444595 96.869247 58.210121 231.662567 159.949356 97.043167 177.262680 112.145195              85169 
17.023098 183.450684 95.828835 66.211617 195.393341 96.987312 58.327141 231.513046 160.086044 97.506371 177.441895 112.200287              85178 
16.937820 183.101730 96.009651 66.251747 195.181503 97.082603 58.272476 231.347992 160.128860 97.682121 177.438324 112.260284              85187 
16.578608 182.400864 96.456078 66.005562 194.574448 96.859978 58.737938 230.655014 160.020554 97.728256 176.962936 111.575806              85196 
16.360048 181.909424 96.906563 65.874336 194.023911 96.951080 59.010738 230.229752 160.060226 97.709282 176.457687 111.477440              85205 
16.263828 181.680099 97.402061 65.837013 193.643768 97.254692 59.224442 230.089920 160.219543 97.678207 176.056198 111.741463              85214 
16.447359 181.073730 97.817970 65.958176 193.349594 97.314323 59.467911 229.951614 160.164474 98.016525 176.030411 111.644684              85223 
16.326601 181.142532 97.927658 65.884819 193.268356 97.358917 59.521553 230.028473 160.112350 97.912186 175.901001 111.700241              85232 
16.249210 181.170303 98.051537 65.814575 193.313705 97.432831 59.431221 230.274689 160.063782 97.862503 176.024261 111.822273              85241 
16.469175 182.018509 99.148361 66.004028 194.437210 98.742874 58.846268 232.492752 160.650009 98.040581 177.636429 113.724327              85268 
16.458952 182.076050 99.223679 66.036171 194.389999 98.832031 58.907879 232.577881 160.671417 98.034897 177.566620 113.868866              85277 
16.441095 182.142700 99.302948 66.056183 194.307175 98.912354 59.030090 232.573166 160.733658 98.002144 177.407608 113.975922              85286 
16.399431 182.184280 99.334282 66.039764 194.222672 98.874535 59.200905 232.510513 160.721359 97.962837 177.244781 113.898499              85296 
16.274338 182.270416 99.246033 65.963722 194.101669 98.789543 59.281670 232.442490 160.649338 97.813011 177.001511 113.831421              85305 
16.196165 182.322586 99.173355 65.901619 194.002853 98.720123 59.350132 232.384842 160.598511 97.690208 176.803146 113.776917              85314 
16.227354 182.378036 99.108650 65.875946 193.989624 98.663605 59.424957 232.375732 160.569489 97.609322 176.694595 113.727654              85322 
16.353537 182.440781 98.969444 65.885818 193.994141 98.434814 59.698124 232.348846 160.403534 97.570793 176.552948 113.432083              85331 
16.485546 182.593765 98.936409 65.869598 194.083054 98.392189 59.863071 232.450653 160.388000 97.458069 176.472717 113.395370              85341 
16.613630 182.743881 98.822289 65.838585 194.150620 98.418510 59.862934 232.573578 160.401428 97.258408 176.341232 113.540375              85349 
16.593210 183.019577 98.411583 65.685951 194.258438 98.218941 59.756302 232.632584 160.266357 96.883850 176.162674 113.459846              85358 
16.578882 183.345901 98.006424 65.573586 194.395538 98.125847 59.542969 232.787628 160.183701 96.517960 176.041199 113.572998              85368 
16.761869 183.778351 97.778824 65.651100 194.612274 98.316154 59.386185 233.140228 160.290329 96.278397 176.000320 114.083672              85377 
16.778954 184.195877 97.251656 65.570396 194.887955 98.173531 59.100494 233.301697 160.223038 95.935890 176.016663 114.137917              85386 
16.865158 184.578293 96.432350 65.515144 195.264236 97.461891 59.154396 233.193726 159.847504 95.771721 176.122314 113.310448              85395 
17.191807 184.764648 95.609085 65.639809 195.966904 96.920670 58.701561 233.505447 159.542725 95.959167 176.974960 112.829590              85404 
17.217325 184.724976 95.162636 65.594757 195.933380 96.495750 58.797390 233.143402 159.380219 95.869255 176.780167 112.296387              85413 
17.004118 184.837326 94.844917 65.383202 195.952576 96.221436 58.710239 233.031052 159.254776 95.588646 176.670807 111.997849              85422 
16.998512 184.711685 94.635246 65.332291 195.916397 96.014877 58.666576 232.824677 159.169662 95.554527 176.613327 111.732971              85431 
16.913908 184.564774 94.389648 65.229721 195.829468 95.810226 58.512123 232.577759 159.061615 95.464478 176.516769 111.492386              85440 
16.811827 184.467468 94.209846 65.136528 195.718781 95.618484 58.499588 232.257416 159.001877 95.378891 176.340683 111.205002              85449 
16.662424 184.305908 93.974770 65.016457 195.571320 95.267433 58.592709 231.806747 158.848709 95.321243 176.130875 110.653793              85458 
16.442804 184.082657 93.937096 64.836945 195.444168 95.025597 58.622974 231.589554 158.682449 95.260246 176.059280 110.247284              85467 
16.290695 184.118286 93.985916 64.788483 195.411667 95.046425 58.647305 231.524216 158.730865 95.220276 176.008774 110.228142              85476 
16.303455 183.944000 94.241493 64.860962 195.276550 95.177856 58.837078 231.344528 158.899826 95.369965 175.918152 110.261078              85485 
16.255178 183.773834 94.401993 64.857307 195.160797 95.218971 58.923145 231.176437 158.976639 95.449059 175.857880 110.205383              85494 
16.175135 183.545227 94.552948 64.796562 195.048294 95.183556 58.983765 230.967300 158.996902 95.522011 175.838898 110.015854              85503 
16.252655 183.242096 94.650459 64.841446 194.921463 95.151314 59.063171 230.725113 159.020889 95.690033 175.814880 109.860298              85512 
16.236046 183.227417 94.736359 64.843994 194.910294 95.157745 59.114262 230.708908 159.027557 95.738258 175.838745 109.816246              85522 
16.209059 183.376251 94.833908 64.879837 194.913345 95.190460 59.255062 230.734390 159.050156 95.767838 175.805176 109.814415              85530 
16.074640 183.506134 94.877365 64.870789 194.901566 95.194809 59.279621 230.732559 159.049667 95.779137 175.806625 109.793030              85539 
16.152870 183.423950 95.115814 65.002533 194.861786 95.205856 59.575783 230.825653 159.006958 96.028252 175.891434 109.717278              85548 
16.151312 183.871353 95.556061 65.156403 194.893021 95.672623 59.854279 231.361496 159.220901 96.023964 175.822937 110.389168              85557 
16.296947 183.889496 96.041916 65.330772 194.827362 96.201096 59.949654 231.662735 159.532761 96.139435 175.795685 111.089745              85566 
16.486824 183.721130 96.494682 65.544846 194.552032 96.603912 60.215271 231.807312 159.695969 96.305534 175.549545 111.628456              85575 
16.701492 183.588486 97.000282 65.767654 194.373138 96.999962 60.582436 231.794876 160.007004 96.533562 175.376541 112.021240              85585 
17.133074 182.656479 98.399902 65.809555 194.807770 98.163315 59.918575 232.623337 160.903168 97.065826 176.682144 113.248344              85657 
17.430708 182.386688 98.523071 66.054245 194.742661 98.256660 60.092453 232.456772 161.055023 97.390587 176.710281 113.287224              85666 
17.594904 182.188370 98.551315 66.218102 194.568268 98.340042 60.228188 232.129791 161.230087 97.550072 176.502502 113.339584              85678 
17.480949 181.834442 98.343155 66.077728 194.327576 98.118202 60.088741 231.613144 161.165833 97.470612 176.266647 112.995705              85684 
17.609013 181.501450 98.253807 66.137314 194.284943 97.988052 59.937374 231.478760 160.985550 97.652725 176.382660 112.798096              85693 
17.626163 180.910675 97.736038 66.078850 194.023453 97.501068 59.574802 230.853256 160.547363 97.728294 176.245239 112.174118              85702 
17.608013 180.509537 97.478355 65.994698 193.888535 97.249443 58.960064 230.508530 159.889435 97.761658 176.210037 111.788406              85711 
17.569992 180.249268 96.755836 65.888374 193.871811 96.590088 57.886917 230.390350 158.251465 97.746910 176.280563 111.034203              85720 
17.875357 179.546127 96.195114 66.079437 193.566727 96.442047 56.673470 229.360291 157.292648 98.024620 176.026657 110.756439              85729 
18.153439 179.187180 95.950447 66.245148 193.596466 96.437881 54.438515 229.026306 154.823730 98.307610 176.189041 110.651619              85739 
18.085312 179.233627 95.461639 66.186028 193.717514 96.334312 53.721329 228.822205 154.415543 98.221031 176.284393 110.578445              85747 
18.255953 180.319916 94.080093 66.608589 194.447296 95.266014 54.138664 228.287491 154.002533 98.593643 176.591187 109.092323              85756 
17.835974 181.850266 93.015076 66.644592 195.183060 94.842896 52.339680 227.442337 153.110321 98.373573 176.784988 108.548141              85765 
18.719788 183.214569 92.152725 67.845375 196.404312 94.644218 49.441311 226.573212 150.825760 99.558624 178.003387 108.382004              85774 
19.066511 184.138031 90.864319 68.696114 196.613358 93.637604 44.943466 222.688507 146.330109 100.384720 177.720001 106.749573              85783 
19.929770 184.167496 89.860115 69.720810 197.095535 92.430122 41.419765 218.589203 141.931000 101.909401 178.373016 104.530235              85792 
19.694504 184.277054 88.427956 69.555458 197.612198 91.038025 36.391472 214.520370 131.720428 102.066643 179.062149 102.525810              85801 
20.070404 187.355728 86.808891 70.518448 199.003052 87.768806 34.621052 211.233673 122.621590 102.868904 179.157928 97.395332              85811 
21.453484 191.200226 85.264061 72.398933 200.646286 84.903519 34.043224 210.500732 114.237442 104.080162 179.587830 94.171318              85820 
22.494564 195.877426 83.329712 73.693954 203.851074 83.469971 32.138824 210.994461 106.579597 104.593872 182.319122 94.176071              85828 
22.998529 200.382004 80.548889 74.480499 206.344254 80.058281 31.821444 211.797699 98.199280 104.619957 183.959869 91.175972              85838 
22.406696 203.933395 77.443733 74.063965 208.288116 77.198181 31.054070 212.792557 91.532799 103.424957 185.288864 89.115250              85847 
21.369280 207.232101 73.715065 73.115364 210.506439 73.298988 29.931265 214.192703 85.196915 102.015579 187.346481 86.005066              85856 
19.847355 211.432159 69.441109 71.687508 212.316208 68.506973 28.543297 216.311615 79.188591 99.620621 188.036621 81.285614              85865 
18.731096 214.348740 64.969566 70.577980 214.169357 63.670547 27.418863 217.855316 73.530403 98.114151 189.607849 76.767975              85874 
17.387926 216.433640 59.242943 69.249550 216.775696 58.261883 25.873878 219.158737 67.100822 96.961411 192.765625 71.995766              85883 
17.368473 217.928604 55.859406 69.264244 217.999420 54.475567 25.839710 219.796814 63.188011 96.956963 193.807297 67.925682              85892 
17.114344 219.310349 50.977623 69.048950 218.601959 49.661762 25.494837 220.078339 57.958508 96.354309 193.871674 62.923786              85901 
15.107253 221.296844 44.239159 67.095459 220.493011 43.823261 23.295240 221.063019 50.874023 94.123024 195.786728 57.685467              85910 
14.062669 222.046432 38.267700 66.092491 221.798874 38.630486 22.046576 220.487015 44.442307 93.172020 197.325027 52.800213              85919 
11.952215 222.828644 31.602032 64.004021 223.343338 32.706455 19.873972 220.083939 37.274521 91.241684 199.327820 47.349392              85928 
7.911538 224.857651 21.619123 59.914902 224.579498 25.084488 15.680761 221.006912 27.130426 86.093170 200.285309 41.132584              85937 
5.960742 226.142731 14.296004 57.952271 225.771378 18.880554 13.795403 221.200989 19.449230 83.760994 201.446930 35.472164              85946 
4.142345 227.423721 6.779416 56.091377 226.956360 12.669122 11.990564 221.429382 11.672143 81.475235 202.581924 29.832973              85955 
1.212339 228.348648 -1.878526 53.161846 228.637222 4.915619 9.281073 221.483658 2.780287 78.603561 204.862396 22.818905              85964 
-1.373051 229.524902 -9.729909 50.661575 229.288437 -2.311671 6.958721 221.599503 -5.304333 75.659752 205.605392 16.323132              85973 
-3.593501 230.886765 -18.219379 48.453926 230.649597 -9.711293 5.046776 221.825684 -14.254628 73.228241 206.712967 8.898430              85983 
-5.447000 232.077011 -25.400654 46.655930 231.317307 -16.450922 3.397630 221.969147 -21.897602 71.133904 207.058273 2.133455              85991 
-7.997876 232.721146 -34.870102 43.782616 232.239380 -23.525463 1.207396 221.092285 -31.941719 67.713989 207.817520 -4.448956              86000 
-10.630204 232.544205 -43.115231 40.989628 232.293335 -30.581503 -1.121235 219.926132 -40.651321 64.731804 207.835800 -11.315233              86009 
-13.011900 232.007050 -51.512562 38.481228 232.710693 -38.144901 -3.172295 218.857101 -49.192642 62.351715 208.832748 -18.318296              86019 
-15.769841 231.617935 -60.623547 35.395451 233.597580 -45.509266 -5.214930 217.992935 -58.652809 59.381393 210.122162 -25.344196              86027 
-18.285545 230.447845 -69.030449 32.452618 232.979950 -51.755604 -6.998530 216.265564 -67.564835 56.248165 209.404892 -31.481501              86037 
-20.430294 228.583801 -77.150818 29.870874 232.062881 -57.996773 -8.360511 214.168945 -75.837982 53.664700 208.763992 -37.403893              86045 
-22.467731 227.049576 -85.657570 27.210014 231.397690 -64.443230 -9.693990 212.496506 -84.256706 50.825195 208.419434 -43.292011              86055 
-26.727146 227.235703 -95.143738 24.071932 230.939758 -72.006241 -12.192165 211.656448 -92.823265 47.419987 208.044098 -50.472370              86064 
-29.041828 226.727600 -102.051086 22.360571 230.043671 -77.125977 -13.018213 210.560654 -99.402206 45.721817 206.949188 -55.819927              86073 
-31.139801 225.801468 -109.146881 21.679230 230.406876 -83.611610 -13.024667 209.269943 -105.574516 45.863644 208.448410 -62.024792              86082 
-33.763111 224.687775 -116.916077 19.571497 229.181976 -89.848099 -14.539381 207.551849 -112.370651 43.466087 207.546173 -67.622192              86091 
-37.053581 224.326508 -125.283089 16.175646 228.510193 -96.414909 -17.306711 206.668060 -119.760536 39.400940 207.012512 -73.360924              86100 
-38.954796 223.411453 -132.046219 14.206230 227.599792 -102.037079 -18.615419 205.523361 -126.172928 37.301472 206.148865 -78.809547              86109 
-40.843597 222.652771 -137.645950 12.383760 226.681656 -107.055428 -20.097473 204.531479 -131.651901 35.437180 205.187012 -83.826752              86118 
-42.432549 221.654785 -144.290817 10.497416 225.345520 -112.622978 -21.477783 203.290146 -138.019989 33.205406 203.686554 -89.207436              86127 
-44.104836 220.195450 -150.801483 8.041740 224.375702 -117.593948 -22.865215 201.950287 -144.025681 30.437941 202.909378 -93.705505              86136 
-45.503544 219.038864 -155.735748 6.479535 223.761169 -122.103477 -23.941338 200.921707 -148.793396 28.979628 202.558044 -98.077988              86145 
-48.042076 217.475067 -160.558945 4.243126 223.439636 -127.385559 -26.040178 199.657074 -153.446136 27.235533 202.986115 -103.177025              86154 
-48.901310 217.672806 -166.440689 2.760258 223.246216 -132.094513 -27.028202 199.645584 -158.921463 25.158810 202.605286 -107.491508              86163 
-51.405411 217.892273 -168.857178 0.976167 222.416245 -135.306992 -29.841576 199.258072 -161.385483 23.158190 201.491608 -110.747505              86172 
-52.697357 218.035690 -170.488037 0.271528 222.267975 -137.700089 -31.422112 199.028534 -162.669586 22.255424 201.588058 -112.758141              86181 
-52.388725 218.770950 -179.989685 -1.539789 220.410385 -143.592957 -31.225302 199.232330 -172.617905 19.237881 197.724731 -119.371063              86190 
-52.618114 218.380157 -187.104172 -3.207025 218.821671 -148.581406 -31.193111 198.806519 -180.082199 17.200903 195.151520 -124.995575              86199 
-53.448643 219.418640 -192.440002 -4.844440 218.712509 -152.459412 -31.953308 199.315521 -185.139755 14.947214 194.599503 -128.797134              86208 
-54.192856 220.885117 -197.506470 -5.970968 217.462006 -156.372543 -32.090923 199.521210 -190.548752 13.207080 192.343460 -133.257355              86217 
-55.763405 223.879303 -202.274567 -6.997317 218.476181 -161.489197 -32.652855 200.733429 -195.362228 11.016554 193.054977 -137.776062              86226 
-57.789623 227.404022 -208.881180 -10.164992 219.549759 -166.829407 -31.238621 201.989151 -202.214813 6.117774 193.389862 -142.671951              86235 
-58.774117 231.170013 -211.525070 -11.498012 219.432220 -169.737854 -28.864904 203.492279 -206.877396 3.879105 191.570831 -146.926941              86244 
-58.565769 233.490128 -211.789383 -11.708183 219.279221 -170.101624 -28.272165 204.573578 -207.843887 2.897209 190.445801 -148.002594              86254 
-58.472111 234.304611 -211.903183 -11.742605 219.227783 -170.216492 -28.171692 204.944870 -208.130417 2.598557 190.107712 -148.321228              86262 
-57.967163 235.765167 -211.507202 -11.440359 219.271805 -169.985306 -28.227232 205.508453 -207.912628 2.261799 189.741806 -148.230270              86272 
-57.680916 236.579803 -210.658783 -11.302266 218.798477 -169.391159 -28.507429 205.544373 -207.301254 1.849543 188.895905 -147.806061              86280 
-57.422546 237.255325 -209.973358 -11.189207 218.410965 -168.904739 -28.734802 205.584564 -206.798141 1.502912 188.216553 -147.451111              86290 
-54.359070 239.154556 -207.090866 -9.018845 217.608566 -166.263718 -28.406178 205.204605 -203.407898 1.510148 187.121841 -144.065735              86299 
-54.914757 240.340164 -204.228867 -8.549166 217.313843 -165.320419 -30.125149 205.497543 -201.486526 1.870506 186.604477 -143.379242              86308 
-51.281967 223.818176 -195.572296 -8.265550 219.065277 -163.833527 -31.360397 205.604904 -198.522247 4.524901 189.367447 -141.754272              86317 
-48.857159 215.413528 -191.364716 -8.109666 219.853027 -163.374039 -31.887945 205.112610 -197.129456 6.160397 191.000183 -141.082123              86326 
-47.932102 211.991959 -189.515854 -8.232060 220.492737 -163.189514 -32.224472 204.898834 -196.463943 7.078779 192.244827 -140.813522              86335 
-48.393135 209.716293 -189.249786 -9.520359 221.861023 -163.984283 -33.121502 204.898209 -196.951538 7.998532 194.638367 -141.960068              86344 
-47.756779 207.784973 -190.586273 -9.569910 221.954041 -165.737747 -32.972839 203.574081 -198.223389 8.082442 195.867661 -142.479507              86353 
-44.258480 206.000824 -194.397797 -7.866145 222.534882 -168.866180 -29.926405 202.082626 -201.262817 8.688807 198.255951 -142.991135              86362 
-42.091633 204.697693 -196.534744 -6.859293 222.711395 -170.866287 -28.197414 200.988876 -203.072800 8.772744 199.696625 -143.316162              86371 
-43.416370 200.868469 -197.438522 -8.500346 221.583008 -173.891205 -29.985065 196.762436 -203.771530 6.716845 201.678406 -143.803085              86380 
-44.025955 198.525787 -198.224030 -9.395139 219.804764 -175.378418 -31.116385 194.374069 -204.577011 4.683040 201.128464 -143.976959              86389 
-44.333241 197.009674 -198.464432 -9.953370 218.695389 -176.306229 -32.093964 194.109909 -205.350342 3.432071 200.833084 -144.137634              86416 
-44.281734 196.741379 -198.329605 -10.027350 218.548355 -176.429199 -32.255058 194.392334 -205.530594 3.267532 200.796371 -144.162125              86425 
-44.436417 195.935196 -197.268127 -10.105863 217.771317 -176.305786 -32.822826 194.281616 -205.210190 2.925107 200.371506 -143.740601              86434 
-44.666077 195.313843 -196.319748 -10.199323 217.102554 -176.207642 -33.447475 194.577820 -205.048111 2.642311 200.000656 -143.410263              86443 
-44.794018 194.936218 -195.707581 -10.256839 216.690994 -176.147247 -33.931011 195.119507 -205.051529 2.474745 199.777222 -143.209702              86452 
-44.956738 193.992935 -194.461136 -9.924549 215.389984 -175.682297 -34.390179 194.597610 -204.290482 2.554596 198.863586 -142.452805              86461 
-45.065422 193.389786 -193.648804 -9.707944 214.541916 -175.379227 -34.680462 194.397751 -203.858627 2.621101 198.278168 -141.964615              86470 
-45.127899 193.052521 -193.189270 -9.585049 214.060745 -175.207260 -34.935806 194.586273 -203.698227 2.664050 197.949265 -141.689651              86480 
-45.286446 192.565979 -192.486206 -9.551250 213.478561 -174.851685 -35.167725 194.364014 -203.256409 2.693989 197.559372 -141.240906              86489 
-45.394150 192.212280 -191.965561 -9.526829 213.057922 -174.594772 -35.281040 194.223755 -202.966599 2.718248 197.278214 -140.918213              86497 
-45.440609 192.363800 -192.031143 -9.563083 213.004684 -174.505112 -35.279091 194.748718 -203.187820 2.637316 196.906433 -140.963394              86506 
-45.465092 192.459763 -192.061737 -9.587015 212.969543 -174.445938 -35.277031 195.218155 -203.375519 2.583512 196.661591 -140.994781              86515 
-45.483124 192.537003 -192.082291 -9.606586 212.940811 -174.397537 -35.785984 196.608948 -203.575836 2.539289 196.461731 -141.021378              86525 
-45.497089 192.601547 -192.096756 -9.623149 212.916489 -174.356583 -36.231865 197.866745 -203.737305 2.501708 196.292847 -141.044525              86533 
-45.508583 192.658951 -192.107346 -9.638073 212.894577 -174.319672 -36.560272 198.846222 -203.844162 2.467723 196.140884 -141.065887              86543 
-45.517548 192.707596 -192.114441 -9.650890 212.875763 -174.287979 -36.729919 199.483902 -203.918579 2.438446 196.010544 -141.084625              86552 
-45.504139 192.787674 -191.904587 -9.576849 212.744186 -174.005737 -36.738960 199.887466 -203.752533 2.451111 195.665665 -140.889221              86561 
-45.494411 192.857681 -191.733963 -9.515351 212.634903 -173.771301 -36.774643 200.259674 -203.601501 2.460650 195.379807 -140.727570              86570 
-45.540695 193.015259 -191.462524 -9.456156 212.608109 -173.530838 -36.851360 200.655975 -203.368484 2.552642 195.180435 -140.589737              86579 
-45.574669 193.136429 -191.249756 -9.410399 212.587402 -173.344971 -36.885159 200.994797 -203.195282 2.622766 195.026398 -140.483673              86588 
-45.666851 193.351105 -190.805038 -9.390823 212.612198 -172.940277 -36.891239 201.438477 -202.813660 2.653499 194.904022 -140.162155              86597 
-45.656044 193.499969 -190.798401 -9.371206 212.591309 -172.780319 -36.764797 201.853104 -202.799805 2.620271 194.647614 -140.111084              86606 
-45.875572 193.628326 -190.736481 -9.794679 212.758224 -172.363358 -36.803440 202.450287 -202.683075 2.319116 194.396729 -139.972595              86615 
-46.047138 193.732376 -190.682358 -10.123036 212.887665 -172.040054 -36.456188 202.847412 -202.703873 2.092632 194.207062 -139.870758              86624 
-47.487240 194.125397 -190.096436 -11.266310 212.861053 -171.612091 -37.312267 203.415878 -202.319397 1.500488 193.423004 -140.112534              86633 
-48.273045 194.298721 -189.336731 -11.710121 212.602432 -171.103638 -37.440571 203.456635 -201.829056 1.245255 192.809433 -139.903534              86642 
-48.746918 194.405975 -188.871048 -11.979928 212.445221 -170.794525 -37.348953 203.352386 -201.586990 1.085148 192.435638 -139.778870              86651 
-49.048748 194.475159 -188.569977 -12.153014 212.344360 -170.596222 -36.990532 203.104935 -201.511993 0.980443 192.195572 -139.699799              86660 
-49.251221 194.521790 -188.365189 -12.269896 212.276245 -170.462326 -36.779510 202.939499 -201.454742 0.908851 192.033356 -139.646790              86669 
-49.406792 194.557678 -188.205688 -12.360272 212.223587 -170.358780 -36.560276 202.796936 -201.414169 0.853001 191.907883 -139.606018              86678 
-49.556076 194.544189 -188.125412 -12.427055 212.107346 -170.357285 -36.462795 202.639359 -201.426346 0.800034 191.745270 -139.641144              86687 
-49.647907 194.628250 -187.931091 -12.381843 212.026505 -170.296387 -36.445049 202.590042 -201.308701 0.816668 191.650253 -139.577377              86696 
-49.726173 194.701553 -187.762070 -12.342667 211.956467 -170.243637 -36.455528 202.558517 -201.200668 0.831154 191.568192 -139.521988              86705 
-49.789917 194.762512 -187.621307 -12.310203 211.898438 -170.199921 -36.438957 202.528412 -201.116531 0.843214 191.500366 -139.476028              86714 
-49.844131 194.815323 -187.498993 -12.282136 211.848251 -170.162109 -36.419029 202.497726 -201.042953 0.853683 191.441879 -139.436218              86723 
-49.868481 194.858673 -187.472488 -12.276722 211.846786 -170.163986 -36.361214 202.499176 -201.042984 0.862043 191.415939 -139.455612              86732 
-49.889175 194.896027 -187.449158 -12.272039 211.845535 -170.165588 -36.234528 202.479004 -201.057785 0.869217 191.393509 -139.472382              86741 
-49.909248 194.932449 -187.426300 -12.267472 211.844299 -170.167160 -36.143131 202.463562 -201.061157 0.876168 191.371613 -139.488754              86751 
-50.469952 196.475494 -186.341751 -11.996929 212.718948 -170.325623 -36.704700 203.626068 -200.473679 1.884495 191.886124 -140.219986              86759 
-50.887962 197.564194 -185.338913 -11.773251 213.449142 -170.574219 -36.862720 204.029373 -200.030228 2.949258 192.395111 -141.027191              86768 
-51.122391 198.242935 -184.714447 -11.634968 213.900558 -170.727905 -36.749443 204.069382 -199.811066 3.593476 192.698410 -141.545471              86777 
-51.261951 198.678680 -184.313400 -11.546552 214.189194 -170.826157 -36.524670 203.936172 -199.704483 3.999174 192.887939 -141.884201              86787 
-51.346741 198.958344 -184.055542 -11.489905 214.374115 -170.889114 -36.392784 203.857834 -199.646652 4.256412 193.007599 -142.104111              86796 
-51.412247 199.184036 -183.846832 -11.444214 214.523270 -170.939896 -36.252693 203.757172 -199.605194 4.462320 193.103134 -142.283127              86805 
-51.457993 199.347641 -183.695038 -11.411088 214.631409 -170.976715 -36.145130 203.672043 -199.578003 4.610695 193.171860 -142.413788              86814 
-51.494087 199.481079 -183.570709 -11.384053 214.719666 -171.006760 -35.935932 203.473343 -199.575760 4.731218 193.227615 -142.520966              86823 
-51.523876 199.594604 -183.464462 -11.361030 214.794830 -171.032349 -35.694012 203.222321 -199.586197 4.833445 193.274857 -142.612625              86832 
-51.548016 199.689316 -183.375366 -11.341796 214.857620 -171.053726 -35.453468 202.972931 -199.603165 4.918555 193.314163 -142.689453              86841 
-51.602043 199.821732 -183.245697 -11.341917 214.941544 -171.049667 -35.268326 202.779831 -199.582779 4.996482 193.353470 -142.764282              86850 
-51.779449 200.201294 -182.810425 -11.389467 215.174973 -170.874802 -35.158447 202.725540 -199.333710 5.087425 193.475967 -142.755127              86859 
-51.937542 200.531784 -182.404770 -11.434694 215.387314 -170.715210 -34.953587 202.531158 -199.123428 5.180678 193.592499 -142.751556              86868 
-52.051884 200.774567 -182.106262 -11.467909 215.543259 -170.598007 -34.590988 202.175186 -198.990677 5.247883 193.677567 -142.749771              86877 
-52.150890 201.074738 -181.842102 -11.465993 215.700958 -170.518326 -34.476372 202.114014 -198.872116 5.311918 193.754730 -142.770981              86886 
-52.358391 201.899277 -181.957748 -11.545212 216.227509 -170.723633 -34.237103 202.043427 -198.988739 4.833081 194.598511 -142.492630              86895 
-52.517593 202.611481 -182.082123 -11.601581 216.709671 -170.940231 -33.992294 201.905457 -199.085464 4.420615 195.442017 -142.234360              86905 
-52.577320 204.106979 -180.884476 -11.098208 217.102402 -170.518799 -34.139942 202.148041 -198.053314 4.477986 196.110306 -141.368073              86913 
-52.716167 205.667358 -179.733994 -10.709412 217.511368 -170.152573 -34.164818 202.115540 -197.061539 4.487901 196.752899 -140.636856              86922 
-52.743065 206.714142 -178.934464 -10.402801 217.770569 -169.905289 -33.962376 201.812973 -196.356079 4.578693 197.179672 -140.162704              86931 
-52.779083 207.696808 -178.050095 -10.123505 217.991547 -169.635208 -33.868488 201.539841 -195.584579 4.755368 197.505829 -139.768753              86940 
-52.733185 208.614410 -177.266998 -9.800602 218.169830 -169.418457 -33.791813 201.362061 -194.898010 4.983864 197.765747 -139.449417              86949 
-52.567066 209.854401 -176.457413 -9.310257 218.348282 -169.202087 -33.832462 201.501999 -194.141602 5.230346 198.011154 -139.068680              86958 
-52.429058 210.730377 -175.890121 -8.966126 218.473526 -169.050247 -33.888367 201.632797 -193.598129 5.411420 198.192780 -138.800812              86967 
-52.323563 211.333923 -175.500885 -8.729768 218.559555 -168.945953 -33.937771 201.750870 -193.234024 5.539917 198.321793 -138.616760              86976 
-52.212654 211.820679 -175.181061 -8.515318 218.620132 -168.877014 -33.972889 201.849457 -192.940536 5.681062 198.417526 -138.490036              86985 
-52.123150 212.195023 -174.935455 -8.350613 218.666656 -168.824081 -33.940098 201.815826 -192.701233 5.791037 198.492310 -138.392838              86994 
-52.051559 212.483261 -174.746338 -8.223853 218.702469 -168.783340 -33.879799 201.719589 -192.508057 5.876618 198.550568 -138.318130              87004 
-51.980919 212.751511 -174.566086 -8.102829 218.737961 -168.750839 -33.814041 201.613327 -192.321701 5.967682 198.609436 -138.256363              87013 
-51.306385 213.356598 -173.687759 -7.287526 218.572433 -168.217453 -33.459621 201.627884 -191.414536 6.591391 198.544113 -137.569565              87022 
-50.441772 214.018417 -172.630157 -6.267673 218.186462 -167.539917 -33.037182 201.524902 -190.273224 7.305740 198.320114 -136.650742              87031 
-49.909294 214.548248 -171.507187 -5.617136 217.888809 -166.867783 -32.925282 201.463394 -189.144638 7.837923 198.147034 -135.847229              87040 
-48.850704 216.731735 -169.834457 -4.351654 217.584763 -166.168945 -33.043617 202.118103 -187.378769 8.581963 198.038101 -134.804947              87049 
-47.997108 219.142700 -168.150253 -3.448133 217.896759 -165.318665 -33.270313 203.264511 -185.547333 9.122529 198.630646 -133.635132              87058 
-47.333958 220.594406 -166.464569 -2.809542 218.014603 -164.238495 -33.321548 203.854462 -183.759750 9.622237 198.940811 -132.384262              87067 
-47.147167 221.095612 -166.462723 -2.646856 217.964722 -164.511215 -33.392960 203.407425 -183.326859 9.781903 199.607773 -132.237411              87076 
-46.964546 221.571640 -166.450989 -2.494769 217.918091 -164.766174 -33.479725 203.035202 -182.866531 9.960359 200.243317 -132.123825              87085 
-46.820705 221.936340 -166.435806 -2.379791 217.882843 -164.958923 -33.545658 202.754898 -182.504868 10.113882 200.729630 -132.054108              87094 
-47.068920 223.034195 -167.323395 -2.694915 218.486664 -165.391663 -33.901615 203.159454 -182.682648 9.351830 202.224121 -131.873657              87103 
-47.071739 223.599335 -167.787170 -2.720776 218.978485 -165.556915 -33.866753 203.367294 -182.695129 9.123210 203.325394 -131.678436              87112 
-47.210861 223.452820 -167.964462 -2.800913 219.408997 -165.820877 -33.804840 203.045868 -182.500687 9.357821 204.587036 -131.681091              87122 
-47.289082 223.372223 -168.064590 -2.848480 219.664520 -165.977570 -33.727993 202.783264 -182.349091 9.490184 205.339249 -131.690613              87130 
-47.742622 223.750916 -168.155823 -3.303130 219.912506 -166.331299 -34.282032 202.709320 -182.149078 9.227924 206.031067 -131.931747              87139 
-48.669086 226.821045 -169.211304 -4.538445 220.201126 -168.001175 -36.810398 204.150238 -182.354324 7.788981 207.099213 -133.224380              87148 
-48.588715 228.056778 -168.371567 -4.708231 219.891342 -167.663635 -37.711971 204.598724 -181.153915 7.670766 207.046829 -132.809235              87157 
-46.566006 231.667252 -167.441925 -3.880688 218.612000 -167.174881 -38.621155 206.476212 -179.439392 7.670451 205.571854 -132.109558              87166 
-45.142563 234.250824 -167.428665 -3.788330 217.450562 -167.406921 -39.730347 207.806870 -178.369629 7.352068 204.884247 -132.037018              87175 
-41.611832 238.669449 -168.479279 -3.454563 215.540100 -167.315552 -40.518246 211.035278 -177.914185 5.585962 203.191849 -131.276123              87184 
-40.642654 236.757553 -169.277664 -2.852880 212.936981 -167.873962 -39.956169 209.314804 -178.877106 5.529936 199.810211 -131.950882              87194 
-39.716484 237.401779 -169.658951 -3.669656 210.928253 -168.335892 -41.030537 210.112762 -179.224060 3.789081 196.950424 -132.530334              87202 
-35.992355 239.517166 -172.275269 -1.408935 211.187408 -168.459747 -37.384007 213.961456 -183.358994 1.201328 194.375275 -133.195175              87211 
-32.751675 242.010956 -174.126709 -0.142222 211.654785 -167.985703 -34.258514 217.820633 -186.169724 -2.107974 192.996338 -133.619308              87221 
-45.571175 227.431839 -187.970627 -1.426988 223.316193 -167.610275 -26.275858 251.925842 -170.989288 2.181963 198.299530 -137.707230              87229 
-38.924187 209.316742 -198.397827 -2.657265 228.525604 -167.323746 -47.111076 248.004562 -170.221069 8.705762 207.673645 -136.192932              87239 
-35.647415 211.086456 -207.351013 -4.952013 232.735016 -169.789719 -52.032810 251.791992 -178.002411 3.182168 212.934326 -137.005295              87248 
-34.593437 213.570587 -210.774216 -5.799736 235.396988 -170.534760 -53.443233 254.735764 -180.741776 0.907485 215.708466 -137.362091              87257 
-33.152939 212.278473 -211.028717 -5.884746 235.527893 -170.153320 -54.256893 253.496689 -181.407547 0.772332 216.416718 -136.634720              87266 
-30.657700 211.680405 -206.307526 -5.161398 238.232971 -166.224442 -54.444672 253.185608 -178.687973 2.105557 221.028564 -131.811493              87275 
-28.613911 211.403137 -203.641922 -5.558094 238.370224 -162.274139 -54.733166 252.235916 -176.653122 0.701974 221.002335 -127.745613              87284 
-26.763147 210.426224 -200.680634 -5.577880 238.407578 -158.907547 -54.618828 251.109161 -174.903549 -0.010804 221.504364 -124.031487              87293 
-30.232738 217.339584 -192.579849 -3.591259 243.365356 -152.845200 -50.915329 262.894714 -167.098511 0.999935 226.627960 -117.747749              87302 
