45.523144 187.330093 36.096886 56.585194 204.181244 105.996292 65.707504 206.170807 44.649792 85.695114 185.422821 135.718887                  0 
45.463402 187.393631 35.984097 56.581978 204.193314 105.962090 65.696068 206.223419 44.634228 85.671310 185.399323 135.682358                  8 
45.439537 187.496078 35.869617 56.572662 204.269333 105.928398 65.743660 206.285736 44.627037 85.578186 185.407578 135.687622                 17 
45.361507 187.580872 35.785492 56.602783 204.284531 105.922508 65.739441 206.349380 44.634918 85.586372 185.358582 135.662354                 27 
45.270958 187.742615 35.667259 56.680241 204.248749 105.914841 65.745712 206.456146 44.636997 85.658646 185.207336 135.585938                 36 
45.167027 187.906830 35.536934 56.751911 204.215652 105.907745 65.750488 206.555862 44.640099 85.725296 185.067520 135.514999                 45 
45.053318 188.089584 35.393314 56.817963 204.143295 105.897667 65.743538 206.661240 44.638100 85.794823 184.870926 135.420807                 54 
44.953300 188.248840 35.250923 56.868652 204.093430 105.884377 65.741074 206.746979 44.634480 85.844528 184.725754 135.346039                 63 
44.875412 188.339859 35.143524 56.878578 204.092148 105.881073 65.730988 206.793808 44.641178 85.853333 184.698273 135.326599                 72 
44.780834 188.448151 35.030521 56.893810 204.081802 105.876289 65.718666 206.848099 44.643425 85.873627 184.654556 135.294830                 81 
44.705357 188.557877 34.928135 56.917355 204.055069 105.866173 65.702454 206.914764 44.638920 85.911545 184.585129 135.242294                 90 
44.669960 188.623764 34.820549 56.882492 204.053284 105.847115 65.685997 206.975540 44.633087 85.887939 184.601471 135.224121                 99 
44.650391 188.658752 34.703915 56.865459 204.031784 105.817642 65.668144 207.009979 44.621880 85.892570 184.613693 135.195572                108 
44.655804 188.539307 34.590137 56.803391 204.050034 105.783783 65.674110 206.941116 44.604324 85.840660 184.770111 135.242554                135 
44.618267 188.513031 34.556820 56.795170 204.045639 105.774078 65.656281 206.926926 44.595772 85.846214 184.793793 135.237640                144 
44.528423 188.371460 34.506374 56.747509 204.064133 105.726776 65.576630 206.853912 44.547203 85.840118 184.921738 135.220627                153 
44.502998 188.269745 34.488449 56.734528 204.074142 105.708344 65.554291 206.792038 44.533440 85.833160 184.986160 135.231491                162 
44.480572 188.078888 34.473152 56.682831 204.113373 105.672661 65.529671 206.667435 44.507805 85.763405 185.120544 135.274872                172 
44.415569 187.979553 34.446972 56.672127 204.131302 105.642036 65.484085 206.609375 44.486065 85.754562 185.178467 135.268036                180 
44.358227 187.783249 34.414597 56.606262 204.174011 105.590042 65.433945 206.490021 44.452946 85.665108 185.313126 135.297760                189 
44.293350 187.644058 34.379097 56.557865 204.189682 105.549019 65.375328 206.423584 44.434620 85.603455 185.385590 135.305664                198 
44.185711 187.471176 34.361656 56.480808 204.205963 105.521614 65.309776 206.363251 44.432270 85.497307 185.456360 135.340958                208 
44.085537 187.313614 34.331013 56.400093 204.212997 105.487999 65.249802 206.329163 44.428429 85.385254 185.510544 135.367386                216 
43.976326 187.168213 34.285248 56.313160 204.230606 105.446266 65.191422 206.293152 44.419460 85.254471 185.567917 135.392914                225 
43.814487 186.825745 34.150795 56.024822 204.309509 105.272690 65.037376 206.141891 44.287746 84.898201 185.828735 135.397217                234 
43.695938 186.561508 34.042068 55.815151 204.369690 105.138214 64.922173 206.029572 44.193520 84.633408 186.027893 135.400162                244 
43.593353 186.386047 33.942310 55.683907 204.401306 105.038727 64.836372 205.962845 44.128086 84.470047 186.153214 135.387756                252 
43.493374 186.292664 33.857933 55.630913 204.393890 104.985832 64.783066 205.948761 44.106373 84.402046 186.186035 135.373230                262 
43.398746 186.238174 33.779835 55.603039 204.382996 104.951340 64.747383 205.961166 44.099590 84.366524 186.203125 135.362732                271 
43.276409 186.181213 33.718117 55.607098 204.324814 104.923798 64.686195 205.980789 44.086926 84.399925 186.155533 135.313736                280 
43.172382 186.080963 33.710770 55.628117 204.264160 104.923294 64.643166 205.989990 44.097668 84.449875 186.109299 135.294418                289 
43.120430 185.951218 33.746395 55.650188 204.209198 104.957840 64.638374 205.986893 44.146370 84.488022 186.086685 135.333023                298 
43.055019 185.838928 33.733311 55.651291 204.148712 104.950912 64.606125 205.971634 44.150955 84.510994 186.056870 135.323608                307 
43.072701 185.687332 33.666981 55.586388 204.006653 104.951126 64.596535 205.929199 44.174267 84.481491 186.018921 135.351990                316 
43.051365 185.598206 33.584202 55.572544 203.974167 104.921043 64.607628 205.913147 44.162514 84.491730 186.084976 135.357132                325 
43.109184 185.485855 33.477814 55.568993 203.904419 104.868889 64.662674 205.868546 44.135292 84.491356 186.100479 135.351913                334 
43.124168 185.394760 33.367584 55.547478 203.849152 104.816917 64.696175 205.825516 44.108479 84.467094 186.122665 135.347641                343 
43.157604 185.271011 33.282368 55.525795 203.790161 104.770233 64.724518 205.774185 44.088543 84.444717 186.148361 135.350632                352 
43.186836 185.126358 33.213104 55.534233 203.668808 104.731049 64.732391 205.708740 44.067722 84.485390 186.098785 135.322266                361 
43.197437 185.004776 33.143635 55.541695 203.561554 104.696411 64.735970 205.654266 44.051807 84.521133 186.055038 135.297272                371 
43.258678 184.855087 33.190571 55.552872 203.494659 104.751968 64.786949 205.590851 44.128777 84.524086 186.049011 135.395325                379 
43.223164 184.627747 33.393394 55.698112 203.325363 104.921280 64.803902 205.461243 44.297184 84.723404 185.888397 135.518387                388 
43.104210 184.490845 33.627087 55.725338 203.308701 105.110168 64.767365 205.433380 44.480839 84.772667 185.891571 135.697662                397 
43.002319 184.405380 33.813351 55.715942 203.301590 105.268753 64.747276 205.473053 44.637100 84.769829 185.890991 135.853729                406 
42.914185 184.348175 33.926937 55.698650 203.273010 105.373947 64.711426 205.501160 44.740879 84.763214 185.856323 135.945313                415 
42.844803 184.299408 34.013081 55.684921 203.250336 105.457466 64.691673 205.534729 44.821236 84.757935 185.828781 136.018021                424 
42.810543 184.261688 34.074810 55.743866 203.233521 105.513634 64.706261 205.528870 44.872738 84.821991 185.783493 136.053070                433 
42.810902 184.211823 34.147686 55.758011 203.253494 105.583771 64.731583 205.521255 44.945858 84.818626 185.805206 136.140869                442 
42.960705 184.041656 34.238834 55.662296 203.366852 105.658386 64.830795 205.453064 45.047565 84.642151 186.061417 136.373001                452 
42.994991 183.996490 34.252026 55.668427 203.364655 105.677475 64.858009 205.440582 45.077454 84.636269 186.079117 136.414612                460 
43.014469 183.968231 34.255924 55.673607 203.377853 105.688751 64.875946 205.446274 45.102798 84.628014 186.107651 136.447174                470 
43.014904 183.981430 34.247730 55.707157 203.362366 105.695930 64.885246 205.469086 45.122059 84.655922 186.063721 136.443665                478 
42.996883 183.996719 34.231205 55.708641 203.361542 105.705795 64.883995 205.498886 45.141388 84.652283 186.053040 136.452820                488 
42.974701 184.013290 34.228760 55.707787 203.372391 105.726387 64.885101 205.528275 45.169930 84.643196 186.055359 136.476349                497 
42.974838 184.045807 34.206497 55.699902 203.398087 105.735962 64.905479 205.561172 45.193344 84.606956 186.066254 136.504257                506 
42.938778 184.111496 34.135689 55.697029 203.419479 105.736069 64.915207 205.596909 45.221592 84.574127 186.072342 136.523849                515 
42.885727 184.198349 34.059826 55.687450 203.429123 105.730858 64.914764 205.649811 45.234169 84.541550 186.047272 136.520630                524 
42.792912 184.594345 33.802261 55.616081 203.765686 105.521225 64.972900 205.857651 45.067265 84.243896 186.164032 136.397232                533 
42.736279 185.070801 33.434620 55.659508 204.000137 105.252686 65.066681 206.130630 44.839031 84.120941 186.143753 136.136246                542 
42.899891 185.860779 32.935478 55.581913 204.263733 104.990280 65.176094 206.669235 44.705097 83.804382 186.101135 135.914551                551 
42.990681 186.446426 32.532986 55.552044 204.384949 104.789024 65.223343 207.051270 44.602741 83.636566 185.996582 135.705460                560 
42.998142 187.201767 32.095490 55.650349 204.572235 104.586227 65.351654 207.422867 44.506622 83.526176 185.840500 135.485382                569 
42.908405 187.910706 31.708797 55.749557 204.720261 104.434845 65.423286 207.716888 44.454075 83.462151 185.700790 135.305054                578 
42.867126 188.683517 31.303244 55.784500 204.821167 104.319450 65.414024 208.010757 44.482498 83.374001 185.590332 135.168961                587 
42.609520 189.524399 30.939199 55.896999 204.894592 104.263756 65.380409 208.231293 44.541191 83.434525 185.491867 135.052017                596 
42.390385 190.408707 30.738064 56.055641 205.132202 104.303871 65.484093 208.559967 44.653839 83.478767 185.505600 135.052307                605 
42.144371 190.883820 30.589821 56.167713 205.177277 104.319725 65.440163 208.643021 44.716125 83.608292 185.488602 135.012863                614 
42.031212 191.066772 30.585894 56.282314 205.132187 104.376999 65.373566 208.656006 44.787647 83.798355 185.419006 134.986740                623 
41.960575 191.047607 30.713863 56.358971 205.154449 104.481400 65.308914 208.572021 44.887486 83.910110 185.451218 135.065964                632 
42.176861 190.783890 31.112799 56.632839 205.177322 104.819458 65.483315 208.281906 45.225769 84.189087 185.583389 135.469559                641 
41.904198 190.178268 31.633244 56.813328 205.194931 105.131981 65.272438 207.737259 45.473690 84.539474 185.852341 135.788513                651 
41.669636 189.406250 32.169827 57.017296 205.119843 105.434792 65.082169 207.111481 45.710571 84.939697 186.059204 136.089798                659 
41.511368 188.688477 32.617527 57.019394 205.099686 105.689240 64.846794 206.517807 45.949509 85.033379 186.310242 136.428009                668 
41.110474 187.350922 33.230293 56.905682 204.440994 106.015396 64.173233 205.574753 46.225483 85.305565 185.998627 136.609894                677 
40.740822 185.993134 33.621052 56.646614 204.040482 106.073318 63.471230 204.678177 46.254105 85.380936 186.077026 136.640472                687 
40.447472 184.696503 33.809677 56.422428 203.591522 105.976067 62.865223 203.743423 46.154064 85.444122 186.088211 136.538681                695 
40.316582 183.192810 34.317291 56.271431 202.981583 106.160606 62.253441 202.648514 46.361591 85.626602 185.977707 136.686676                705 
40.212841 182.262085 34.561554 56.108482 202.862442 106.125221 61.797989 201.967300 46.378757 85.614853 186.226120 136.707977                714 
40.628403 181.345169 34.889629 56.112816 202.725082 106.092064 61.429409 201.462097 46.438332 85.751869 186.292114 136.656464                723 
41.409733 180.273453 35.449944 56.094707 202.608673 106.126999 61.083721 201.087677 46.559067 85.825264 186.282928 136.659973                732 
41.826809 179.230682 35.630856 55.376141 203.015427 105.788979 60.450150 200.561768 46.422977 84.953873 187.131744 136.701187                741 
42.801067 178.315887 35.871201 55.161945 203.128494 105.545357 60.060116 200.133728 46.418915 84.697189 187.507034 136.631332                750 
43.107826 178.011002 36.057510 55.089237 203.328125 105.392784 59.620358 200.032227 46.396671 84.635193 187.669647 136.449936                759 
43.691494 177.668533 36.315487 55.057545 203.428879 105.308601 59.322617 199.918945 46.457756 84.576675 187.721924 136.366791                768 
43.990437 177.628708 36.334412 54.903084 203.614532 105.181046 59.074005 199.964035 46.441116 84.371933 187.901154 136.283691                777 
43.950390 177.980270 36.052795 54.674114 203.916061 104.944145 58.844524 200.179214 46.295986 84.053169 188.166000 136.113113                786 
44.032413 178.469208 35.657539 54.497307 204.184265 104.669624 58.758976 200.478058 46.110573 83.712387 188.288040 135.918427                795 
43.822468 179.049683 35.289520 54.278400 204.404846 104.461250 58.571381 200.928101 45.916817 83.410736 188.296310 135.678558                805 
43.769985 179.362946 35.047802 54.219074 204.467728 104.329933 58.518040 201.153198 45.794289 83.313950 188.229141 135.514771                813 
43.145229 180.167618 34.498825 54.265224 204.473999 104.222054 58.476814 201.338379 45.716259 83.336937 188.055573 135.334259                822 
41.772491 181.675644 33.659836 54.423027 204.552505 104.116508 58.476097 201.500320 45.678734 83.448265 187.922485 135.159637                831 
40.981400 182.815811 33.082233 54.510532 204.546097 104.102333 58.420139 201.529449 45.774143 83.456444 187.698608 135.102234                840 
40.547894 183.524734 32.728271 54.559090 204.516373 104.090179 58.344063 201.507233 45.840107 83.454903 187.505829 135.047745                849 
40.509922 184.223297 32.169353 54.448689 204.495209 103.884247 58.376415 201.641312 45.707943 83.197319 187.302719 134.878326                858 
40.518269 184.707062 31.757257 54.405132 204.505814 103.708992 58.432747 201.678207 45.585854 83.041618 187.195511 134.741287                867 
40.740917 184.918152 31.595383 54.514458 204.486877 103.643967 58.536827 201.582092 45.573528 83.058365 187.057037 134.694626                876 
40.830280 185.100052 31.493473 54.587807 204.472412 103.622169 58.580360 201.457153 45.589405 83.072571 186.961975 134.681793                886 
40.949142 185.298477 31.368177 54.707752 204.452011 103.564751 58.622169 201.335159 45.564243 83.139862 186.817245 134.602280                894 
41.043629 185.438553 31.282217 54.791504 204.434158 103.526695 58.639370 201.198792 45.546677 83.185234 186.706329 134.546341                904 
41.117268 185.516861 31.225227 54.815338 204.361511 103.521133 58.633762 201.061768 45.545536 83.206039 186.587265 134.516983                912 
41.236198 185.474976 31.223124 54.812908 204.250534 103.562424 58.663696 200.888947 45.579201 83.232597 186.519852 134.556656                922 
41.283844 185.330154 31.241173 54.830700 204.103851 103.591057 58.638721 200.627899 45.600136 83.328880 186.456650 134.560852                931 
41.225094 184.935913 31.495596 55.077316 203.671753 103.804428 58.622120 200.090317 45.787029 83.722343 186.026749 134.639709                940 
41.127308 184.617706 31.666111 55.125935 203.540146 103.904282 58.525799 199.657303 45.882133 83.854515 185.996262 134.719513                948 
40.860245 184.165344 32.041904 55.223858 203.146225 104.199966 58.290234 199.070511 46.153889 84.162224 185.677887 134.861450                958 
40.706612 183.865540 32.212570 55.228577 202.950836 104.317436 58.133823 198.579178 46.266335 84.253372 185.545929 134.933258                967 
40.508755 183.532867 32.284790 55.139889 202.858810 104.309464 57.851765 197.911804 46.305210 84.226662 185.572037 134.933395                976 
40.504185 183.451920 32.296326 55.138435 202.855286 104.305138 57.585030 197.212296 46.452408 84.208931 185.587463 134.955200                985 
40.835369 182.799942 32.692097 55.258118 202.897003 104.555138 57.650055 196.238586 46.884174 84.249649 185.929062 135.446533                994 
41.717346 182.136292 32.999897 55.434669 202.814835 104.728226 57.659161 195.116913 47.405487 84.290932 186.037231 135.849365               1003 
43.419277 181.221298 34.428276 56.321102 202.834885 105.868828 58.517330 193.989456 48.888134 84.866463 186.203522 137.353073               1012 
45.898739 179.571762 36.548611 57.136818 202.768555 107.178398 59.260147 193.000977 50.489899 85.453461 186.270981 138.938370               1022 
47.708569 178.766098 37.932968 57.909649 202.473053 108.061249 59.683430 192.722626 51.466202 86.285248 185.787384 139.669968               1030 
49.352486 178.602844 38.746952 58.184574 202.302719 108.473206 59.561172 193.001511 51.951473 86.585220 185.116928 139.790131               1039 
50.999321 177.778809 39.729382 58.154060 202.354477 108.597015 59.052700 192.785538 52.317291 86.629654 185.042542 139.776108               1048 
52.217827 177.171890 40.454361 58.170784 202.392471 108.631378 58.465435 192.299118 52.685986 86.704720 184.936264 139.676392               1057 
52.749252 177.170959 40.753620 58.239788 202.437729 108.702637 57.953728 192.071350 52.976261 86.908890 184.804169 139.522079               1066 
53.025593 177.705246 40.953789 58.277351 202.573929 108.935867 57.538193 192.245636 53.310669 87.112671 184.706268 139.464035               1075 
52.651760 178.865570 41.129463 57.895851 203.302734 109.213074 56.842819 193.033188 53.598717 86.880562 185.227524 139.476440               1084 
52.273266 179.577942 41.384098 57.804897 203.827042 109.433182 56.275841 193.448135 53.835281 86.927391 185.499832 139.411362               1094 
51.989685 180.087570 41.631592 57.653988 204.258987 109.649445 55.929996 193.602859 54.010189 86.885056 185.836914 139.463379               1102 
51.736801 180.520187 41.814960 57.542316 204.505585 109.856194 55.726185 193.486374 54.121563 86.896156 185.995346 139.494370               1111 
51.598232 180.957138 41.940662 57.571827 204.605377 110.062775 55.640408 193.351990 54.239204 87.001198 185.909821 139.509094               1120 
51.522224 181.342148 42.100227 57.631813 204.675781 110.301636 55.601288 193.279663 54.400013 87.116478 185.812454 139.585205               1129 
51.441105 181.672775 42.232307 57.675083 204.739105 110.504456 55.546593 193.167328 54.551758 87.203438 185.738235 139.654770               1138 
51.378086 182.015259 42.398907 57.721825 204.665543 110.785622 55.545704 193.146286 54.703552 87.356941 185.522736 139.734039               1147 
51.372005 182.487686 42.594467 57.736130 204.780396 111.087769 55.541813 193.231674 54.904362 87.558380 185.643539 139.847321               1156 
51.452271 183.023453 42.976837 58.137012 204.638153 111.645432 55.717350 193.507889 55.269417 88.260399 185.367966 139.999268               1165 
51.340427 183.006790 43.389484 58.397495 204.491638 112.050148 55.758678 193.358795 55.540157 88.826996 185.305939 140.133118               1174 
51.146065 183.197876 43.998680 58.958344 204.193054 112.714676 55.886597 193.342316 56.002960 89.581223 184.687256 140.363556               1184 
51.166367 183.426620 44.316818 59.221241 204.357697 113.009132 56.061600 193.473999 56.171932 89.972511 184.847412 140.511963               1193 
51.380943 183.620468 44.552002 59.421535 204.591583 113.219620 56.418835 193.643997 56.226685 90.203667 185.128555 140.721420               1202 
51.441113 183.794998 44.707623 59.617016 204.713287 113.360153 56.624756 193.774033 56.243107 90.430374 185.198578 140.790268               1211 
51.681141 184.051880 44.779606 60.011826 204.789215 113.455078 56.965530 193.955307 56.238720 90.869202 185.181244 140.768951               1220 
51.610939 184.341553 44.868317 60.240597 204.975677 113.524467 57.141438 194.218140 56.128918 91.199799 185.305099 140.677628               1229 
51.610863 184.925461 44.804569 61.438107 205.362839 113.339127 57.637531 194.748672 55.770905 92.483284 185.218903 140.043365               1238 
51.375549 185.651352 44.482651 62.390781 206.419952 112.727272 57.900307 195.502701 55.099018 93.513954 186.029984 139.152557               1247 
51.441658 186.070007 43.787174 63.345066 207.526398 111.658188 58.436924 196.010300 53.990059 94.484947 187.084518 138.023605               1256 
54.555195 190.772339 37.477352 66.276039 209.867493 106.040344 61.630875 200.516190 47.747478 97.842781 188.944000 131.504944               1283 
55.380093 192.695786 35.313385 67.235390 210.167999 104.245621 62.537769 202.254913 45.676563 98.796806 188.551422 129.131332               1292 
56.659744 194.721024 32.612576 68.611343 210.926071 101.821327 63.860714 204.160187 43.026073 100.480423 189.108109 126.132568               1301 
57.720066 197.286240 28.360634 69.092995 212.594833 97.818756 64.818413 206.683090 38.801853 100.975937 190.614548 121.965034               1310 
59.513947 200.448746 24.147280 70.189537 213.606354 94.138763 66.667305 209.418930 34.871635 101.354271 190.378830 118.054024               1319 
60.912971 203.382492 19.557081 71.055099 215.451813 89.809883 68.024162 212.166473 30.392155 102.022675 191.806992 113.571823               1328 
62.059467 205.965179 14.451430 71.613411 217.282745 84.909409 69.320168 214.379608 25.341970 101.720055 192.736099 108.862495               1337 
63.382389 208.058701 9.284985 72.249535 218.590012 79.951927 70.779022 216.107605 20.162605 101.794441 193.463638 104.003159               1346 
64.294350 210.144714 3.792442 72.811935 220.267410 74.553528 71.845207 217.831161 14.568789 101.885284 194.660141 98.672134               1355 
66.614914 212.891571 -2.197841 73.396454 221.407578 68.882896 73.840469 220.367065 8.649481 102.148026 195.354309 92.909386               1365 
67.104599 213.819519 -8.092467 73.980621 222.268494 62.951462 74.590927 221.198792 2.463079 102.392570 195.768295 86.893028               1373 
66.516685 213.936356 -15.336020 74.949501 223.607422 55.354332 74.847931 221.253128 -5.447496 102.495476 196.263428 79.358986               1383 
68.267601 214.112366 -22.835915 74.359016 226.074646 47.650784 76.318817 221.917755 -13.228040 100.919731 199.218643 73.262939               1391 
68.357254 215.036987 -30.707924 74.493286 228.038971 39.420528 76.598587 223.092041 -21.647808 100.101448 200.553009 65.332733               1400 
71.784813 216.093475 -39.953529 73.551552 229.452591 30.245152 79.118690 224.577408 -30.735651 98.454468 202.586914 57.462402               1409 
73.462112 217.481430 -47.735386 74.338142 230.541321 22.444748 80.683807 226.021027 -38.629848 98.613098 203.162292 49.717693               1418 
75.723053 218.398727 -55.990993 74.246078 231.104477 14.112495 82.400978 227.168503 -46.929974 98.020638 203.647293 41.745285               1427 
77.454010 218.805115 -64.784393 74.333885 232.430817 4.822983 83.761703 228.062881 -56.230919 97.213455 204.724350 32.957924               1437 
79.493629 220.757675 -73.250778 74.265373 233.787964 -3.842034 85.474312 230.071838 -64.850815 96.022385 205.324387 24.427303               1446 
81.589203 221.099670 -82.969223 73.855331 234.594467 -13.955074 87.273102 230.439255 -74.696297 94.609909 206.179306 15.105621               1455 
83.436394 220.467361 -92.239456 73.895424 235.829468 -23.876308 88.983757 229.949982 -84.227859 93.707130 208.012939 6.396378               1464 
84.965172 219.677917 -101.521713 74.699722 237.535919 -34.159885 90.416512 229.657501 -94.287300 93.315971 209.833145 -3.036110               1473 
87.281158 219.740311 -110.478203 75.578377 237.955032 -43.593422 92.622856 229.904663 -103.491493 93.161377 209.925705 -12.162662               1482 
89.232803 219.625824 -118.365738 76.656181 238.729202 -51.964199 94.741829 229.885559 -111.648422 93.305489 210.646042 -20.076363               1491 
92.126686 218.782257 -127.292450 76.944046 240.442673 -62.361477 97.761040 229.337921 -120.998238 91.347649 212.847748 -28.988523               1500 
93.841957 216.992950 -135.704742 79.275581 242.943176 -72.324409 100.147789 227.878586 -130.299042 92.464920 216.598831 -37.471645               1509 
95.301414 215.920700 -143.196487 81.778496 243.680756 -80.414223 102.591431 226.846481 -138.231033 93.734779 217.320358 -45.131435               1518 
99.558479 215.295471 -151.722214 82.026268 243.471970 -90.242722 106.867928 226.691437 -146.717834 92.044098 217.323029 -54.207001               1527 
101.933861 214.632111 -160.275192 82.644577 243.131256 -99.491379 109.551170 226.230362 -155.192108 91.533653 217.075836 -63.093616               1536 
104.621765 213.988113 -167.550568 83.626190 242.359344 -107.275101 112.626381 225.613541 -162.149765 90.951981 215.963577 -70.774490               1545 
107.996635 213.562515 -174.918869 84.764183 241.963562 -115.502182 115.923096 225.702438 -169.517853 92.018028 216.152664 -78.571472               1555 
110.053192 213.020309 -180.626953 86.363922 242.168655 -121.755928 118.208534 225.543411 -175.448853 93.944069 217.120743 -84.368217               1563 
112.859459 212.351669 -186.948547 87.735275 242.133682 -128.997635 120.937508 225.119095 -181.830032 94.905556 217.749542 -91.093819               1572 
115.609856 211.740845 -193.277344 88.688721 240.999527 -135.790070 123.427284 224.568405 -187.832718 95.162674 216.532898 -97.814156               1581 
119.129868 212.256683 -197.780548 89.013603 238.232162 -140.083984 126.194138 225.108047 -191.407593 95.457794 212.924637 -102.658066               1590 
122.936447 211.880280 -203.306168 87.539032 233.849304 -146.763153 128.624557 224.990433 -196.044464 93.937187 208.321701 -109.479057               1599 
125.529182 211.991165 -206.716873 87.534821 230.714722 -150.503082 130.560867 224.993744 -198.669067 93.912086 204.473511 -113.714127               1608 
127.399384 210.061890 -211.130783 87.788429 227.848465 -155.332932 131.394333 223.487366 -203.183273 96.438606 204.358429 -117.174187               1617 
128.694504 210.604706 -214.506332 91.403549 226.840454 -155.881088 132.467941 223.834885 -206.085785 104.434235 206.397079 -117.216270               1626 
129.487427 210.197433 -218.833984 94.242355 226.364044 -157.937531 133.943970 222.777176 -209.240067 109.262878 208.195663 -118.860786               1635 
129.744324 210.807663 -221.253830 93.812302 224.638992 -159.147400 134.394180 222.644363 -209.898590 109.457825 208.195358 -119.555450               1644 
131.627518 211.850677 -223.634537 92.913040 221.952271 -161.771423 136.170181 222.376068 -210.345291 106.726364 204.219589 -122.054398               1653 
136.004517 212.536926 -225.431793 92.486870 220.389725 -166.281906 138.908737 222.839966 -211.695023 104.530785 203.940002 -125.452393               1662 
138.293335 213.372452 -226.081604 92.267548 219.186508 -168.518784 139.911591 222.611969 -212.181061 103.310722 202.984879 -127.308914               1672 
139.796387 215.000305 -224.952301 92.158241 218.520172 -168.447144 140.499741 223.340179 -210.919052 102.703476 202.291046 -127.117844               1681 
140.015274 216.401550 -224.771240 91.939201 218.160248 -168.484436 140.293076 224.090988 -210.627502 102.586533 201.802078 -127.232262               1690 
140.323792 217.388702 -224.655548 91.919312 217.724365 -168.559006 140.310379 224.574127 -210.402649 102.611099 201.183777 -127.391151               1699 
141.183167 218.363113 -224.357498 92.264160 217.154358 -168.665085 140.842850 225.150208 -210.005341 102.897865 200.480087 -127.536125               1708 
143.249100 218.342987 -222.286331 93.210564 214.770325 -167.646103 143.034210 223.366348 -207.283737 101.773537 193.159470 -128.373413               1717 
145.021698 218.315964 -220.581131 93.883240 213.344940 -167.029297 144.707886 222.143860 -205.271912 100.749306 188.804474 -129.170090               1726 
147.999268 213.151337 -219.359634 95.378593 211.572617 -167.003036 147.651657 216.359680 -203.936676 98.903412 185.319427 -129.840637               1735 
151.723129 207.641403 -217.266891 97.219070 209.649734 -166.843735 150.995560 210.593857 -201.824738 97.305595 182.868637 -129.891556               1744 
155.079971 204.998871 -214.754776 98.107849 208.609985 -167.187119 153.596542 207.762894 -199.344772 95.305725 181.621628 -130.492767               1753 
156.184372 204.733047 -212.997620 97.922966 207.365799 -166.909256 154.234497 207.069031 -197.576935 94.096230 179.613831 -130.883118               1762 
156.709122 204.451935 -211.940002 97.647079 206.579254 -166.812607 154.450867 206.491867 -196.524612 93.129288 178.370987 -131.223541               1771 
157.033417 204.852844 -211.241684 97.488823 206.163620 -166.684006 154.568604 206.640076 -195.828995 92.757416 177.572266 -131.429977               1780 
157.339523 204.731018 -210.744202 97.297333 205.810059 -166.814941 154.671127 206.344177 -195.346848 92.135689 177.008560 -131.793106               1789 
158.043869 205.178024 -210.026276 97.094986 205.570740 -167.315430 155.020432 206.551773 -194.670547 91.315468 176.401871 -132.696472               1798 
158.664841 205.268738 -209.504669 97.115242 205.316452 -167.627518 155.399048 206.439423 -194.179794 90.818604 175.845932 -133.355972               1807 
159.204376 206.892715 -208.963745 96.681511 205.281387 -168.551926 155.532562 207.714447 -193.705353 90.062439 175.200226 -134.876892               1816 
159.529144 207.242584 -209.080215 96.459938 205.013641 -169.522934 155.623352 207.845398 -193.866135 89.481682 174.591431 -136.228928               1825 
159.703384 207.355774 -209.283768 96.344147 204.835388 -170.178833 155.665054 207.821121 -194.095352 89.153938 174.238098 -137.090988               1834 
159.905792 207.247192 -209.310272 96.245544 204.705688 -170.667984 155.732651 207.654999 -194.152100 88.794624 174.099457 -137.646164               1843 
159.777313 207.646698 -209.661392 96.016457 204.651443 -171.188049 155.537460 207.983414 -194.514969 88.684471 174.015411 -138.167236               1853 
160.821960 205.944733 -209.675583 96.389648 204.167175 -172.231934 156.322922 206.360016 -194.601044 87.980759 173.774612 -139.242828               1861 
161.946457 204.745636 -209.260559 96.836060 203.947891 -172.945313 157.170547 205.186356 -194.266678 87.373238 173.691574 -140.116852               1871 
162.508896 204.226776 -209.303879 97.155724 204.002426 -173.392014 157.623367 204.691010 -194.340561 87.234154 173.882278 -140.573761               1879 
163.525742 202.085419 -209.788498 97.984581 203.679352 -174.229111 158.553833 202.736145 -194.854935 87.157478 174.046997 -141.253418               1888 
164.361649 200.430161 -209.899200 98.597221 203.461136 -174.823441 159.276764 201.228088 -195.005188 86.967377 174.239517 -141.754700               1897 
164.838028 199.460938 -209.970230 98.956856 203.333054 -175.172318 159.682495 200.333282 -195.098877 86.860519 174.362518 -142.050049               1907 
165.121399 198.880844 -210.018860 99.173798 203.255783 -175.382782 159.918350 199.786804 -195.160309 86.797882 174.440231 -142.228622               1916 
165.222610 198.691483 -210.062943 99.249634 203.265503 -175.478012 159.993637 199.601486 -195.208038 86.773415 174.532272 -142.290009               1925 
165.252304 197.502228 -210.562225 99.331390 203.092377 -176.004410 160.146957 198.949265 -195.454849 86.373886 174.540817 -142.844040               1934 
165.263672 196.595383 -210.947357 99.393631 202.960571 -176.405106 163.017929 209.102280 -183.752487 86.071976 174.555511 -143.263229               1943 
165.219650 193.308731 -212.475174 99.976974 202.532394 -177.371796 165.236664 211.518646 -180.025970 86.068542 175.218964 -143.560120               1952 
164.009064 174.231415 -216.123032 103.116249 198.993942 -180.707779 172.703003 216.763947 -160.179977 85.989693 178.441162 -143.735321               1961 
159.845184 160.381470 -219.237152 104.989029 195.977188 -183.175003 175.751587 223.593445 -158.029449 87.346291 180.819885 -143.910675               1970 
157.526749 154.683228 -220.450912 105.823410 194.633133 -184.274216 176.855377 227.470810 -157.445847 88.416641 181.875961 -144.062805               1979 
155.815201 151.943222 -221.142853 105.825325 194.052399 -184.989014 177.010818 229.824570 -157.641418 88.838951 182.689072 -144.184158               1988 
154.968140 150.642349 -221.473495 105.826263 193.768158 -185.338867 177.024139 230.767380 -158.145630 89.072975 183.076614 -144.257050               1997 
154.450867 149.863892 -221.676178 105.826836 193.594925 -185.552094 177.190842 230.965652 -158.657974 89.224060 183.308884 -144.305969               2006 
154.088974 149.325867 -221.820282 105.827240 193.473648 -185.701370 177.368393 230.944183 -159.099945 89.333549 183.469620 -144.342255               2015 
153.070297 148.798233 -222.928299 105.633064 193.358292 -186.212921 177.468811 231.240570 -160.816147 89.824104 183.663727 -144.514114               2024 
152.776520 149.296387 -225.062714 106.205009 194.078583 -187.504227 178.233795 234.006363 -165.939392 92.298508 185.228333 -144.948608               2033 
151.938248 150.327103 -227.984604 106.654076 194.963364 -188.703156 178.879196 236.751175 -171.694351 95.245209 186.650635 -145.304596               2043 
151.154999 151.312927 -229.703064 106.671761 195.560913 -189.078568 178.992050 237.916992 -173.897919 96.513382 187.080368 -145.402649               2051 
151.334061 151.481552 -230.412857 107.069229 195.803772 -189.617615 179.204727 238.958557 -175.782516 97.563889 187.688812 -145.725784               2061 
151.353470 151.981735 -231.085159 107.104729 196.052612 -189.990372 179.009369 239.787750 -176.724457 97.992912 187.928574 -146.016830               2070 
151.365036 152.339981 -231.570786 107.130219 196.231323 -190.258072 178.857437 240.393585 -177.393967 98.300926 188.103653 -146.227600               2078 
151.624771 152.350067 -231.547729 107.082848 196.236740 -190.549667 178.637177 240.579346 -177.294434 98.003738 188.161224 -146.560410               2088 
151.902771 152.557693 -231.503891 107.002029 196.275742 -190.707169 178.331879 240.841110 -176.956116 97.685730 188.125427 -146.781357               2096 
152.077362 152.616638 -231.472794 106.929840 196.324341 -190.927368 178.165283 240.887848 -176.653168 97.321266 188.146454 -147.069702               2105 
152.216949 152.658127 -231.583420 106.965027 196.324005 -191.098663 178.219452 240.675415 -176.237869 97.094681 187.997742 -147.327118               2115 
152.288254 152.737503 -231.649399 106.952736 196.358795 -191.200470 178.198929 240.599884 -175.950394 96.913536 187.930893 -147.486816               2123 
152.350769 152.806870 -231.708084 106.942070 196.388992 -191.288849 178.177719 240.537231 -175.699448 96.756325 187.873291 -147.626144               2132 
152.427917 152.953201 -231.722107 106.866074 196.471893 -191.397293 178.027969 240.620850 -175.455582 96.514572 187.889130 -147.786743               2142 
152.494537 153.079956 -231.735199 106.800453 196.543472 -191.490952 177.896469 240.694519 -175.244385 96.306068 187.902802 -147.925995               2151 
152.711136 154.176239 -232.744095 106.375397 197.063477 -192.606476 176.619461 242.873123 -177.253967 96.348534 188.632706 -148.890549               2160 
152.869751 154.995667 -233.492004 106.059402 197.450058 -193.435776 175.638794 244.482346 -178.750641 96.372765 189.188736 -149.610916               2169 
152.959671 155.464783 -233.920135 105.879486 197.670166 -193.907959 175.065018 245.400024 -179.600739 96.383522 189.510284 -150.022415               2178 
153.011688 155.736298 -234.169586 105.775909 197.796875 -194.179794 174.727219 245.932526 -180.087494 96.388664 189.696976 -150.259750               2187 
153.047577 155.922745 -234.342636 105.705154 197.883438 -194.365479 174.492004 246.300064 -180.417862 96.391716 189.825180 -150.422073               2196 
153.074524 156.061920 -234.473236 105.652618 197.947708 -194.503357 174.314392 246.575867 -180.661652 96.393745 189.920715 -150.542709               2205 
153.095428 156.169098 -234.575012 105.612366 197.996948 -194.608994 174.176254 246.789398 -180.847198 96.395157 189.994095 -150.635193               2214 
153.112732 156.257004 -234.659592 105.579529 198.037125 -194.695175 174.061951 246.965485 -180.997620 96.396217 190.054092 -150.710678               2223 
153.127182 156.329803 -234.730560 105.552483 198.070221 -194.766159 173.966522 247.112045 -181.120728 96.397026 190.103592 -150.772873               2232 
152.963318 156.786224 -235.085938 105.207016 198.229218 -195.021118 173.213135 247.989975 -181.939713 96.367104 190.353653 -150.946976               2241 
152.828827 157.156097 -235.374512 104.926636 198.358261 -195.228043 172.592972 248.700104 -182.604706 96.341461 190.561050 -151.089661               2250 
152.732727 157.418976 -235.581116 104.727432 198.449936 -195.375046 172.146362 249.205185 -183.076294 96.322449 190.710815 -151.191788               2259 
152.665543 157.602615 -235.726898 104.588486 198.513901 -195.477600 171.831192 249.558792 -183.404251 96.308769 190.816437 -151.263412               2268 
152.613159 157.746140 -235.842148 104.480133 198.563766 -195.557571 171.582886 249.835892 -183.659134 96.297852 190.899490 -151.319489               2277 
152.572159 157.858902 -235.933807 104.395210 198.602844 -195.620239 171.386505 250.054245 -183.858154 96.289139 190.964966 -151.363571               2286 
152.596832 158.749893 -236.311615 103.925148 198.803101 -195.893677 169.967896 251.648514 -184.968094 96.300064 191.301468 -151.528366               2295 
152.610153 159.481186 -236.618774 103.540085 198.967148 -196.117676 168.778168 252.940048 -185.880630 96.303940 191.591339 -151.666199               2304 
152.615570 159.945282 -236.813644 103.296196 199.071045 -196.259552 168.010849 253.752365 -186.459061 96.303688 191.781448 -151.754898               2313 
152.618134 160.286270 -236.957718 103.117340 199.147232 -196.363602 167.440720 254.346054 -186.882797 96.302063 191.923981 -151.820648               2322 
152.406189 160.587143 -237.228195 102.786942 199.199631 -196.535477 166.732208 254.909164 -187.483704 96.211029 192.059296 -151.943207               2331 
152.241974 160.818604 -237.437225 102.532410 199.239990 -196.667892 166.181580 255.341568 -187.946182 96.139923 192.165894 -152.038406               2340 
152.121170 160.988342 -237.591858 102.345787 199.269577 -196.764984 165.774490 255.658722 -188.284546 96.087227 192.245331 -152.108643               2349 
151.655579 161.195740 -237.964615 101.873680 199.343903 -197.015457 164.915619 256.280029 -189.333267 95.986076 192.550705 -152.273010               2359 
151.300690 161.352737 -238.248260 101.513512 199.400604 -197.206528 164.252121 256.750671 -190.133148 95.906799 192.787460 -152.401077               2368 
151.065521 161.456589 -238.437302 101.274567 199.438232 -197.333298 163.807175 257.062317 -190.663055 95.853142 192.946304 -152.487335               2377 
150.890427 161.534027 -238.579437 101.096481 199.466263 -197.427780 163.472549 257.294952 -191.057251 95.812576 193.065613 -152.552292               2386 
150.771591 161.586761 -238.677109 100.975464 199.485321 -197.491989 163.243423 257.453552 -191.324539 95.784729 193.147110 -152.596756               2395 
150.618591 161.679794 -238.779800 100.820778 199.520142 -197.537445 162.962463 257.647003 -191.580231 95.738945 193.233963 -152.622452               2404 
150.257751 160.679718 -238.652679 101.097572 199.473923 -197.524094 164.103317 256.705322 -191.968964 95.996964 193.501160 -152.568466               2431 
150.127289 160.378586 -238.729477 101.193161 199.457977 -197.519485 164.494064 256.376770 -192.103561 96.087883 193.593628 -152.550110               2440 
149.249908 157.214752 -238.049561 101.663277 199.073090 -197.854843 166.604477 254.290390 -194.706924 96.603172 194.964111 -152.686157               2449 
147.808243 153.917648 -237.919769 102.469193 199.256683 -198.717316 169.635712 251.839767 -198.585342 97.801758 197.246429 -153.364578               2458 
147.109207 151.862564 -237.735626 103.221519 199.406570 -199.255264 171.669342 250.274536 -201.208221 98.857384 198.901566 -153.830627               2467 
147.941406 151.894424 -237.469574 103.930023 199.786804 -199.323120 172.227936 250.821777 -202.045853 99.577881 199.941711 -153.894791               2476 
152.363144 155.296982 -235.998505 105.045898 200.882599 -198.763763 170.348572 255.724335 -200.919312 99.918358 201.240936 -153.417557               2485 
173.000732 169.190353 -219.972168 109.458099 205.844315 -201.411987 159.659744 274.807861 -202.213837 94.185394 211.471252 -158.776550               2494 
179.091339 185.644592 -217.794189 108.523621 209.889984 -203.940140 144.821564 287.086975 -203.835022 89.497223 213.432999 -162.610474               2503 
178.485748 190.075058 -226.395950 107.573013 212.616364 -205.931778 143.231354 290.110992 -205.616959 88.968742 215.682770 -164.372467               2512 
178.135468 192.659088 -232.855621 107.140511 213.856781 -206.837906 142.513733 291.482239 -206.431061 88.724335 216.715240 -165.180115               2522 
166.935898 194.115860 -248.530533 103.735352 217.897873 -207.026978 147.720703 290.898865 -203.368576 92.041771 217.082336 -162.921509               2530 
161.022232 197.434219 -254.935638 101.505081 220.323166 -207.195236 149.509964 289.431763 -200.106934 91.733345 215.963165 -162.830826               2539 
156.173019 182.638763 -245.965393 100.039352 224.439331 -207.441406 165.574341 272.637146 -189.358200 81.284950 223.783173 -165.841644               2548 
150.468979 174.497574 -240.240555 99.156937 226.503860 -207.552109 169.763382 261.505096 -182.609161 75.978630 229.887466 -168.385590               2557 
149.726700 171.287231 -233.476028 98.879204 227.074829 -206.540329 168.418686 256.943939 -174.262146 71.694115 232.437057 -170.278564               2566 
111.521416 197.830826 -190.888947 89.593513 234.548462 -177.831009 154.106812 230.107254 -187.678787 77.507751 229.885452 -134.071564               2575 
97.619835 204.748993 -173.041687 81.303795 238.787064 -163.871948 132.790421 225.911987 -194.466797 76.505074 227.376434 -119.946243               2584 
89.311043 205.942261 -163.789413 75.841240 241.534637 -156.324112 119.037933 223.351532 -193.638809 74.121613 230.510132 -112.072548               2593 
84.742363 205.925125 -156.665863 71.955284 241.876404 -151.134735 109.131912 220.556061 -189.701981 71.356918 232.504807 -106.474770               2602 
80.777115 205.307693 -149.241302 69.144188 241.899063 -146.862411 103.721924 216.328949 -183.113251 66.804161 235.477951 -101.740440               2611 
75.902336 205.484955 -140.595474 66.118126 242.398483 -140.271561 94.929825 213.094589 -174.021103 62.494442 238.011337 -94.991104               2621 
73.376205 205.375153 -130.726883 63.375172 241.928940 -132.332718 89.281448 210.483627 -163.369522 58.185806 239.260010 -87.070755               2630 
70.606369 204.416336 -120.396126 60.363560 240.636124 -123.634201 83.979378 207.482712 -153.109009 55.424408 239.921173 -78.271317               2639 
67.890862 202.594116 -109.622040 57.138111 238.227692 -115.519310 79.340576 202.950089 -142.534332 52.926281 240.967148 -70.160141               2648 
67.143402 201.673218 -98.614944 55.173622 236.182068 -107.921661 78.165161 199.520874 -130.836411 49.157085 242.606918 -63.141968               2657 
67.247086 200.346848 -86.972801 53.003193 232.277344 -101.045952 77.013824 194.227707 -118.361259 45.905838 244.330063 -57.605675               2666 
67.594383 198.716751 -79.453545 53.242950 228.854446 -96.947235 73.703056 188.130112 -108.770317 44.051785 244.542206 -55.088966               2675 
69.769646 198.066422 -67.784576 52.087658 225.765823 -86.228188 74.136147 185.975739 -96.239029 40.789860 241.414764 -44.874004               2684 
75.018364 189.522507 -78.696503 55.769836 225.300430 -54.223450 74.283844 190.331345 -88.858215 61.775574 219.535172 -9.352628               2693 
60.522144 197.691391 -82.567017 55.471165 224.726334 -35.585278 62.763504 197.366104 -84.140854 73.487877 206.719513 2.280945               2702 
52.065247 199.932297 -75.001328 53.779461 224.273300 -23.310585 55.537434 197.337494 -73.257843 76.101936 204.676575 11.335828               2711 
47.268059 198.725449 -65.955383 52.284790 224.014603 -13.608479 51.282963 194.585403 -62.269028 77.559464 205.887802 19.787748               2720 
44.353493 197.636444 -58.938610 51.188549 222.742416 -6.093199 48.403309 192.452225 -53.782238 78.002182 204.940887 26.261597               2729 
41.231415 195.287094 -51.773651 49.826073 221.115219 0.805523 45.144203 189.253326 -44.929958 77.911171 203.990463 32.438862               2738 
40.458508 195.040329 -45.353561 49.728832 219.912643 7.751320 43.947773 188.056396 -37.179146 78.026802 202.141296 38.833500               2747 
38.657471 194.580719 -38.111256 49.719444 218.944199 15.007943 42.267845 187.120911 -29.295603 79.174576 201.010513 44.899010               2756 
37.265545 194.937653 -31.551020 49.281071 218.335587 21.888315 40.471474 186.729462 -21.665812 78.671303 199.462128 51.260159               2766 
36.192795 194.441666 -25.036497 49.664310 217.790268 28.144499 39.298233 185.972260 -14.552584 79.219101 198.465424 57.054058               2774 
34.390060 195.446503 -18.046385 50.364742 217.589615 35.019638 37.325394 186.465927 -6.984622 79.987549 196.785400 62.811218               2784 
33.731213 194.233627 -10.991780 50.952972 217.620590 41.191994 37.037857 185.475388 0.351731 81.521179 197.676788 68.587753               2792 
40.599133 192.815399 2.091101 51.094109 217.663452 47.700451 35.970444 185.879639 7.177944 81.974579 197.208054 74.358871               2801 
45.016834 192.010742 12.230100 51.761440 217.858398 54.296925 36.149761 185.933975 14.161152 83.911110 198.000793 79.885452               2810 
47.722404 190.565765 20.406744 53.007198 217.356979 60.587036 36.950817 184.774033 21.227516 86.206429 198.387482 85.500244               2820 
47.626499 190.312668 25.986509 53.103851 217.597672 65.177460 35.959648 184.883453 26.461710 86.887848 198.746613 89.384415               2828 
51.511486 190.594513 35.058304 53.039177 217.563187 70.028908 35.432232 184.498734 31.872566 86.750259 198.740128 94.358994               2838 
53.478703 189.945587 42.211555 53.814003 217.523575 74.332069 34.945454 183.396179 37.733200 88.253471 199.392838 98.162666               2846 
54.472309 189.809769 49.092747 53.743332 217.877533 79.547966 34.947067 182.816116 43.673534 89.241783 201.172287 102.860901               2856 
56.311016 190.072708 56.000896 54.856647 218.961639 85.001892 36.589199 183.377365 49.039585 90.469856 203.200607 108.792389               2865 
56.202637 191.096252 61.441086 55.604599 220.225677 89.875114 36.629036 185.601379 52.837627 91.382050 203.972610 113.080933               2874 
56.586807 191.988052 67.200714 57.462479 221.581985 94.883583 37.306736 187.947327 56.863228 92.951485 204.268875 117.763367               2883 
56.906437 192.686020 72.162773 59.158691 222.323242 99.528412 37.890862 189.755493 60.388622 94.654465 204.032623 121.623688               2892 
56.746017 191.848618 75.485283 60.510220 221.680359 102.313515 37.683372 189.717789 63.041737 95.805267 202.370850 123.856506               2901 
56.426540 192.500946 78.040596 60.929432 222.082275 104.903450 37.351559 191.031525 65.155312 95.670784 201.674133 126.333435               2910 
56.586193 192.715042 81.838745 61.641575 223.032532 107.652824 37.452286 191.046249 68.669060 96.812111 203.151672 128.877411               2919 
57.336304 192.323212 83.920334 60.241352 223.584457 108.825165 38.966602 189.602798 69.480797 95.429520 205.790741 131.800690               2928 
56.996025 192.503845 85.925278 59.831974 224.386353 109.942528 39.193436 189.711273 70.321823 94.643013 206.934296 133.739899               2938 
56.169411 194.014282 88.859985 60.565056 226.117508 112.269951 38.544834 191.893158 72.445999 95.070145 207.695602 135.780167               2946 
55.486374 193.506897 91.507324 60.575497 226.001175 114.147034 38.130150 191.431534 74.088615 95.369110 207.701843 137.325409               2955 
54.779762 193.369217 93.333153 60.570400 225.911987 115.661079 37.595573 191.564362 75.037109 95.548576 207.331985 138.332840               2964 
54.440575 193.735733 94.099594 60.679943 226.287354 116.232613 37.634872 192.207718 74.838722 95.455597 207.327637 138.901566               2973 
54.294155 193.106934 94.513039 60.414158 225.827713 116.369781 37.802940 191.477081 74.581123 95.097122 207.037674 139.320267               2982 
53.210564 193.701080 94.355621 59.410088 227.019653 115.210678 37.342007 191.682434 73.594940 93.347969 208.455078 139.423798               2991 
50.926079 193.431335 93.444801 57.470352 227.164749 113.457947 35.990154 191.246933 71.763168 89.796043 208.236252 139.524399               3000 
50.971848 193.466751 93.028748 56.923573 227.105408 113.335587 36.456841 191.255753 70.857468 89.200958 208.319794 139.564743               3009 
50.837017 193.369446 92.810532 56.637619 226.881775 113.323601 36.597855 191.259766 70.291946 88.762276 207.937698 139.626190               3018 
50.653522 193.172409 92.828804 56.344303 226.691177 113.319801 36.644871 191.014832 70.032425 88.349541 207.752213 139.771240               3027 
50.882557 192.783417 92.418694 56.470737 226.095261 113.233749 37.139172 190.845734 69.350090 88.211044 206.826859 139.766357               3037 
51.199280 192.251816 92.172523 56.678341 225.466583 113.135979 37.750259 190.404968 68.806778 88.265419 206.058640 139.749634               3045 
51.486889 191.271790 92.413361 57.057510 224.336609 113.554344 38.601864 189.622437 68.349182 88.781952 204.738739 139.863693               3055 
52.951439 190.786118 92.525818 59.302898 223.559586 113.869560 40.498028 189.614914 67.855820 90.772873 203.106812 139.831512               3063 
53.736710 189.625336 91.679848 59.676151 222.528915 112.911827 41.690067 188.251740 66.580376 91.360840 202.511887 138.952118               3072 
56.023773 187.714996 90.574913 60.267452 220.281235 112.687431 44.173607 186.496078 65.299789 92.826942 201.140488 138.304016               3082 
57.985207 186.245499 89.095757 60.896923 218.262848 112.178833 46.284069 185.414963 63.732922 93.971405 199.543640 137.444778               3091 
58.782543 185.909149 88.839966 61.170071 218.084091 111.740623 47.236721 184.884338 63.421520 94.188171 199.822235 137.411758               3100 
60.369038 183.768616 85.863792 57.011600 215.034302 109.854179 50.798599 182.542938 59.869484 89.800476 199.720322 137.658310               3109 
62.257717 182.712723 83.556519 56.218571 212.549774 108.788971 52.714901 182.094284 58.309692 88.842384 197.805969 137.091003               3118 
63.071033 182.028595 81.993607 55.783554 210.300644 108.640747 52.925686 182.303482 57.780361 88.677925 195.252670 136.465500               3127 
63.584343 181.912201 81.705070 55.590801 209.711853 108.628983 53.190254 182.404739 57.971409 88.597466 194.948807 136.473389               3136 
64.195305 181.706543 81.121269 55.728863 209.074188 108.326096 53.435459 182.382675 57.928841 88.819893 194.407272 136.121109               3145 
64.716675 181.159943 80.169991 55.808369 207.578400 108.146515 53.492947 182.298874 57.570812 89.263016 192.766388 135.424515               3154 
65.112556 181.269943 79.597717 55.944206 206.981812 108.129303 53.547024 182.779526 57.537880 89.528763 191.882721 135.088394               3163 
65.331863 181.341599 79.489075 55.970093 206.861237 108.117661 53.560371 182.920639 57.756069 89.614601 191.833542 135.041870               3172 
65.554543 181.385071 79.357796 56.017654 206.734711 108.067123 53.641605 183.029434 57.846066 89.728859 191.791443 134.954880               3181 
66.498062 181.068008 78.852859 56.314457 205.688248 107.960205 54.440437 182.845322 57.552589 90.309250 191.060532 134.663803               3190 
67.031601 181.053131 78.344978 56.669674 205.203583 107.769943 54.795315 183.063721 57.304531 90.764519 190.448517 134.275192               3199 
67.513435 181.180984 77.953308 56.980446 204.920990 107.639923 55.040157 183.319580 57.313637 91.075485 189.973801 134.037033               3208 
67.949333 181.317535 77.462509 57.249672 204.662964 107.391205 55.151173 183.455872 57.416428 91.353195 189.547684 133.681427               3217 
68.635513 181.758804 76.872879 57.741554 204.708679 107.026802 55.469715 183.748993 57.685448 91.580383 189.123642 133.384674               3226 
69.265099 182.553101 76.143974 58.293362 204.944916 106.677437 55.597633 184.581879 57.844055 91.731667 188.465378 133.002380               3235 
70.063728 183.379547 75.620605 58.757153 205.250961 106.399323 56.157314 185.506027 57.705452 91.913689 188.323944 132.796631               3244 
70.824814 183.878571 75.385933 59.182274 205.520203 106.193130 56.747551 185.934662 57.689789 92.272865 188.657333 132.713974               3253 
71.173637 183.957123 75.211586 59.297405 205.359955 106.088226 56.951859 185.984589 57.690506 92.347633 188.480804 132.648987               3262 
71.551826 183.936508 75.032570 59.459000 205.182404 105.925385 57.242661 185.929932 57.588085 92.477341 188.351425 132.556290               3271 
71.916664 183.892548 74.836540 59.597851 204.955673 105.757500 57.564320 185.878036 57.418716 92.586952 188.166046 132.450668               3281 
72.212532 183.853546 74.695885 59.745632 204.868805 105.582664 57.843098 185.856934 57.276073 92.653755 188.090179 132.382492               3289 
72.448502 183.844315 74.603287 59.855686 204.817123 105.460472 58.040520 185.884521 57.195492 92.698738 188.050674 132.347610               3298 
72.673027 183.747650 74.498886 59.987514 204.685272 105.334915 58.211689 185.823410 57.125458 92.788086 187.929977 132.280792               3307 
72.971817 183.676224 74.565796 60.321503 204.456680 105.515472 58.401897 185.840988 57.271503 93.198616 187.616196 132.314560               3317 
73.425148 183.649017 74.768494 60.842545 204.226593 105.874321 58.728001 186.031235 57.553493 93.796379 187.228943 132.479248               3326 
73.688240 183.431503 74.932625 61.153378 203.894821 106.126419 58.836529 185.920761 57.788246 94.239685 186.910461 132.574982               3335 
73.925415 183.244644 74.980713 61.324131 203.581360 106.224480 58.982727 185.750992 57.867947 94.487282 186.654556 132.613617               3344 
73.899567 183.091858 75.103882 61.243263 203.553848 106.237099 58.863823 185.517548 57.974422 94.442749 186.834183 132.712479               3353 
73.866211 182.967819 75.191757 61.177441 203.530029 106.239944 58.724438 185.396973 58.025223 94.412178 186.971832 132.772491               3362 
73.767746 182.692871 75.208679 61.085930 203.384689 106.167358 58.472923 185.166397 58.027306 94.395111 187.020508 132.726913               3371 
73.582527 182.493179 75.223267 60.947063 203.208359 106.179977 58.144604 185.048752 58.071281 94.365982 186.950333 132.666779               3380 
73.219269 182.167557 75.554512 60.714272 203.368851 106.228149 57.646019 184.743530 58.360363 94.157349 187.410324 132.866165               3389 
72.915565 181.923431 75.715485 60.497646 203.322052 106.281837 57.240566 184.691162 58.483372 93.974442 187.476273 132.944794               3398 
72.057739 182.022400 76.448624 59.719654 204.560089 106.212776 56.595387 184.889572 58.859928 92.594795 188.891815 133.716019               3407 
71.670120 181.843735 76.549294 59.511677 204.316498 106.430931 56.134575 185.038040 58.984779 92.421036 188.425613 133.765015               3416 
71.213722 181.733093 77.133797 59.324089 204.825836 106.643402 55.674080 185.058731 59.438770 92.170738 189.131973 134.166092               3425 
70.840759 181.475952 77.630043 59.153633 205.077148 106.811325 55.336761 185.048248 59.746853 91.952133 189.578476 134.501526               3434 
70.530846 181.234818 77.965973 59.049416 205.214081 106.914711 55.094513 185.146210 59.859085 91.782669 189.772064 134.713562               3443 
70.277916 181.103806 78.230629 58.957039 205.357758 107.008224 54.893784 185.293274 59.933697 91.631760 189.935837 134.886978               3452 
69.888229 180.912445 78.538033 58.673618 205.654388 106.934433 54.577415 185.193008 60.015648 91.234344 190.464630 135.072815               3461 
69.651436 180.699753 78.661095 58.407791 205.675201 106.835640 54.385246 185.105698 59.971664 90.914177 190.686935 135.144379               3471 
69.455353 180.522934 78.786018 58.371449 205.779633 106.768120 54.208637 185.164749 59.961632 90.826523 190.841507 135.162109               3479 
69.292992 180.455566 79.162987 58.347473 206.120926 106.820885 54.126087 185.292816 60.149940 90.625038 191.258102 135.455719               3488 
68.921577 180.023514 79.673309 57.496773 206.257233 106.589508 53.958542 184.750000 60.191803 89.599785 192.345825 135.890839               3497 
68.783768 179.834259 79.975090 57.475418 206.317047 106.691124 53.892090 185.101563 60.144932 89.659897 192.626892 136.007278               3506 
68.718628 179.551056 80.187096 57.467545 206.040573 106.915985 53.807098 185.281982 60.168892 89.815430 192.460205 136.103073               3515 
68.588661 179.206375 80.403114 57.385929 205.604477 107.237961 53.604397 185.286301 60.299473 89.939880 192.084015 136.223053               3524 
68.411385 179.026825 80.627136 57.310612 205.540329 107.386086 53.417435 185.310104 60.400791 89.956734 192.122574 136.315186               3533 
68.394821 178.959061 80.777023 57.436069 205.652756 107.410660 53.388664 185.378586 60.453468 90.136688 192.322235 136.318527               3543 
68.223312 178.854233 80.751160 57.292503 205.651840 107.287476 53.242599 185.366974 60.363453 89.980484 192.386353 136.239517               3552 
68.301605 178.203400 81.378693 57.514385 205.228577 107.736038 53.149975 184.868332 60.848751 90.518494 192.375275 136.514847               3579 
68.236504 178.127243 81.481354 57.403954 205.235168 107.732788 53.112465 184.899628 60.814468 90.419533 192.535721 136.566696               3588 
68.099464 177.853622 81.694550 57.043083 205.128998 107.673798 52.996429 184.754578 60.738174 90.139702 192.961517 136.643860               3597 
68.153511 177.181824 82.994850 55.417603 205.371689 107.161476 53.677082 183.143753 60.903336 87.834053 195.694992 137.792068               3606 
68.123871 176.837234 83.814743 54.450317 205.522522 106.855507 54.065163 182.483994 60.936741 86.417953 197.336014 138.379303               3615 
67.928764 176.549728 83.734230 54.380569 205.264252 106.808182 53.878902 182.672623 60.684456 86.367813 196.954086 138.279678               3624 
67.742737 176.205780 84.503555 53.487156 205.474747 106.421349 54.072243 181.897141 60.794682 85.010788 198.516876 138.678848               3633 
67.348999 175.848785 85.086784 52.602211 205.619186 105.975464 54.143658 181.347809 60.742577 83.549156 199.602432 138.972183               3642 
67.276009 175.520370 85.226669 52.392124 205.403366 105.851273 54.234928 181.266281 60.564083 83.164108 199.609406 139.050858               3651 
67.219200 175.314484 85.328461 52.272549 205.296082 105.758881 54.289696 181.403107 60.372543 82.929268 199.646942 139.089798               3660 
66.849037 174.650833 83.657516 52.964542 204.219727 106.304710 54.082863 183.000137 59.690819 84.061859 196.787491 138.868744               3669 
65.830070 173.414124 82.705406 53.383595 204.678146 106.489243 54.941101 183.205017 60.100761 84.012344 197.659912 139.584900               3678 
65.424583 172.685776 82.473907 53.648857 204.930542 106.662605 55.591293 183.513184 60.360931 83.930359 198.203918 140.136200               3687 
65.314209 172.287827 82.450844 53.886517 205.029892 106.739342 56.093567 183.862808 60.422211 83.918808 198.442322 140.464157               3696 
64.936188 171.791931 82.625931 54.087181 205.387573 106.900871 56.769608 183.925385 60.839489 83.686127 199.286469 141.097015               3705 
64.461349 171.349747 82.739655 54.213387 205.636597 107.089050 57.289036 184.161850 61.166809 83.405067 199.765320 141.673325               3714 
64.069855 170.847702 82.886414 54.411102 205.785950 107.247993 57.786961 184.244736 61.479053 83.297943 200.231110 142.139145               3723 
63.681736 170.321869 82.924332 54.993198 205.516678 107.773758 57.928879 184.708450 61.764999 84.011444 199.521698 142.482544               3732 
63.110405 169.957870 82.724770 54.893627 205.613800 107.692421 58.255947 185.058167 61.778938 83.620293 199.930359 142.694916               3741 
62.365486 169.736984 83.989914 55.512497 206.677322 108.103828 59.162876 185.195526 62.853626 83.363876 201.266525 143.849060               3750 
61.576588 169.600677 85.261948 56.275845 207.608536 108.635017 59.871639 185.384048 63.984978 83.415825 202.249435 144.931015               3759 
60.814213 169.514069 86.056091 56.753349 208.351837 108.913101 60.573162 185.646027 64.770088 83.157494 203.169144 145.773087               3768 
59.978077 169.495346 86.843628 57.039467 209.099228 109.222099 61.285118 185.877167 65.605438 82.589661 204.187408 146.715561               3777 
59.344257 169.287964 86.733765 56.766510 209.445801 108.856445 61.961723 185.985275 65.709343 81.391594 205.052917 147.027191               3787 
58.729378 169.505264 87.487030 57.183102 210.239639 109.306740 62.668896 186.542862 66.619850 81.176270 206.124924 147.908493               3797 
58.343361 169.628204 88.342583 57.681694 210.885605 109.790810 63.509220 186.923370 67.567810 81.021759 207.102997 148.824524               3805 
58.053463 169.373047 87.948639 57.631149 210.664139 109.691711 63.845238 187.515411 67.337296 80.782356 206.815689 148.831329               3814 
57.819023 169.100937 87.542183 57.486877 210.365814 109.547279 64.089989 188.063828 67.088203 80.422142 206.396606 148.801788               3823 
57.613831 168.608109 86.840645 57.749191 209.481491 109.666130 63.784462 188.627945 66.675201 81.308319 204.781265 148.467850               3832 
57.393440 168.117996 86.019836 57.804276 208.662262 109.482750 63.442223 189.216171 66.086082 81.884743 203.434692 147.895004               3841 
57.364727 167.889999 85.413864 58.120605 208.097885 109.452049 63.159332 190.050934 65.703133 82.867523 202.368561 147.365936               3850 
57.404190 167.643936 85.021637 58.648998 207.615311 109.450455 62.925838 190.415222 65.544495 83.989967 201.464355 146.903076               3859 
57.415344 167.535370 84.528152 58.736900 207.268311 109.352592 62.755726 190.868622 65.326683 84.313065 200.799500 146.591171               3868 
57.377213 167.459915 84.187721 58.775467 207.037476 109.294205 62.558403 191.194153 65.244263 84.512428 200.359802 146.384842               3877 
57.356361 167.374603 83.900932 58.838535 206.847153 109.215935 62.351513 191.467422 65.169067 84.772156 200.049500 146.147446               3886 
57.145790 167.400589 83.747192 58.777451 206.864594 109.177399 62.123146 191.740433 65.178116 84.805878 200.041077 146.037384               3895 
55.771343 167.781433 84.020241 57.684696 207.979614 108.506424 61.547058 191.663681 65.100227 82.962936 201.924561 146.017014               3905 
55.459972 167.786835 83.938759 57.816936 208.187653 108.361687 61.630360 191.682571 65.126602 82.979034 202.263153 145.971085               3913 
54.979454 167.686371 84.073357 57.548130 208.590714 108.028191 61.860931 191.410660 65.212624 82.106293 203.248016 146.120850               3922 
54.602680 167.704041 83.906273 57.696495 208.892822 107.880707 62.233379 191.397675 65.333687 81.860046 203.790894 146.257660               3931 
54.204922 168.061172 83.857643 57.783474 209.703384 107.817619 63.119846 191.548935 65.763496 80.913345 205.049057 146.882233               3940 
53.699665 168.278839 83.495255 57.729095 210.321533 107.777023 63.720707 191.717514 66.127861 80.090706 206.155548 147.340912               3949 
53.202621 168.375809 82.838661 57.647926 210.683472 107.659729 64.139778 191.953140 66.208969 79.509926 206.893570 147.539398               3958 
52.728024 168.344101 81.876617 57.446110 210.834656 107.433037 64.472076 192.256134 66.075043 78.904709 207.358353 147.559616               3967 
52.218563 168.267410 80.851814 57.051678 210.981812 106.987900 64.848755 192.474976 65.779427 77.863571 207.871078 147.483414               3976 
51.663803 167.944077 79.441513 56.559025 211.069824 106.087761 65.270279 192.266678 65.230568 76.533348 208.609665 147.047150               3986 
51.265072 167.666306 78.096207 56.204124 211.021103 105.496597 65.573616 192.212463 64.819206 75.645241 208.989838 146.735107               3995 
50.588234 167.375092 76.422653 55.675060 210.812653 104.754944 65.656738 192.272293 64.135101 74.613922 208.958740 146.234818               4004 
50.048012 167.486801 74.720261 55.356243 210.822021 104.232422 65.768951 192.607529 63.602524 73.886185 208.895401 145.893280               4012 
49.494343 167.909393 72.457306 55.125225 210.976700 103.545174 66.068405 193.091507 62.946281 72.978729 208.735062 145.484711               4022 
49.209858 168.254852 70.825996 55.004547 211.150482 103.130859 66.388245 193.468582 62.596508 72.328796 208.762924 145.283768               4031 
48.890240 168.496582 69.619133 54.828178 211.314575 102.802704 66.521004 193.882767 62.283878 71.869011 208.905060 145.069748               4040 
51.462715 168.013168 62.212643 53.727936 206.561646 100.964409 67.203995 195.399368 58.852680 70.361732 200.085007 142.965210               4049 
54.365540 167.357010 58.603951 52.719482 204.601151 98.935486 67.839134 196.047195 56.800797 69.021233 198.118027 141.065277               4058 
55.015915 167.515808 57.405632 52.476391 204.619537 98.266190 67.896767 196.414886 56.204453 68.722153 198.479294 140.468918               4067 
55.023655 167.627090 56.498402 52.286530 204.980255 97.838089 67.878197 196.360245 55.932686 68.345871 199.351120 140.183197               4076 
55.042583 167.763382 55.486080 52.303886 204.954346 97.760193 67.903984 196.333145 55.866425 68.326088 199.379456 140.126541               4085 
55.051609 167.875870 54.615044 52.234001 204.945694 97.702118 67.898796 196.307022 55.839607 68.159317 199.441254 140.114182               4094 
55.420307 167.993683 53.629528 52.600304 204.660706 97.547691 68.065742 196.421249 55.537003 68.772888 198.996002 139.844925               4103 
56.209293 168.563019 51.406258 52.747131 203.643173 96.887184 68.239578 197.020813 54.624729 69.016014 196.882889 138.986115               4112 
56.337311 168.563644 51.007511 52.885063 203.579483 96.840019 68.164993 196.992615 54.493046 69.353523 196.924408 138.878067               4121 
56.388027 168.706070 50.122433 52.914280 202.946625 96.744774 67.913391 197.066391 54.183949 69.660904 195.776260 138.587738               4130 
56.678139 168.416550 49.998901 53.004112 202.864029 96.720116 67.998894 196.835754 54.173012 69.781792 196.044556 138.609283               4139 
57.510246 167.714020 50.090916 53.502098 202.651382 96.719460 68.510971 196.280441 54.248856 70.353951 196.566956 138.691986               4148 
58.146931 167.172592 50.121307 53.893341 202.484329 96.718948 68.895248 195.904312 54.316830 70.795563 196.978455 138.751053               4157 
58.297264 166.781952 50.129253 54.104424 202.449951 96.747025 69.065254 195.701843 54.460327 70.915802 197.289810 138.859360               4166 
58.367104 166.300095 50.033104 54.384705 202.205002 96.817894 69.203629 195.507004 54.648109 71.163818 197.264282 138.969391               4175 
58.389267 165.848434 49.728680 54.645973 201.596024 96.826157 69.296837 195.503067 54.748898 71.388763 196.420685 138.963943               4184 
58.455948 165.502945 49.336487 54.830978 200.710052 96.878120 69.266388 195.596771 54.809616 71.679810 195.058502 138.912323               4193 
58.440865 165.225494 49.127548 54.968040 200.151489 96.905396 69.180977 195.701874 54.890919 71.931076 194.242996 138.858261               4203 
58.004696 164.970581 49.424503 55.164009 200.238937 97.057686 69.045158 195.679031 55.087696 72.287117 194.433548 138.959885               4211 
57.378246 164.597351 50.112110 55.267910 200.722000 97.236763 68.958641 195.443130 55.428879 72.296768 195.317825 139.230942               4221 
56.949997 164.377762 50.493172 55.262901 200.953781 97.395424 68.890541 195.274612 55.688099 72.185524 195.746948 139.457428               4230 
56.565689 164.226196 50.705437 55.237755 201.067383 97.578407 68.831436 195.209793 55.937298 72.080444 195.963654 139.685104               4238 
56.132839 163.936340 51.112022 55.342922 201.188232 97.847313 68.837357 195.044312 56.267685 72.160263 196.277649 139.987091               4247 
55.714554 163.691223 51.485504 55.351662 201.368835 98.092194 68.849785 194.920090 56.622929 72.031532 196.690216 140.312927               4257 
55.393745 163.507980 51.625149 55.530663 201.317627 98.336708 68.934708 194.915344 56.911621 72.181923 196.637512 140.568573               4266 
55.116035 163.391144 51.701256 55.650097 201.306396 98.527267 68.987564 194.976227 57.152973 72.264717 196.641403 140.775223               4275 
54.956329 163.397903 51.607235 55.688786 201.304520 98.657379 69.055244 195.132751 57.321533 72.220901 196.623672 140.935944               4284 
54.840508 163.408386 51.417103 55.728886 201.099396 98.875237 69.155594 195.195358 57.551239 72.147003 196.235016 141.177505               4293 
55.230488 163.894424 50.792015 56.032352 200.466293 99.381157 69.448380 195.567825 57.919315 72.517288 194.812607 141.559128               4302 
55.506237 164.307129 50.235340 56.322605 199.925690 99.752632 69.612671 195.833908 58.150501 72.992188 193.648880 141.769592               4311 
55.200291 164.435242 50.833027 56.260284 200.744186 100.080025 69.667984 195.836273 58.568981 72.710152 195.003387 142.259918               4320 
55.265652 164.624069 50.565758 56.263226 200.281616 100.471657 69.823341 195.991653 58.843658 72.635223 194.073593 142.615646               4329 
55.465343 164.834793 50.281372 56.358574 200.063919 100.649330 70.013954 196.224884 58.924294 72.712784 193.608047 142.762985               4338 
55.583679 164.987732 50.057995 56.417629 199.929092 100.759377 70.144005 196.399673 58.958939 72.761696 193.319916 142.853180               4347 
55.671669 165.125824 49.849800 56.464634 199.821777 100.846962 70.269653 196.582718 58.967838 72.801102 193.090698 142.924393               4356 
55.767899 165.251175 49.673847 56.522678 199.684692 100.958694 70.408653 196.756104 58.992458 72.864746 192.811600 143.010986               4365 
56.025303 166.429504 49.331352 56.883743 199.737656 101.427513 70.773094 197.642532 59.348789 73.202164 191.937546 143.326981               4374 
56.470070 167.311630 49.146488 57.176769 199.827087 101.804543 71.042053 198.285873 59.552376 73.549202 191.501709 143.581680               4383 
56.854088 167.872330 48.976353 57.374805 199.877655 102.035767 71.226135 198.517914 59.543022 73.802773 191.295471 143.739075               4392 
57.170918 168.236618 48.624031 57.558300 199.898132 101.953735 71.360359 198.662201 59.212749 74.127853 191.205719 143.578125               4401 
57.578701 168.536819 48.306915 57.806564 199.810043 101.927834 71.506790 198.893707 58.987125 74.619827 191.037674 143.437561               4410 
57.809002 168.716354 48.074490 57.995190 199.799622 101.887863 71.546288 198.876144 58.718887 75.047478 191.076965 143.310471               4419 
57.994854 168.840775 47.872112 58.148087 199.826065 101.811867 71.589828 198.899963 58.449451 75.415062 191.200882 143.165894               4428 
58.132099 168.919540 47.741570 58.283669 199.864624 101.745316 71.632332 198.918198 58.211910 75.738754 191.334488 143.040054               4438 
58.385487 168.655518 47.919464 58.171581 199.957275 101.754295 71.684265 198.763504 58.198925 75.572205 191.847931 143.156647               4446 
58.591427 168.276505 48.057552 58.212990 200.026169 101.674904 71.738579 198.386993 58.016685 75.688950 192.402893 143.137833               4455 
58.866489 167.955597 48.082066 58.389965 199.989395 101.582176 71.809120 198.173355 57.842503 76.069305 192.776733 143.032333               4464 
59.203400 167.533554 48.255226 58.687111 200.112930 101.489822 71.939995 197.939285 57.677139 76.630936 193.538025 142.932404               4473 
59.433376 166.894669 48.498127 59.158550 200.470993 101.161018 72.096458 197.581039 57.240734 77.501892 194.831711 142.566559               4482 
59.672264 166.490677 48.614422 59.338818 200.690689 100.930786 72.294930 197.391922 57.011246 77.729568 195.641083 142.391373               4492 
59.641262 166.135361 48.745308 59.471546 200.943649 100.720245 72.341080 197.304169 56.780994 78.003448 196.436188 142.180450               4501 
59.377785 165.709488 48.885620 59.151653 201.227448 100.483665 72.281502 196.920395 56.664978 77.419823 197.278076 142.117477               4510 
59.189960 165.532211 48.975719 58.913296 201.413193 100.453674 72.299408 196.741806 56.737885 76.935402 197.793777 142.224503               4519 
58.895458 165.343506 49.042088 58.477329 201.569351 100.445908 72.241028 196.542709 56.884338 76.142212 198.303177 142.398041               4528 
58.477356 165.158447 49.191460 57.592548 201.978439 100.436829 72.122337 196.364502 57.217838 74.524796 199.381119 142.736359               4537 
58.091999 165.194672 49.405533 57.284927 202.396210 100.688873 72.527153 196.130951 57.799564 73.471825 200.165497 143.299973               4546 
58.108910 165.398911 49.011703 57.124310 202.136200 100.918503 72.861702 196.232407 58.149235 72.962799 199.898727 143.659988               4555 
57.938904 165.830856 48.525223 57.131710 202.158646 100.914978 73.040894 196.679977 58.189445 72.929596 199.943802 143.672653               4564 
57.636776 166.402756 47.864372 57.286163 202.207504 100.969582 73.299332 196.924789 58.300861 73.081520 200.100876 143.733673               4573 
57.384369 167.111389 47.089096 57.532429 202.246887 101.068008 73.605042 197.079315 58.451149 73.355507 200.266296 143.827866               4582 
57.120655 167.936035 46.297688 57.758301 202.329651 101.219925 73.877747 197.132080 58.659851 73.612434 200.548767 143.977066               4591 
56.800846 167.792175 47.416462 57.800125 202.865509 102.337021 74.451553 196.255661 60.238911 73.048767 202.104492 145.343964               4600 
56.602974 167.341782 48.721867 58.168709 202.916946 103.701790 75.083458 195.136017 61.987328 73.085678 203.053772 146.831406               4609 
56.336029 167.521439 49.100849 58.326061 202.949463 104.587334 75.488266 194.709305 63.143528 73.050697 203.690521 147.776855               4618 
56.108829 167.068985 49.800377 58.317730 202.736664 105.488312 75.778732 194.078964 64.395744 72.820946 204.297943 148.730850               4627 
55.801758 166.641998 50.337078 58.169949 202.462158 106.277756 75.854797 193.729019 65.467644 72.584694 204.834503 149.512985               4637 
55.590321 165.917664 50.911942 58.183434 201.912460 107.027214 75.969513 193.218430 66.398727 72.640411 204.993835 150.203583               4645 
55.355804 165.255493 51.051617 58.297417 200.983673 107.553879 76.074966 192.711441 66.943130 72.919968 204.378204 150.650940               4655 
55.167671 164.384689 51.448467 58.457947 199.666779 108.358879 76.262680 192.199097 67.706596 73.267738 203.155472 151.384415               4664 
55.117672 163.159164 51.963257 59.016083 198.445557 108.899384 76.758186 191.683090 68.152611 74.186172 202.160690 151.780197               4672 
54.658779 161.939285 52.908466 59.404999 198.023178 109.308769 76.942406 191.511505 68.458908 75.123787 202.516769 151.916580               4682 
53.989292 161.273071 53.401562 59.567654 197.649277 109.563385 76.903839 191.484024 68.581924 75.759827 202.551300 151.948303               4691 
52.742298 159.954330 55.054131 58.620243 198.070282 110.018181 76.384262 191.040451 69.354965 74.638458 204.318710 152.291946               4700 
50.389198 159.471588 54.541065 57.443928 197.259018 109.465744 75.448967 190.938354 68.857132 73.533447 203.131836 151.766281               4727 
49.730846 159.436249 54.389194 57.125698 197.019318 109.320816 75.212280 190.942123 68.732315 73.209206 202.744705 151.643845               4736 
49.093636 159.546600 53.977242 56.785950 196.727676 109.049797 74.943588 191.063171 68.491447 72.852448 202.251480 151.406067               4745 
48.736221 159.819885 53.787411 56.317478 196.898758 108.880478 74.679131 191.352188 68.486572 72.157448 202.700760 151.284836               4754 
49.129311 160.430420 52.091553 56.265469 195.908371 108.245049 74.870636 191.748001 67.834641 71.847481 200.901550 150.847473               4763 
48.803272 160.968140 51.744762 56.191040 196.021667 108.151871 74.833244 191.913406 67.777840 71.732635 201.131973 150.755173               4772 
48.440620 161.718948 51.215218 56.193512 196.111786 108.133865 74.871147 192.116562 67.792625 71.728554 201.296310 150.730591               4781 
48.453350 162.797943 49.723106 56.214447 195.538849 107.806618 74.987267 192.512878 67.454727 71.660896 200.165848 150.499664               4790 
48.639851 164.001709 48.003124 56.506618 194.721420 107.422928 75.191559 193.232697 66.980782 72.095024 198.552872 150.143173               4799 
48.725555 164.896317 46.772766 56.732075 194.108810 107.156670 75.459648 194.079758 66.737892 72.438583 197.361557 149.881638               4808 
48.418159 165.136749 46.875687 56.677498 194.804565 107.328674 75.583969 194.093140 67.040024 72.320229 199.005676 149.994278               4817 
48.127064 165.158173 47.179012 56.612907 195.474854 107.582695 75.631767 193.931915 67.397987 72.240181 200.728012 150.137253               4826 
47.975471 165.513550 47.038105 56.424072 195.673126 108.007561 75.571938 193.855423 67.922020 72.015610 201.760727 150.463928               4835 
47.737049 165.553467 46.926167 56.470081 195.415359 108.464386 75.567574 193.607834 68.361488 72.268211 201.988754 150.771683               4844 
48.114128 165.167969 47.307472 57.043743 194.954163 109.241615 76.259964 192.922012 69.236427 72.851662 202.018646 151.466019               4853 
48.055729 164.874985 47.537224 57.286930 194.477158 109.737671 76.438614 192.742111 69.758255 73.249321 201.728088 151.872269               4862 
48.150913 164.218155 48.069298 57.174057 194.359512 110.178886 76.680702 192.520065 70.425575 72.904999 202.162918 152.301834               4871 
48.143250 163.448349 48.636971 57.794098 193.387787 110.876106 77.254990 192.042633 71.150276 73.807335 201.268997 152.878021               4880 
47.898842 162.621735 49.079880 57.843330 192.665512 111.295349 77.272873 191.924286 71.589233 74.059052 200.828018 153.165649               4889 
47.816174 161.938156 49.441425 58.029774 192.327255 111.499603 77.450027 191.991547 71.822792 74.414764 200.886246 153.224579               4899 
47.600216 161.254349 49.860104 58.098763 192.023926 111.707687 77.610916 192.226364 72.088257 74.632645 200.916580 153.303955               4907 
47.447124 160.912445 50.065685 58.032185 191.934464 111.782806 77.714111 192.547867 72.270409 74.578323 201.042847 153.327484               4916 
47.134769 160.143097 50.579655 58.008965 191.716202 111.960716 77.727623 192.059860 72.499878 74.644318 201.192657 153.387283               4925 
46.837288 159.735733 50.933693 57.781212 191.784378 112.028618 77.571976 191.942856 72.605125 74.421722 201.631790 153.366486               4934 
46.473068 159.396500 51.310677 57.560535 191.818939 112.141930 77.315811 191.832672 72.691742 74.284317 201.974869 153.371414               4943 
46.354729 159.245316 51.564167 57.555870 191.795166 112.262512 77.302559 191.868546 72.786331 74.344589 202.090027 153.431107               4952 
45.832577 159.255356 51.744492 57.356785 192.024323 112.229202 77.147255 191.772369 72.764923 74.235191 202.441483 153.330307               4961 
45.307678 159.690048 51.546604 57.026722 192.253021 112.072510 76.857079 191.802856 72.629456 73.935974 202.651443 153.165680               4971 
44.983421 160.454514 51.140388 56.579922 192.797516 111.808441 76.505547 192.234970 72.416069 73.390625 203.331223 152.907593               4980 
44.960651 161.606644 50.479645 56.639790 193.219269 111.534752 76.647438 192.637756 72.184547 73.431030 203.542725 152.695160               4989 
44.969925 162.801743 49.766640 56.831062 193.491913 111.302338 76.856720 192.869019 71.961586 73.683189 203.574524 152.497543               4998 
45.172169 164.145447 48.832996 56.834919 193.678284 111.087891 76.938942 193.289368 71.784294 73.606285 203.534653 152.370712               5007 
45.390514 165.346817 47.993515 56.920383 193.725235 110.991806 77.026672 193.581909 71.689499 73.685532 203.413956 152.316818               5016 
45.584103 166.206833 47.377914 56.928394 193.907883 110.905426 77.079865 193.835159 71.630157 73.661491 203.637100 152.233917               5025 
45.747616 166.862091 46.851524 56.954136 193.936478 110.856049 77.156288 193.994888 71.602554 73.684166 203.681091 152.182144               5034 
45.902321 167.435501 46.330803 56.992195 193.911560 110.819061 77.247467 194.147644 71.582298 73.731285 203.647202 152.143600               5043 
46.061901 167.888275 45.762234 57.046944 193.807571 110.692566 77.341125 194.479263 71.471985 73.806808 203.520325 152.014084               5052 
46.090439 168.182755 45.353790 57.035957 193.806580 110.624458 77.364304 194.762527 71.448166 73.831657 203.577759 151.917633               5061 
46.171753 168.420441 45.037258 57.031239 193.803970 110.619499 77.400673 195.004120 71.500832 73.829254 203.621857 151.900650               5070 
46.845642 168.466583 43.158806 57.785545 191.153351 109.837952 77.626709 195.080933 70.659111 74.854263 199.728180 151.284653               5079 
47.638611 168.137924 41.744175 58.030281 189.428696 108.993980 77.615196 195.326263 70.009315 74.941467 197.510086 150.604080               5088 
47.636776 167.818054 41.981850 57.964699 189.536362 109.135139 77.575272 195.365112 70.217499 74.845993 197.936172 150.694290               5097 
47.468864 167.108734 42.504242 57.973549 189.602692 109.397675 77.586945 195.117126 70.497856 74.939728 198.490387 150.820572               5106 
47.644196 165.377731 44.420105 58.535645 189.865295 110.580109 77.976036 194.331635 71.516754 75.726913 200.050522 151.609604               5115 
47.201065 162.354645 48.761726 57.770107 189.613647 113.929466 78.065170 191.764816 75.131210 74.580811 201.284348 154.720306               5124 
47.251308 161.776093 49.841381 57.705849 188.423065 115.313820 78.470528 190.649506 76.790901 74.328331 199.590591 156.322083               5133 
47.292221 161.974014 50.408348 58.077515 187.899918 116.124474 78.986214 190.277466 77.714706 74.791817 198.496124 157.246857               5142 
47.277195 161.506973 52.562794 57.614025 188.762924 117.814423 79.249763 189.933395 79.781784 73.874535 200.031204 158.940079               5151 
47.587921 160.708298 54.916428 58.007637 188.933594 119.730919 80.434921 188.538040 82.145622 73.979034 200.518921 160.881775               5160 
47.000904 160.094299 57.244301 57.985264 189.513733 121.431450 80.662491 188.175705 84.014427 74.076103 201.798904 162.332031               5170 
47.194202 160.312607 59.054459 58.943897 190.312119 122.861877 81.799683 188.032684 85.604370 75.233398 202.885376 163.595932               5178 
47.157494 161.054871 59.817154 59.691204 190.400009 123.818161 82.573738 187.951355 86.619888 76.196579 202.577209 164.585632               5188 
47.229118 160.867798 60.371994 59.914780 190.566986 124.217224 82.842575 187.915207 87.080460 76.351402 203.098129 164.905136               5196 
46.854179 161.519852 60.611423 59.416237 191.644638 124.306328 82.580833 188.732361 87.362885 75.582275 204.522903 164.994247               5206 
46.599735 161.814804 60.547626 59.669373 191.715683 124.257828 82.710274 188.583618 87.354866 75.935944 204.479065 164.941879               5215 
46.533161 162.574493 59.436661 59.505371 191.180725 123.774246 82.309105 189.068756 86.858353 75.645088 203.314087 164.700882               5224 
46.446461 163.409958 58.779659 59.628227 191.010071 123.560928 82.154007 189.446411 86.620667 75.810257 202.628128 164.620163               5233 
46.518353 164.641068 58.000839 59.861141 190.715378 123.480583 82.143456 189.822067 86.605881 76.027443 201.450531 164.785614               5242 
46.769741 166.341904 57.246319 60.602859 190.235825 123.589516 82.558090 190.174576 86.737122 76.927765 199.630035 165.158066               5251 
46.742668 167.562820 56.897758 60.873020 191.185059 123.506401 82.710495 190.334946 86.871048 77.127258 200.489883 165.122726               5260 
46.992443 169.108826 56.920303 60.857319 193.044678 123.821785 82.771461 190.733841 87.636299 76.672737 202.722641 165.522003               5269 
47.237732 170.626495 56.652630 61.371086 194.339035 124.044479 83.089783 190.717545 88.143333 77.059052 204.089142 165.776016               5278 
47.264004 171.730591 56.075325 61.572052 194.772079 124.109138 83.019562 190.384628 88.381882 77.153854 204.386978 165.911758               5287 
47.309055 172.631378 55.374573 61.625523 195.021622 124.150116 82.881287 190.158005 88.565094 77.051926 204.564453 166.026825               5296 
47.235058 173.374313 54.552471 61.655994 194.973785 124.117409 82.659958 189.875946 88.584236 77.018425 204.376160 166.049362               5305 
47.881275 183.213318 56.419666 55.686668 200.408630 113.657677 63.783283 179.818909 73.290489 70.513252 188.861603 155.245377               5314 
46.421337 185.939651 50.969463 52.087517 204.346725 108.007713 57.624290 182.621033 58.617706 72.055130 187.528061 145.439316               5323 
45.881058 188.911163 46.886265 50.383373 206.266998 104.913780 55.421459 187.019318 52.167328 73.212234 188.152267 140.033539               5332 
45.761826 190.328918 44.986893 50.427769 206.594193 103.587700 54.335041 190.106506 49.528061 74.671204 187.749161 137.348907               5341 
46.927883 189.966431 44.614101 50.628464 206.121643 103.265442 54.125896 191.589798 48.506924 75.420219 186.617386 136.244995               5350 
47.405621 189.770538 44.323578 50.549019 206.062164 102.971779 53.884708 192.332779 47.939766 75.761688 186.539963 135.619949               5359 
48.565109 188.739899 44.918888 50.136341 206.123169 102.668060 53.634434 192.764771 47.504208 75.923927 187.113663 135.169403               5369 
49.122032 187.903717 45.289066 49.759499 206.167816 102.489120 53.460800 192.680252 47.336613 75.878334 187.732620 135.056717               5377 
49.473831 187.287186 46.117420 50.362408 206.221451 103.116440 53.770176 192.210281 48.047138 76.838448 188.331879 135.699890               5387 
49.568489 186.520584 46.875549 51.002880 206.076202 103.660629 53.805603 191.585663 48.664307 77.966484 188.661392 136.101135               5395 
52.196079 183.899551 48.972969 52.518780 205.731796 104.927299 56.244328 189.212891 50.555138 78.906914 189.583176 138.477066               5404 
53.456516 182.212128 50.530014 53.270683 205.368851 105.894142 57.262928 187.783112 51.874344 79.494987 189.946854 139.910980               5413 
54.480473 180.884018 51.820713 54.188789 204.757523 106.744797 57.951321 186.739990 52.848145 80.495697 189.593384 140.813751               5422 
54.811146 179.996201 52.755520 54.280033 204.522949 107.191116 57.805889 186.231216 53.364285 80.752060 189.601364 141.239258               5432 
55.290398 178.842392 53.874336 54.504025 204.072983 107.814140 57.704567 185.615158 54.017105 81.374161 189.531326 141.714493               5441 
55.697430 177.703110 54.898373 54.516819 203.584061 108.415710 57.619804 184.950394 54.668316 81.828331 189.658157 142.221756               5450 
56.036602 176.939941 55.470390 54.531742 203.575439 108.467018 57.528011 184.596497 54.838894 81.963219 190.006485 142.321060               5459 
56.471470 175.161560 56.768585 53.897301 204.260574 108.276489 57.540031 183.413239 55.410233 81.293404 192.520432 142.835434               5468 
56.860207 173.718689 57.820869 53.891762 204.655518 108.236519 57.537792 183.216370 56.351627 81.234062 194.328659 143.285812               5477 
57.120255 172.469696 58.700344 53.766403 204.835571 108.195488 57.713280 183.271057 57.008366 80.648399 195.329086 143.828094               5486 
56.411442 172.330078 57.603306 54.649067 201.831635 108.940964 56.746395 184.023590 56.649696 82.733215 190.421860 143.055420               5495 
56.499115 172.504135 56.777130 54.893589 200.400940 109.012245 56.276310 184.548035 56.385239 83.914093 188.756012 142.252350               5504 
56.153534 174.404984 55.532215 54.701210 199.854492 108.991501 55.658306 186.693130 55.871769 83.863625 186.666687 141.523544               5513 
56.101425 175.034714 55.244076 54.602688 199.884766 108.948761 55.343143 187.524872 55.819508 83.778404 186.259811 141.288147               5522 
55.968166 176.324905 54.805191 54.235237 200.481018 108.789505 55.032780 188.974930 55.588211 83.267387 186.327652 141.031006               5531 
55.995407 177.535385 54.136215 54.044193 200.623215 108.559959 54.867119 190.251221 55.263336 82.884315 185.695251 140.623978               5540 
56.026432 178.648911 53.448074 53.891994 200.705414 108.277710 54.724831 191.391434 54.906239 82.556519 185.055771 140.154541               5549 
56.060184 179.904861 52.708920 53.674206 200.598770 108.045166 54.614494 192.643555 54.535603 82.168465 184.102249 139.646423               5559 
56.039436 180.765442 52.405869 53.735214 200.867172 107.963509 54.539276 193.493057 54.398903 82.268997 184.021622 139.344223               5567 
56.064438 181.284485 52.183693 53.767368 200.852692 107.952377 54.411041 193.885223 54.391586 82.380981 183.795929 139.145737               5576 
56.139481 182.959412 51.559395 54.098202 200.981018 107.937386 54.250393 195.120514 54.321053 83.082741 183.398224 138.489639               5589 
56.055859 183.514847 51.323433 54.150726 201.019852 107.936531 54.166252 195.415802 54.313969 83.250542 183.314575 138.307938               5594 
55.890160 185.033966 50.737881 54.459763 201.403687 107.859459 54.059311 196.475891 54.187252 84.035095 183.609634 137.715271               5603 
55.898399 185.431152 50.565647 54.477585 201.452164 107.821991 54.038906 196.667740 54.143436 84.153610 183.662079 137.580078               5612 
55.814068 185.840118 50.351040 54.573223 201.440872 107.815300 54.082645 196.861221 54.112720 84.319572 183.583649 137.462753               5621 
56.068409 186.687057 50.025864 54.993504 200.816055 108.018242 54.555172 197.291718 54.235718 84.708557 182.353546 137.324371               5630 
56.563789 186.365646 50.028465 55.687222 200.886505 108.053574 55.119778 196.638687 54.348320 85.594902 182.986496 137.512329               5640 
56.925011 186.372314 50.015259 55.949135 200.704605 108.166275 55.536434 196.449371 54.467857 85.796326 182.854813 137.716705               5649 
57.366230 186.529694 50.129822 56.557693 199.978455 108.566452 56.068813 196.428177 54.816189 86.449608 181.756516 137.843277               5657 
57.551960 186.357147 50.264202 57.089760 199.167725 108.903587 56.320515 196.161667 55.107765 87.172531 180.722778 137.843323               5667 
57.230415 186.306915 50.115791 57.214016 199.221512 108.974976 56.470043 195.942413 55.121368 87.299950 180.994827 138.049393               5676 
57.043026 186.245560 50.064857 57.235641 199.360718 109.017868 56.619690 195.823547 55.095055 87.240913 181.305069 138.281754               5685 
57.216343 186.306564 50.087486 57.387527 199.180389 109.137344 56.903160 195.890045 55.139526 87.244446 180.925507 138.429337               5694 
57.405228 186.173187 50.160652 57.456600 199.132080 109.213737 57.144787 195.869324 55.143620 87.182907 180.876053 138.637589               5703 
57.546711 186.087479 50.222542 57.424557 199.132217 109.268463 57.294437 195.913696 55.139591 87.030281 180.898483 138.827393               5712 
58.027615 185.698746 50.228691 57.109524 199.297318 109.152771 57.703243 195.641983 55.041283 86.247826 181.283752 139.305191               5721 
58.424828 185.177658 50.214233 56.850883 199.636520 108.927498 58.008266 195.220047 54.894600 85.601616 182.012726 139.676407               5730 
58.568569 184.928116 50.190319 56.854927 199.722580 108.822556 58.096020 195.053024 54.819458 85.463150 182.180435 139.750549               5739 
58.568851 184.801880 50.161850 56.907677 199.669769 108.775032 58.044258 195.030792 54.766205 85.464355 182.028900 139.694519               5748 
58.241776 184.669113 50.100998 57.226093 199.666534 108.699837 57.755806 194.995850 54.675915 85.932060 181.833344 139.369736               5757 
57.698456 184.817749 49.921585 57.501259 198.998001 108.739723 57.329018 195.367477 54.568550 86.527634 180.600403 138.767975               5766 
57.673473 184.420349 49.901951 56.958588 199.836609 108.414230 57.222389 195.281006 54.256638 85.789688 182.117569 139.032867               5775 
57.643360 184.276016 49.830959 56.968094 200.043823 108.255989 57.145397 195.315262 54.074673 85.832054 182.472717 138.928879               5784 
57.678944 184.243301 49.719704 57.011024 200.296249 108.064674 57.153751 195.421082 53.866734 85.794464 182.727081 138.814240               5793 
57.720901 184.225464 49.625698 57.012283 200.398544 107.926674 57.127689 195.512558 53.704147 85.739418 182.783707 138.702759               5802 
58.010864 184.348221 49.407639 56.949024 200.490433 107.663795 57.244392 195.727371 53.426666 85.447617 182.653748 138.524460               5811 
58.251156 184.722733 49.062195 56.915302 200.380722 107.388206 57.281994 196.175949 53.101921 85.274925 182.112213 138.124054               5821 
58.468399 185.504135 48.600113 56.640366 200.321381 107.096794 57.370262 196.943848 52.752979 84.734207 181.520737 137.755722               5829 
58.697323 186.601974 48.030655 56.391022 200.093628 106.829689 57.526505 197.938309 52.429054 84.204689 180.558990 137.284515               5838 
58.869843 187.160812 47.890224 56.313152 200.224777 106.782219 57.632748 198.429001 52.360081 84.026184 180.503510 137.208481               5847 
58.800774 188.511261 47.456245 56.144905 199.934189 106.678780 57.516430 199.659256 52.214703 83.841377 179.391373 136.571854               5874 
58.798256 188.904785 47.325848 56.145149 199.848831 106.633087 57.488415 200.026962 52.161465 83.860779 179.064682 136.341019               5883 
58.812122 190.458649 46.920937 55.885216 200.548904 106.354874 57.228249 201.427917 51.869728 83.928543 179.829453 135.799301               5893 
58.858028 191.666336 46.644314 55.865288 201.358688 106.126122 56.983040 202.431305 51.621483 84.371231 180.996857 135.375137               5902 
59.050484 192.151566 46.428188 56.088142 201.504425 105.963097 57.065201 202.745911 51.436989 84.738037 181.127975 135.060898               5911 
59.170452 192.408630 46.331768 56.304276 201.553406 105.899529 57.136940 202.920486 51.343281 85.114952 181.212250 134.862961               5920 
59.312763 192.339951 46.380116 56.609776 201.720810 105.913589 57.248329 202.851379 51.319202 85.626404 181.643539 134.855530               5929 
59.651363 192.117630 46.977631 56.881393 201.971649 106.431885 57.652340 202.705612 51.738377 85.878807 182.141098 135.562592               5938 
59.774860 191.983551 47.133350 56.933018 201.920914 106.573372 57.835648 202.598099 51.795330 85.898407 182.132965 135.764832               5947 
60.036709 191.008102 47.220760 56.934231 201.336578 106.577957 58.098595 201.693420 51.755669 85.704468 181.619034 136.009064               5956 
60.233086 190.014954 47.358585 56.923035 200.992874 106.586029 58.284119 200.860291 51.711872 85.581390 181.533600 136.296844               5965 
60.443363 188.948166 47.558010 57.149456 200.558670 106.677422 58.534847 199.944214 51.772377 85.710098 181.260635 136.586853               5974 
60.299671 187.842560 47.799374 57.426357 200.336426 106.773895 58.513062 199.078018 51.810612 86.070122 181.304993 136.774506               5983 
60.237755 187.350739 47.876286 57.495667 200.338791 106.774643 58.493076 198.782623 51.775944 86.172493 181.496368 136.862854               5992 
60.031525 186.135391 47.799450 57.367313 200.189667 106.465530 58.265816 197.901016 51.456703 86.123711 181.880127 136.805740               6001 
59.923611 185.855148 47.839794 57.351818 200.164276 106.467720 58.205990 197.905197 51.417736 86.092476 181.862915 136.827774               6010 
59.579548 185.253983 47.820889 57.166126 199.994308 106.362465 57.907528 197.585983 51.300587 85.822327 181.632233 136.765656               6019 
59.236164 184.647583 47.880219 56.847050 200.029114 106.242859 57.575455 197.371628 51.161728 85.337059 181.613083 136.769363               6028 
58.916508 183.665588 47.819778 56.026745 200.474518 105.707558 57.183102 196.787140 50.694481 83.964630 182.234360 136.843857               6037 
58.716927 182.690903 47.919182 55.094681 201.280228 105.171669 56.849186 196.153275 50.289864 82.534958 183.688705 137.113297               6046 
58.818390 182.356903 48.025452 55.184662 201.146118 105.188690 56.770924 196.044037 50.305080 82.742935 183.609695 137.058960               6055 
58.967186 181.732117 48.189255 55.160259 201.044449 105.114670 56.723976 195.791779 50.235134 82.797485 183.752121 137.049881               6065 
59.246696 181.248474 48.298397 55.106068 201.212234 104.939735 56.811020 195.547440 50.113239 82.680473 184.232468 137.096191               6073 
59.549763 180.760086 48.292271 55.014484 201.745041 104.531265 56.993919 195.196075 49.835880 82.394089 185.283112 137.120529               6082 
60.194077 180.783615 48.083778 54.821697 202.112762 104.111336 57.368244 195.250336 49.557938 81.867851 185.935883 137.119095               6091 
60.665768 180.781998 47.894325 54.653141 202.416779 103.719872 57.556423 195.292297 49.295746 81.486198 186.489548 137.021652               6100 
61.410820 181.210037 47.578953 54.982113 202.860367 103.336143 57.920639 195.587708 49.105198 81.630692 186.938568 136.788315               6110 
61.486366 182.280380 47.270569 55.027355 203.110580 103.334312 57.810341 196.575394 49.041950 81.842056 186.869705 136.499115               6119 
61.528488 182.659256 47.185406 55.044788 203.081421 103.367447 57.735844 196.907639 49.015457 81.893959 186.553421 136.362076               6127 
