33.869827 180.459839 123.700989                           0 
33.395206 181.347488 124.010048                          27 
14.404293 165.993851 99.751915                        18058 
16.105577 168.000519 105.061447                       18091 
19.958065 169.042892 109.639648                       18118 
20.583424 168.325729 109.906349                       18144 
20.769560 167.896790 110.310661                       18174 
21.601505 166.481323 111.628876                       18186 
24.308311 162.294373 112.006332                       18197 
25.337589 161.119125 112.276070                       18209 
25.573435 160.704285 112.356102                       18221 
25.752607 160.478973 112.175697                       18232 
25.699501 160.384247 112.090996                       18243 
25.682549 160.304626 112.031441                       18254 
25.582621 159.854248 112.159271                       18265 
25.605053 159.514938 112.159157                       18277 
25.646814 159.511993 112.057724                       18287 
25.776171 159.413940 111.905022                       18298 
26.032896 159.207962 111.568336                       18310 
26.232817 159.133209 111.304794                       18322 
26.026047 160.319656 111.487045                       18331 
26.717999 160.177216 110.528816                       18343 
26.480413 160.639359 110.075287                       18356 
26.767860 160.206467 109.858543                       18365 
26.851128 159.096786 110.031990                       18388 
27.037497 158.735931 110.016647                       18398 
26.854458 158.572769 109.605270                       18409 
26.679281 158.565384 108.961800                       18421 
26.598665 158.553375 108.468033                       18431 
26.774736 159.392197 108.080879                       18443 
26.930426 160.134857 107.956154                       18456 
27.152082 161.021011 107.999290                       18465 
26.749477 162.131989 108.409729                       18477 
26.696253 162.957733 108.774071                       18488 
26.891504 163.237701 108.551331                       18500 
26.916044 163.855255 108.473900                       18513 
26.941547 164.267670 108.365898                       18526 
26.557623 165.575745 108.322250                       18540 
25.540083 168.329330 108.219841                       18552 
24.317026 172.503799 108.523705                       18566 
24.673681 173.626251 108.656052                       18578 
23.842827 174.854050 108.456474                       18590 
23.125290 176.115860 108.354538                       18603 
21.694347 178.220596 107.971611                       18615 
20.830059 179.287689 107.637352                       18626 
20.810387 180.112946 107.144806                       18641 
21.254080 181.205643 106.853539                       18654 
21.665354 181.825729 106.367538                       18666 
22.120150 182.093948 106.327370                       18680 
23.070450 180.995056 105.451965                       18692 
23.483885 180.645828 104.921684                       18706 
23.694910 180.518936 104.724304                       18718 
28.585892 181.854233 105.954948                       18731 
30.687571 182.933914 106.371582                       18744 
31.303288 183.212479 106.541000                       18757 
31.498240 183.296570 106.643700                       18770 
31.453157 183.297455 106.673126                       18781 
31.211971 183.429291 106.564888                       18793 
31.064291 183.468582 106.518768                       18805 
30.813456 183.413757 106.442085                       18816 
30.588673 183.423660 106.466187                       18828 
30.292681 183.442184 106.453819                       18840 
29.938477 183.453354 106.366440                       18852 
29.545639 183.589264 106.279350                       18865 
29.157961 183.754913 106.238739                       18877 
28.842772 183.926880 106.267891                       18890 
28.469805 184.049652 106.270569                       18902 
28.122578 184.142105 106.271957                       18916 
27.667454 184.428421 106.035873                       18929 
27.246782 184.668442 105.860176                       18942 
26.915766 184.881271 105.711311                       18955 
26.696123 185.067764 105.674187                       18968 
26.400923 185.503784 105.631111                       18982 
26.154316 185.832123 105.589554                       18995 
26.086393 185.916107 105.694351                       19009 
26.049091 186.006927 105.911629                       19025 
25.927498 186.028915 105.906204                       19044 
26.020027 185.960266 105.978287                       19064 
26.104839 185.890472 106.022018                       19083 
26.118738 185.825516 106.135918                       19102 
26.065599 185.828751 106.124687                       19122 
26.019402 185.821396 106.114799                       19140 
25.916380 185.982025 106.061638                       19158 
26.310829 185.712265 106.247429                       19177 
26.603191 185.438004 106.391434                       19196 
26.572029 185.404144 106.453606                       19215 
26.549332 185.375977 106.543739                       19234 
26.535725 185.405853 106.635506                       19253 
26.732168 185.183334 106.845749                       19272 
27.073160 184.953903 106.933167                       19291 
27.240133 184.841492 107.058128                       19311 
27.526352 184.487030 107.295700                       19331 
27.702156 184.234970 107.560753                       19351 
27.809465 184.060852 107.741356                       19372 
28.206139 183.614029 108.021301                       19393 
28.463825 183.320190 108.221252                       19414 
28.617064 183.125977 108.348106                       19435 
28.656857 183.051743 108.405960                       19456 
28.703062 182.943893 108.509987                       19476 
28.791677 183.439240 109.303528                       19498 
28.755537 183.417572 109.703362                       19519 
28.509857 183.371002 109.780174                       19540 
28.393661 183.163193 110.144943                       19560 
28.310120 182.966080 110.365517                       19581 
28.164865 182.716431 110.501343                       19601 
27.859282 182.600525 110.570587                       19622 
27.462564 182.496292 110.599327                       19642 
27.215340 182.419357 110.620415                       19663 
27.077198 182.361603 110.640427                       19684 
26.959467 182.172623 110.572853                       19705 
26.655796 182.040100 110.535828                       19725 
26.373573 181.926208 110.501656                       19746 
26.143665 181.834625 110.469025                       19767 
25.981525 181.612106 110.462097                       19788 
25.836727 181.614166 110.458992                       19811 
25.716610 181.616165 110.455765                       19834 
25.618279 181.615585 110.452446                       19857 
25.532169 181.613602 110.448334                       19880 
25.396820 181.628494 110.432755                       19904 
25.273710 181.637436 110.418213                       19927 
25.161982 181.622452 110.376167                       19951 
24.869707 181.719879 110.236877                       19975 
24.796553 181.718201 110.222084                       19998 
24.614483 181.938873 110.227386                       20067 
24.521622 182.071320 110.194702                       20090 
24.376818 182.295364 110.186180                       20113 
24.276344 182.446548 110.152122                       20136 
24.161896 182.605820 110.098526                       20159 
24.121311 182.714371 110.064545                       20182 
24.213737 182.566620 109.918732                       20205 
24.558413 182.794479 109.766037                       20227 
24.892118 183.067825 109.668022                       20251 
26.150871 184.800003 107.585312                       20274 
27.424414 188.359070 106.460846                       20298 
26.834669 192.152115 102.552986                       20317 
21.504902 192.368668 95.126274                        20337 
21.156847 193.477463 86.405937                        20356 
20.164106 194.868454 79.426590                        20371 
15.773531 194.031860 71.095314                        20384 
13.297516 195.335846 63.354977                        20396 
11.041850 195.823685 56.624893                        20407 
10.038634 196.817627 49.499634                        20417 
3.777061 203.032181 25.793579                         20446 
-3.547909 204.537796 8.665053                         20464 
-5.160825 204.996872 2.378981                         20472 
-11.959849 207.863800 -24.795576                      20499 
-15.197921 210.011230 -33.299316                      20509 
-22.764444 211.732803 -56.419720                      20536 
-25.860126 213.141800 -64.372475                      20548 
-33.497070 216.798965 -97.056847                      20576 
-35.093441 218.246048 -103.298584                     20585 
-40.197243 213.359116 -121.172180                     20611 
-42.142040 215.891083 -132.090469                     20628 
-42.970947 217.104218 -142.956390                     20646 
-43.258049 221.080063 -154.645325                     20664 
-43.189705 220.261749 -158.861481                     20678 
-43.534737 223.075485 -165.886398                     20698 
-43.178699 225.948181 -170.034668                     20715 
-43.430424 226.248734 -171.339523                     20724 
-44.386879 226.634018 -174.158310                     20733 
-45.501652 227.080887 -178.404129                     20750 
-45.066536 228.121124 -180.515686                     20767 
-44.994579 227.455154 -182.257065                     20776 
-45.087460 224.294739 -185.845169                     20793 
-45.149052 224.243118 -186.605682                     20802 
-45.372368 223.622879 -188.030014                     20820 
-45.787766 221.854950 -189.419830                     20828 
-46.078236 220.691925 -190.732925                     20845 
-45.726879 220.432175 -191.647720                     20862 
-45.628929 219.979584 -192.067963                     20871 
-45.549614 220.018738 -192.318832                     20880 
-45.449562 220.482666 -192.347214                     20899 
-45.452156 220.424683 -192.490738                     20909 
-45.468391 220.109421 -192.549927                     20929 
-45.292812 220.013168 -192.818802                     20939 
-45.136658 219.783813 -192.847946                     20961 
-45.032085 219.520950 -192.765732                     20973 
-44.889954 219.173767 -192.713379                     20985 
-44.762985 218.885925 -192.651581                     20998 
-44.709656 218.661072 -192.720535                     21010 
-44.579884 218.246658 -192.791428                     21024 
-44.198776 217.396652 -192.777618                     21037 
-43.974483 216.586411 -192.765686                     21052 
-43.834564 216.059387 -192.766556                     21066 
-43.657513 215.643661 -192.787521                     21081 
-43.738338 215.469193 -193.266510                     21097 
-44.627541 214.675735 -194.644058                     21113 
-46.142761 213.334015 -197.874329                     21129 
-46.382572 213.725662 -198.100037                     21147 
-46.352695 213.494019 -197.733063                     21165 
-46.353741 213.384323 -197.429092                     21182 
-46.282669 213.685822 -196.909851                     21199 
-46.333672 213.819595 -196.527893                     21216 
-46.402328 213.372467 -196.195419                     21232 
-46.345310 212.899048 -195.290009                     21249 
-46.469704 212.717468 -194.712692                     21265 
-46.643524 212.337280 -194.234375                     21282 
-46.736378 212.012848 -194.020691                     21297 
-46.772102 211.626038 -194.029221                     21313 
-46.767288 211.276611 -193.893158                     21329 
-46.808830 210.878189 -193.775665                     21345 
-47.019108 210.517426 -193.775330                     21361 
-47.154667 210.212860 -193.849106                     21377 
-47.196854 209.993225 -193.924789                     21392 
-47.234146 209.486191 -193.861252                     21408 
-47.315128 209.038513 -193.445221                     21424 
-47.403286 208.848862 -193.270325                     21442 
-47.571320 208.595276 -192.990967                     21460 
-47.435219 208.459839 -192.839478                     21477 
-47.131081 207.866440 -192.055725                     21495 
-46.940781 207.439941 -191.453430                     21513 
-46.824898 207.214890 -191.112503                     21531 
-46.866623 207.076050 -190.662292                     21549 
-46.863010 206.938187 -190.333786                     21567 
-46.859226 206.844925 -190.101776                     21586 
-46.856480 206.778961 -189.942627                     21605 
-46.746288 206.517090 -189.576721                     21623 
-46.515667 206.044785 -189.284378                     21642 
-46.434494 205.828323 -189.129898                     21661 
-46.418251 205.710617 -189.033249                     21680 
-46.404194 205.629532 -188.989487                     21699 
-46.269825 205.960098 -188.894684                     21756 
-46.200279 206.093231 -188.907074                     21775 
-46.155197 206.336609 -188.968628                     21794 
-45.980576 206.787399 -189.081314                     21814 
-45.808517 207.278412 -189.154434                     21834 
-45.686069 207.589890 -189.195297                     21854 
-45.611664 207.814789 -189.225433                     21874 
-45.532154 207.955566 -189.239944                     21892 
-45.466572 208.038605 -189.236740                     21911 
-45.421402 208.096603 -189.239639                     21929 
-45.361347 208.153687 -189.242065                     21947 
-44.996487 207.907867 -189.916779                     21965 
-45.042950 207.556778 -190.341888                     21983 
-45.057076 207.350800 -190.544235                     22001 
-45.163887 207.117783 -190.739243                     22019 
-45.975937 207.503464 -190.796646                     22037 
-46.547611 207.812439 -190.976608                     22055 
-46.793358 207.948212 -191.031433                     22073 
-46.863186 208.053818 -191.096954                     22090 
-46.904713 208.121857 -191.127167                     22107 
-46.912739 208.163971 -191.128601                     22124 
-46.900040 208.181671 -191.097412                     22142 
-46.878578 208.188965 -191.052826                     22159 
-46.863396 208.195984 -191.022064                     22177 
-46.834248 208.186096 -190.970001                     22195 
-46.837212 208.205078 -190.972824                     22212 
-46.990990 208.421982 -191.044022                     22230 
-47.196674 208.663208 -191.054077                     22248 
-47.387981 208.863022 -191.038528                     22266 
-47.473343 208.944168 -190.952026                     22284 
-47.545845 209.005707 -190.904800                     22302 
-47.688210 209.130493 -190.875153                     22320 
-47.781849 209.238739 -190.824234                     22339 
-47.800774 209.279160 -190.709381                     22358 
-47.797760 209.298523 -190.588516                     22379 
-47.791920 209.314896 -190.495407                     22399 
-47.738972 209.288528 -190.349411                     22421 
-47.667126 209.242264 -190.188965                     22442 
-47.632832 209.222961 -190.090195                     22464 
-47.735428 209.347061 -190.010544                     22485 
-48.016891 209.626038 -189.931580                     22507 
-49.088512 210.080353 -189.484329                     22528 
-51.078190 209.258469 -188.137802                     22550 
-52.908012 208.285568 -184.723709                     22571 
-55.418621 207.440826 -178.189301                     22591 
-57.496281 206.120544 -169.213226                     22610 
-57.568501 204.048264 -164.035095                     22628 
-57.158325 204.496399 -157.444199                     22643 
-57.564854 203.830902 -151.978287                     22656 
-57.470886 200.999878 -146.171570                     22668 
-56.292850 197.140137 -138.260880                     22680 
-56.495522 195.959274 -131.917999                     22691 
-52.294788 188.283096 -125.432747                     22713 
-51.498241 182.005096 -122.091904                     22733 
-51.677799 179.429764 -120.706459                     22742 
-51.052288 176.597275 -119.442421                     22752 
-43.797813 168.253082 -115.323029                     22770 
-42.260483 165.638947 -113.863190                     22779 
-41.202240 163.900818 -112.867668                     22797 
-37.044346 161.311295 -111.585968                     22806 
-31.022856 157.873795 -109.265808                     22823 
-27.727917 157.148499 -108.599953                     22832 
-22.756796 156.693344 -108.604683                     22850 
-20.937878 157.589813 -108.491844                     22867 
-18.227470 158.662918 -108.744865                     22875 
-13.914152 162.408646 -112.179085                     22893 
-12.576010 164.610962 -114.867889                     22901 
-11.380901 167.701340 -118.336311                     22910 
-8.910653 176.411285 -125.642105                      22928 
-7.992414 179.683228 -126.365166                      22936 
-7.164830 182.415405 -127.621559                      22945 
-6.220731 188.307480 -134.079361                      22962 
-6.506863 191.924957 -135.289093                      22971 
-5.526127 199.671616 -140.172104                      22989 
-4.547974 201.104111 -141.327316                      22997 
-1.648606 202.713394 -146.180756                      23015 
-0.697296 202.703049 -147.887589                      23024 
0.395483 201.731277 -150.313110                       23041 
0.945727 201.377274 -150.745392                       23050 
-3.079971 204.594818 -149.617523                      23068 
-4.038084 206.103760 -150.365234                      23077 
-6.009802 208.953033 -152.080261                      23094 
-6.436710 210.248047 -153.264633                      23106 
-4.800308 212.179825 -155.153366                      23122 
-4.133046 213.218521 -156.021301                      23130 
-3.258287 214.447678 -158.646194                      23149 
-3.218596 214.788834 -160.312073                      23158 
-3.194218 214.746933 -163.767365                      23176 
-3.623798 213.426727 -167.209320                      23186 
-3.586572 213.691162 -171.101852                      23204 
-5.064168 214.811539 -175.516739                      23214 
-5.382315 216.576889 -176.763672                      23223 
-5.371102 217.251205 -179.241409                      23233 
-5.341620 217.918228 -181.045441                      23252 
-5.048320 218.188751 -181.392410                      23262 
-4.770502 218.462173 -180.830048                      23274 
-5.087953 218.089188 -182.079727                      23292 
-6.042736 218.651474 -183.807541                      23302 
-6.353806 218.908737 -184.623505                      23312 
-6.426554 219.012619 -185.265244                      23333 
-6.699196 218.606888 -185.801361                      23344 
-6.901178 218.321106 -186.256378                      23357 
-6.970370 217.997177 -186.748566                      23365 
-6.950286 218.353165 -187.388718                      23398 
-6.921525 218.501617 -187.575790                      23410 
-6.901395 218.609543 -187.564377                      23421 
-6.638382 219.115738 -187.206375                      23433 
-6.374486 218.978317 -186.783203                      23444 
-6.475764 218.707062 -186.444229                      23456 
-6.520434 218.570786 -186.343002                      23468 
-6.577925 218.369125 -186.243973                      23480 
-6.616666 218.343140 -186.108093                      23492 
-6.636628 218.175812 -185.986557                      23505 
-7.079660 218.378845 -186.154358                      23520 
-7.124134 218.279938 -186.107956                      23534 
-7.209960 218.243851 -186.220200                      23550 
-7.401408 218.011795 -186.427017                      23566 
-8.365031 217.857300 -187.468262                      23583 
-9.155904 217.628372 -188.328918                      23599 
-9.967150 217.521103 -189.532745                      23618 
-9.982502 217.470016 -189.609131                      23637 
-9.929106 217.400116 -189.735931                      23656 
-9.790477 217.267227 -189.683853                      23676 
-9.598868 217.005692 -189.569656                      23695 
-9.467524 215.402969 -189.664978                      23715 
-9.300032 214.500092 -189.808228                      23734 
-9.229076 214.178558 -189.918121                      23754 
-9.064490 213.383057 -190.088852                      23773 
-9.020558 213.268112 -189.917542                      23792 
-8.969581 213.212097 -189.641647                      23812 
-8.926861 212.965622 -189.317993                      23831 
-8.894114 212.786453 -189.009476                      23850 
-8.841285 213.175354 -188.395966                      23869 
-8.759062 213.436142 -188.045181                      23889 
-8.838353 213.755859 -187.726593                      23908 
-8.728097 213.329056 -187.277084                      23929 
-8.649611 213.249603 -187.124924                      23949 
-8.936837 212.819046 -187.273331                      23970 
-9.031509 212.424988 -187.465881                      23990 
-8.821937 211.463272 -187.197678                      24011 
-8.892029 211.120621 -187.063248                      24031 
-8.983394 210.676544 -187.077393                      24052 
-9.045678 210.412277 -187.278503                      24072 
-8.993207 209.769806 -187.453094                      24092 
-8.994450 209.162460 -187.163727                      24112 
-8.838648 208.325836 -186.696182                      24133 
-8.898771 208.234009 -186.455795                      24153 
-8.894976 208.327789 -186.586212                      24173 
-8.867527 208.223770 -186.334961                      24193 
-8.354568 208.723495 -186.722885                      24213 
-7.910900 209.317200 -186.971191                      24233 
-7.526590 209.296997 -185.688370                      24253 
-7.353670 209.655930 -185.696259                      24272 
-7.295362 209.960907 -185.691818                      24292 
-7.260250 210.188736 -185.722153                      24312 
-7.201242 210.342346 -185.731720                      24331 
-7.170434 210.547775 -185.785446                      24350 
-7.163190 210.492340 -185.487076                      24370 
-7.097795 210.246475 -185.165268                      24389 
-7.409280 209.365128 -184.895935                      24409 
-8.472047 207.492722 -185.652145                      24428 
-8.716343 207.830200 -186.668945                      24448 
-8.852929 207.633545 -187.110107                      24467 
-8.824871 207.452484 -187.377350                      24484 
-8.927700 207.256714 -187.833328                      24500 
-8.821546 207.128128 -187.924988                      24518 
-8.785836 207.002686 -188.004379                      24535 
-8.738368 206.966751 -188.024170                      24552 
-8.762454 206.940536 -188.218018                      24570 
-8.860048 206.377304 -187.678268                      24587 
-8.960614 206.249542 -187.532822                      24605 
-9.121233 205.997589 -187.302292                      24623 
-9.358018 205.593048 -187.043610                      24641 
-9.406219 205.011703 -186.744690                      24658 
-9.407351 204.626663 -186.560913                      24675 
-9.498315 204.374359 -186.345169                      24692 
-9.475921 204.035294 -186.139359                      24709 
-9.414921 203.834946 -186.069138                      24727 
-9.419224 203.720276 -185.979996                      24745 
-9.408597 203.716629 -185.969131                      24764 
-9.444122 203.679581 -185.902786                      24783 
-9.538778 203.707611 -185.789566                      24802 
-9.508304 203.705048 -185.722443                      24821 
-9.326850 203.541000 -185.337463                      24840 
-9.197774 203.601944 -185.092697                      24859 
-8.935775 203.650772 -184.938202                      24878 
-7.653021 203.818878 -183.020813                      24897 
-7.200974 204.319214 -182.373337                      24916 
-7.592962 204.888519 -181.800293                      24936 
-9.779428 204.692154 -179.564590                      24955 
-11.712398 202.599731 -173.429855                     24974 
-13.568995 200.395538 -166.721176                     24992 
-14.165874 196.298660 -157.480316                     25009 
-16.989056 194.241348 -152.060638                     25024 
-18.866312 192.167984 -144.817505                     25038 
-20.461952 190.143677 -140.004684                     25049 
-20.377337 190.114166 -138.513229                     25061 
-19.881777 190.802216 -136.226883                     25073 
-17.593088 185.900101 -128.437943                     25093 
-16.888680 183.469589 -124.203529                     25104 
-14.986891 174.983658 -116.436615                     25124 
-14.065261 173.216980 -114.065941                     25134 
-11.983940 167.598801 -107.045731                     25153 
-9.636893 166.134628 -104.776764                      25163 
-6.251327 163.840500 -102.820183                      25181 
-5.069625 163.115311 -102.286140                      25191 
-0.771662 162.246109 -102.681236                      25209 
1.211663 162.223801 -102.814079                       25218 
8.492446 163.467377 -101.616592                       25236 
10.360334 163.894409 -101.969124                      25245 
14.232506 166.882599 -103.820213                      25263 
16.294144 168.353302 -104.896774                      25272 
20.882174 171.449844 -108.281647                      25289 
24.435175 175.710281 -110.431198                      25298 
27.339527 179.835693 -112.319191                      25317 
28.724907 182.245773 -116.879257                      25326 
31.967590 191.466278 -123.136627                      25344 
32.965626 193.875183 -125.269478                      25353 
35.512062 196.439209 -127.110527                      25382 
35.459728 196.780167 -127.728188                      25389 
36.336609 200.244751 -129.845901                      25410 
37.010788 201.681656 -131.764786                      25416 
36.938187 214.987946 -140.731064                      25442 
37.418781 218.169983 -147.612244                      25460 
38.416496 220.314087 -149.317551                      25479 
38.697498 220.689682 -149.906616                      25489 
38.535805 223.193390 -151.572220                      25506 
38.548527 225.279877 -152.403076                      25515 
38.874744 227.439835 -153.120590                      25524 
39.478054 228.847885 -156.304657                      25542 
39.578548 228.869034 -157.411423                      25551 
39.948948 228.938461 -159.449921                      25570 
40.201332 229.282944 -160.765244                      25579 
40.553982 232.071106 -163.102692                      25591 
41.418133 234.739578 -167.042618                      25608 
41.850975 235.348373 -168.771698                      25617 
42.034981 235.554611 -169.691132                      25627 
42.144966 235.639328 -170.342407                      25639 
42.490425 235.971161 -171.536224                      25648 
43.006351 235.735718 -173.163467                      25659 
43.373695 235.550705 -173.988190                      25670 
43.682236 235.384979 -174.251312                      25681 
43.942856 235.317581 -174.515411                      25692 
44.133156 235.256485 -174.765472                      25704 
44.274628 235.194702 -174.864059                      25714 
44.760887 235.979996 -175.899994                      25737 
44.998550 236.799469 -176.398529                      25750 
45.299004 237.363708 -176.543335                      25762 
45.501205 237.627289 -176.542130                      25775 
45.669861 237.726669 -176.416595                      25789 
45.818214 237.745605 -176.245804                      25801 
45.978680 237.741501 -176.064499                      25814 
46.572735 237.778961 -176.118179                      25827 
47.009430 237.747787 -176.117340                      25841 
47.295551 237.719650 -176.100494                      25855 
47.523445 237.926926 -176.109909                      25869 
47.697559 238.071686 -176.104645                      25883 
47.825924 238.159485 -176.082962                      25898 
47.927563 238.215378 -176.054230                      25915 
48.002773 238.247971 -176.024170                      25931 
48.075886 238.258438 -175.975037                      25948 
48.146847 238.257156 -175.912552                      25966 
48.223015 238.251404 -175.837189                      25990 
48.269554 238.240799 -175.781723                      26004 
48.361870 238.202972 -175.655945                      26023 
48.434658 238.169724 -175.556946                      26043 
48.496098 238.138062 -175.478714                      26064 
48.556049 238.105103 -175.400269                      26085 
48.614712 238.070313 -175.323135                      26108 
48.665646 238.040085 -175.258041                      26132 
48.709496 238.018875 -175.206635                      26156 
48.750782 237.998581 -175.157074                      26175 
48.792233 237.978592 -175.109818                      26198 
48.836296 237.953842 -175.057587                      26221 
48.884514 237.926331 -175.001907                      26244 
48.927940 237.903503 -174.954773                      26267 
48.973080 237.879456 -174.907532                      26290 
49.021935 237.852173 -174.856064                      26313 
49.084927 237.817810 -174.790619                      26337 
49.144699 237.785080 -174.726913                      26359 
49.226124 237.746185 -174.639984                      26382 
49.384670 237.453842 -174.458588                      26406 
49.534714 237.202087 -174.287201                      26429 
49.655788 237.016663 -174.158096                      26452 
49.772594 236.864273 -174.037506                      26475 
49.876045 236.740036 -173.931641                      26498 
49.970753 236.631836 -173.831604                      26521 
50.032001 236.550751 -173.771591                      26544 
50.082333 236.480057 -173.724747                      26567 
50.123672 236.416367 -173.686111                      26591 
50.168816 236.355881 -173.642532                      26614 
50.197762 236.308655 -173.618073                      26639 
50.234280 236.261612 -173.584808                      26662 
50.264389 236.220734 -173.559174                      26686 
50.303848 236.161880 -173.509354                      26711 
50.336857 236.109589 -173.465729                      26734 
50.372948 236.056839 -173.420319                      26758 
50.398178 236.011459 -173.387115                      26783 
50.423485 235.967636 -173.355499                      26807 
50.438759 235.933273 -173.335541                      26832 
50.453365 235.901184 -173.318283                      26857 
50.469688 235.870438 -173.300797                      26882 
50.479771 235.839432 -173.293152                      26907 
50.491894 235.810593 -173.281876                      26932 
50.510555 235.781631 -173.265610                      26957 
50.530045 235.753937 -173.249222                      26982 
50.550976 235.728989 -173.233490                      27007 
50.564804 235.707626 -173.225235                      27032 
50.575325 235.684967 -173.221481                      27057 
50.588200 235.664536 -173.214203                      27081 
50.598061 235.642807 -173.213348                      27106 
50.609138 235.622650 -173.210510                      27131 
50.622471 235.602417 -173.206253                      27156 
50.635143 235.582718 -173.201874                      27180 
50.646946 235.564468 -173.197754                      27205 
50.656200 235.545090 -173.199005                      27230 
50.662594 235.520401 -173.207474                      27255 
50.673515 235.502518 -173.205276                      27280 
50.688206 235.482590 -173.201431                      27305 
50.702522 235.464081 -173.196609                      27329 
50.718414 235.446686 -173.190903                      27354 
50.734428 235.431107 -173.184875                      27379 
50.749378 235.413300 -173.177094                      27405 
50.764942 235.418823 -173.163544                      27429 
50.780697 235.423782 -173.152679                      27454 
50.218723 234.273819 -171.964920                      27479 
48.945377 231.334045 -169.982162                      27504 
45.327267 227.072723 -167.833893                      27525 
40.303261 218.699066 -163.894669                      27543 
38.598152 211.450714 -161.297638                      27560 
38.179878 208.231461 -159.007278                      27575 
37.611435 205.154938 -155.982147                      27588 
36.586834 201.127075 -150.407623                      27598 
35.222198 192.413040 -136.421738                      27631 
34.152103 191.655609 -133.704483                      27641 
34.395866 190.837448 -131.108551                      27651 
34.042141 189.177124 -128.508255                      27661 
34.611893 188.063065 -123.786301                      27673 
35.211723 186.725891 -120.132271                      27680 
38.012787 184.639999 -116.496819                      27698 
39.146748 184.054260 -115.298180                      27708 
41.647167 184.504044 -113.746323                      27717 
44.179886 184.203766 -112.694458                      27733 
45.116184 183.901306 -112.245430                      27742 
48.399544 182.752640 -110.017586                      27759 
49.801037 182.377304 -109.588715                      27768 
52.265633 183.193283 -108.486275                      27785 
53.020020 183.741135 -108.408516                      27794 
53.563026 193.424515 -113.954971                      27811 
54.753418 197.421967 -115.692955                      27820 
60.362873 207.123856 -122.646881                      27837 
62.646252 210.927322 -124.842285                      27846 
66.471886 216.198547 -128.704163                      27864 
71.898804 221.498032 -133.122559                      27873 
78.767952 227.415390 -137.260910                      27890 
81.042976 228.463455 -138.360016                      27899 
82.182251 229.067535 -138.884720                      27907 
84.035561 232.175537 -140.539383                      27925 
84.490150 232.891922 -140.959549                      27933 
84.856079 233.406036 -141.283279                      27942 
85.283562 233.988083 -141.620728                      27959 
93.009361 243.532501 -142.113586                      27968 
99.793144 248.149445 -143.433365                      27977 
103.803047 251.241425 -143.816818                     27994 
105.136391 252.013931 -144.412064                     28003 
106.884987 253.600433 -145.445572                     28020 
107.502258 254.408051 -145.847733                     28029 
108.163277 255.423447 -146.565567                     28037 
108.359108 256.523712 -147.603989                     28055 
108.796623 256.981354 -148.783188                     28063 
109.058418 257.907532 -150.897797                     28081 
108.973427 258.355347 -151.807938                     28090 
108.909363 259.363159 -156.439987                     28116 
108.785461 259.691803 -157.491943                     28124 
108.502586 259.877716 -158.241867                     28133 
108.142250 260.507446 -159.416840                     28141 
107.752289 261.080292 -162.088898                     28150 
106.977333 261.779449 -165.492508                     28167 
106.650475 262.061432 -166.385468                     28176 
106.359650 262.082916 -167.174469                     28185 
105.954117 262.320526 -168.860291                     28202 
105.847649 262.331665 -169.562637                     28211 
105.415031 262.377197 -170.457825                     28223 
105.123772 262.539581 -170.825394                     28228 
104.364273 262.726807 -172.382553                     28245 
104.163956 262.711365 -173.236786                     28254 
103.664337 262.823639 -174.268280                     28265 
102.813385 262.611938 -175.610184                     28278 
102.183678 262.593079 -176.649094                     28291 
101.824409 262.714386 -176.735641                     28304 
101.594521 262.809692 -176.764099                     28318 
101.453201 262.806763 -176.745560                     28331 
101.337769 262.829071 -176.677902                     28345 
101.276299 262.823486 -176.599136                     28358 
101.165306 262.783875 -176.430374                     28372 
101.039078 262.725128 -176.141922                     28386 
100.826950 262.712494 -175.587631                     28400 
100.696098 262.678986 -175.195297                     28415 
100.453178 262.636963 -175.040070                     28429 
100.320915 262.634613 -174.909653                     28444 
100.269951 262.662781 -174.838593                     28459 
100.275597 262.735199 -174.728790                     28476 
100.232109 262.802216 -174.641296                     28492 
99.780273 263.221252 -175.697266                      28509 
99.426102 263.347107 -175.821899                      28526 
99.104607 263.312378 -176.063614                      28544 
98.930389 263.177734 -175.556122                      28562 
98.873779 262.997314 -175.047226                      28582 
98.877533 262.936279 -174.703598                      28602 
98.934967 262.928375 -174.569656                      28622 
98.889404 262.904907 -174.549377                      28643 
98.894081 262.898468 -174.526230                      28663 
99.000420 262.847229 -174.332062                      28683 
99.130142 262.804138 -174.148041                      28704 
99.334534 262.870850 -174.203812                      28725 
99.649132 263.092957 -174.154175                      28746 
99.909538 263.232117 -174.203201                      28767 
99.946007 263.321472 -174.133911                      28789 
99.963028 263.302612 -174.024734                      28811 
99.982941 263.287537 -173.904083                      28833 
99.991150 263.279358 -173.811356                      28856 
100.003357 263.280579 -173.648300                     28879 
100.017372 263.268158 -173.475952                     28902 
100.029137 263.235870 -173.306580                     28925 
100.075775 263.204620 -173.137100                     28949 
100.142281 263.189117 -173.033188                     28972 
100.150505 263.089935 -172.961990                     28995 
100.127342 262.929657 -172.740067                     29018 
100.262192 262.936035 -172.365128                     29042 
100.325401 262.893463 -172.135223                     29065 
100.393105 262.883545 -172.031097                     29089 
100.447685 262.795929 -171.969589                     29112 
100.493935 262.729218 -171.903641                     29136 
100.481934 262.683380 -171.890259                     29159 
100.466736 262.651550 -171.877396                     29183 
100.448372 262.625641 -171.885880                     29206 
100.425171 262.612122 -171.892990                     29230 
100.397469 262.610626 -171.894150                     29254 
100.373970 262.617493 -171.941605                     29278 
100.376450 262.599976 -171.970139                     29350 
100.366623 262.603027 -171.953262                     29374 
100.252876 262.551880 -171.911118                     29399 
100.221809 262.523773 -171.843842                     29424 
100.192200 262.486908 -171.766815                     29449 
100.169762 262.452209 -171.689209                     29474 
100.143562 262.423065 -171.615845                     29499 
100.107201 262.404968 -171.558624                     29524 
100.082260 262.410919 -171.515976                     29549 
100.061028 262.412415 -171.450470                     29575 
100.034760 262.408997 -171.399384                     29600 
100.024391 262.371399 -171.295227                     29625 
100.028542 262.331238 -171.176071                     29650 
99.997223 262.283752 -171.097000                      29675 
99.929100 262.263123 -171.133347                      29700 
99.862610 262.246460 -171.179947                      29725 
99.783203 262.260345 -171.170395                      29749 
99.656738 262.358765 -171.247864                      29774 
99.584854 262.386017 -171.249023                      29799 
99.752251 262.204071 -172.199387                      29823 
99.940048 261.828552 -172.504089                      29848 
99.882080 261.578278 -173.039551                      29870 
99.769676 261.373596 -173.492813                      29893 
99.437416 262.002472 -171.611954                      29915 
98.145638 262.437256 -169.762268                      29937 
96.828674 263.911133 -164.524475                      29957 
95.376190 264.054443 -161.869949                      29976 
94.603043 264.032440 -159.445633                      29993 
93.619202 264.743103 -155.180649                      30008 
92.196609 265.497314 -152.289566                      30023 
89.262650 264.864838 -146.450867                      30037 
88.341660 263.963806 -143.855209                      30051 
88.660286 264.253876 -135.574463                      30077 
93.487129 264.408936 -129.783401                      30089 
95.523766 264.608459 -125.714935                      30101 
96.930183 264.244751 -121.995735                      30112 
98.333290 264.206177 -119.190239                      30124 
99.342514 264.112030 -116.952835                      30135 
100.616875 263.801147 -114.126862                     30145 
100.861794 263.774506 -111.853836                     30155 
101.750877 263.820251 -109.684479                     30165 
102.741035 263.824615 -107.905342                     30175 
103.172882 263.723083 -107.260094                     30185 
103.989220 263.277802 -106.486130                     30195 
107.003624 262.413208 -102.816803                     30206 
108.472893 261.931702 -101.089584                     30216 
108.849571 261.933563 -100.449944                     30226 
109.163666 262.106750 -100.173424                     30236 
109.874329 261.446106 -99.055435                      30246 
110.388191 260.962952 -98.246246                      30256 
110.992714 260.918457 -97.297302                      30266 
111.433739 260.928040 -96.663193                      30276 
110.995193 261.884552 -95.546768                      30287 
110.742607 262.810913 -94.278419                      30297 
110.703506 263.488098 -93.310738                      30307 
110.545639 263.863495 -92.512009                      30318 
110.761940 264.170074 -91.581749                      30328 
110.989426 264.453827 -90.763596                      30339 
110.977280 264.710419 -90.455154                      30350 
111.225639 265.125122 -90.118149                      30361 
111.726692 265.511536 -89.773979                      30373 
112.453865 265.938690 -89.097603                      30384 
112.837341 266.327057 -88.850967                      30396 
113.095833 266.828613 -88.614532                      30408 
113.190544 267.455353 -88.467484                      30422 
113.173737 267.889496 -88.462814                      30433 
113.160660 268.222931 -88.439606                      30446 
113.159737 268.445557 -88.403030                      30460 
113.152985 268.621002 -88.387794                      30474 
113.109520 268.802795 -88.402306                      30487 
113.065163 268.965790 -88.421120                      30502 
112.994804 269.048584 -88.389313                      30518 
112.535042 268.641937 -88.607353                      30533 
112.053848 267.915955 -88.099327                      30549 
112.157608 267.062439 -87.775131                      30565 
112.454895 267.601227 -85.424782                      30582 
111.658363 268.016510 -83.448631                      30599 
111.963577 268.176971 -81.936234                      30616 
112.211830 268.015839 -80.794884                      30633 
112.328629 267.945831 -80.248566                      30649 
112.358398 267.584686 -79.358612                      30668 
112.212326 266.923920 -78.717331                      30681 
113.082207 266.947449 -77.500046                      30697 
112.976952 266.355072 -77.568436                      30714 
111.753136 265.486145 -76.994614                      30729 
111.574875 265.063354 -76.151955                      30745 
111.163147 264.691284 -75.615990                      30760 
110.885246 264.464783 -75.362747                      30775 
110.549232 264.301270 -75.154503                      30790 
110.507858 264.035889 -74.014885                      30805 
112.124634 264.643677 -72.356087                      30819 
113.179558 264.965912 -71.293549                      30834 
113.472290 265.182495 -70.679779                      30848 
113.443008 265.785980 -68.671021                      30863 
113.453514 266.096924 -67.509995                      30878 
113.208351 266.470459 -66.516457                      30893 
113.658371 267.254028 -65.084503                      30908 
113.859322 267.903473 -64.410454                      30923 
114.473000 268.660767 -63.826759                      30939 
114.962761 269.454437 -63.461773                      30953 
115.245712 270.035583 -63.075405                      30968 
115.425255 270.368927 -62.822815                      30983 
115.537163 270.549255 -62.660812                      30998 
115.362740 270.839996 -62.060650                      31014 
115.238358 271.045654 -61.613609                      31030 
114.830925 271.269196 -61.268776                      31046 
114.550606 271.562164 -60.758362                      31062 
114.373680 271.739166 -60.425327                      31078 
114.045372 271.896515 -60.189480                      31094 
113.560623 272.026642 -59.962566                      31110 
112.942078 272.210327 -59.319191                      31127 
112.504257 272.319275 -58.004623                      31144 
112.287346 272.279297 -57.224731                      31160 
112.150208 272.240234 -56.765251                      31178 
111.903030 272.231628 -56.392887                      31196 
111.742798 272.147095 -56.084709                      31214 
111.016098 272.299744 -55.564121                      31232 
110.445107 272.476135 -55.205082                      31251 
111.805908 274.490784 -50.827652                      31270 
112.572350 275.568115 -48.237015                      31289 
112.925438 275.901825 -47.111916                      31307 
112.768135 276.112701 -46.882351                      31323 
112.308807 276.393738 -47.042637                      31339 
111.949600 276.603333 -47.168728                      31354 
111.554810 276.572662 -47.174793                      31400 
111.264595 276.503174 -47.120209                      31416 
111.021927 276.082642 -46.856247                      31431 
110.698593 275.990112 -46.799507                      31446 
110.478577 275.876038 -46.739937                      31461 
109.725517 276.137817 -46.867004                      31477 
109.095596 276.351013 -46.977913                      31493 
107.984619 276.756500 -46.421635                      31507 
107.017128 277.055573 -45.286953                      31523 
106.416405 277.172394 -44.530220                      31538 
105.819916 277.474152 -43.780613                      31553 
105.366760 277.705292 -43.231159                      31571 
105.081398 277.846466 -42.890404                      31588 
104.881729 277.941559 -42.651608                      31607 
104.733246 278.003143 -42.470943                      31625 
104.761017 277.754456 -42.152897                      31644 
104.180534 277.933990 -41.594509                      31663 
103.683365 278.185211 -41.241508                      31682 
103.375435 278.345947 -41.040081                      31701 
101.538956 279.260010 -39.703327                      31720 
98.376793 282.491577 -36.100815                       31738 
98.130844 286.785797 -30.814337                       31757 
98.715439 288.135803 -27.919193                       31770 
94.096344 289.451080 -24.414146                       31784 
91.862518 290.301361 -23.765738                       31796 
89.168480 291.648071 -23.763571                       31807 
87.847473 292.263763 -23.766872                       31818 
86.043427 293.157349 -23.317387                       31829 
87.016968 294.226379 -22.165178                       31840 
87.747093 295.377625 -19.951147                       31851 
86.515579 296.468018 -17.860651                       31862 
87.346382 296.878204 -14.963665                       31872 
88.480949 297.523651 -11.288352                       31883 
91.766914 297.699402 -9.306518                        31893 
92.163025 297.857666 -6.286608                        31904 
93.823524 297.130920 -3.754116                        31914 
94.841217 296.704987 -1.022384                        31924 
96.076202 296.230042 2.171901                         31934 
98.283516 295.629486 5.463260                         31944 
99.564636 295.416382 7.912462                         31954 
100.696075 294.733978 10.618228                       31964 
102.000046 294.063232 12.995947                       31974 
100.615570 293.954773 14.861209                       31984 
105.729851 290.076416 22.152134                       31994 
108.690552 288.079895 25.321066                       32005 
110.148766 287.101227 26.352028                       32013 
110.018913 285.345581 25.989420                       32022 
109.600060 284.252167 25.839182                       32032 
108.869720 283.416168 26.605219                       32041 
108.391624 282.259766 27.138079                       32050 
107.799957 280.339630 28.100130                       32060 
106.699577 279.170654 29.287550                       32069 
106.439850 276.595978 29.700562                       32079 
108.353241 272.572784 29.359846                       32089 
108.420166 270.683105 29.650249                       32098 
109.080002 268.928101 32.034279                       32108 
110.583771 266.727173 35.324905                       32119 
112.513947 264.416626 35.292389                       32128 
114.243584 261.974945 35.687893                       32139 
115.231606 260.074463 36.628216                       32155 
115.720512 259.265350 36.674747                       32164 
116.123886 258.178680 36.926800                       32174 
115.635551 253.860641 36.345165                       32183 
118.195503 249.311539 38.481678                       32193 
120.170311 246.166733 39.044582                       32205 
120.759285 243.655701 37.422997                       32213 
120.539200 240.552933 35.942120                       32222 
121.188835 237.818878 34.445518                       32231 
123.036903 234.579178 34.360573                       32241 
126.147263 231.485626 32.914757                       32250 
127.752449 229.414536 32.104240                       32259 
127.385445 225.401749 28.173845                       32269 
128.288177 222.050201 25.067404                       32278 
129.891022 218.841644 22.502832                       32289 
131.564407 214.977219 20.995167                       32297 
131.708664 211.824844 18.934820                       32307 
136.319901 204.403244 19.436062                       32316 
138.852158 200.142990 18.784155                       32325 
138.969177 196.809799 13.446159                       32334 
141.207916 191.949997 10.259992                       32343 
142.187439 188.772461 6.810008                        32352 
142.028778 183.818268 3.083738                        32360 
144.215408 179.102997 -0.245467                       32369 
146.308563 175.412186 -2.058798                       32378 
149.100464 170.855652 -6.375214                       32387 
149.834595 168.487961 -9.440719                       32395 
149.297791 165.668732 -9.691316                       32406 
147.941818 161.425262 -7.868001                       32422 
148.374619 157.072968 -8.009308                       32430 
148.067368 154.558121 -9.073595                       32439 
999.000000 999.000000 999.000000                    32447.0 
999.000000 999.000000 999.000000                    32456.0 
999.000000 999.000000 999.000000                    32465.0 
999.000000 999.000000 999.000000                    32473.0 
999.000000 999.000000 999.000000                    32482.0 
999.000000 999.000000 999.000000                    32491.0 
999.000000 999.000000 999.000000                    32499.0 
999.000000 999.000000 999.000000                    32508.0 
999.000000 999.000000 999.000000                    32517.0 
999.000000 999.000000 999.000000                    32525.0 
999.000000 999.000000 999.000000                    32534.0 
999.000000 999.000000 999.000000                    32543.0 
999.000000 999.000000 999.000000                    32551.0 
999.000000 999.000000 999.000000                    32560.0 
999.000000 999.000000 999.000000                    32569.0 
999.000000 999.000000 999.000000                    32577.0 
999.000000 999.000000 999.000000                    32586.0 
999.000000 999.000000 999.000000                    32595.0 
999.000000 999.000000 999.000000                    32606.0 
999.000000 999.000000 999.000000                    32613.0 
999.000000 999.000000 999.000000                    32622.0 
999.000000 999.000000 999.000000                    32630.0 
999.000000 999.000000 999.000000                    32640.0 
999.000000 999.000000 999.000000                    32650.0 
999.000000 999.000000 999.000000                    32661.0 
999.000000 999.000000 999.000000                    32672.0 
999.000000 999.000000 999.000000                    32684.0 
999.000000 999.000000 999.000000                    32695.0 
999.000000 999.000000 999.000000                    32708.0 
999.000000 999.000000 999.000000                    32723.0 
999.000000 999.000000 999.000000                    32756.0 
999.000000 999.000000 999.000000                    32789.0 
999.000000 999.000000 999.000000                    32823.0 
999.000000 999.000000 999.000000                    32849.0 
999.000000 999.000000 999.000000                    32857.0 
999.000000 999.000000 999.000000                    32866.0 
999.000000 999.000000 999.000000                    32900.0 
999.000000 999.000000 999.000000                    32933.0 
999.000000 999.000000 999.000000                    32966.0 
999.000000 999.000000 999.000000                    32999.0 
999.000000 999.000000 999.000000                    33033.0 
999.000000 999.000000 999.000000                    33066.0 
999.000000 999.000000 999.000000                    33099.0 
999.000000 999.000000 999.000000                    33133.0 
999.000000 999.000000 999.000000                    33166.0 
999.000000 999.000000 999.000000                    33199.0 
999.000000 999.000000 999.000000                    33233.0 
999.000000 999.000000 999.000000                    33266.0 
999.000000 999.000000 999.000000                    33299.0 
999.000000 999.000000 999.000000                    33332.0 
999.000000 999.000000 999.000000                    33366.0 
999.000000 999.000000 999.000000                    33399.0 
999.000000 999.000000 999.000000                    33433.0 
999.000000 999.000000 999.000000                    33466.0 
999.000000 999.000000 999.000000                    33499.0 
999.000000 999.000000 999.000000                    33532.0 
999.000000 999.000000 999.000000                    33566.0 
999.000000 999.000000 999.000000                        0.0 
999.000000 999.000000 999.000000                       44.0 
999.000000 999.000000 999.000000                       66.0 
999.000000 999.000000 999.000000                       99.0 
