15.085807 169.910889 140.862778 28.073292 209.465881 126.543495 1.707038 174.218948 108.222305 71.936012 189.603180 128.242065                  0 
15.189641 170.111801 140.821152 28.401329 209.549576 126.384804 1.558318 174.445358 108.617325 72.190491 189.566895 128.518250                 10 
15.549561 169.969711 140.678879 28.635302 209.462585 126.279114 1.835747 174.239090 108.787437 72.539749 189.798416 128.938156                 21 
15.751654 169.900955 140.551498 28.651775 209.450439 126.140274 1.715272 174.164398 109.191750 72.667236 190.069305 129.031799                 32 
15.915343 169.846558 140.449829 28.665121 209.440598 126.027802 1.403852 174.172379 109.817726 72.768265 190.289200 129.107941                 43 
15.561605 169.777710 139.563599 27.877562 209.662613 125.573135 0.688426 174.356277 109.497566 72.197144 191.006760 128.587097                 54 
15.352785 169.771652 139.109238 27.417130 209.804932 125.325500 0.512592 174.403397 109.146690 71.860367 191.447540 128.351227                 65 
15.662350 169.523849 138.832199 27.863430 209.615585 125.342537 1.054451 174.338165 108.929459 72.267815 191.207657 128.621124                 75 
15.969860 169.280197 138.555862 28.305216 209.428162 125.359398 1.554848 174.297104 108.813232 72.668617 190.967499 128.886932                 87 
16.171627 169.121841 138.374115 28.594040 209.305618 125.370422 1.918932 174.262192 108.661934 72.929306 190.809067 129.059937                 98 
16.138317 169.113434 138.314255 28.569712 209.307129 125.350578 1.900659 174.282593 108.617546 72.901962 190.805496 129.050735                109 
16.606323 167.365646 136.341156 26.462267 208.643234 124.630798 1.852554 172.686584 106.939697 71.854927 192.686661 127.129616                121 
16.939518 166.362289 135.047714 25.142647 208.227524 124.180092 1.840498 171.764633 105.883133 71.122131 193.949448 126.016953                132 
17.101065 165.924088 134.435898 24.532381 208.035263 123.971664 1.804724 171.359680 105.469826 70.761345 194.551498 125.527763                143 
18.926823 163.837753 134.414581 23.518209 206.397751 124.137276 3.264158 168.351547 105.667160 70.548233 196.050720 125.707703                155 
20.052855 162.657822 134.393906 22.899572 205.398895 124.238304 4.005767 166.543152 106.048744 70.313957 196.994995 125.851013                167 
20.607080 162.103485 134.381836 22.595232 204.907501 124.288002 4.415009 165.657242 106.249771 70.168808 197.463959 125.930771                179 
21.820265 161.751297 134.566971 22.750233 204.519806 124.174995 5.460320 164.653976 106.641327 70.493187 198.261841 125.847923                191 
22.876181 161.278320 134.983658 22.486765 203.975388 124.269447 6.391746 163.384201 107.169296 70.400658 199.187347 125.907806                204 
23.829815 160.999313 135.141815 22.430914 203.593628 124.108429 7.202281 162.447845 107.461533 70.446846 199.907608 125.603165                217 
25.561481 159.112671 134.700165 22.101336 201.602097 123.717232 9.039629 159.598648 107.129738 70.233459 200.301834 125.437172                230 
26.192808 158.341019 134.768982 22.172724 200.748566 123.661743 9.721371 158.387909 107.287476 70.321655 200.055298 125.258606                243 
26.383104 158.015137 134.742004 22.111118 200.387268 123.594513 10.158084 157.762848 107.189362 70.265991 199.957993 125.102493                255 
26.496130 157.822128 134.725433 22.074505 200.172546 123.554550 10.472146 157.331009 107.113457 70.232155 199.899933 125.009514                268 
26.549175 157.700027 134.716751 22.070023 200.030426 123.493813 10.602541 157.040802 107.131836 70.228325 199.821625 124.937645                281 
26.469854 157.716949 134.528381 21.948563 200.034363 123.274208 10.557303 156.924698 107.004898 70.108589 199.859924 124.664024                293 
25.511257 158.085449 134.205902 21.516476 200.391846 122.714409 9.883425 157.236832 106.579254 69.661888 199.709396 124.418488                306 
25.146646 158.265823 134.285370 21.688234 200.627625 122.824837 9.697887 157.540253 106.569420 69.822914 199.316040 124.462761                319 
24.981909 158.320282 134.191803 21.723156 200.716614 122.801407 9.599086 157.639694 106.470673 69.852295 199.162338 124.388931                331 
24.856667 158.362503 134.120804 21.749702 200.784271 122.783600 9.572807 157.717407 106.380249 69.873795 199.045609 124.332443                344 
24.398342 158.351364 134.140076 21.578045 200.833160 122.954468 9.312702 157.887421 106.255005 69.691872 198.728210 124.361275                357 
21.091833 159.417725 134.363068 20.835297 201.993973 123.184784 6.059843 159.856857 106.440498 68.734756 196.929443 124.343582                370 
18.919188 160.423889 134.264160 20.594540 202.959122 123.053123 4.590227 161.594925 105.688858 68.211700 195.679932 124.037888                383 
17.662443 161.046188 134.208359 20.455349 203.517105 122.977005 4.547677 162.693375 104.441971 67.862022 194.963837 123.871010                396 
16.035305 162.072159 132.970642 20.799414 204.831360 123.661484 4.211210 165.665451 102.175758 67.782135 194.222656 124.857224                408 
14.683041 163.489258 132.275482 23.561003 205.990265 125.027306 4.014454 169.808838 100.643646 69.297066 190.845901 125.486710                420 
13.933745 164.407913 132.354980 25.273514 206.463562 125.998459 3.712168 172.090439 100.391731 70.037590 188.644714 125.870270                433 
13.921556 164.572144 133.693344 27.141289 205.868134 126.108162 4.429517 171.663544 101.073593 71.082832 186.126572 126.980698                445 
14.004542 164.734833 134.344696 28.067335 205.572922 126.162552 4.840209 171.464737 101.318977 71.573677 184.919693 127.573914                457 
14.084862 164.842133 134.662918 28.520142 205.428574 126.189148 5.077080 171.367874 101.357399 71.807671 184.340591 127.873581                469 
14.115702 164.931229 134.843552 28.734320 205.356155 126.179359 5.256618 171.296295 101.238487 71.899200 184.034607 128.059540                481 
13.630834 166.570694 136.439499 29.317429 206.116272 125.996017 4.642406 171.748077 102.600044 71.854851 183.644226 128.627716                493 
13.398749 167.785233 137.685928 29.709864 206.618820 125.796814 3.972716 172.022705 103.877579 71.849495 183.507034 129.180191                505 
13.182323 168.193146 138.621384 29.243032 206.540146 125.066376 3.351663 171.117599 104.884537 71.531868 183.955811 129.857300                517 
13.944067 161.117340 133.394073 21.238903 202.359818 120.856598 4.844841 162.276093 99.636940 67.262756 190.523041 128.796753                530 
15.808599 159.173248 133.843567 17.148935 201.222031 121.981560 4.475930 159.742157 101.189247 64.502243 195.675003 128.927414                542 
16.326851 159.051727 132.917923 17.144564 201.586441 122.915672 4.149399 161.045151 100.685974 64.642342 196.146271 128.891937                554 
16.500864 158.917816 132.515762 17.169588 201.617767 123.265160 3.624941 161.507919 100.676552 64.741829 196.102463 128.539047                564 
16.680981 158.626709 132.345001 17.076935 201.357239 123.256897 3.385998 161.308228 100.733231 64.685669 196.114532 128.479248                574 
16.794012 159.424088 133.017151 18.034391 202.112595 123.843468 2.413635 162.433701 102.018211 65.601196 195.716431 128.067078                583 
16.872452 160.025284 133.531113 18.735498 202.665710 124.272987 1.920975 163.288498 102.867516 66.238815 195.418915 127.775688                593 
17.391745 160.703796 133.865234 19.705284 203.237610 124.258369 2.273315 164.045746 103.245766 67.146843 195.382645 127.249725                602 
18.614033 159.633972 132.477188 19.239666 202.497940 124.200500 3.328692 163.601608 101.780373 66.969971 196.332077 126.469917                611 
19.699167 160.172699 132.873032 18.470894 202.881393 123.924019 3.473282 163.177917 102.468483 66.444801 198.527618 124.872261                621 
21.300718 159.736221 133.345795 17.909037 202.307816 124.333969 4.156752 161.976776 103.326111 66.037384 200.104126 123.938904                632 
22.315750 159.505676 133.583694 17.553345 201.944717 124.593498 4.615869 161.265457 103.816116 65.710342 201.108810 123.346336                640 
22.084444 159.513702 132.503601 16.304588 202.045853 124.652824 4.676664 161.707779 102.553253 64.477180 202.488876 123.907494                650 
22.922634 157.205338 126.943039 14.984353 200.013550 124.120323 3.762239 161.801041 98.360062 62.978348 202.771561 120.907791                659 
23.210545 156.369583 127.450066 14.836110 198.993973 123.408188 3.991366 159.960342 98.758522 62.797749 202.144409 120.075600                669 
23.127539 155.999146 127.971832 14.658401 198.533249 123.256966 3.907052 159.103165 99.220642 62.613323 201.737244 119.879089                679 
22.625168 155.941208 128.964203 14.412798 198.386002 123.142166 3.471159 158.425201 100.104836 62.390907 201.222183 119.764702                688 
22.273643 155.919510 129.659271 14.240394 198.282623 123.061577 3.160257 157.960434 100.739304 62.233604 200.863052 119.693558                698 
21.905184 155.952332 130.193756 14.132530 198.269730 123.029900 2.779148 157.721924 101.291656 62.141895 200.512497 119.650368                707 
21.606619 155.984344 130.644470 14.081044 198.277298 123.096298 2.435553 157.610046 101.778343 62.101837 200.205780 119.685341                717 
21.346783 155.996597 131.001068 14.039984 198.270981 123.152573 2.078682 157.507370 102.282059 62.070103 199.926071 119.729301                727 
21.119997 156.010269 131.312317 14.004114 198.265472 123.201736 1.807149 157.433182 102.653358 62.041306 199.681946 119.770706                737 
20.866507 156.024445 131.568741 13.946614 198.267136 123.237228 1.581421 157.391708 102.887512 61.993046 199.452240 119.848106                746 
20.628107 156.039841 131.809570 13.892491 198.268707 123.270638 1.358350 157.355270 103.117058 61.946697 199.236725 119.922989                756 
20.424664 156.054642 132.014862 13.846258 198.270035 123.299171 1.167803 157.326157 103.314003 61.906391 199.053192 119.988503                765 
19.670143 156.239334 132.502365 13.721014 198.437866 123.277710 0.409441 157.456573 103.795914 61.785404 198.457870 119.936424                775 
18.615648 156.298904 132.967636 13.337424 198.466080 123.215668 -0.605534 157.468750 104.234901 61.400936 197.696503 119.951187                785 
17.412672 156.396072 133.319336 13.007354 198.510254 122.934265 -1.744331 157.565613 104.486443 61.047337 196.706467 119.731621                795 
16.078962 156.273148 133.838501 12.498849 198.310364 122.849983 -2.918979 157.426193 104.845245 60.509800 195.572632 119.882858                805 
15.029511 156.192856 134.241226 12.098211 198.152878 122.783577 -3.685510 157.410309 104.875946 60.074223 194.686844 120.019653                816 
14.371181 156.150131 134.491180 11.846471 198.053925 122.741852 -3.552807 157.666229 103.965065 59.795158 194.134109 120.113373                829 
13.930394 156.182129 134.614075 11.720877 198.056686 122.704826 -3.353378 157.937973 103.211906 59.651627 193.813232 120.258057                841 
13.596087 156.208481 134.705917 11.625518 198.058777 122.676720 -3.272831 158.103165 102.758530 59.540913 193.570847 120.369347                854 
13.331821 156.230591 134.777664 11.550062 198.060440 122.654480 -3.258625 158.207809 102.480072 59.452244 193.379852 120.458275                866 
13.101659 156.250854 134.839569 11.484279 198.061874 122.635086 -3.268972 158.286774 102.274529 59.374187 193.213928 120.536415                878 
12.908486 156.268585 134.891083 11.429013 198.063095 122.618797 -3.287330 158.347473 102.118172 59.308064 193.074951 120.602493                890 
12.738031 156.284866 134.936203 11.380199 198.064163 122.604408 -3.308721 158.397858 101.989044 59.249245 192.952530 120.661194                903 
12.596757 156.298813 134.973373 11.339703 198.065048 122.592468 -3.329181 158.437805 101.886795 59.200157 192.851212 120.710114                916 
12.465291 156.312210 135.007782 11.301980 198.065887 122.581352 -3.349985 158.473755 101.794800 59.154190 192.757034 120.755875                929 
12.350481 156.324249 135.037689 11.269005 198.066605 122.571632 -3.355608 158.507126 101.709908 59.113823 192.674850 120.796028                942 
12.240405 156.336121 135.066223 11.237358 198.067291 122.562302 -3.361636 158.538498 101.629662 59.074917 192.596130 120.834686                958 
12.149028 156.346222 135.089828 11.211061 198.067871 122.554550 -3.367655 158.563889 101.564590 59.042461 192.530807 120.866898                973 
12.066649 156.355576 135.111023 11.187329 198.068390 122.547554 -3.373923 158.586273 101.507179 59.013081 192.471954 120.896049                989 
11.991452 156.364304 135.130325 11.165646 198.068878 122.541168 -3.171304 158.651047 101.195518 58.986156 192.418243 120.922737               1006 
10.986820 157.332382 135.728546 10.884363 198.906845 122.695419 -3.809736 159.596176 101.417694 58.602894 192.423981 121.190506               1022 
9.281366 158.505402 136.036041 10.463954 200.029663 122.901474 -4.873970 161.170242 101.338631 57.986511 192.177933 121.758087               1038 
8.260578 159.225021 136.210632 10.212028 200.702499 123.024956 -5.393622 162.161865 101.180717 57.597485 192.035507 122.101852               1054 
7.703140 159.624374 136.303024 10.074220 201.070557 123.092499 -5.651233 162.723831 101.066559 57.378525 191.959534 122.290947               1071 
7.355326 159.876297 136.359634 9.988091 201.300583 123.134712 -5.807701 163.097961 100.982208 57.239487 191.912827 122.409492               1087 
6.829578 160.218124 136.377045 9.716465 201.640213 123.203087 -6.111707 163.664505 100.783302 56.910656 191.968491 122.484367               1103 
6.210483 160.670975 136.483978 9.651908 202.017014 123.209206 -6.344520 164.324020 100.581276 56.707291 191.693390 122.458084               1120 
5.769589 160.999054 136.560440 9.605886 202.285614 123.213570 -6.385359 164.844513 100.267212 56.556820 191.498367 122.442047               1137 
5.349592 161.336411 136.600311 9.533971 202.564529 123.181923 -6.555966 165.321716 100.025528 56.386456 191.360321 122.369225               1153 
4.006915 163.230103 135.827576 11.328905 204.387390 123.593597 -6.604341 169.094742 98.843597 57.270332 189.878342 123.121559               1170 
4.638219 163.633789 135.528641 14.010826 204.765182 124.691101 -6.245149 171.504333 99.069321 59.082985 187.831223 122.932693               1187 
3.766637 164.806900 135.153351 14.345852 205.506393 123.812614 -7.085081 172.570419 99.116890 58.930195 187.288452 122.511330               1202 
5.076300 163.759613 129.595474 15.801740 204.908295 120.341415 -2.436825 172.010101 93.697685 60.701790 187.898972 124.343811               1217 
9.725000 162.869095 128.722427 21.447163 203.960129 120.718658 3.665837 171.579895 93.616859 65.785583 186.426514 127.648834               1233 
11.685361 162.509384 128.334473 23.802481 203.532959 120.826721 5.631035 171.357925 94.110901 67.840042 185.745956 128.930176               1249 
10.986689 163.156723 128.512009 24.457787 203.585831 120.247086 1.885528 171.894287 98.069717 67.825790 184.623581 129.247086               1262 
8.432179 165.011902 128.720642 22.809927 204.554871 118.174301 -3.322637 172.903442 100.529686 65.822655 184.870911 127.328384               1298 
7.954932 165.673798 128.694733 22.930210 205.002625 118.218201 -3.851113 173.840103 100.688354 65.686081 184.613113 127.024658               1309 
7.416964 166.451294 128.673279 23.067852 205.514969 118.268433 -4.418611 174.909607 100.845146 65.511620 184.322433 126.679924               1321 
8.179573 166.019760 127.385300 22.192410 206.445099 120.516998 -4.062292 176.378372 100.468018 65.513588 186.381989 127.005249               1333 
8.459710 166.358307 126.646408 21.895088 207.278503 121.978378 -3.981518 177.948090 100.401138 65.505890 187.534943 127.422668               1343 
8.329873 167.072021 126.192039 21.681513 208.100937 122.422012 -4.137626 179.177216 100.241920 65.339676 188.352921 127.454987               1355 
8.257458 167.463928 125.952354 21.568363 208.536667 122.657043 -4.253788 179.814606 100.234253 65.253204 188.793289 127.472069               1366 
10.161586 167.747284 126.127098 25.062056 208.353943 124.295914 -3.075598 181.894135 102.002472 68.037567 186.645996 126.090599               1377 
12.136217 168.057068 126.183037 28.510950 208.107117 125.137367 -1.751119 183.449326 103.864761 70.671638 184.789886 124.772125               1388 
13.208926 168.263550 125.808029 30.427624 207.951157 125.110214 -0.976692 184.261459 104.607849 72.065125 183.743835 123.816353               1399 
15.796985 169.184540 124.016472 34.425888 208.211029 123.053619 2.293615 185.369827 102.843765 75.191063 182.530945 122.763779               1411 
18.288189 165.778183 125.613327 36.485737 204.355072 118.498528 4.413290 178.312927 102.608383 77.583702 179.448334 121.957191               1422 
19.779261 166.543976 125.560753 38.169571 203.915497 113.584229 6.196275 175.940002 101.358047 79.461868 179.758118 119.304146               1433 
21.358587 164.906677 123.170769 39.003510 202.172409 109.548431 7.747789 172.888168 98.800430 81.004356 179.290115 115.351891               1444 
25.334856 159.390274 113.181908 42.784649 197.885925 102.119499 15.864707 166.268448 87.196976 85.123032 178.268433 114.118065               1454 
23.879885 158.712646 106.164482 44.289539 196.485779 97.209160 16.929667 166.504990 79.964577 84.859528 174.564575 111.169357               1464 
25.913820 159.766022 103.802429 46.197758 196.822693 91.737938 19.734962 164.847824 76.891205 86.778137 177.009201 108.531036               1474 
27.270878 160.183273 100.935020 47.765465 196.623169 86.970024 21.547916 163.695770 73.922134 88.478378 178.004669 104.779015               1482 
28.129332 162.381531 97.950356 49.555996 197.928040 82.638016 22.398088 165.241760 71.068176 90.323631 178.811737 99.782028               1491 
28.245289 164.901749 95.548264 50.525646 199.425903 78.577744 22.453022 167.121658 68.634781 91.570442 179.404068 93.933571               1500 
27.666779 169.468765 92.936829 51.419418 202.180298 74.105568 21.739935 171.088104 65.588852 91.977303 179.916473 87.549202               1509 
27.825392 172.699615 89.293365 52.575104 204.018539 68.894157 21.654713 173.858521 61.772236 92.806328 180.187637 80.508255               1517 
28.260580 173.889328 83.537270 54.727730 205.069412 64.732285 21.733425 177.696732 55.894928 93.619019 177.552353 71.917717               1526 
24.363840 182.309921 75.618851 53.503952 209.487198 54.367168 17.571020 185.292709 47.955757 89.645935 178.489563 61.732891               1534 
21.241863 188.482773 66.632774 51.658062 212.819748 43.646503 15.044138 189.280472 38.683628 86.748367 181.493622 54.072151               1543 
19.169140 193.934494 55.798763 51.914185 215.712479 33.336784 14.199615 194.163788 27.628103 84.733948 182.765091 45.933720               1552 
18.405527 197.463913 45.703213 52.263832 217.508209 23.226536 14.100683 196.713348 17.510122 84.054596 184.514938 38.130955               1560 
16.136723 201.047455 32.968327 51.498363 219.738342 11.620685 12.703853 200.397385 4.798602 81.717186 186.072647 28.197594               1569 
12.883626 204.714859 18.543289 49.849602 222.618149 -0.701398 10.967848 204.221710 -9.653227 78.464371 188.661301 17.992920               1578 
11.148121 208.181229 5.990515 49.143147 224.838776 -12.395369 10.062991 207.334671 -22.322445 76.335320 190.351303 7.417510               1587 
9.030032 210.915970 -7.674579 47.931126 227.998703 -23.658457 9.524816 210.462051 -36.131046 74.171898 193.207840 -3.106879               1595 
6.727855 214.402359 -24.792669 46.827629 232.135986 -36.607624 9.646474 215.019974 -53.155041 71.364082 196.481186 -15.440487               1604 
6.421830 215.645874 -35.391342 46.743778 233.729080 -45.903252 10.183970 216.128860 -64.308487 70.947296 198.008209 -24.465908               1613 
3.915483 217.708344 -49.621716 43.943077 236.779373 -59.554310 8.563156 217.431503 -79.435234 68.758522 201.595261 -37.929737               1621 
3.513296 219.224991 -60.254456 43.547619 238.447968 -69.919678 8.986516 217.918488 -90.829796 68.363785 203.779800 -47.478062               1630 
2.382620 221.109573 -72.004082 42.263500 240.924377 -81.148521 9.161722 218.726196 -103.304451 67.300064 206.934341 -57.927876               1638 
0.616311 225.876495 -88.969055 41.391098 245.705383 -92.425720 10.696445 225.105377 -120.015762 63.688232 209.640625 -69.545113               1647 
-0.268429 229.266220 -103.509552 40.638870 249.143631 -103.842743 11.798131 228.905823 -134.288513 61.579166 212.324005 -80.882576               1656 
0.001255 229.613892 -112.474899 40.889973 249.549347 -112.869385 12.389551 228.227997 -143.289459 61.642315 213.434906 -88.652908               1664 
0.452728 231.555389 -122.933640 41.419979 251.341644 -122.239067 12.783109 230.425583 -153.990189 61.416489 215.181976 -97.460678               1673 
-0.115482 233.369415 -134.063202 40.603771 253.622345 -132.386536 11.758749 233.399002 -165.641022 60.571075 217.480072 -107.559280               1682 
-0.931730 233.434647 -143.431839 39.235931 254.709213 -141.038361 10.057217 235.072662 -175.518768 59.845863 218.860229 -116.311226               1691 
-0.569848 233.983658 -151.278748 39.838081 254.690109 -147.976349 9.077989 237.710800 -183.544998 59.808292 217.977661 -124.002663               1699 
0.064573 235.091843 -157.383133 40.920879 254.819168 -153.547424 9.068564 240.078323 -189.829071 59.918789 217.347382 -129.961502               1708 
-0.162871 236.907059 -167.431702 40.199509 257.392181 -162.434860 9.393200 242.569016 -199.825806 59.166183 220.377991 -138.112732               1717 
-0.415372 238.774582 -179.424057 38.900284 260.979858 -173.463547 9.518144 245.508255 -211.643875 58.576000 225.156876 -147.950195               1725 
-0.823433 240.800308 -188.090286 37.924164 263.917725 -181.837830 9.238559 248.500519 -220.438629 58.282368 228.552795 -156.221130               1734 
-0.665723 244.715286 -197.707886 38.633343 266.497528 -190.188065 10.990236 252.039963 -229.822525 56.653301 230.799667 -163.312546               1743 
-0.664976 247.228943 -205.474823 38.078518 269.561432 -196.748810 12.104250 254.891129 -237.300522 55.700993 234.205276 -169.167282               1751 
-0.623762 248.582184 -210.759659 38.182823 270.758698 -201.889557 12.835306 255.701797 -242.591354 55.077618 235.846344 -173.305573               1760 
-1.014872 249.923157 -217.142120 37.138229 273.837524 -210.116135 11.896400 255.735229 -249.534073 55.486305 241.310104 -179.674973               1769 
0.382650 251.140137 -221.593658 38.234341 275.955688 -216.227951 13.137830 255.157974 -254.306641 57.018330 245.790192 -183.692490               1777 
11.320054 247.564667 -232.260483 37.587772 279.080383 -226.566254 -0.790593 257.015411 -253.876709 57.583988 255.294601 -189.745895               1786 
15.761336 241.293854 -238.556808 35.225906 274.323059 -231.759048 -6.405001 248.868774 -260.152924 54.434498 251.839111 -193.721542               1795 
19.609549 242.629013 -243.767059 34.954010 276.898865 -240.005066 -6.262282 245.531952 -266.809143 54.527485 259.102814 -199.736847               1804 
21.902115 243.726563 -246.119324 35.294125 278.299622 -243.941452 -5.112544 244.019684 -270.097839 54.593430 262.942444 -202.552521               1812 
23.097162 244.432877 -247.361389 35.477684 279.055603 -246.065918 -4.400817 243.267456 -271.883636 54.542057 264.987549 -204.113693               1821 
24.917210 245.079376 -248.899414 36.952049 279.590179 -248.231842 -2.444896 243.036682 -274.195618 55.090885 266.453461 -205.573212               1830 
25.751308 245.426880 -249.539764 37.617924 279.831604 -249.210052 -1.584894 242.940460 -275.230652 55.331497 267.111053 -206.247665               1838 
26.203041 245.660706 -249.804703 37.958302 279.955017 -249.710098 -1.182631 242.890350 -275.750275 55.452908 267.446045 -206.596130               1847 
26.429432 245.206223 -250.758621 37.655052 279.557465 -250.860535 -0.754795 241.786407 -277.098236 54.820370 267.553711 -207.471451               1855 
29.528875 243.311188 -251.533813 37.888248 278.344452 -252.887756 4.818269 236.121613 -279.704285 52.417538 270.111053 -207.694153               1864 
31.775801 242.322037 -251.735657 37.877331 277.681549 -254.130081 9.050316 232.376862 -280.889465 50.488422 272.081818 -207.967834               1873 
31.836393 242.133606 -250.750916 38.009487 277.351532 -253.825287 9.511959 231.537384 -280.134857 49.861839 272.663330 -207.361389               1882 
32.098740 242.041122 -250.225342 37.999207 277.211792 -253.652466 10.235765 230.859131 -279.857758 49.236324 273.125671 -206.979340               1890 
31.419134 242.526398 -248.785583 37.635384 277.511597 -252.882980 9.558195 230.918869 -278.369476 48.609268 274.187012 -206.086914               1899 
30.925350 242.899979 -247.731689 37.370171 277.730133 -252.322037 9.053260 230.971863 -277.280151 48.161957 274.962372 -205.447449               1907 
30.619097 243.154587 -247.060760 37.204315 277.866821 -251.971252 8.726303 231.007782 -276.596649 47.886456 275.447693 -205.052277               1916 
27.297348 245.351715 -245.254562 35.044483 279.681885 -250.806244 4.879801 233.414581 -274.564789 45.776844 277.687714 -203.878754               1925 
25.375841 246.670792 -244.189606 33.785507 280.739929 -250.127151 2.638880 234.847565 -273.375458 44.564156 278.993500 -203.200394               1934 
27.156919 247.398178 -244.671448 31.310003 282.338837 -249.779922 4.579434 233.856308 -273.298676 44.374805 280.434357 -203.443817               1942 
27.178125 248.453949 -244.016006 30.249983 283.308990 -250.144791 3.055182 233.794632 -270.842072 46.333225 282.692627 -204.732239               1951 
27.215744 248.971130 -243.722504 29.764923 283.752899 -250.311752 2.427638 233.774826 -269.696564 47.191753 283.747925 -205.393433               1959 
27.210245 249.058853 -243.166275 29.509951 283.774841 -250.030289 2.107035 233.555756 -268.718994 47.561722 284.123352 -205.360809               1969 
27.970604 249.337311 -243.331100 29.190495 284.109131 -250.060364 3.121834 233.189362 -268.789307 47.566990 284.776123 -205.527115               1977 
28.872099 249.608185 -243.371033 29.248247 284.388489 -250.019150 4.354945 232.913361 -268.857635 47.678898 285.358856 -205.513870               1986 
29.494596 249.812912 -243.393341 29.288122 284.581360 -249.990692 5.213174 232.737000 -268.904755 47.749420 285.764648 -205.503265               1994 
29.999897 249.992126 -243.406509 29.320515 284.738037 -249.967575 5.912967 232.602081 -268.942688 47.802544 286.096069 -205.493759               2003 
30.350998 250.124542 -243.412277 29.343044 284.847015 -249.951508 6.400562 232.512527 -268.968750 47.837265 286.327454 -205.486664               2011 
30.668793 250.250946 -243.414429 29.363461 284.945770 -249.936935 6.842550 232.434265 -268.992035 47.867130 286.537720 -205.479874               2020 
30.709248 251.112885 -242.560150 29.802839 285.667267 -249.760376 6.723629 233.052704 -267.858856 48.237274 287.899200 -205.302078               2029 
30.411648 251.462402 -241.903885 30.156294 285.886749 -249.672318 6.049006 233.436035 -266.904724 48.674938 288.478729 -205.268570               2037 
30.225071 251.705688 -241.478195 30.383509 286.027832 -249.615692 5.614352 233.698364 -266.288727 48.964935 288.850464 -205.252274               2046 
30.098381 251.884735 -241.180237 30.541109 286.125702 -249.576431 5.311996 233.887405 -265.860291 49.170029 289.107666 -205.243347               2055 
30.003363 252.028442 -240.950394 30.661558 286.200500 -249.546417 5.080080 234.035675 -265.532135 49.328938 289.303802 -205.237854               2063 
29.903927 252.188736 -240.702988 30.790047 286.280273 -249.514404 4.831792 234.197403 -265.181458 49.500504 289.512543 -205.233231               2082 
29.754560 252.196075 -240.629333 30.780100 286.246552 -249.542740 4.527467 234.245575 -265.003052 49.618103 289.507019 -205.317749               2093 
26.838406 255.370285 -250.219452 27.930658 291.042633 -255.668594 -0.110459 240.611481 -273.080078 49.728390 290.814850 -212.701660               2101 
23.340298 256.499664 -257.804352 27.057001 293.932190 -259.987488 -5.119597 246.409882 -278.416443 50.583431 290.128204 -218.114014               2112 
21.197256 256.381348 -260.173645 27.732307 294.375122 -261.370605 -8.072544 249.297989 -279.255768 51.909222 288.693481 -220.084442               2122 
20.379219 256.230865 -261.125305 27.959337 294.524017 -261.835571 -9.025906 250.329483 -279.533478 52.302437 288.196808 -220.741409               2133 
19.846485 256.105835 -261.440460 28.028534 294.553986 -261.938202 -9.629830 250.846390 -279.436401 52.488678 287.916565 -220.962646               2142 
19.474482 256.000549 -261.677063 28.074806 294.574036 -262.006836 -10.031557 251.197433 -279.370544 52.609062 287.727600 -221.110046               2151 
18.898232 255.886307 -261.633820 28.205639 294.464844 -261.938385 -10.050000 251.452377 -279.241241 52.901218 287.282745 -221.196564               2160 
18.002510 255.767914 -261.313080 28.428946 294.204407 -261.745392 -10.595953 251.964447 -278.688599 53.393970 286.490662 -221.265823               2170 
16.896082 255.581421 -260.947144 28.553831 293.778107 -261.490326 -11.306218 252.477936 -278.466827 53.119003 285.575470 -220.862518               2179 
14.538671 254.980392 -259.199890 27.840963 292.736206 -260.038879 -13.408440 252.826675 -276.783264 51.949944 283.960571 -219.257797               2189 
13.736511 252.190750 -256.075195 26.935514 290.058533 -257.471924 -12.820564 249.158218 -275.229370 48.535328 283.008575 -214.985504               2198 
13.304568 250.864838 -254.626312 26.509802 288.799561 -256.265045 -12.494715 247.423096 -274.454376 46.895138 282.565063 -213.057175               2208 
13.104650 250.285522 -254.063538 26.334606 288.281464 -255.768356 -12.291684 246.678238 -274.143066 46.215218 282.382324 -212.279144               2218 
10.088558 250.799744 -253.184433 24.601454 288.424652 -253.659958 -11.807939 247.582489 -274.604095 43.700237 280.737457 -210.099716               2227 
8.374088 250.497253 -251.386795 23.077608 288.107849 -251.816681 -2.339546 244.912979 -274.995270 40.958939 280.811432 -207.676331               2237 
9.369503 247.287979 -248.824997 23.115026 285.305573 -248.045593 6.476484 240.493576 -273.536591 37.213451 278.525452 -202.475708               2246 
9.454475 243.568130 -242.972595 22.018919 282.042969 -242.306976 11.473065 235.903320 -267.469940 34.734886 276.402374 -196.178482               2256 
13.866076 239.435913 -239.649628 22.580812 279.005188 -239.102463 19.904284 231.603317 -263.600922 33.077503 275.417358 -192.216461               2265 
17.089914 234.832993 -234.993820 22.234356 275.057556 -235.723282 25.718182 226.688126 -258.096008 30.219715 274.318848 -188.214981               2274 
18.676544 232.419312 -233.494644 22.199924 272.825775 -232.582047 28.412977 225.619400 -256.678406 29.487026 270.540680 -185.010757               2283 
21.258785 229.480835 -231.601471 21.217655 269.981964 -229.043655 32.345348 224.588684 -254.713287 27.605961 266.408264 -181.422562               2292 
22.649609 228.080185 -230.578171 20.700039 268.483398 -227.179077 34.315937 224.248566 -253.636765 26.724154 264.195709 -179.569458               2300 
27.592455 226.874466 -229.659012 16.093185 265.691467 -226.553436 40.673077 225.991943 -252.267502 21.286488 262.809357 -178.740540               2309 
39.423748 234.924515 -221.584122 12.839047 265.493561 -218.714203 56.928394 244.333908 -238.892059 8.596789 256.621582 -171.548096               2318 
43.647038 244.246338 -212.326614 8.337298 264.264008 -210.672073 59.180164 264.108429 -222.328903 1.525062 247.409470 -166.052933               2326 
46.395027 251.335052 -207.553299 7.325250 262.328461 -205.645905 56.658298 276.677765 -212.923904 3.648350 239.807266 -163.212112               2335 
46.671837 249.438385 -203.197006 7.721444 260.054199 -198.524719 56.501572 275.906586 -205.709869 6.050619 233.952621 -158.061569               2343 
46.782215 249.639893 -191.712753 6.998346 257.224823 -188.241837 54.753094 277.091217 -190.014511 4.975989 226.599960 -151.101852               2352 
46.730820 249.729340 -185.719177 6.622332 255.753540 -182.894684 53.571148 277.459320 -181.871674 4.763741 223.024796 -147.585678               2361 
50.384830 243.019592 -174.870041 11.237438 252.953812 -170.136963 60.077717 269.971436 -170.547867 7.625648 219.836533 -135.329605               2370 
51.416939 236.625763 -164.615936 12.862705 248.053986 -158.523972 62.247803 263.278351 -160.468857 9.218873 215.118942 -123.547493               2378 
52.142296 233.906403 -153.319946 13.351950 244.378616 -146.964310 62.395302 260.722900 -148.195038 10.343335 210.404266 -112.934296               2387 
52.879234 232.671616 -142.667206 13.904736 242.272308 -136.026154 62.645409 259.526154 -136.469986 11.436412 207.138489 -103.149521               2396 
52.758877 230.623047 -132.931290 13.575875 239.617340 -126.640083 62.057266 257.579865 -126.187645 11.211893 204.087738 -94.183815               2404 
52.756008 227.825409 -120.655670 13.304853 236.225769 -115.237938 61.503197 254.809021 -113.072151 10.550467 200.101257 -83.476578               2413 
53.063850 227.331299 -109.911476 13.425189 235.112640 -104.909027 61.338718 254.178757 -101.200653 10.555009 197.949081 -74.380646               2422 
53.353359 225.191895 -99.175056 13.637975 232.858780 -94.573997 61.461262 251.902542 -89.762650 10.379672 195.139816 -64.774437               2430 
50.349266 223.780258 -72.604523 10.559144 231.333252 -68.404503 58.265877 250.343903 -62.450359 6.928460 193.060410 -39.363888               2456 
48.986095 224.040924 -60.914265 9.394579 229.753922 -53.296009 56.785671 249.998474 -49.171673 9.117124 189.194458 -27.292099               2465 
48.173553 224.275040 -54.689552 8.788437 228.931885 -45.432232 55.945076 249.848114 -42.040245 10.129253 187.295837 -21.224972               2473 
47.681408 224.431030 -51.070000 8.440959 228.460648 -40.924217 55.448486 249.760193 -37.866608 10.660033 186.249161 -17.802443               2482 
46.626141 224.347107 -45.080925 7.469726 228.031799 -34.470570 54.392368 249.536819 -31.551395 10.147903 185.522232 -11.951376               2491 
46.031921 224.301498 -41.703663 6.922901 227.790344 -30.837027 53.795681 249.410370 -27.966110 9.854239 185.117249 -8.661272               2500 
51.841949 221.353104 -20.831915 13.523697 222.221817 -7.008444 59.703617 245.401260 -5.316813 19.535091 177.863998 10.812827               2508 
53.935978 221.036026 -5.308966 16.242296 219.008408 10.039381 61.533844 243.849182 12.127156 24.711889 173.487045 23.359390               2517 
55.057896 220.905655 3.532337 17.754915 217.220474 19.524731 62.535950 242.932846 22.034285 27.495438 171.270050 30.250008               2526 
56.898369 220.271606 11.488464 19.816700 215.679016 27.768776 64.320786 241.837753 30.578176 30.215481 169.561646 37.064129               2535 
57.573444 219.655457 17.490997 20.607143 214.591873 33.903305 64.969841 240.969635 36.898964 31.337355 168.406372 42.453815               2543 
57.968235 219.296127 20.995789 21.067951 213.958115 37.479580 65.350311 240.456116 40.604088 31.987862 167.738693 45.595749               2552 
59.175518 217.668243 28.176891 22.308916 212.183578 44.697220 66.550079 238.740723 47.906319 33.328915 165.947845 52.581795               2560 
59.852871 216.757599 32.196442 23.003462 211.190399 48.736809 67.223061 237.776398 52.008068 34.079147 164.946045 56.491779               2569 
78.606918 191.748764 50.274727 40.891632 198.723877 63.327591 91.013229 206.115784 73.689362 33.464775 151.128265 64.249451               2578 
95.676125 174.357758 63.396183 63.456406 194.367096 76.972473 111.896416 180.352783 88.464790 38.019550 153.700470 72.440102               2587 
109.966537 199.958954 27.058832 76.977661 191.809616 86.237175 99.254944 170.168762 39.536324 33.763084 172.473007 95.178444               2595 
2.860711 188.414581 92.202591 84.849197 192.008453 89.974998 35.135818 167.365021 110.395103 120.721329 191.787964 122.138519               2604 
2.739187 188.879471 96.489365 88.951828 190.632278 93.680511 36.878792 164.826416 110.553123 125.907524 182.573364 123.524788               2612 
-1.752779 185.663147 102.492798 81.319939 191.058212 90.259972 29.958307 163.778778 108.874512 119.913246 181.031296 117.303787               2621 
-6.976565 190.443359 103.064148 75.870232 189.622437 90.162323 22.074699 166.077896 107.926529 113.405853 175.172699 116.688400               2630 
-6.029821 196.153595 103.175293 76.439270 188.064514 91.480217 19.301365 170.937164 109.224770 111.963387 170.247055 118.718529               2638 
-4.991876 197.309326 103.408844 77.275063 186.454010 93.616119 18.111109 172.886841 110.318108 111.250717 166.757187 121.527405               2647 
-4.015424 198.773315 104.647583 78.064880 186.292023 96.309357 18.075785 174.165756 111.567841 110.902779 165.472031 124.761955               2656 
-3.516368 198.778839 106.596169 78.146957 185.476913 98.658417 17.450310 174.952942 112.897263 110.034676 163.373993 127.223877               2664 
-3.257661 198.144180 108.620857 78.034325 185.287994 100.379616 17.003099 175.579773 114.226242 109.508705 162.722824 129.041901               2673 
-3.081960 197.518387 111.400871 77.899185 185.637253 101.881577 16.775629 176.336151 116.266449 109.531876 162.770462 130.127518               2682 
-3.552222 197.015518 114.527084 77.254753 186.188553 104.308762 16.207264 176.672150 118.855019 109.046524 163.457870 132.485870               2690 
-3.558502 197.101151 118.442596 76.752769 186.407822 105.871277 15.942228 177.406921 121.656914 108.927666 162.771164 132.842270               2699 
-3.987889 197.796783 121.111450 76.001389 187.065063 107.512619 15.020430 182.011261 126.131577 108.321106 163.508011 134.379929               2708 
-4.558213 196.950104 123.109306 75.341858 187.291870 108.891296 14.180899 183.763840 128.986359 107.925148 163.789078 135.486389               2716 
-4.715096 196.523407 124.919014 75.103912 187.762207 110.244087 13.875772 184.396118 130.824036 107.819939 164.035904 136.475266               2725 
-4.978120 197.519562 127.212616 74.414719 188.131424 111.145065 13.357801 186.827896 133.548294 107.142258 163.625214 136.634369               2734 
-5.188438 197.566788 129.426727 73.905075 188.516953 112.107925 13.095591 187.252625 135.384628 106.846672 163.457825 136.770477               2742 
-5.347309 197.437546 130.974518 73.554131 188.804382 112.890244 12.900015 187.350998 136.587402 106.658142 163.510788 137.091660               2751 
-6.357511 197.263779 131.619537 72.645187 189.521011 113.823563 11.905649 188.181610 137.700806 105.976685 165.077240 138.579651               2760 
-6.876454 196.354797 132.531204 71.954376 189.176041 113.990257 11.357782 188.546402 138.990829 105.420372 164.205673 138.028931               2769 
-8.055917 195.303024 132.582916 71.075554 189.866028 114.945427 10.158679 188.699310 139.615540 104.681976 165.392166 139.296768               2777 
-8.803290 194.692764 132.260544 70.542778 190.057312 115.580093 9.269677 189.453140 140.167480 103.977356 165.675171 140.257828               2786 
-8.225370 195.630890 133.632751 70.817818 189.989807 116.025063 9.821267 191.241837 141.999008 104.083649 164.820328 140.133820               2794 
-7.975282 195.556488 134.474365 70.916290 189.763687 116.408920 10.054212 191.160416 142.678757 104.090172 164.022446 140.035858               2804 
-7.382328 196.286819 135.593796 71.230774 189.505997 116.805504 10.655042 191.898880 143.729218 104.164398 163.044998 139.968887               2812 
-7.360534 197.035263 137.195587 71.241638 190.489624 118.405815 10.664427 192.797333 145.326630 104.135300 163.865677 141.438873               2820 
-7.021123 198.023178 138.618591 71.373947 191.095123 119.227333 11.020542 193.718201 146.621323 104.131401 163.828827 141.696167               2829 
-7.360651 197.891296 139.437302 71.298981 192.511719 120.743790 10.713978 193.978821 147.578110 104.298401 165.719131 143.427399               2838 
-7.014482 198.131409 140.329803 71.449356 192.418747 121.023026 11.114127 194.120209 148.306366 104.372086 165.122192 143.211807               2846 
-6.831171 198.303558 140.819717 71.531097 192.409866 121.248001 11.324257 194.359253 148.776001 104.378777 164.861633 143.236053               2855 
-6.814205 198.259720 140.877899 71.513062 192.290115 121.274200 11.386909 194.604279 149.057724 104.286720 164.637070 143.241135               2864 
-6.879038 197.925842 140.779755 71.464470 192.110550 121.274269 11.332651 194.499634 149.125824 104.192863 164.385742 143.218231               2873 
-7.551246 192.652267 135.377441 71.518799 188.883163 118.583878 10.538477 191.097565 145.035446 104.467995 163.508148 142.911026               2881 
-8.006902 189.809189 132.498947 71.404541 187.227539 117.302109 9.961223 190.776093 143.892319 104.408104 163.575653 143.238647               2890 
-8.343329 188.609146 130.858078 71.246582 186.521255 116.744194 9.477675 191.694229 143.966019 104.026932 163.241791 143.293503               2900 
-8.812846 187.484482 129.598328 70.930153 186.709686 116.515007 8.735865 191.443680 143.454269 103.654785 163.629379 143.305832               2909 
-9.120541 186.972137 129.217957 70.470604 187.004517 116.671165 8.005584 191.644180 143.225983 102.975746 163.783234 143.606979               2919 
-9.185243 186.759476 128.209763 70.440331 187.608551 117.256775 7.375951 191.944885 142.407974 102.432617 164.531662 144.920837               2929 
-9.397758 186.586777 126.936623 70.276039 188.253677 117.489784 6.818875 191.667099 141.016449 101.852448 165.576126 145.950439               2939 
-10.078407 185.928268 125.192177 69.672974 187.945480 116.840828 5.923470 191.224182 139.346161 100.942734 165.907196 146.130188               2950 
-10.343713 186.191772 124.954300 69.278084 188.324997 116.773109 5.473458 191.731796 139.058517 100.389557 166.225601 146.184738               2960 
-10.300297 186.268402 124.911804 69.084183 188.644150 116.866570 5.211236 192.191635 138.894897 99.992561 166.360168 146.352951               2970 
-10.077415 186.342957 125.203484 68.893486 189.030060 116.982185 4.995486 192.848419 138.890228 99.603844 166.437408 146.440582               2980 
-10.094482 186.896515 125.241890 68.569588 189.771332 117.105881 4.627157 193.644958 138.799377 99.008095 166.580200 146.380753               2991 
-9.676231 186.871964 125.878883 68.371849 190.330643 117.387779 4.437397 194.205276 138.972626 98.603401 166.565262 146.415527               3003 
-11.497973 181.709930 123.249771 65.645348 189.207108 114.742294 1.388727 190.996002 135.523163 96.519745 167.722885 144.851257               3013 
-11.682928 181.284851 122.783249 64.962936 189.698593 114.356628 0.581628 191.252625 134.680923 95.695770 168.326889 144.689667               3025 
-11.306605 183.901291 124.621101 64.982605 190.744476 114.919014 0.980036 193.999710 136.322037 95.444984 167.813126 144.373169               3037 
-10.078289 183.714188 125.404381 65.523041 190.677094 115.081688 1.523863 195.672226 137.339676 95.761116 167.659195 144.699005               3047 
-9.492609 183.335190 125.304199 65.672409 190.620895 115.009621 1.571600 196.143539 137.378036 95.640312 167.158875 144.552948               3058 
-9.155995 183.261826 125.040398 65.724113 190.708542 114.774086 1.575700 196.309174 137.074799 95.492401 166.755829 144.124832               3069 
-8.716398 183.098358 125.666115 65.712517 190.878479 114.900818 1.638726 196.514328 137.437668 95.488144 166.620377 143.992172               3080 
-8.738092 183.768997 126.136696 65.401154 191.415787 115.123932 1.431201 197.181793 137.926071 94.994095 166.230194 143.607147               3091 
-8.879564 185.521896 126.744034 65.017601 192.491959 115.477341 1.258414 198.629364 138.769348 94.194710 165.605240 142.811401               3102 
-8.690356 186.068039 127.117485 64.772011 193.090912 115.666481 1.092994 199.271240 139.110733 93.661140 165.193008 142.283676               3113 
-8.352420 186.482239 127.902184 64.537399 193.729706 115.908142 0.995514 200.040833 139.673141 93.289940 165.170242 141.965744               3123 
-7.959343 186.532639 128.318863 64.298340 194.154266 115.943260 0.807677 200.572830 139.807419 92.872437 165.068695 141.612335               3134 
-7.520144 186.393356 128.733597 64.129211 194.448944 115.990150 0.677507 200.847031 139.823334 92.580063 164.994080 141.373428               3145 
-7.329481 186.397217 129.034561 63.936523 194.736557 116.134766 0.504544 200.842606 139.675217 92.275215 164.926926 141.227692               3155 
-7.610207 187.021622 128.964279 63.402859 195.461807 116.099068 0.009567 200.804688 138.759338 91.542641 165.138885 140.797714               3166 
-7.662920 187.081055 128.993423 63.016853 195.860992 116.171425 -0.383826 199.759674 137.323334 91.014305 165.139572 140.537109               3178 
-7.843565 187.790848 129.078903 62.559151 196.258972 116.079735 -0.814865 200.209732 136.672318 90.264099 165.225418 140.384155               3190 
-7.573590 187.384491 129.191162 62.188473 196.541458 115.999939 -1.173043 199.540695 135.727463 89.847893 165.219299 139.983871               3200 
-7.644049 187.255890 129.098053 61.686947 196.944641 115.821724 -1.664011 199.191376 134.930832 89.328659 165.337570 139.449661               3211 
-7.708560 187.291687 129.128296 61.133911 197.386475 115.679535 -2.157402 198.925217 134.078964 88.681252 165.346771 138.830170               3222 
-7.535645 187.173599 129.508041 60.624851 197.852249 115.693680 -2.590632 198.960068 133.843475 88.147118 165.407669 138.303940               3233 
-7.524512 186.884720 129.732666 60.105293 198.234009 115.609077 -3.055922 198.815063 133.714691 87.781715 165.639252 137.811508               3244 
-7.686376 186.579086 129.834869 59.512619 198.609711 115.474976 -3.558147 198.308975 133.252579 87.401390 165.879929 137.208084               3255 
-8.000287 186.095413 130.081848 58.687435 199.226898 115.555717 -4.277219 197.617828 132.950623 86.965881 166.439880 136.690781               3266 
-8.372692 186.025970 130.267334 57.945004 199.878143 115.698280 -4.933022 197.425613 132.804321 86.420166 166.867584 136.212128               3277 
-8.128603 185.734467 130.856903 57.414463 200.372162 115.977730 -5.361515 197.294769 132.767593 85.992905 167.088089 135.897385               3288 
-7.820331 185.327423 131.495468 56.864971 200.816528 116.305687 -5.796794 197.019958 132.642303 85.572655 167.333023 135.698303               3299 
-7.223308 184.746964 132.046631 56.521877 201.093994 116.510460 -6.073720 196.812195 132.458603 85.310806 167.490555 135.572372               3311 
-6.479988 183.791077 132.452667 56.245518 201.228912 116.707687 -6.234041 196.037231 131.665390 85.155304 167.583298 135.510544               3322 
-6.114156 182.947968 132.524460 55.973320 201.279175 117.111320 -6.367262 195.085587 130.690582 84.851738 167.143570 135.059799               3334 
-6.453036 181.933426 132.569733 54.922829 201.708893 117.593033 -7.027128 193.686356 129.313690 84.073250 167.132065 134.207672               3346 
-6.171460 181.392975 132.895615 54.343819 202.203537 118.010025 -7.462904 193.614609 128.917160 83.538513 167.292633 133.829285               3357 
-5.892378 181.232346 133.301865 53.616806 202.916916 118.409851 -8.140030 194.189957 128.686447 82.681656 167.677872 133.732864               3369 
-5.419983 181.137848 134.225571 53.360733 203.288818 118.907394 -8.260251 194.527466 129.029495 82.378670 167.779877 133.686600               3381 
-4.938191 180.946823 134.729843 53.149181 203.486633 118.928490 -8.429477 194.846878 129.248764 82.155472 167.907028 133.559891               3393 
-6.485421 181.418396 135.523056 50.625511 204.992630 118.783058 -10.681695 195.790619 130.053299 80.190590 169.523834 132.538788               3406 
-6.465607 180.594223 136.108154 49.917629 204.992310 118.724174 -11.201511 195.277298 130.360321 80.043945 170.117645 132.778122               3418 
-6.240165 179.621704 136.423569 49.559437 204.555283 118.424522 -11.434835 194.740860 130.416626 80.116127 170.275299 133.002670               3430 
-5.803357 178.443176 137.118042 49.394737 203.920273 118.418816 -11.385258 193.845810 130.697235 80.443771 170.301788 133.488815               3442 
-5.442384 177.762421 136.889923 49.523655 203.740723 118.509926 -11.218408 193.559586 130.338394 80.684235 170.238693 133.609009               3456 
-5.176581 177.302078 136.749329 49.607464 203.624008 118.569160 -11.112536 193.648285 130.208710 80.840004 170.198029 133.688095               3470 
-4.975982 176.880173 136.675125 49.632706 203.517090 118.639984 -11.041494 193.586212 130.047043 80.948753 170.171509 133.763748               3485 
-4.706070 176.503555 136.668350 49.594532 203.505341 118.771881 -10.993301 193.527542 129.752960 80.939278 170.111679 133.729156               3499 
-4.645231 175.999557 136.871811 49.241314 203.543945 119.014664 -11.142387 193.368637 129.659744 80.756233 170.130234 133.564026               3514 
-4.501142 175.550720 137.053085 48.964836 203.574173 119.204704 -11.090487 193.193192 129.049957 80.613434 170.149231 133.434601               3528 
-4.358484 175.209732 137.187317 48.769516 203.595520 119.338959 -10.748078 193.067566 127.811615 80.512779 170.165009 133.343140               3543 
-4.234641 174.951813 137.286926 48.628712 203.610901 119.435745 -10.488162 192.998138 126.898384 80.440331 170.177612 133.277206               3557 
-4.341509 175.971252 137.505875 48.583614 204.271194 119.373459 -10.494815 194.152344 126.948227 80.208252 170.567581 132.985931               3572 
-4.811046 176.517349 137.677383 47.942604 204.901123 119.259048 -11.044701 194.785446 127.115364 79.656075 171.138870 132.514862               3586 
-5.591469 176.629990 137.859390 46.815838 205.421646 119.158447 -12.016763 195.011230 127.409882 78.807060 171.713943 131.874725               3600 
-7.285949 175.919983 137.401794 44.308563 206.029953 118.547821 -14.165560 194.305695 127.036827 77.143074 172.969452 130.805435               3616 
-8.124767 175.561783 137.161713 43.038628 206.338058 118.238533 -15.149534 194.219284 126.746117 76.294243 173.615967 130.266800               3631 
-8.701139 175.222366 137.076904 42.183113 206.526840 118.296249 -15.517742 194.104065 126.022972 75.677765 173.841522 129.747406               3647 
-9.442099 173.581345 136.103577 40.607250 206.693512 118.229233 -16.071432 192.564667 123.920311 74.900002 174.427979 128.441635               3662 
-10.305575 172.386154 135.249207 38.825962 208.027618 119.899239 -15.984733 191.254822 121.207779 73.878311 175.681198 126.710411               3678 
-7.984846 168.113068 134.859253 38.179283 207.822205 120.336052 -14.301105 186.453217 119.232994 75.666710 178.199951 126.546112               3694 
-7.106091 167.124069 134.234283 38.481586 207.845200 120.762253 -13.315098 185.568390 118.183350 76.414238 178.758636 126.798477               3709 
-6.229310 168.295853 132.718750 40.689697 208.279083 121.901627 -11.149134 187.307953 116.669212 77.707840 178.001740 127.757454               3723 
-5.749075 168.916885 131.856522 41.959419 208.228043 122.124313 -10.343276 188.728394 116.832237 78.390770 177.329575 128.400543               3738 
-5.894761 169.758194 131.706787 42.324474 208.052505 120.587135 -10.223585 189.313705 116.607643 78.353584 177.381638 129.672897               3751 
-6.121108 171.154755 130.925278 43.288216 207.921906 119.920692 -10.153296 191.477020 117.482201 78.314919 176.389709 129.930740               3765 
-4.293099 170.475571 130.336380 45.511021 206.038803 118.701172 -8.929755 191.809723 118.475220 79.701012 174.333206 130.831696               3779 
-3.922219 173.220306 131.296265 46.947876 206.205460 118.226265 -8.637423 195.486984 120.394325 79.646210 173.315430 131.280594               3792 
-3.012835 175.407883 133.136993 48.942047 205.295532 118.387177 -7.362415 197.710220 121.120583 79.913345 172.054474 134.423431               3831 
-2.032469 175.572464 133.798935 50.034443 205.000946 118.817200 -6.335977 198.031387 121.842941 80.724907 171.367920 134.573654               3844 
-1.101327 174.498230 133.954834 50.389091 204.541962 118.776260 -5.892096 197.036209 121.950989 81.426064 171.094391 134.246155               3857 
-0.628280 174.073166 134.336945 50.447495 204.482056 118.968872 -5.731400 196.640259 122.232300 81.681206 171.044495 134.059769               3869 
1.446878 168.731277 134.229919 48.322777 206.263855 121.585411 -5.317007 190.102097 120.959717 83.407555 176.225967 135.301620               3882 
2.647876 167.795105 134.069855 48.551220 207.000977 123.158417 -4.031058 188.994995 120.314125 84.359116 177.244400 135.555664               3894 
3.476466 167.805511 135.033401 48.911163 207.520355 124.114662 -3.112023 188.747437 120.651833 85.079140 177.923615 135.830475               3907 
3.615196 167.653412 134.758133 48.892139 207.552124 124.092728 -3.055995 188.605759 120.335236 85.097748 178.048767 135.927277               3918 
3.924998 167.164719 134.263382 48.788704 207.571365 123.861771 -2.948977 188.027542 119.786407 85.239510 178.504486 136.019302               3929 
4.912140 166.568054 134.840057 49.151039 207.524384 124.006348 -2.334382 187.283020 120.284554 86.052437 178.979218 136.040070               3941 
5.911026 165.946121 135.545044 49.452026 207.450729 124.116089 -1.701409 186.444397 120.768509 86.833443 179.478867 136.013748               3952 
6.213647 165.739868 135.760483 49.470741 207.443649 124.100609 -1.476665 186.126404 120.724335 87.019371 179.700073 136.006241               3964 
3.357051 165.187393 134.775497 43.835415 209.161575 121.596489 -5.426424 184.313950 118.628197 83.034439 184.551102 134.979736               3976 
-0.014132 165.380386 134.861084 38.327869 210.747406 120.150101 -9.948951 184.088242 118.755562 78.842659 187.646637 132.243774               3988 
-1.347356 165.367950 134.872253 36.179340 211.255417 119.719879 -11.571940 183.959167 118.568970 77.155342 188.659332 131.197418               4000 
-1.352265 164.722153 132.804688 35.795479 211.723434 121.240829 -11.854311 184.675095 117.900826 76.825836 188.242859 130.542587               4011 
0.452088 165.940186 128.346237 38.357784 212.747391 123.126816 -10.156743 188.051895 116.142822 78.386452 186.924225 130.353195               4023 
2.768402 165.752609 128.193420 41.956089 211.123718 123.635025 -7.446082 188.647888 116.390366 80.915405 183.560776 130.253647               4034 
4.041568 166.232925 128.496750 44.985008 209.917953 124.228806 -5.277855 189.754623 116.923492 82.711098 180.654251 130.688599               4045 
3.910932 168.644165 129.429840 46.576031 210.548294 125.083115 -4.655716 192.858475 118.605072 83.072395 179.482666 130.011856               4056 
4.322310 168.239700 130.689728 47.961300 208.815552 124.087708 -3.618560 191.971344 118.449181 83.702812 177.253998 130.998825               4066 
4.017696 165.167923 131.278702 46.801594 205.212143 119.309830 -4.816597 187.620926 117.036034 82.973190 175.601028 130.978073               4077 
1.344292 169.360016 132.740570 44.418156 208.142319 118.061249 -7.730590 191.835999 118.651268 80.397514 178.372910 129.919495               4087 
2.317333 167.949493 132.500305 44.648510 207.506317 117.993500 -7.198655 190.464157 118.451416 81.097961 178.421295 130.111664               4098 
3.083667 167.139526 132.272827 46.014324 206.260239 118.553841 -6.105284 190.229843 118.785240 81.962746 176.231689 129.838699               4108 
3.154802 167.169418 132.012054 46.699738 205.698242 118.655602 -5.674019 190.512787 118.678261 82.142532 175.016296 129.781128               4118 
3.211904 167.680267 132.049194 47.359241 205.493515 118.741432 -5.365963 191.110474 118.749115 82.280777 174.189926 129.783279               4127 
3.812935 168.235046 132.206635 48.567940 205.331528 118.997353 -4.467122 191.564545 118.660484 82.959892 173.657944 130.630432               4137 
4.090410 169.012817 132.753250 49.606449 204.995941 119.155151 -3.783063 192.068939 118.635765 83.317146 172.871292 131.522278               4147 
4.234694 169.557373 133.328644 50.224686 204.774673 119.393288 -3.348827 192.115234 118.474739 83.493958 172.358032 132.186508               4156 
4.751300 170.247467 134.624161 51.308041 204.407104 120.021477 -2.401993 192.039139 118.902214 84.025543 171.437027 132.823380               4167 
5.322724 170.821335 136.061310 52.114151 204.299438 120.694275 -1.397759 191.508804 119.230141 84.582008 171.041565 133.386887               4176 
6.215679 170.348923 137.006165 52.658607 203.974976 120.960144 0.041667 189.252243 118.251068 85.461021 171.194672 134.029343               4187 
6.613336 170.623215 137.523834 53.057117 203.967178 120.933395 1.080496 188.177567 117.427490 85.840446 171.173126 134.016006               4197 
8.028153 170.233139 138.627731 54.051865 203.862564 121.480995 2.299049 187.269394 118.189087 87.210953 171.353867 134.326599               4206 
8.654268 170.390350 139.409134 54.488888 203.880676 121.525055 2.991433 186.515549 118.245613 87.830154 171.844269 135.066803               4216 
9.602927 169.969742 140.116959 55.010807 203.451111 121.180756 3.785782 185.114975 118.289627 88.762093 172.366852 135.876648               4226 
9.684884 170.445648 140.024841 55.314617 203.553238 120.984352 4.022447 185.264084 117.973076 88.868645 172.417679 136.019440               4237 
9.317145 171.218491 139.151093 55.775257 203.584320 120.870346 4.073824 186.103287 117.214493 88.556740 171.601089 135.830185               4246 
9.288901 171.368500 138.861328 55.986935 203.568939 120.920219 4.137635 186.061050 116.963776 88.538948 171.297989 135.762833               4256 
9.278616 171.588348 138.502274 56.216606 203.630676 120.923790 4.287189 185.989655 116.596611 88.537773 171.087357 135.675919               4266 
9.164084 172.020554 138.226898 56.553211 203.485611 120.832169 4.383860 186.044189 116.271446 88.428085 170.629074 135.858521               4276 
9.111336 172.123672 137.824432 56.844643 203.331772 120.929375 4.577044 185.760361 115.838448 88.384476 170.258392 136.185226               4287 
9.123648 172.212891 137.514740 57.118725 203.236191 121.039459 4.725005 185.659805 115.569809 88.395798 169.954056 136.382019               4297 
8.979837 172.523972 137.292221 57.263355 203.327423 120.948380 4.820503 185.381119 115.357376 88.479927 170.099182 136.529160               4308 
8.774704 172.737305 137.072723 57.165024 203.658997 121.001511 4.707871 185.180298 115.227623 88.480171 170.440369 136.403931               4319 
8.638608 172.983322 136.815781 57.122585 204.002197 121.013832 4.729611 184.979523 114.985603 88.493652 170.749588 136.227951               4329 
8.525503 173.180161 136.614365 57.089672 204.268402 121.023392 4.723080 184.757950 114.824593 88.504776 170.990799 136.091309               4340 
8.479990 174.346146 137.050308 57.267990 205.180862 121.513000 4.739237 185.545624 115.313484 88.505707 171.164993 135.241638               4352 
8.608817 174.723679 136.472870 57.550694 205.579849 121.344223 4.922243 185.732162 114.949852 88.715446 171.382080 134.783768               4364 
8.672157 174.975372 136.107422 57.727947 205.830017 121.238403 4.994423 185.780991 114.765556 88.847908 171.520264 134.495087               4378 
6.550455 179.542099 133.277344 57.745701 208.018097 120.190796 4.381173 189.761230 112.086136 86.999954 172.601944 134.724762               4391 
6.828512 177.809021 131.576370 57.817558 207.435410 119.331604 5.218237 187.418472 110.474655 87.820526 172.801331 134.219620               4405 
6.635542 177.938507 131.555054 57.881134 207.433090 119.343834 5.234464 187.256561 110.826088 87.925446 172.818497 134.193726               4419 
5.954210 178.888123 130.963959 57.697948 207.739563 118.778168 4.898512 187.775391 110.584229 87.416161 173.000504 133.989197               4432 
5.835442 178.894394 130.944366 57.805542 207.568176 118.861000 4.780587 187.761917 111.252747 87.470818 172.667786 133.803711               4445 
5.805804 178.837158 131.027344 57.898567 207.387177 118.819679 4.760265 187.548279 111.646912 87.592186 172.456436 133.634628               4458 
5.847006 178.263260 131.223007 57.969139 207.005447 119.295166 4.816258 187.165878 112.053825 87.774612 171.881699 133.412750               4471 
6.079043 178.013062 132.437439 58.203934 206.709579 120.152878 4.921093 186.988754 113.394165 88.121674 171.425705 133.618652               4484 
6.269651 177.405151 133.352295 58.053196 206.565704 120.509872 4.993226 186.076080 114.082413 88.469887 171.544357 133.536026               4498 
6.093318 177.498032 133.990234 57.848133 206.563522 120.642754 4.847877 185.766693 114.393379 88.367043 171.541992 133.427094               4511 
6.232773 177.913849 134.466064 58.676670 204.319321 118.399254 5.421041 183.605942 114.015388 88.474670 170.782700 135.969788               4525 
6.527453 178.482620 136.078690 59.159840 203.206635 117.966621 5.496501 183.015915 115.440552 88.741699 170.266327 136.971893               4539 
6.583234 178.741440 136.623581 59.200844 203.248322 118.085236 5.448452 183.135895 116.004227 88.839348 170.323639 137.029236               4553 
6.780450 178.693298 137.455948 59.173100 203.478943 118.575119 5.425627 183.142731 116.868011 89.110222 170.508987 136.962616               4566 
7.232480 178.468018 138.416580 59.278732 203.881226 119.338127 5.620601 183.010269 117.829628 89.668053 170.980316 137.096771               4579 
7.175601 178.169250 138.509079 59.349197 204.156921 120.515739 5.571724 183.279419 117.997955 89.654701 170.660217 137.275757               4592 
7.564307 177.414810 138.650711 59.519535 204.514359 121.625076 5.903998 182.954636 118.177299 90.171616 170.914139 137.525543               4605 
7.320193 177.456985 138.496140 59.121010 204.874496 121.444023 5.636822 182.744598 117.750565 89.997566 171.413330 137.202789               4618 
7.231797 177.643478 138.625046 59.034798 204.946472 121.337296 5.584923 182.515396 117.514786 89.937347 171.543869 137.169189               4631 
7.683203 175.095108 137.644623 58.874531 204.306641 121.646233 6.527141 179.806030 115.925728 90.577896 171.468903 137.071198               4644 
6.107875 172.274994 135.762833 56.289795 204.424896 122.355171 5.382899 177.875931 113.685883 89.113091 171.867981 135.920868               4657 
-29.527477 203.876373 87.919693 57.190933 178.343292 110.486931 10.465036 198.426682 134.871552 96.546249 167.803146 136.204910               4670 
-3.507207 217.914017 126.475494 52.904209 181.687347 109.624863 6.653185 202.627182 133.897629 92.481544 171.585388 135.177460               4684 
-5.311371 215.856857 123.548508 49.164551 178.033905 107.042267 2.013358 200.114700 127.689552 88.107780 171.362259 134.615158               4697 
-6.039245 214.457077 120.588852 47.804256 176.292801 105.562271 0.757113 199.542175 123.544403 86.298172 171.863571 134.197052               4711 
-6.370119 214.550735 118.762222 46.893375 175.484344 105.151138 0.603276 200.279984 121.168228 84.802490 171.510666 134.620773               4720 
-6.603240 213.975357 117.442650 46.434689 174.671646 105.049484 1.378240 200.626144 119.178169 83.849266 171.414124 135.230408               4728 
-6.380290 213.799377 116.648521 46.322079 174.447281 104.932793 2.434719 201.094574 117.647026 83.437988 171.859009 135.544235               4737 
-6.118459 214.192429 116.200073 46.024330 174.311035 104.937317 2.755145 201.533249 116.884087 82.982384 171.886353 135.752472               4746 
-5.678517 214.211945 116.352585 45.917587 174.191559 104.907158 2.888229 201.536453 116.511581 82.844215 171.943405 135.773315               4754 
-5.054552 214.226990 116.707840 45.823635 174.116440 104.834900 3.080974 201.615326 116.163620 82.784874 172.044006 135.671921               4763 
-4.709435 214.119736 116.436989 45.625469 173.994675 104.525742 3.063405 201.574982 115.361534 82.493134 172.194611 135.491608               4772 
4.477737 209.914322 120.647209 45.812176 173.788712 104.202049 3.741625 201.398346 114.644989 82.701515 172.353378 135.161163               4780 
10.841436 206.451462 123.159264 45.892063 173.690475 103.934181 4.843053 201.373032 114.072105 82.796318 172.527908 134.886963               4789 
14.269814 204.460388 124.509186 45.880245 173.658432 103.919449 5.427090 201.396469 113.835075 82.758392 172.617981 134.907669               4798 
15.490873 203.915359 124.376434 45.707279 173.718430 103.844543 5.538187 201.536026 113.159325 82.537788 173.289658 134.903839               4806 
16.213118 203.645218 124.068092 45.615669 173.709579 103.740700 5.965636 201.604828 112.483162 82.352921 173.686462 134.913193               4815 
16.592161 203.542297 123.771935 45.543106 173.693817 103.651253 6.244566 201.585419 111.946945 82.206184 174.022171 134.909225               4824 
16.789124 203.866394 122.756279 45.404678 173.319809 103.913948 6.174481 201.424942 110.971542 82.213676 175.321014 134.937225               4832 
16.897451 204.253632 121.894119 45.252029 173.139145 104.153725 6.071797 201.401688 110.217926 82.217354 176.540070 134.867706               4841 
16.974678 204.356842 121.106262 45.130672 172.834259 104.374260 5.855251 200.880249 109.610985 82.208893 177.560318 134.775253               4850 
17.069017 204.379028 120.582413 44.911583 172.651138 104.565414 5.612950 200.606750 109.211906 82.120369 178.376877 134.633209               4858 
17.235310 204.293243 120.248856 44.757126 172.522049 104.700180 5.399910 200.375443 108.963577 82.063507 178.943359 134.505402               4867 
17.161753 205.365891 119.750931 43.784363 173.085846 104.181160 4.842839 201.324158 108.644135 81.368706 178.928345 133.755356               4876 
17.124744 206.039917 119.548149 42.989304 173.480988 103.872047 4.308197 201.945587 108.622353 80.897667 178.990280 133.094543               4884 
16.555971 206.556015 119.660126 41.880352 174.057831 103.617287 3.307112 202.515259 108.847549 80.142952 179.399521 132.406006               4893 
14.732579 209.894547 124.386703 37.652401 177.865662 104.806656 0.418681 206.833420 114.391556 78.198555 181.000931 130.643250               4902 
12.200953 213.336029 127.603508 32.098309 181.372894 105.409767 -2.984492 211.491425 118.218826 74.238495 181.730652 128.764145               4911 
11.254593 214.848495 129.153366 29.307350 183.135300 105.712837 -4.362941 213.905060 119.854286 72.141953 182.107056 127.746666               4919 
10.950784 215.465363 129.890411 27.951008 183.991791 105.860115 -4.990685 215.057968 120.512489 71.095848 182.295486 127.237579               4928 
9.147827 215.448746 129.991196 26.169106 184.094254 106.200653 -6.779789 214.981262 120.345032 69.666725 183.675949 126.916168               4937 
7.623503 215.594757 130.369797 23.996525 184.105225 106.584404 -8.557849 215.009125 120.943939 68.259621 184.771332 125.602417               4945 
6.877842 215.636383 130.571045 22.847992 184.111023 106.787270 -9.211224 215.320923 120.799683 67.484276 185.336548 124.882874               4954 
6.560647 215.621460 130.677048 22.265333 184.113953 106.890182 -9.609610 215.399338 120.616478 67.082268 185.619156 124.511955               4963 
5.255177 215.439148 129.908691 20.533186 183.253922 106.926376 -11.256697 214.793213 120.006523 65.727524 185.710739 123.442627               4972 
5.489585 216.888519 130.052628 19.727091 184.207245 107.247276 -11.626455 216.159546 120.148201 65.076599 185.707779 123.449776               4981 
5.684798 218.145218 129.936508 19.167103 185.184158 107.201630 -11.935081 217.350571 120.007294 64.599480 185.951706 123.222252               4990 
4.884550 217.481125 129.167831 18.950251 184.327286 107.192513 -12.981260 215.976089 119.255638 64.427681 186.564392 122.945259               5000 
5.355457 217.197662 128.551498 19.566923 183.904892 106.986229 -12.649350 215.455994 118.561241 65.005310 186.576935 122.783813               5009 
5.656042 217.098724 128.375961 19.855694 183.778824 106.951157 -12.539070 215.243088 118.344147 65.296692 186.623032 122.711128               5020 
6.251964 217.944382 134.683929 19.233051 186.890533 109.512535 -12.390311 217.438065 124.933655 65.085136 187.318207 124.302856               5038 
8.265191 220.946198 135.397766 18.663778 188.545837 110.776543 -10.794104 221.170349 126.260925 64.954971 186.908936 124.035362               5047 
9.276009 220.929840 138.128265 19.150541 189.227905 112.467163 -10.104429 221.326141 129.404602 65.733116 187.399185 124.635574               5056 
9.404698 220.596085 138.888641 19.105005 189.255234 112.778275 -10.127411 221.107819 130.240967 65.745392 187.265182 124.697342               5067 
8.955617 219.523193 138.767029 19.123690 188.554276 112.440521 -10.611468 219.919846 129.961182 65.694427 186.924271 124.682251               5076 
8.864283 219.169342 138.543945 19.219311 188.247833 112.282661 -10.774686 219.453873 129.670929 65.768326 186.878159 124.638367               5087 
7.528111 217.003372 138.787125 19.070644 186.956406 112.053551 -6.817474 220.200165 125.220467 65.541786 186.894547 124.772812               5097 
6.065436 211.010330 140.273529 20.011955 184.647476 110.961868 -3.130993 218.646255 122.330482 66.322929 187.177856 124.009521               5107 
