24.126062 191.020493 79.264915 78.091980 169.439819 102.716515 39.455193 161.040741 82.456291 104.953522 144.675262 87.802063                  0 
24.129547 190.994705 79.188141 78.073143 169.471085 102.658318 39.467648 160.972122 82.463699 104.927254 144.683929 87.768044                 23 
24.145647 190.970306 79.175034 78.070068 169.471481 102.656685 39.497414 160.918488 82.479187 104.925858 144.682068 87.773209                 46 
24.169210 191.008972 79.160255 78.072571 169.509323 102.650024 39.509922 160.941681 82.496979 104.910088 144.691193 87.781464                 70 
24.195766 191.011734 79.244202 78.128250 169.542114 102.656990 39.561420 160.970825 82.576988 104.949318 144.729736 87.749176                 93 
24.070599 190.765930 79.424286 78.248985 169.681625 102.602570 39.621254 160.806458 82.814957 105.104958 144.936523 87.645851                117 
24.037556 190.769485 79.474663 78.238518 169.699646 102.593712 39.604027 160.782898 82.881081 105.077477 144.945648 87.621185                141 
23.951349 190.797424 79.532127 78.205383 169.773987 102.545273 39.547955 160.764801 82.981796 105.009460 144.998337 87.546120                165 
23.800068 190.986008 79.569412 78.055290 169.908569 102.499771 39.389687 160.825089 83.091118 104.789612 145.073227 87.474846                189 
23.705616 191.125305 79.627777 77.955338 170.001694 102.488586 39.286137 160.862732 83.194572 104.639839 145.131805 87.432289                213 
23.740494 191.136032 79.859184 78.045235 170.082703 102.621178 39.370472 160.804550 83.473213 104.716911 145.218521 87.532730                238 
23.951017 191.273315 80.227402 78.277504 170.275421 102.956306 39.615128 160.957901 83.810623 104.981400 145.465149 87.836174                262 
24.138966 191.383911 80.530693 78.465462 170.402023 103.242203 39.822891 161.084946 84.073967 105.197701 145.641785 88.090172                286 
24.263325 191.457596 80.729767 78.589333 170.483765 103.417160 39.957344 161.202927 84.247688 105.335350 145.754196 88.239334                310 
24.352013 191.504959 80.868111 78.674652 170.525879 103.525139 40.046574 161.317886 84.365433 105.425377 145.818008 88.320320                334 
24.480614 191.465591 81.156555 78.855515 170.518356 103.686356 40.189739 161.550888 84.564964 105.598351 145.840881 88.418419                358 
24.561487 191.530594 81.277084 78.932884 170.542099 103.744202 40.266323 161.990967 84.588066 105.656685 145.869415 88.435257                381 
24.697481 191.577881 81.312134 79.050949 170.529266 103.735970 40.381653 162.370743 84.595100 105.741333 145.830551 88.410728                405 
24.928959 191.453735 81.273354 79.246407 170.466370 103.816658 40.576420 162.627655 84.669365 105.915840 145.651352 88.643570                428 
25.079229 191.297684 81.280266 79.400047 170.381577 103.885597 40.714874 162.921204 84.658340 106.067978 145.487396 88.840073                450 
25.296886 191.040741 81.243889 79.646194 170.247406 103.969643 40.965309 163.131134 84.570541 106.346664 145.259750 89.138306                473 
25.426805 190.892776 81.115379 79.753128 170.121414 104.058670 41.104012 163.162735 84.503090 106.466263 144.965897 89.537148                496 
25.795450 191.045883 81.237648 79.967125 170.003845 104.406105 41.467228 163.356644 84.473335 106.746277 144.861938 89.982918                518 
26.353195 191.014847 81.608070 80.451622 169.887115 104.922432 42.066761 163.494431 84.688660 107.316422 144.812531 90.541412                541 
26.728521 190.990463 81.834061 80.784470 169.829849 105.253052 42.488266 163.625336 84.810959 107.701607 144.786469 90.915581                563 
26.925858 191.122543 81.975052 80.934914 169.813675 105.389091 42.694778 163.914413 84.770691 107.846565 144.789322 91.008163                585 
27.064768 191.321152 82.019424 81.000229 169.813904 105.489967 42.829697 164.154449 84.707314 107.903702 144.771820 91.124626                607 
27.191666 191.365997 81.991516 81.051857 169.772369 105.620499 42.977383 164.231674 84.657074 107.994370 144.719254 91.347855                629 
27.257244 191.419678 81.939453 81.069817 169.762238 105.678421 43.069653 164.314713 84.582741 108.041946 144.700577 91.476891                652 
27.309391 191.514709 81.916679 81.092133 169.756287 105.726280 43.154549 164.417221 84.517860 108.083008 144.684692 91.577995                674 
27.347473 191.627792 81.913864 81.113136 169.754639 105.769585 43.230526 164.531097 84.461403 108.116478 144.672577 91.663689                696 
27.373449 191.693192 81.901131 81.123657 169.751724 105.795937 43.284393 164.617828 84.406845 108.138847 144.663925 91.722992                719 
27.394188 191.720184 81.906548 81.141510 169.743759 105.827286 43.336960 164.670242 84.374702 108.176727 144.665588 91.775620                742 
27.471762 191.710358 81.952950 81.243690 169.740448 105.871140 43.480045 164.734467 84.342567 108.324150 144.717545 91.808105                765 
27.512711 191.792496 81.924294 81.249336 169.755829 105.881454 43.522415 164.829895 84.289803 108.330917 144.725723 91.833397                788 
27.538050 191.837402 81.868752 81.270325 169.777435 105.871689 43.588055 164.887070 84.200050 108.379868 144.756180 91.861839                811 
27.464529 191.762054 81.470428 81.182098 169.907028 105.717644 43.611420 164.878250 83.881157 108.433022 144.954391 91.860550                834 
27.378611 191.684952 81.230614 81.105995 169.975693 105.663658 43.621803 164.829559 83.678856 108.475433 145.077942 91.942085                858 
27.380226 191.728760 81.151878 81.138451 169.996887 105.684387 43.712917 164.867569 83.522369 108.574738 145.113922 92.069885                882 
27.457727 191.829468 81.002831 81.176956 170.036957 105.762543 43.864304 164.904099 83.381775 108.686646 145.137604 92.327301                906 
27.510145 191.987320 80.894249 81.214233 170.071518 105.841591 44.009499 164.904984 83.279099 108.793831 145.160385 92.572548                930 
27.902067 192.046341 80.745796 81.538445 170.028625 106.112404 44.538830 164.785095 83.211708 109.254494 145.099869 93.164665                955 
28.136095 192.218918 80.576065 81.719490 169.995224 106.222961 44.885750 164.765244 83.031631 109.523727 145.051147 93.495682                978 
28.211193 192.465897 80.503418 81.811302 170.001709 106.269211 45.085907 164.777069 82.892845 109.667374 145.041199 93.688339               1002 
28.371061 192.724091 80.464226 82.030289 169.996170 106.347427 45.432335 164.743027 82.758873 109.969574 145.046143 93.931389               1025 
28.458349 192.907516 80.420364 82.203300 169.970337 106.374252 45.721195 164.681900 82.600983 110.228661 145.056335 94.080429               1049 
28.454136 193.061661 80.411194 82.277596 169.961121 106.398888 45.881432 164.650604 82.490807 110.361496 145.069962 94.192703               1072 
28.397436 193.244797 80.406654 82.332840 169.956284 106.364899 46.016533 164.675812 82.293999 110.469803 145.096237 94.217651               1095 
28.296261 193.405548 80.392059 82.321465 169.960159 106.328796 46.073372 164.688766 82.140030 110.497177 145.121902 94.226891               1118 
28.208483 193.499023 80.376518 82.312553 169.924377 106.305023 46.144188 164.658920 81.992996 110.536362 145.122650 94.240311               1141 
28.149780 193.591110 80.333527 82.315117 169.895660 106.266327 46.224655 164.633743 81.840607 110.580750 145.121399 94.243172               1165 
28.122271 193.703583 80.333099 82.336487 169.893845 106.265419 46.308842 164.667862 81.732780 110.620575 145.119995 94.284882               1188 
28.345160 193.806702 80.322220 82.590408 169.851486 106.326515 46.684727 164.692459 81.580162 110.930573 145.102280 94.427856               1211 
28.559673 193.889679 80.283340 82.824837 169.827148 106.401093 47.053642 164.787521 81.380890 111.215546 145.080963 94.617195               1234 
28.749958 193.976440 80.278084 83.012573 169.753311 106.531578 47.388779 164.874329 81.206619 111.448776 145.000137 94.872711               1258 
28.852783 194.106628 80.248878 83.121490 169.699844 106.586098 47.619194 164.975586 81.009628 111.582344 144.931488 95.019966               1281 
28.905035 194.238327 80.245735 83.205681 169.656219 106.623497 47.802288 165.060898 80.841743 111.685318 144.876480 95.128212               1305 
28.935131 194.370102 80.248497 83.278305 169.613098 106.650429 47.956299 165.159302 80.664063 111.774826 144.823700 95.218002               1328 
28.969381 194.487579 80.253349 83.357208 169.569717 106.683479 48.105244 165.274872 80.483490 111.867241 144.765259 95.317596               1351 
28.986847 194.610641 80.250977 83.424683 169.536072 106.685966 48.224438 165.425659 80.274681 111.942703 144.718323 95.369247               1375 
28.975124 194.726746 80.259583 83.461052 169.510880 106.691353 48.298367 165.530991 80.128296 111.984406 144.682251 95.412010               1398 
28.951893 194.836502 80.274788 83.474976 169.485443 106.706108 48.342266 165.633118 80.002533 112.002541 144.646729 95.459641               1421 
28.933336 194.911255 80.275490 83.494400 169.468567 106.706039 48.379932 165.722076 79.891731 112.024376 144.619492 95.488647               1445 
28.899853 194.962128 80.287041 83.498535 169.462677 106.712074 48.389626 165.816879 79.800957 112.030869 144.606522 95.516357               1468 
28.864502 194.979233 80.235283 83.492065 169.466492 106.688118 48.394817 165.885132 79.688591 112.034981 144.604263 95.532936               1491 
28.830338 195.000351 80.217476 83.495911 169.456314 106.673904 48.402863 165.964371 79.588051 112.045914 144.590225 95.545502               1515 
28.863852 195.015869 80.248131 83.563553 169.432846 106.659782 48.437634 166.121765 79.489784 112.099655 144.558075 95.515152               1539 
28.908258 195.050415 80.324379 83.655403 169.409042 106.646538 48.478508 166.308807 79.420799 112.165459 144.523407 95.459564               1562 
28.797287 194.942535 80.187691 83.648651 169.329758 106.472282 48.463440 166.264023 79.167427 112.195938 144.480316 95.299820               1586 
28.641165 194.793686 80.146530 83.637337 169.253082 106.386543 48.436741 166.160706 79.004684 112.241943 144.459564 95.236443               1610 
28.509439 194.741226 80.200027 83.632133 169.184814 106.349495 48.418591 166.139984 78.896538 112.279671 144.455124 95.167923               1634 
28.357090 194.690872 80.220840 83.620842 169.151917 106.312820 48.380474 166.072418 78.816467 112.298447 144.448380 95.150543               1658 
28.338854 194.767944 80.310204 83.657051 169.083710 106.362038 48.394691 166.104630 78.792519 112.303558 144.336655 95.216309               1683 
28.369429 194.636566 80.280037 83.745819 168.943756 106.426453 48.495041 165.978577 78.700615 112.401985 144.152740 95.403908               1707 
28.305300 194.621521 80.235413 83.746529 168.883316 106.428139 48.537621 165.967072 78.503929 112.432236 144.095352 95.475845               1731 
28.133430 194.554443 80.078667 83.627556 168.851456 106.378975 48.474186 165.854691 78.317368 112.366287 144.079956 95.528885               1755 
27.951214 194.504974 79.981323 83.541977 168.844193 106.328529 48.414879 165.735214 78.161827 112.326683 144.089798 95.561592               1779 
27.899307 194.562119 79.908607 83.511055 168.835480 106.310707 48.439777 165.708023 78.003471 112.320724 144.087799 95.595215               1803 
28.220194 194.574814 79.751389 83.662712 168.619217 106.545868 48.859695 165.591873 77.795830 112.537201 143.842789 96.074089               1827 
28.199165 194.756622 79.822952 83.695259 168.559067 106.612175 48.990833 165.614151 77.626503 112.596176 143.792358 96.190407               1851 
28.263292 194.990952 80.002335 83.690033 168.424850 106.881020 49.153027 165.715210 77.568245 112.613884 143.660919 96.516426               1875 
28.268932 195.282211 80.167191 83.702644 168.370499 106.973839 49.218021 165.860886 77.510124 112.600700 143.583618 96.592178               1899 
28.257294 195.370163 80.287102 83.794258 168.303101 106.950302 49.303036 165.869827 77.428955 112.689751 143.534805 96.517227               1923 
28.261072 195.545746 80.416679 83.821358 168.299545 106.974274 49.325310 165.986160 77.417786 112.684288 143.516586 96.486076               1946 
28.403746 195.814148 80.736099 83.889198 168.179642 107.138977 49.400204 166.189667 77.511719 112.668900 143.353302 96.525406               1970 
28.502630 196.021210 81.020012 83.963707 168.106049 107.220238 49.437363 166.399826 77.576942 112.671234 143.260788 96.456558               1993 
28.581039 196.180099 81.246910 84.043579 168.058441 107.250267 49.462185 166.594131 77.615623 112.686729 143.198700 96.349365               2017 
28.643488 196.308273 81.426888 84.104118 168.021835 107.272820 49.470757 166.759735 77.647247 112.695549 143.150803 96.262451               2040 
28.688358 196.413986 81.578888 84.155045 167.991043 107.291786 49.467979 166.933334 77.665993 112.702965 143.110962 96.189323               2063 
28.733055 196.416763 81.649673 84.118477 167.774948 107.330818 49.359867 166.947296 77.705696 112.529610 142.738190 96.229721               2086 
28.686424 196.502319 81.784843 84.090469 167.728851 107.315056 49.231686 167.080673 77.746300 112.414902 142.632248 96.127876               2109 
28.800018 196.661423 82.030571 84.172997 167.678101 107.425987 49.219135 167.344925 77.865440 112.380608 142.486176 96.158180               2133 
28.773567 196.624496 82.083160 84.191589 167.672897 107.436539 49.175907 167.401001 77.877045 112.387207 142.470245 96.162674               2156 
28.736431 196.624313 82.129082 84.194160 167.670883 107.428146 49.135448 167.449310 77.877495 112.378784 142.464355 96.135475               2180 
28.714428 196.614548 82.260048 84.216652 167.635193 107.477455 49.081787 167.456070 77.970726 112.351227 142.379547 96.169731               2203 
28.843502 196.469772 82.405563 84.316444 167.313766 107.516762 49.034515 167.228714 78.143242 112.248695 141.833023 96.212456               2226 
28.916748 196.403534 82.448013 84.391876 167.146835 107.477386 48.992546 167.088547 78.214935 112.177612 141.498520 96.190971               2249 
28.967714 196.346741 82.492043 84.471130 167.023010 107.439476 48.966362 166.968613 78.263756 112.149506 141.251373 96.170197               2272 
28.887577 196.329285 82.547638 84.468658 167.015671 107.416359 48.899113 166.950668 78.259789 112.121178 141.214523 96.151138               2295 
28.667416 196.295456 82.403687 84.322029 167.057495 107.274948 48.709850 166.896255 78.124763 111.976273 141.235443 96.061958               2319 
28.530205 196.243546 82.404671 84.289436 167.103058 107.220726 48.618595 166.853058 78.096298 111.958473 141.293808 96.014778               2341 
28.594610 196.241348 82.093452 83.962631 166.793335 107.481384 48.678673 166.803207 77.838341 111.712120 140.968811 96.512062               2364 
28.406599 196.123413 81.916328 83.806190 166.775879 107.398659 48.594421 166.697800 77.623070 111.667610 141.059402 96.459229               2387 
28.159018 196.241760 81.934723 83.562347 166.759155 107.325195 48.390533 166.771255 77.440117 111.493835 141.171005 96.264236               2455 
28.076042 196.285263 81.979889 83.489006 166.751617 107.311684 48.309830 166.793213 77.418930 111.433540 141.202133 96.194435               2478 
27.824751 196.448975 82.052444 83.236000 166.779678 107.270172 48.057285 166.900116 77.362389 111.206757 141.315002 96.025009               2501 
27.500645 196.577393 82.243378 82.980202 166.827347 107.246155 47.718834 166.906479 77.436615 110.959366 141.444565 95.837952               2524 
27.460136 196.658936 82.258179 82.860672 166.760651 107.289177 47.610878 166.895493 77.435204 110.805161 141.341995 95.875839               2546 
27.362991 196.694977 82.392159 82.824432 166.746460 107.244949 47.489964 166.856201 77.488251 110.734619 141.339737 95.721664               2569 
27.273386 196.735199 82.517052 82.793472 166.734344 107.207161 47.373676 166.746292 77.570129 110.674339 141.338165 95.590019               2592 
27.220888 196.741959 82.591026 82.791496 166.734726 107.201134 47.318638 166.587158 77.661476 110.660027 141.340546 95.550117               2615 
27.172113 196.697693 82.626785 82.789848 166.735062 107.196121 47.283531 166.519226 77.701019 110.648102 141.342545 95.516907               2638 
27.130428 196.645432 82.645454 82.788284 166.735367 107.191360 47.260101 166.498611 77.719597 110.636772 141.344467 95.485382               2660 
27.081863 196.658173 82.719536 82.775749 166.728699 107.162643 47.202595 166.547592 77.736519 110.590462 141.339722 95.372490               2684 
27.025419 196.681107 82.787460 82.777061 166.733017 107.095596 47.125988 166.509155 77.764587 110.559761 141.351410 95.214432               2707 
26.967161 196.572296 83.077324 82.960876 166.820663 107.094131 47.131355 166.463364 77.970398 110.742027 141.505249 95.068985               2730 
26.806774 196.791290 83.422119 83.071762 167.086014 106.881203 46.982311 166.744843 78.069084 110.791138 141.863800 94.522301               2754 
26.832640 196.938904 83.760803 83.196396 167.250351 107.041580 47.000645 166.930527 78.340538 110.882057 142.050934 94.561172               2777 
26.829720 197.082397 84.001663 83.304054 167.421021 107.077789 46.973793 167.152634 78.497391 110.951302 142.255539 94.444733               2800 
26.959301 197.264420 84.348831 83.515739 167.597412 107.252403 47.044662 167.461136 78.743660 111.116142 142.453384 94.474983               2824 
27.026329 197.406036 84.583534 83.667702 167.752823 107.342468 47.080925 167.661301 78.922295 111.234138 142.632248 94.446159               2847 
27.287184 197.324432 84.568138 83.902618 167.703400 107.489288 47.266121 167.570923 79.036201 111.423363 142.478821 94.698837               2871 
27.491653 197.161896 84.454536 84.074036 167.633728 107.584496 47.407322 167.546021 79.011810 111.569633 142.334320 94.888107               2894 
27.644089 197.109253 84.418633 84.206070 167.580063 107.657829 47.520130 167.506256 78.993317 111.682297 142.223312 95.034111               2918 
27.739910 197.092926 84.393471 84.301262 167.541382 107.710701 47.593513 167.552429 78.923019 111.763512 142.143433 95.139503               2940 
28.143129 196.955780 84.449745 84.737473 167.431076 107.812622 47.919895 167.517807 78.954391 112.119972 141.905624 95.325966               2964 
28.588449 196.828964 84.413803 85.157082 167.262894 107.848465 48.279877 167.561600 78.828850 112.457184 141.611038 95.440689               2987 
28.917425 196.775131 84.532082 85.505974 167.098282 107.910957 48.551716 167.779617 78.705139 112.724068 141.361481 95.498932               3010 
29.108732 196.767868 84.384712 85.553902 166.926651 108.000244 48.707195 168.056320 78.380547 112.739655 141.095123 95.714760               3033 
29.270985 196.749084 84.246765 85.594704 166.779938 108.054962 48.853848 168.290359 78.087334 112.753815 140.873611 95.868431               3056 
29.397924 196.675934 84.078003 85.636559 166.628723 108.068718 48.992912 168.351883 77.857094 112.775757 140.651886 95.988388               3079 
29.503651 196.642319 83.950867 85.667854 166.491074 108.088913 49.133892 168.442368 77.649261 112.783958 140.451187 96.092766               3101 
29.592819 196.708542 83.995934 85.710533 166.333206 108.146370 49.287056 168.651245 77.496292 112.784912 140.247330 96.155876               3123 
29.618595 196.788055 84.092957 85.747849 166.197891 108.199005 49.420151 168.849960 77.380074 112.785271 140.074341 96.207146               3145 
29.638193 196.906433 84.224594 85.794769 166.068237 108.246849 49.535252 168.961365 77.335327 112.784164 139.898895 96.246666               3167 
29.679813 197.009323 84.344841 85.860893 165.943069 108.295753 49.647961 169.029602 77.320564 112.799461 139.723724 96.290497               3189 
29.711220 197.090256 84.434700 85.919952 165.839096 108.326004 49.739449 169.066696 77.312874 112.815857 139.577713 96.316978               3211 
29.730692 197.028656 84.353607 85.967606 165.745895 108.267593 49.793224 168.979568 77.237877 112.838951 139.439377 96.302490               3233 
29.689081 196.913315 84.154915 85.948204 165.690857 108.175552 49.784935 168.837601 77.122223 112.815430 139.336868 96.306038               3255 
29.630495 196.767258 83.953560 85.927307 165.633575 108.076324 49.771351 168.682602 77.001724 112.798561 139.242401 96.298882               3277 
29.591017 196.782898 83.938377 85.909302 165.591995 108.049973 49.761250 168.673233 76.966202 112.760941 139.177399 96.280319               3299 
29.498722 196.912674 84.005341 85.897110 165.573029 108.035721 49.752403 168.693146 76.947121 112.732178 139.141800 96.265579               3322 
29.383362 197.097244 84.113556 85.889938 165.565491 108.026817 49.745571 168.717316 76.935959 112.712822 139.121887 96.256721               3344 
30.016733 197.520554 84.690437 86.149170 164.426697 107.787155 49.923954 168.696976 76.914383 112.413757 137.643951 95.534698               3367 
30.779720 197.223679 85.253128 86.368050 162.459229 107.360886 49.875294 167.964569 76.966988 111.764244 135.091599 94.581505               3390 
31.398745 197.052628 85.641945 86.506859 161.033554 107.087914 49.996361 167.624603 76.876816 111.372108 133.381577 93.883568               3412 
31.177412 197.057877 85.584015 86.385368 161.175461 107.129707 49.901447 167.684250 76.841415 111.344650 133.579071 93.986671               3435 
30.915556 197.256561 85.687469 86.219925 161.429321 107.257477 49.780487 167.961029 76.888687 111.281921 133.927948 94.110718               3457 
30.868713 197.400375 85.811386 86.201241 161.471634 107.321709 49.782944 168.180420 76.916862 111.275116 134.006424 94.122108               3479 
30.721811 197.516266 85.939209 86.176064 161.716522 107.450752 49.765915 168.520050 76.986259 111.345383 134.350433 94.226967               3501 
30.589855 197.563843 86.056450 86.194244 161.897095 107.510399 49.758049 168.780060 77.044250 111.439125 134.630524 94.225174               3523 
30.434172 197.562210 86.153297 86.207916 162.087952 107.595589 49.732254 169.019501 77.133278 111.518822 134.899612 94.275719               3545 
29.987213 197.706909 85.736549 85.908516 162.643829 107.576080 49.510799 169.227173 76.934502 111.429413 135.535461 94.496063               3566 
29.591171 197.720932 85.203659 85.751617 163.287292 107.526611 49.361347 169.291946 76.736183 111.491394 136.220337 94.794357               3588 
29.553490 197.812424 85.126366 85.751358 163.349503 107.516754 49.380440 169.320587 76.681419 111.500145 136.262634 94.845222               3610 
29.384235 197.927353 84.883858 85.662125 163.600555 107.521355 49.350193 169.359680 76.567268 111.499023 136.514236 95.029251               3632 
29.274904 198.046677 84.801750 85.614922 163.692825 107.524734 49.336876 169.349152 76.505356 111.491470 136.608078 95.111565               3653 
28.917377 198.194000 84.552490 85.429161 164.054047 107.401489 49.141090 169.299103 76.384491 111.429611 137.039841 95.093925               3675 
28.736988 198.461914 84.600349 85.328079 164.426758 107.533005 49.076351 169.501999 76.475891 111.431244 137.497650 95.256439               3697 
28.457075 198.502106 84.325592 85.123871 164.769287 107.619713 48.964760 169.477982 76.424461 111.386772 137.898087 95.558830               3720 
28.294527 198.617401 84.292442 85.020416 165.030396 107.716202 48.896507 169.565094 76.483978 111.364128 138.210312 95.717934               3743 
28.173824 198.719635 84.374573 84.976860 165.195404 107.755241 48.823212 169.650177 76.564484 111.348282 138.414688 95.729950               3765 
28.133030 198.811844 84.475708 84.970894 165.268829 107.799728 48.790752 169.719833 76.649536 111.334206 138.496506 95.738045               3788 
28.092779 198.881622 84.554230 84.966171 165.326950 107.834946 48.764648 169.787598 76.713791 111.323051 138.561264 95.744469               3811 
28.052942 198.936874 84.619461 84.962234 165.375381 107.864296 48.737202 169.841583 76.771751 111.313744 138.615265 95.749825               3833 
28.015652 198.991348 84.682854 84.958778 165.417877 107.890045 48.711067 169.891754 76.824059 111.305565 138.662659 95.754524               3857 
27.973305 199.041672 84.744827 84.955795 165.454575 107.912277 48.690384 169.940475 76.864395 111.298508 138.703583 95.758591               3880 
27.947683 199.115189 84.869583 85.003448 165.488495 107.875778 48.664227 170.031570 76.912926 111.307076 138.736618 95.639648               3903 
27.936377 199.176270 85.010681 85.069435 165.516953 107.852753 48.646782 170.131577 76.982643 111.324959 138.755600 95.534309               3927 
27.930212 199.230331 85.151176 85.141365 165.542969 107.834045 48.633083 170.244858 77.053314 111.345474 138.767548 95.436951               3951 
27.915480 199.262192 85.264992 85.203011 165.565247 107.818016 48.619656 170.345856 77.114372 111.362862 138.777771 95.353653               3975 
27.905216 199.278809 85.336838 85.226120 165.565353 107.854797 48.608723 170.452591 77.169716 111.344353 138.746124 95.371468               3999 
27.890490 199.286057 85.388115 85.252785 165.568954 107.869263 48.598774 170.572052 77.191742 111.336021 138.724152 95.367775               4023 
27.872257 199.286285 85.432304 85.276390 165.572159 107.882057 48.593090 170.685486 77.213493 111.328613 138.704697 95.364555               4048 
27.908846 199.329681 85.522491 85.341301 165.580475 107.914665 48.614914 170.806412 77.274429 111.344002 138.674469 95.377022               4073 
27.941908 199.372101 85.604134 85.399292 165.587921 107.943802 48.633987 170.914536 77.328880 111.357674 138.647491 95.388260               4097 
27.952507 199.415405 85.693146 85.439384 165.602921 107.981087 48.634148 170.993164 77.400520 111.355186 138.627609 95.412476               4122 
27.956776 199.450012 85.770271 85.474167 165.615921 108.013443 48.631966 171.058472 77.464989 111.352982 138.610367 95.433578               4147 
27.932182 199.437088 85.744629 85.479637 165.628265 108.010284 48.621540 171.045273 77.466164 111.350975 138.602707 95.458023               4172 
27.911491 199.428177 85.715981 85.481590 165.638199 108.005493 48.602428 171.029526 77.465836 111.347137 138.596054 95.477058               4196 
27.867495 199.449356 85.752632 85.474998 165.649246 107.992439 48.559532 171.082367 77.490929 111.314629 138.598358 95.429428               4221 
27.868856 199.510101 85.838402 85.476051 165.655563 108.060783 48.548504 171.182877 77.572235 111.268219 138.569962 95.475075               4245 
27.863304 199.533066 85.899605 85.488487 165.655411 108.099731 48.537842 171.306610 77.619904 111.236336 138.542007 95.483154               4270 
27.819191 199.525742 85.859612 85.470345 165.678314 108.093353 48.526169 171.369217 77.602913 111.210808 138.559555 95.473183               4294 
27.787556 199.516449 85.815994 85.447731 165.683670 108.104019 48.517090 171.397186 77.593681 111.184090 138.554749 95.497368               4319 
27.738985 199.534805 85.756393 85.422127 165.716660 108.059128 48.468449 171.417572 77.579559 111.146881 138.580185 95.445038               4344 
27.678959 199.628738 85.656448 85.399910 165.799210 107.895187 48.363457 171.423309 77.531219 111.083542 138.640060 95.246147               4368 
27.594822 199.766724 85.556915 85.376228 165.928635 107.674492 48.211426 171.397034 77.500534 111.007401 138.747375 94.966667               4393 
27.524717 199.960403 85.503494 85.360283 166.087875 107.473389 48.073849 171.482330 77.499527 110.927429 138.882767 94.687859               4417 
27.462099 200.183243 85.478340 85.358299 166.257233 107.241615 47.935635 171.609924 77.480270 110.861893 139.042786 94.349495               4440 
27.395708 200.295090 85.425293 85.356789 166.385818 107.065636 47.819431 171.700455 77.485748 110.811859 139.164322 94.092766               4463 
27.349890 200.379501 85.384155 85.355667 166.481827 106.934265 47.724621 171.767654 77.526039 110.774361 139.255066 93.901207               4485 
27.307913 200.398239 85.324471 85.354805 166.555740 106.833107 47.649860 171.834213 77.560509 110.745399 139.324966 93.753769               4507 
27.276617 200.435562 85.295479 85.354111 166.614639 106.752495 47.581676 171.884979 77.597908 110.722267 139.380676 93.636314               4529 
27.245804 200.422623 85.248451 85.353546 166.662918 106.686424 47.522564 171.929413 77.635971 110.703278 139.426346 93.540062               4551 
27.220951 200.419601 85.215660 85.353073 166.703171 106.631348 47.446667 171.915985 77.709457 110.687416 139.464417 93.459846               4573 
27.174177 200.397156 85.151413 85.348259 166.766434 106.532806 47.334988 171.880096 77.758453 110.665161 139.529922 93.323204               4595 
27.140707 200.439941 85.129951 85.344154 166.820404 106.448730 47.250233 171.887619 77.779808 110.646126 139.585800 93.206642               4617 
27.103191 200.500824 85.107193 85.332405 166.882248 106.357475 47.167469 171.934555 77.781746 110.617142 139.650360 93.076927               4639 
27.071049 200.549774 85.087303 85.322586 166.933945 106.281174 47.099098 171.982727 77.787170 110.592880 139.704346 92.968475               4661 
27.048588 200.227921 84.932777 85.312904 166.936584 106.290154 47.068314 171.953827 77.820938 110.586235 139.703568 92.990211               4684 
27.027647 200.030258 84.850769 85.300560 166.948196 106.289238 47.004333 171.879822 77.887062 110.574455 139.711975 92.996986               4706 
26.981026 199.834015 84.733650 85.270691 167.009308 106.240425 46.900547 171.823547 77.929390 110.536278 139.766434 92.945961               4729 
26.929325 199.792587 84.692146 85.243683 167.064575 106.196281 46.794891 171.743469 77.972923 110.501747 139.815689 92.899841               4753 
26.889999 199.816910 84.675728 85.220886 167.111206 106.159019 46.696777 171.625092 78.023766 110.472603 139.857254 92.860931               4776 
26.852800 199.845261 84.676140 85.198074 167.154465 106.130867 46.620213 171.589981 78.054672 110.441261 139.896912 92.823967               4800 
26.814339 199.900803 84.746742 85.178108 167.202133 106.126640 46.553333 171.623032 78.108749 110.402374 139.942291 92.788574               4824 
26.782681 199.948532 84.808899 85.160439 167.244339 106.122894 46.499825 171.665878 78.151642 110.367928 139.982468 92.757271               4848 
26.755571 199.990448 84.858032 85.144920 167.281387 106.119606 46.454094 171.706818 78.188866 110.337646 140.017746 92.729805               4871 
26.732113 200.025101 84.900124 85.131058 167.314484 106.116676 46.411446 171.746643 78.227425 110.310585 140.049271 92.705269               4896 
26.715008 200.010101 84.920563 85.119339 167.342468 106.114189 46.346066 171.706970 78.312454 110.287689 140.075912 92.684540               4919 
26.709938 199.869766 84.880661 85.108238 167.368988 106.111839 46.269402 171.638550 78.403526 110.265984 140.101166 92.664909               4942 
26.633287 199.893433 84.913994 85.016991 167.401901 106.102524 46.081287 171.492462 78.555489 110.153046 140.135910 92.611382               4966 
26.582787 199.992493 84.995590 84.911125 167.416855 106.167419 45.916199 171.406799 78.712364 110.003326 140.121262 92.654510               4990 
26.541458 200.060196 85.056801 84.821915 167.429459 106.222099 45.796825 171.417114 78.803421 109.877129 140.109024 92.690781               5014 
26.457954 200.718948 85.086838 84.653183 167.719727 105.907570 45.481522 171.848785 78.733833 109.504181 140.304153 92.193314               5038 
26.448275 202.224716 86.110184 84.750397 168.604614 105.689796 44.889484 172.562286 79.671738 108.929741 140.787521 91.588913               5062 
24.047651 201.777390 81.819153 83.645844 171.062332 102.248787 43.334034 172.053909 76.821312 108.563774 143.378616 89.211319               5085 
22.614523 206.304489 74.231743 82.355972 175.774628 94.198906 41.239811 175.851776 70.409920 106.375961 147.083817 81.663200               5106 
24.096220 209.716278 65.446739 83.112129 178.825439 86.333420 42.078556 178.903458 62.809139 106.499565 149.339676 74.463959               5124 
25.978374 214.495026 53.452896 83.469055 183.222916 77.255043 43.763805 183.691925 51.884144 107.136169 153.598877 66.321114               5141 
27.012035 217.301636 42.619343 82.959778 185.129440 68.599815 44.504452 186.369370 41.588387 106.748611 155.382675 58.280540               5156 
29.134510 218.921356 33.964924 83.912857 186.139282 61.586342 46.275394 187.816193 33.633480 107.527626 155.996216 52.046707               5167 
29.865211 221.898483 23.851250 82.551460 187.144394 53.082150 45.593006 190.075104 24.654186 104.807755 155.681992 44.594456               5178 
30.201839 223.188049 14.143223 81.271896 189.340149 47.118542 46.555641 191.821045 16.314604 104.560310 158.211533 40.341663               5187 
30.558790 226.110443 3.990150 80.188744 191.764709 38.662727 46.978237 195.005402 6.960944 103.479111 160.481689 32.646187               5197 
31.806425 227.814484 -17.238897 78.750534 194.525253 22.114418 49.064182 198.364578 -11.971014 102.260178 162.981369 19.024616               5215 
32.022141 229.675415 -49.895424 74.913582 197.263870 -5.011479 48.095383 200.212570 -40.719830 96.393631 164.196640 -3.452166               5240 
30.649015 230.825836 -58.408756 72.648140 198.618881 -12.259398 45.432674 199.774414 -46.985222 93.477570 165.222473 -9.416601               5249 
30.753124 233.480103 -68.715599 72.016594 201.452499 -21.338648 42.951260 198.366959 -52.016369 92.022179 167.712677 -17.018064               5258 
29.352785 235.682388 -78.505577 70.380081 204.415970 -30.114388 41.538780 197.712845 -59.117512 92.020012 171.731003 -25.567587               5267 
29.210232 236.294067 -87.083855 70.090363 205.686874 -37.948009 40.934956 196.194000 -64.862389 92.089851 173.331070 -32.810757               5275 
29.801386 237.679230 -104.111618 69.924088 206.663956 -54.415611 40.614071 195.668152 -80.012138 91.789604 174.270218 -48.955658               5292 
30.505045 239.748184 -112.538292 69.088028 208.404022 -61.743786 40.463482 196.583878 -87.451866 90.902954 176.068436 -55.761707               5301 
30.917383 241.087936 -121.789894 66.658836 209.285492 -69.052376 39.754974 196.504837 -95.850853 88.565964 177.210342 -62.086094               5311 
31.835003 243.745773 -142.548126 64.600510 212.583572 -87.159004 38.849453 197.873505 -113.680008 85.858871 180.609772 -78.047234               5329 
32.479828 244.390121 -150.609497 63.943607 213.226334 -94.165344 38.706123 197.618973 -120.519318 84.911606 181.339279 -84.124176               5341 
33.046947 247.100006 -163.494125 63.113480 215.164642 -106.289261 38.502964 198.915268 -132.738419 83.842209 183.338699 -95.579620               5354 
33.721455 246.769577 -177.663681 64.967430 216.620728 -119.544884 41.041519 197.878769 -144.869553 86.960625 186.066330 -107.712959               5371 
35.692558 248.027054 -184.452316 64.701897 216.725677 -125.550919 39.710480 198.932022 -150.529144 84.634323 185.105835 -112.895874               5379 
38.433502 249.772034 -198.074326 63.587315 216.557068 -138.162720 37.777134 200.346985 -163.382965 80.677429 183.673950 -124.601959               5396 
39.188480 248.121017 -204.480347 63.489620 216.396530 -143.306885 37.197155 199.880951 -167.823517 79.691040 183.629242 -128.437943               5406 
41.799934 241.991638 -211.231476 63.096050 214.868790 -146.696396 36.676582 197.230438 -170.302231 77.439323 182.987518 -128.390060               5415 
42.872364 236.090973 -220.727844 62.531399 213.820969 -153.772614 31.800251 198.761093 -173.682053 71.665565 182.428558 -131.673996               5423 
43.915890 233.762390 -225.794052 62.637691 213.573914 -157.838806 29.846973 200.860336 -176.073349 68.751701 182.833237 -133.861816               5432 
47.452778 239.899902 -225.606140 63.592808 214.153091 -158.730545 31.162167 203.305817 -178.823532 68.511818 181.654083 -136.892853               5449 
48.301151 242.365341 -225.998825 63.424953 214.734940 -159.531509 31.777689 203.604019 -180.725555 68.725166 181.726486 -138.564484               5457 
48.898987 245.535355 -227.152054 63.329586 215.404968 -161.539413 32.522362 204.135681 -183.935699 69.222511 181.727844 -141.831757               5466 
48.421471 244.165817 -231.209137 62.986465 215.431030 -164.807404 32.164356 203.272705 -186.783005 69.147079 182.377350 -144.149063               5475 
50.449585 236.275391 -237.765366 64.411453 213.632111 -168.757217 32.244411 201.314575 -188.683777 68.771751 182.725601 -144.610962               5483 
51.961281 245.935303 -240.617554 63.949982 217.189285 -173.265991 31.374668 207.688873 -194.131363 66.739624 184.533096 -151.287415               5501 
51.999317 247.108353 -241.175690 63.690483 217.692261 -173.952820 31.014769 208.476059 -194.824112 66.280640 184.928024 -152.111069               5509 
51.185051 248.155304 -242.817047 62.347782 218.160965 -175.590057 29.209620 209.775482 -196.125366 64.200317 185.421219 -153.636841               5518 
52.892555 250.214600 -244.725800 62.426292 218.910980 -177.696411 29.068129 211.850952 -198.417297 63.002106 185.972687 -155.970764               5527 
55.305965 249.130844 -247.617508 63.058475 218.816086 -179.793365 29.245672 213.122604 -200.236069 61.812107 186.497894 -157.182587               5536 
53.952049 251.640549 -253.617645 60.014832 217.312805 -187.414063 25.983778 214.088699 -208.080154 57.330170 184.008194 -166.417358               5553 
50.533810 251.676956 -255.160431 58.519821 217.251770 -189.175690 24.726965 212.165482 -209.880997 57.772564 183.721024 -168.381531               5561 
49.728928 248.945892 -256.958496 58.550774 216.479782 -190.036774 24.087551 211.500977 -209.668121 57.553490 183.723892 -168.052155               5571 
49.190594 248.926117 -257.072052 58.452904 216.306610 -190.217300 23.723572 211.496292 -209.444321 57.503979 183.593719 -168.166611               5579 
47.199516 247.385361 -256.202484 58.315685 215.543777 -189.234833 22.647240 211.472733 -206.880753 57.331123 183.244690 -166.583878               5589 
45.570908 246.036224 -255.233719 58.360477 214.989334 -188.180511 21.896759 211.705994 -204.338959 57.295769 183.132156 -164.915680               5605 
44.447357 244.264130 -254.964676 58.146122 214.456390 -187.524414 21.094994 212.131531 -202.490417 56.624550 183.265656 -163.397888               5613 
44.001488 243.184464 -254.470245 58.340359 214.186157 -186.806717 20.925434 212.559509 -200.970108 56.515762 183.472382 -162.096375               5623 
43.731377 241.596451 -254.489273 58.514435 213.583359 -186.519394 20.987091 211.848969 -200.397888 56.769409 183.250412 -161.337372               5631 
43.509842 239.707062 -254.447052 58.922176 213.141708 -186.099380 21.344305 210.879318 -199.804794 57.477448 183.264023 -160.360260               5648 
44.401756 235.457352 -255.442810 59.263756 211.919128 -185.897690 21.967110 208.339798 -200.100342 57.987885 183.043823 -159.030334               5657 
44.475914 234.768585 -255.726089 59.248257 211.886963 -185.961746 22.085098 207.708527 -200.375076 58.183594 183.172745 -158.913132               5665 
44.485165 234.501938 -255.818649 59.242252 211.874496 -185.986557 22.128111 207.458817 -200.479568 58.257736 183.224487 -158.866913               5674 
44.469288 234.702698 -255.949432 59.166615 212.979782 -185.834229 22.191128 207.905228 -200.488297 58.414555 184.592651 -158.432190               5683 
44.289631 232.829956 -257.269745 58.985806 212.711700 -186.680084 22.224890 206.543945 -201.475281 58.671474 184.819656 -158.765900               5691 
45.267860 231.687149 -258.475433 59.304363 212.515701 -187.489182 22.854893 205.572083 -202.725586 59.064751 184.905777 -159.295197               5700 
46.331787 230.234192 -259.758057 59.972408 212.037827 -188.436661 23.696352 204.566544 -203.861801 59.758942 184.780792 -159.901154               5718 
46.328239 230.392853 -259.706604 59.956314 212.050110 -188.410019 23.680096 204.561447 -203.838440 59.770889 184.756729 -159.909088               5727 
46.032497 229.782150 -259.683167 60.211349 211.796265 -188.387573 23.644573 204.665588 -203.308792 59.995918 184.765732 -159.637436               5736 
45.989758 229.975998 -260.503235 61.120747 212.320572 -189.315765 24.064089 206.019714 -203.401917 60.770866 185.618469 -160.261658               5756 
45.790688 229.781509 -260.598938 61.201679 212.279953 -189.431503 24.079180 205.954742 -203.341797 60.964722 185.654037 -160.306412               5764 
45.470200 229.533707 -260.692505 61.251381 212.206284 -189.563034 24.043631 205.837692 -203.242813 61.174709 185.669327 -160.356003               5774 
45.172951 229.483429 -260.752411 61.457012 212.225143 -189.718262 24.080139 206.045929 -203.035690 61.477810 185.782532 -160.425690               5783 
44.936546 229.469696 -260.797638 61.630123 212.241013 -189.848938 24.113398 206.221466 -202.859665 61.735096 185.877365 -160.485474               5793 
44.750462 229.499268 -260.768951 61.655415 212.268280 -189.872467 24.075977 206.292175 -202.738220 61.826004 185.930069 -160.486465               5805 
43.608505 230.447723 -260.758667 61.154430 212.732559 -190.140030 23.340649 207.270157 -202.554214 61.355923 186.295990 -160.842697               5814 
43.236023 231.013901 -260.905884 61.127598 212.972046 -190.461975 23.142927 207.978867 -202.564697 61.248459 186.507706 -161.189270               5824 
42.966309 231.286255 -260.951996 61.100590 213.047470 -190.630463 23.018980 208.301025 -202.542435 61.201302 186.559540 -161.379028               5835 
41.904217 232.696732 -260.218140 60.627815 213.725769 -190.257767 22.403629 209.273956 -201.837448 60.873085 186.986496 -161.236801               5846 
41.070164 233.822922 -259.623688 60.252903 214.263657 -189.962234 21.918148 210.045334 -201.276657 60.607723 187.325668 -161.126755               5858 
38.992088 238.116592 -256.919067 58.998676 216.671249 -188.054398 20.551241 212.616241 -199.057007 59.766582 188.953903 -159.975494               5869 
49.962780 249.526337 -254.137848 61.652641 222.682053 -185.257233 24.948740 219.190903 -201.278320 59.451607 192.782043 -159.597717               5881 
53.600739 255.243362 -251.661209 62.353485 225.764740 -183.429474 26.437983 222.675339 -201.231125 59.222958 194.876343 -159.070221               5892 
50.819630 260.362915 -244.058273 61.163635 226.706268 -178.027420 26.133635 221.368866 -197.029846 60.738335 193.868866 -156.146133               5904 
49.206276 262.263153 -240.757919 60.453075 227.172806 -175.635437 25.790926 220.977554 -195.054657 61.196011 193.740646 -154.682999               5914 
48.362625 255.213806 -240.237213 57.887234 224.308884 -172.770035 24.735373 215.104889 -193.617889 59.289753 192.134064 -149.964752               5923 
50.265499 251.856827 -238.549835 57.581181 225.022308 -169.102005 25.750101 213.524811 -190.896713 58.945606 194.213806 -144.480042               5932 
53.744469 249.140701 -236.468658 57.305901 226.003998 -165.421692 26.617155 213.279388 -188.229080 57.329407 196.541504 -139.168564               5941 
48.772102 259.355682 -226.146210 55.355339 228.790482 -158.189972 26.671518 214.513336 -182.683365 59.454952 196.783966 -135.473389               5951 
42.111946 265.257751 -218.104202 54.231152 230.876099 -152.784760 26.465944 214.528610 -176.936874 62.791679 198.073135 -132.587006               5959 
36.157257 270.219238 -209.391022 53.915707 232.492615 -147.249512 26.707933 214.095444 -170.307083 66.455482 199.411407 -129.766571               5968 
30.413456 274.113068 -191.442307 52.071613 233.048904 -132.733810 26.546141 213.274841 -156.255249 67.897614 200.014496 -118.052780               5985 
29.831465 274.751007 -185.248413 51.966824 233.351929 -126.948372 25.978657 213.478256 -149.755615 67.756706 200.180328 -112.540352               5994 
27.092745 273.319092 -179.801895 51.468781 233.038513 -121.611549 24.888994 212.455841 -142.670822 67.924797 200.210068 -107.163040               6003 
23.317928 271.359497 -171.512115 50.516449 230.793854 -114.788101 21.845734 210.794495 -133.035431 66.799973 197.536316 -101.148125               6011 
16.850012 268.019989 -163.634430 49.490650 229.220734 -108.568810 19.736320 208.285583 -123.190277 67.315605 196.506119 -95.557602               6022 
16.680279 269.225189 -155.504608 50.732731 228.250549 -102.929184 19.441576 208.632248 -115.666992 67.843063 194.617584 -91.382446               6029 
10.978304 270.614197 -142.509567 49.030506 226.669342 -95.368576 14.993055 209.397537 -102.950836 64.989105 191.719421 -86.363441               6039 
7.908621 271.164581 -135.077866 48.077206 226.780533 -90.218224 13.736612 209.591537 -95.999596 64.296829 191.693893 -82.273613               6047 
5.497230 269.640320 -117.937874 47.847305 225.039810 -75.748795 12.788000 208.766327 -78.389465 63.518749 189.525009 -68.651543               6063 
7.652051 267.996674 -109.220688 50.146477 224.754959 -66.224495 16.448137 206.536880 -71.739151 67.491478 189.920670 -59.667854               6072 
8.937250 265.643860 -102.143768 51.706341 224.460388 -58.415215 18.671623 205.471466 -64.955086 69.701134 189.945953 -51.918472               6081 
10.927550 268.622070 -93.431946 51.493904 224.932343 -50.743515 18.340746 207.152435 -59.481850 68.457886 189.635361 -45.884216               6090 
13.515195 270.259552 -85.809662 51.314587 225.239731 -42.358643 18.454762 208.228653 -53.309906 67.484726 189.530701 -37.813477               6098 
17.005236 273.055115 -71.213165 51.564083 225.985214 -27.540470 19.049894 210.116867 -40.852333 66.715294 189.755585 -23.651836               6115 
21.668480 273.674530 -63.662971 52.507477 224.581345 -19.539982 20.922483 209.958099 -35.861866 66.881149 187.994080 -16.070726               6124 
24.479467 273.266144 -54.804417 53.187939 222.429489 -11.338165 22.092209 209.158142 -29.324913 66.886864 185.517288 -8.674584               6133 
24.326967 270.242615 -41.383923 52.884708 220.290192 3.071651 24.274593 206.215851 -17.813284 68.593712 184.201889 5.922575               6150 
25.986746 266.671906 -39.774181 52.137909 218.914810 8.370478 25.974581 203.586655 -14.615479 68.652573 183.450485 13.548649               6159 
30.211672 260.091827 -36.350414 52.111492 216.125214 17.150534 27.122440 199.870499 -6.341547 67.306534 180.857651 26.237694               6176 
28.472408 257.661682 -34.024158 51.663967 215.018021 19.970255 25.633228 198.625595 -2.199236 66.638611 179.788223 29.556026               6185 
27.788912 254.068237 -25.540648 49.912323 212.658966 29.793728 23.358446 196.727142 8.044785 63.760105 177.289734 40.495255               6202 
25.588804 249.241531 -23.261173 49.325344 210.566345 33.345619 22.899250 193.368759 12.475641 64.068810 175.941620 45.221012               6211 
21.708521 248.478439 -16.236403 49.212254 209.505051 38.396534 22.797989 191.879807 17.931694 65.835243 175.250656 48.768562               6219 
22.024576 248.037659 -9.688684 49.142944 208.276794 44.539532 23.070803 191.131149 23.298437 65.800606 173.907578 54.466545               6228 
18.658867 242.759659 -1.839327 49.772770 205.486603 51.975269 23.806637 187.099152 31.727167 68.431610 172.140808 61.832829               6246 
15.441337 238.994965 5.240577 51.030281 203.160553 57.210052 24.418381 184.009140 38.598549 71.280922 170.469696 66.069305               6255 
7.479882 236.136887 27.563803 52.984287 199.526413 70.427032 24.556376 180.230316 54.944271 75.993454 167.621704 73.578918               6280 
7.304521 234.325562 39.116550 56.137550 198.386414 78.741951 26.902792 178.845978 65.205467 79.689003 166.761551 80.311607               6298 
7.854865 233.763092 50.426823 59.670921 196.233749 84.356125 29.926676 177.300980 71.245712 83.747643 165.037399 82.266762               6315 
12.648685 237.976517 61.461395 63.150909 194.156052 89.240738 31.376343 178.819214 76.377121 84.584518 161.558807 83.300446               6341 
14.322618 237.696411 64.415802 65.230286 193.689301 91.124138 33.391823 178.700745 78.184036 86.716957 161.252640 84.532318               6350 
13.867063 235.813095 73.431824 68.136993 192.531036 93.941650 36.230988 178.024216 81.090355 90.644821 161.768356 83.727821               6375 
13.060402 232.972076 72.800888 68.438072 191.386749 93.835045 36.729137 176.102997 81.452469 91.547607 160.908737 84.123878               6384 
14.412852 231.668396 76.153145 70.696541 190.610443 95.736008 38.861412 176.479889 82.907898 94.039597 160.569962 85.250908               6393 
15.614247 227.671829 77.311043 72.922539 188.074341 96.244911 41.023022 174.831787 82.929474 96.676773 158.508957 85.341240               6402 
16.666775 225.188858 78.374680 74.410057 186.413055 96.920517 42.637543 174.000885 82.614502 98.575485 157.387894 85.482056               6410 
17.040537 223.864822 79.184570 75.134239 185.605698 97.504440 43.353291 173.809875 82.651161 99.544312 156.862167 85.875832               6419 
17.380011 222.719696 79.471626 75.515541 184.875290 98.070198 43.677799 173.673889 82.750633 99.991508 156.138840 86.563255               6428 
18.429277 221.213364 78.421326 75.577728 183.748230 99.780991 44.020401 173.184921 83.259712 100.067245 154.490814 89.704613               6436 
18.976191 218.727875 78.500748 76.141861 182.438538 100.618416 44.910786 172.789413 82.605278 101.141647 153.579926 90.645592               6454 
19.272491 217.326874 78.414574 76.490181 181.875534 101.362015 45.564705 172.413086 82.559608 101.917587 153.268753 91.751328               6462 
19.510530 216.016586 78.129517 76.804001 181.283279 101.647057 46.044884 172.252487 82.074326 102.538437 152.845261 92.358147               6471 
19.792507 215.224945 78.084160 77.060921 180.820190 101.870674 46.426025 172.556732 81.477905 102.970261 152.499252 92.711121               6480 
20.015150 213.368561 77.794640 77.540245 180.018555 101.972168 47.113773 172.109940 80.826935 103.766556 151.844086 93.274658               6489 
20.188248 211.572937 77.620941 77.821136 179.089447 101.977051 47.578789 171.667389 80.088120 104.234299 150.973175 93.665237               6497 
20.350498 209.797974 77.369957 78.154396 178.422897 102.112213 48.103638 171.246368 79.564140 104.784096 150.349686 94.364944               6506 
20.258778 208.930115 77.429787 78.254639 178.095230 102.118919 48.395271 171.500122 78.774605 105.047760 150.092957 94.684708               6514 
20.413492 207.661774 77.211052 78.541138 177.561539 102.224060 49.046959 171.806625 77.680527 105.564926 149.638611 95.347176               6532 
20.446543 207.206543 77.201431 78.592651 177.163666 102.223885 49.333691 171.826279 76.980713 105.697617 149.249374 95.637573               6540 
20.583281 206.427658 77.340431 78.897682 176.665894 102.426491 50.061893 171.701431 76.108589 106.207100 148.803574 96.497520               6549 
20.512699 205.451355 77.441879 78.682190 175.719391 103.006332 50.726173 171.780411 74.781197 106.156059 147.826630 98.062004               6568 
20.433392 205.155869 77.592606 78.589745 175.372116 103.183998 50.979069 171.949463 74.188499 106.107643 147.468964 98.552971               6578 
20.426113 205.275024 78.081848 78.441368 174.986679 103.557991 51.284836 172.312302 73.657463 105.900436 146.967743 99.291199               6588 
20.328152 205.299194 78.604202 78.434242 174.731934 103.612465 51.489243 172.758759 73.145401 105.876617 146.693451 99.366684               6598 
20.400240 204.715347 78.633690 78.594368 174.300186 103.614532 51.915249 172.755142 72.607300 106.126350 146.325165 99.533554               6609 
20.529881 204.264359 78.667839 78.727470 173.894257 103.688950 52.293602 172.719620 72.227577 106.292397 145.927109 99.780045               6620 
20.692066 203.944504 78.705208 78.879555 173.573364 103.748528 52.637859 172.673676 71.931808 106.441422 145.578735 100.018860               6631 
20.861601 203.510162 78.835686 79.107857 173.198471 103.845985 52.981106 172.405670 71.771782 106.665131 145.170746 100.337532               6642 
20.900452 203.501144 79.190636 79.236473 173.020355 103.924385 53.187778 172.287979 71.671936 106.770454 144.948303 100.591728               6654 
20.977978 203.295288 79.324387 79.413223 172.831924 103.945717 53.442928 172.155243 71.492836 106.960159 144.750626 100.803581               6666 
21.047823 203.389374 79.655380 79.559250 172.690735 103.991447 53.680775 172.188629 71.322739 107.093544 144.582474 100.982422               6677 
21.105160 203.395248 79.876030 79.670540 172.546844 104.009476 53.845707 172.284561 71.155411 107.183662 144.410736 101.067802               6691 
21.094894 203.347870 79.979515 79.700478 172.438965 103.991577 53.858074 172.284348 71.081856 107.194992 144.282761 101.068184               6706 
21.154678 203.225281 79.960205 79.792580 172.328079 103.917694 53.905762 172.222153 70.995918 107.271828 144.155243 101.011047               6719 
21.511290 203.260162 80.085815 80.018730 172.102325 104.059227 54.182068 172.205719 71.044952 107.396385 143.826218 101.196983               6734 
21.644356 203.266479 80.141876 80.099510 171.975266 104.112274 54.273788 172.164719 71.050339 107.416748 143.634384 101.314117               6750 
21.701550 203.233047 80.103172 80.063850 171.857025 104.191574 54.292660 172.163498 71.048553 107.332253 143.461456 101.472626               6765 
21.795662 203.262390 80.148491 80.079994 171.710159 104.197632 54.314552 172.248398 71.015991 107.271172 143.242523 101.458916               6781 
21.833189 203.319962 80.309456 80.086525 171.644745 104.263023 54.304646 172.477341 71.043007 107.222862 143.128998 101.481255               6798 
21.928741 203.312714 80.366920 80.146507 171.527115 104.259262 54.336952 172.589203 71.021210 107.218849 142.951645 101.466850               6817 
21.907349 202.980011 80.193756 80.121895 171.434082 104.305641 54.286270 172.355362 71.055122 107.172089 142.817413 101.728943               6835 
21.907944 202.721466 80.109001 80.135338 171.380081 104.337708 54.283768 172.298737 71.070175 107.185020 142.753845 101.863770               6854 
22.069178 202.565002 80.012093 80.265213 171.065369 104.139565 54.408867 172.144348 70.861084 107.261299 142.389282 101.657501               6874 
22.077803 202.443848 80.024323 80.277611 170.992493 104.203468 54.398827 172.089661 70.919113 107.255783 142.293213 101.796120               6895 
22.098412 202.414688 80.003281 80.290192 170.991959 104.208420 54.416744 172.255615 70.886726 107.250244 142.272293 101.841339               6917 
22.148174 202.258163 79.814079 80.344635 170.969757 104.180969 54.468529 172.241623 70.810402 107.293144 142.225113 101.992462               6939 
22.209204 202.418732 79.786026 80.381584 170.980927 104.069687 54.463394 172.220215 70.695709 107.246544 142.148865 102.007690               6962 
22.271954 202.314560 79.528183 80.478203 170.997498 103.966614 54.596519 171.943924 70.515320 107.357979 142.157181 102.240334               6985 
