31.789354 196.947128 90.746742 88.425056 158.367050 107.438652 60.284821 165.409348 78.960587 108.080048 125.713631 97.206261                  0 
31.844830 197.278336 91.033714 88.417259 158.543655 107.603569 59.807438 165.163208 79.296471 108.076317 125.949791 97.190674                 20 
31.879124 197.534988 91.265144 88.435020 158.726227 107.729050 59.381111 164.936981 79.584793 108.116875 126.194138 97.167114                 41 
31.719461 198.157166 91.863274 88.362686 159.176666 107.593704 58.428448 164.891861 80.022301 108.026474 126.830658 96.443024                104 
31.626486 198.329987 92.067657 88.325027 159.340179 107.541100 58.047199 164.922913 80.209099 107.994186 127.072556 96.174866                125 
31.284845 198.443283 92.383911 88.210854 159.770905 107.441566 57.278477 165.233719 80.590187 107.945015 127.723694 95.575409                147 
30.921482 198.454727 92.553612 88.016907 160.222260 107.519829 56.362907 165.324661 81.192291 107.817215 128.363480 95.262886                168 
30.359457 198.595398 92.466965 87.621391 160.952820 107.638756 55.336601 165.581436 81.730583 107.575531 129.292694 95.119385                188 
29.911839 198.750504 92.399666 87.305603 161.741852 108.146118 54.626881 165.778809 82.407135 107.491013 130.214127 95.663368                208 
29.591108 198.738434 92.234886 87.147820 162.323242 108.437622 54.182190 165.871124 82.795181 107.538063 130.893509 96.041016                228 
29.407797 198.713364 92.111748 86.923286 162.505920 108.674126 53.838566 165.921204 83.005005 107.404671 131.141235 96.263039                248 
29.226854 198.602615 91.831573 86.766167 162.755997 108.733673 53.506317 165.947632 83.123665 107.325325 131.441925 96.323303                267 
29.090031 198.406586 91.542030 86.662598 162.961517 108.744766 53.158695 165.901825 83.256020 107.278984 131.696716 96.305183                287 
29.074200 198.186203 91.358505 86.658897 163.097122 108.815361 52.930305 165.868668 83.447617 107.305977 131.878510 96.310829                307 
29.035934 198.073135 91.365944 86.622879 163.229141 108.910004 52.674538 165.968430 83.684128 107.277962 132.088013 96.226814                328 
29.009352 197.912216 91.248100 86.600082 163.241440 108.911568 52.419830 165.822556 83.816422 107.277039 132.141510 96.163071                348 
28.700928 197.824722 91.239243 86.386612 163.375244 108.915421 51.990284 165.714188 83.946526 107.192665 132.414017 96.040001                368 
28.270105 198.038010 91.200714 86.024826 163.672028 108.793045 51.414364 165.741928 83.978828 106.948601 132.857529 95.757385                389 
28.181103 198.162735 91.132339 85.924889 163.969437 109.083839 51.325878 165.811569 84.155876 106.988693 133.189072 96.193855                409 
28.027500 198.143539 90.995567 85.828506 164.159134 109.046783 51.105858 165.804550 84.200844 106.959717 133.434052 96.135231                430 
28.725960 198.610886 91.969643 85.847977 163.027954 108.763206 50.884274 166.143555 84.330315 106.166489 132.233841 94.757957                451 
28.787563 198.596573 92.081841 85.865898 163.005798 108.708206 50.723026 166.291077 84.478409 106.069305 132.258438 94.436226                472 
28.837576 198.608322 92.177887 85.758308 162.776077 108.630585 50.477943 166.313416 84.555740 105.788948 132.033386 94.107254                493 
28.967579 198.577667 92.332237 85.721268 162.447113 108.595444 50.320423 166.252014 84.661499 105.545868 131.661942 93.880669                514 
28.917570 198.554062 92.263222 85.729591 162.663513 108.750923 50.279736 166.329926 84.792549 105.645126 131.904953 94.103455                536 
28.818470 198.768921 92.182152 85.742561 163.292969 109.119637 50.262589 166.608292 85.088631 105.807014 132.498764 94.752960                558 
29.493887 199.009430 92.923042 85.644295 161.828384 108.710350 50.031776 166.527359 85.036484 104.844254 130.876099 93.525375                580 
30.414890 198.853348 93.676773 86.126060 160.541138 108.262024 50.119106 166.154633 85.191246 104.503174 129.370789 92.515381                602 
31.101892 198.685623 94.244873 86.491913 159.675858 108.181099 50.219398 165.943146 85.412865 104.349129 128.353653 92.140320                623 
31.379843 198.531754 94.396919 86.669014 159.343597 108.119034 50.178593 165.954987 85.474350 104.308586 127.964279 91.949608                644 
30.432938 199.016113 93.624123 86.193382 160.965118 108.446953 49.609974 166.613861 85.580482 104.297707 129.493286 92.986549                665 
29.872501 199.593689 93.284210 85.894554 162.258255 108.722534 49.195011 167.342560 85.812027 104.251259 130.766632 93.603798                686 
29.605280 199.838501 93.042015 85.775482 162.948822 108.804543 48.903625 167.651611 85.969193 104.274200 131.485565 93.800270                706 
29.093494 199.864456 92.983688 85.604134 163.517639 108.730804 48.454899 167.659531 86.095551 104.400658 132.272125 93.641907                726 
28.739952 199.788422 92.946640 85.505745 163.846924 108.662186 48.101559 167.478516 86.232300 104.514015 132.761932 93.507156                747 
28.506224 199.727127 92.876396 85.433662 164.092514 108.602478 47.814312 167.278793 86.388672 104.574097 133.120682 93.382248                768 
28.364740 199.695740 92.809814 85.375862 164.271729 108.570320 47.557266 166.902954 86.660583 104.592667 133.385635 93.272285                788 
28.305847 199.681610 92.781540 85.345375 164.348083 108.558899 47.379211 166.563629 86.882629 104.600212 133.523026 93.185738                808 
28.285738 199.725815 92.821770 85.356827 164.459641 108.567123 47.259087 166.334061 87.107826 104.640701 133.701431 93.096794                829 
28.239017 199.895721 92.874588 85.279976 164.575226 108.504295 47.029995 166.090851 87.346649 104.536690 133.894470 92.847450                849 
28.205475 200.122849 92.968307 85.167480 164.634781 108.388741 46.755013 165.703659 87.644814 104.361366 134.064987 92.440422                869 
28.251171 200.089554 92.911766 85.184387 164.634644 108.397392 46.649178 165.282135 87.907967 104.373093 134.098282 92.378929                890 
27.858231 200.262115 93.083023 84.889061 164.882217 108.280212 46.202187 165.207352 88.111450 104.098083 134.504242 91.987320                911 
27.134935 200.548172 93.101501 84.400391 165.487854 108.070900 45.546509 165.267914 88.289871 103.693237 135.246262 91.624069                932 
26.629021 200.680756 92.868439 84.086777 166.078522 107.982452 45.171772 165.313843 88.390144 103.568993 135.970016 91.514702                953 
26.314152 200.776321 92.736183 83.864479 166.476807 107.952187 44.885307 165.345413 88.561478 103.430817 136.457474 91.421448                974 
26.171352 200.646057 92.438301 83.702286 166.720291 107.944443 44.651058 165.367111 88.741043 103.285858 136.757721 91.331375                995 
26.028141 200.473785 92.143456 83.498375 166.957947 107.908829 44.360687 165.567261 88.921906 103.031258 137.057159 91.125633               1016 
25.986671 200.201492 91.866982 83.375740 167.067307 107.903976 44.163368 165.705765 89.092567 102.843887 137.210861 90.967308               1037 
25.993996 199.899261 91.565392 83.293762 167.131546 107.897850 44.017899 165.807236 89.242523 102.699463 137.302231 90.842148               1058 
25.992838 199.822525 91.438087 83.126549 167.144409 107.853233 43.740021 165.827728 89.573761 102.335121 137.309799 90.584953               1079 
26.081051 199.436142 91.232529 83.119354 167.095612 107.831665 43.626232 165.653336 89.913185 102.213646 137.290817 90.386078               1101 
26.193323 199.063553 91.124565 83.169006 167.058334 107.840530 43.571831 165.535583 90.243759 102.142868 137.274414 90.228706               1121 
26.272503 198.736526 90.950996 83.167801 167.031097 107.827606 43.495663 165.478043 90.449280 102.048492 137.273239 90.072182               1142 
25.896097 198.836212 91.418312 82.703377 167.070343 107.727943 42.871529 165.842377 90.744530 101.318626 137.555405 89.299507               1163 
25.753170 198.741776 91.694275 82.502808 167.074539 107.734917 42.557545 165.976852 91.067230 100.941307 137.716675 88.882759               1184 
25.853683 198.858307 92.260918 82.650543 167.301361 107.932213 42.571514 166.312424 91.584908 100.925888 138.056717 88.748116               1205 
25.961487 198.951813 92.819389 82.807953 167.481354 108.123825 42.599972 166.587112 92.092484 100.921013 138.330688 88.645058               1226 
26.019117 198.968475 92.982002 82.826035 167.585831 108.194901 42.534874 166.806686 92.367767 100.804504 138.478836 88.527069               1247 
26.165030 198.969849 93.243385 82.881279 167.594254 108.361534 42.530571 167.039169 92.674896 100.726723 138.582825 88.433067               1269 
26.234127 198.946655 93.229668 82.818848 167.594513 108.409920 42.431534 167.210556 92.818115 100.548042 138.637451 88.299469               1290 
26.288319 198.912643 93.259895 82.777054 167.573547 108.453522 42.352642 167.326859 92.960548 100.400787 138.665955 88.179871               1312 
26.352043 198.762466 93.223175 82.761162 167.545349 108.484459 42.296089 167.396347 93.096786 100.301750 138.695526 88.056992               1334 
26.425842 198.532623 92.973953 82.757439 167.541672 108.486084 42.270939 167.410690 93.148949 100.270020 138.706543 88.013885               1355 
26.474754 198.330399 92.822990 82.745392 167.525650 108.489296 42.226028 167.430664 93.233711 100.211159 138.720810 87.934608               1377 
26.510118 198.175095 92.728844 82.731049 167.508682 108.491142 42.180344 167.452423 93.318542 100.147499 138.738632 87.846085               1399 
26.339970 198.174927 92.821220 82.512527 167.607880 108.491684 41.892563 167.666367 93.506241 99.800827 138.915527 87.631920               1422 
26.279747 198.116135 92.839668 82.437485 167.727325 108.514740 41.748592 167.793610 93.724884 99.615051 139.032074 87.567657               1444 
26.137300 198.026962 92.841103 82.235840 167.844360 108.616142 41.494579 167.927231 93.984985 99.311478 139.145233 87.591171               1466 
26.001551 197.993484 92.854729 82.022278 167.956253 108.701111 41.228191 168.103729 94.220459 98.979965 139.259201 87.578094               1489 
25.993608 197.923767 92.869530 81.928871 168.032349 108.788185 41.095261 168.250946 94.423515 98.797951 139.382675 87.530334               1511 
25.715071 197.578918 92.882645 81.819839 168.030716 108.671257 40.834709 167.834702 94.760872 98.565872 139.256180 87.484879               1534 
25.469810 197.992111 93.150757 81.550751 168.090240 108.311554 40.352226 167.899765 95.081146 97.774330 139.104370 87.007050               1557 
24.368572 199.398224 93.248749 80.669678 169.272202 106.907440 39.110184 168.453415 95.409096 95.928818 139.952789 85.348282               1580 
24.163511 201.018372 90.131256 80.499283 170.935501 103.191116 38.710751 169.239990 93.469917 94.731102 140.772888 82.097557               1603 
23.972925 202.296188 82.596970 80.165955 172.418060 96.013435 38.222965 170.169769 87.886612 93.334953 140.915390 76.228958               1623 
25.891529 207.437637 71.384239 79.542000 175.011612 88.224510 38.134533 174.194397 78.234535 91.968964 142.630966 69.400833               1641 
28.967266 211.252563 60.543419 80.025352 176.887146 81.025299 39.462452 177.381393 68.390633 92.380089 143.994385 63.061638               1656 
29.969839 213.278763 48.768738 80.491386 179.504593 71.438766 40.242523 179.474991 58.192459 92.931335 145.853149 55.004223               1671 
29.679125 214.621323 37.640587 78.784508 181.986526 64.724556 39.749508 181.062820 48.513504 92.825081 148.185486 49.972645               1683 
28.514080 216.904541 28.480919 77.085762 184.509628 56.892269 38.612354 183.277298 39.648277 91.746468 150.807404 42.522491               1693 
27.965244 218.522339 18.975662 75.253632 186.680588 50.266273 38.010147 184.952820 30.872715 91.089928 153.066757 36.977642               1703 
27.581766 220.737167 9.453821 73.941528 188.617859 42.357735 37.510300 186.677231 21.733126 90.343346 154.985260 29.823997               1712 
27.899845 221.823456 0.321563 73.243423 190.141388 35.749451 38.096172 187.722763 13.456626 90.547058 156.387665 24.861961               1721 
26.525341 225.468658 -22.117180 69.725746 193.465210 16.874498 35.824760 190.331833 -6.863186 86.903587 158.810455 9.049164               1738 
26.371410 227.677460 -31.902916 67.936302 195.221359 9.087956 35.043922 191.789764 -15.900251 85.263618 160.360306 2.627502               1747 
25.960379 228.473648 -41.933475 67.143486 196.267700 0.347991 34.739799 191.730759 -24.861261 84.765823 161.330933 -4.764890               1756 
25.508305 229.727097 -52.517914 65.740555 198.013580 -8.404704 33.869282 192.394257 -33.788494 83.272285 162.819717 -11.765679               1764 
26.356342 227.825439 -82.949661 64.129242 198.998672 -34.302261 34.349575 190.283676 -60.764397 82.624329 164.139633 -34.089886               1790 
25.181257 231.557053 -94.563583 60.859943 202.431473 -44.317215 31.629538 192.943573 -70.742455 78.652473 167.236069 -42.911407               1801 
26.087137 232.412582 -100.955360 60.890148 203.370911 -49.880539 31.617178 192.649567 -75.414406 78.239548 167.995605 -47.677700               1807 
48.458218 259.349213 -125.711151 59.562511 206.575394 -74.278107 43.646114 191.093246 -108.354752 73.285324 175.435089 -54.297306               1825 
53.162556 261.211853 -137.408829 58.977493 207.149719 -82.486969 44.681957 192.151718 -117.935204 69.987152 177.162079 -59.318130               1834 
49.352390 257.270172 -146.956009 57.482365 205.273209 -88.924904 44.667332 189.323883 -125.031723 69.709351 177.309067 -63.909435               1842 
42.069721 251.858780 -154.246796 58.434826 199.686081 -97.213501 47.622517 183.919373 -134.324844 74.796188 173.365448 -72.784096               1860 
37.296577 249.199112 -159.200378 56.867634 199.014069 -101.191063 46.996140 182.534210 -138.330704 74.777649 174.158463 -76.317451               1868 
33.626785 247.067184 -177.088684 52.418297 199.793671 -116.427071 44.903969 182.997452 -154.195541 70.047821 176.363922 -90.016594               1886 
36.556778 247.850739 -184.211090 52.871201 201.070923 -122.451477 46.303673 184.663620 -160.645706 69.348274 177.625031 -95.320999               1894 
35.626629 246.123672 -191.087051 51.861629 201.176666 -127.948807 44.748516 184.216263 -165.878510 68.235580 178.316437 -100.261803               1903 
31.209488 247.934387 -195.133102 50.906155 202.954285 -133.036591 42.012806 186.943680 -171.072052 68.704575 179.840668 -106.461342               1912 
20.781837 251.419724 -201.354156 47.914364 204.928253 -143.330673 33.342274 190.688248 -180.350296 68.553635 180.643723 -120.059479               1929 
20.235733 250.028397 -205.792358 47.144672 204.732056 -146.755966 31.931070 189.983185 -183.331970 67.511475 180.613892 -123.075294               1937 
23.728325 248.329330 -213.381592 47.369743 205.328506 -151.381470 37.054413 191.511322 -189.766205 66.454414 182.164520 -125.759766               1946 
32.726650 250.981842 -223.875153 48.843460 207.821655 -159.676392 43.737007 196.665588 -199.978348 64.421249 183.938339 -132.396622               1964 
34.409985 254.397217 -225.304840 49.131668 209.344910 -162.125336 44.408730 199.929962 -203.163834 63.853153 184.205627 -135.506531               1973 
36.176975 256.868622 -226.208755 49.708839 210.385849 -163.856552 48.707359 204.146912 -206.305725 63.904964 184.536697 -137.635239               1981 
55.340458 259.802643 -242.646851 53.353832 215.851746 -177.132874 52.462631 208.443893 -220.148193 58.270485 188.435471 -149.178619               1998 
58.539307 259.416870 -245.973923 53.869961 216.968277 -179.621567 53.219143 209.013992 -222.771011 57.040665 189.800934 -151.176041               2007 
58.179028 257.839600 -249.364700 53.004974 216.517899 -182.357803 52.797504 208.079910 -225.510376 55.821934 189.720612 -153.526627               2024 
59.047047 256.485718 -251.976852 52.606777 215.342484 -184.983459 53.381664 206.981979 -228.142471 54.814991 188.554031 -156.091080               2061 
58.977486 254.346161 -253.110321 52.427452 214.402954 -185.405289 52.647396 205.348602 -228.430389 54.421349 188.042099 -156.106888               2063 
58.465073 227.471710 -265.213806 52.261246 203.011383 -190.488541 45.355267 186.605576 -230.690750 52.310867 182.624832 -156.700180               2087 
57.821526 226.673645 -265.352234 52.127201 202.790115 -190.408218 45.264286 186.021347 -230.467392 52.456158 182.686539 -156.452316               2103 
57.902966 224.998489 -268.441254 52.469013 202.261810 -193.138428 45.278355 185.013229 -232.935196 52.777775 182.654831 -158.893158               2128 
57.293613 225.259506 -268.733429 52.332237 202.366913 -193.454193 45.091717 185.165146 -233.262115 52.882786 182.700500 -159.246078               2137 
56.512859 225.381989 -269.087982 52.222630 202.288879 -193.850494 44.913555 185.150543 -233.673218 53.095284 182.551147 -159.690186               2146 
55.380707 225.338852 -269.283569 51.920002 202.133865 -194.062897 44.296082 185.045746 -233.848221 53.138901 182.364731 -159.931366               2154 
54.524345 225.124146 -269.730927 51.724892 202.099350 -194.460541 43.657200 184.996185 -234.151932 53.127476 182.396210 -160.297913               2163 
55.168770 225.330704 -270.179108 52.011852 202.180695 -195.004135 43.653465 185.304703 -234.732803 53.017887 182.412827 -160.864929               2172 
54.943783 225.789200 -270.114685 51.933342 202.200455 -195.117981 43.481174 185.523956 -234.911270 52.932507 182.295486 -161.058334               2180 
53.966228 227.106949 -269.362518 51.548298 202.521927 -194.728287 43.000366 186.260071 -234.672852 52.809544 182.254913 -160.891571               2198 
53.735096 227.475327 -268.758026 51.607582 202.843979 -194.159882 42.467079 186.724091 -234.030945 52.838078 182.565445 -160.328949               2206 
53.850613 228.396881 -267.489868 51.686905 203.254944 -193.104248 42.560951 187.398407 -233.084442 52.846470 182.780258 -159.389130               2216 
53.873508 228.942505 -266.718079 51.734291 203.500443 -192.473618 42.627586 187.804428 -232.521851 52.851189 182.909149 -158.828140               2224 
53.865067 229.367645 -266.173340 51.764633 203.657639 -192.069794 42.683060 188.068207 -232.165726 52.854095 182.991898 -158.469101               2233 
51.273396 229.235138 -265.533936 50.153328 203.570984 -191.435730 40.350506 188.005875 -231.371323 51.577953 182.951080 -157.819427               2242 
49.580551 229.173294 -265.096680 49.106804 203.514709 -191.023911 38.845135 187.973068 -230.853622 50.749557 182.921204 -157.401367               2250 
48.068317 230.225616 -264.027679 47.970112 204.185410 -190.117142 37.419437 188.870438 -229.959534 49.719883 183.440918 -156.592957               2258 
44.172878 233.601303 -261.660797 44.988911 206.019547 -188.344559 34.230610 191.430984 -228.403870 47.204769 184.620697 -155.262146               2268 
40.564819 247.032318 -251.919556 42.335709 212.582642 -181.616043 33.286659 201.213715 -223.115646 45.603497 188.303802 -150.678589               2285 
36.860405 249.690964 -248.278992 40.013763 214.245560 -178.535843 30.600397 203.354309 -220.082779 43.999828 189.575211 -147.994858               2293 
39.274117 247.574295 -244.648499 41.250397 213.352814 -174.272705 33.135483 201.598389 -215.858658 44.863407 189.282059 -143.211304               2302 
41.057823 245.653122 -239.544373 42.485291 212.210388 -168.798965 34.889637 199.954590 -210.338623 45.886520 188.511230 -137.429428               2311 
37.169891 249.650009 -231.728226 38.226391 214.754715 -161.702179 38.285706 202.671524 -203.980728 43.347084 191.265518 -130.408386               2328 
33.459522 252.878937 -227.879593 35.297970 216.683731 -158.542374 38.955101 205.727905 -200.969940 41.681526 193.241165 -127.446365               2336 
27.488214 257.573761 -222.398758 31.284349 218.473602 -154.762360 37.833443 210.262497 -197.584747 39.306618 194.424957 -124.520462               2345 
27.715994 255.945374 -220.901932 30.925312 219.639847 -151.717255 39.920715 210.407303 -193.999817 39.002197 197.222061 -120.261360               2354 
23.776628 256.239899 -215.363571 29.130026 220.417236 -146.079132 38.906891 211.750992 -188.402756 38.499245 198.634918 -114.535271               2363 
28.073744 266.597809 -201.583298 27.239319 223.180313 -136.596085 39.614014 218.843109 -179.007935 33.487194 197.623154 -107.184151               2380 
34.729462 268.059753 -197.825226 27.635208 224.478775 -133.342148 43.763462 220.165222 -174.520096 30.937117 198.769867 -103.586212               2388 
37.685349 271.347534 -193.377060 26.492638 226.473389 -130.394455 43.957706 222.579987 -171.122330 27.627321 199.887344 -101.254097               2397 
40.855766 271.314941 -191.704376 27.046331 227.327438 -128.629532 45.544113 222.687622 -168.869476 26.809479 201.011032 -99.224472               2406 
42.317253 269.639801 -190.244598 25.964241 227.878632 -126.283760 46.959629 222.584915 -165.318039 24.503849 202.602005 -96.014542               2415 
44.538101 269.134735 -186.098663 26.423637 228.903366 -121.645462 49.199894 223.284409 -159.753586 24.097410 204.346710 -90.842438               2423 
49.080711 271.111389 -176.469650 27.612072 231.098709 -112.927567 53.254555 227.224838 -149.334518 23.246025 206.189850 -82.633133               2432 
52.019913 271.318787 -170.993408 27.935299 232.028091 -107.950813 64.113968 237.901443 -132.413177 22.045326 207.217712 -77.834038               2442 
55.602905 279.860748 -151.526199 29.188379 236.921875 -91.900558 71.245026 249.734665 -107.822983 22.245436 210.448608 -63.471210               2458 
58.491226 281.992554 -144.584732 30.565353 238.014359 -86.430290 74.009407 251.023117 -100.701553 22.767660 210.935028 -58.804714               2467 
62.507355 285.607574 -135.382858 32.280220 238.882401 -80.628860 77.072571 251.782837 -92.575043 23.204458 210.360016 -54.911732               2475 
74.432999 277.243622 -127.519348 34.932205 236.729263 -73.740517 82.092834 241.484528 -84.005272 20.229494 210.320770 -48.369507               2484 
78.786171 271.807892 -120.492104 35.332439 235.449112 -66.800522 83.157646 236.379715 -75.990440 18.175749 210.726395 -41.272072               2493 
41.422970 284.582703 -62.913128 41.926891 218.035431 -22.284546 29.320501 216.881363 -55.711891 48.381088 182.376480 -6.662465               2510 
31.383389 281.654541 -43.514275 43.613342 212.003387 -10.773555 24.296486 209.400101 -46.325108 55.832302 176.146912 0.284291               2519 
20.906610 276.025482 -19.373150 45.756409 206.502411 5.357408 21.156437 202.937546 -29.043095 63.672337 171.908279 11.644847               2536 
18.563162 273.482117 -15.911899 45.597870 205.253510 10.010093 19.009708 199.617462 -23.006210 64.313171 171.145721 16.617928               2545 
13.068336 269.274841 -17.641930 43.893486 204.851379 13.198855 14.990618 194.843033 -16.969284 64.049667 172.064621 21.917988               2555 
13.333104 265.284546 -19.956825 43.484287 203.241562 15.941537 12.444478 191.230972 -11.364340 62.891808 170.721710 27.035431               2563 
14.143107 260.124451 -18.731861 44.686031 201.998734 22.855757 10.840569 187.987671 0.084591 63.619583 170.276627 36.730038               2579 
13.946518 227.146240 -18.259630 45.350529 201.031204 27.421267 10.474889 185.849731 7.020587 65.164436 170.028305 41.686432               2588 
15.296289 212.338470 -14.876801 46.332592 201.266434 32.006252 10.593126 187.142319 12.283800 65.364334 169.667618 46.026726               2597 
27.148142 194.415390 2.858143 47.572666 202.364700 40.726448 11.162897 188.962311 21.656670 66.664360 170.287476 53.525867               2614 
28.460571 191.981766 8.124063 48.018909 201.676407 44.882057 10.884663 190.097046 25.981092 65.457939 168.696518 57.745728               2623 
34.160000 187.290436 15.717519 49.051918 200.527420 48.416222 12.033895 188.048004 29.819031 67.112206 168.016830 61.612991               2631 
36.103954 184.903290 21.261965 49.951065 198.975433 51.937820 12.504672 185.446091 34.963654 70.060287 166.894302 63.059258               2640 
38.102947 181.974945 29.941910 52.460922 196.800247 58.805729 14.634147 180.640717 45.271561 76.203545 166.216782 66.435013               2658 
40.095531 180.845764 33.051037 54.147472 195.352127 61.969311 16.408375 179.043976 48.341251 78.281738 164.884476 68.790260               2666 
41.558643 178.725876 36.510887 56.084568 193.517319 64.893082 17.983225 177.239777 52.232403 80.224342 163.003693 71.485214               2675 
42.425827 177.769409 38.762268 56.932732 192.540543 67.058144 18.606464 176.848801 54.297760 80.499458 161.649673 73.959610               2684 
43.313709 177.417633 41.195385 58.143044 191.729965 69.487488 19.640932 176.200394 57.029659 81.863708 160.760666 75.445564               2692 
43.542671 175.383377 44.421497 58.805908 190.218338 72.141891 20.117617 174.331451 60.718643 82.789581 159.444717 78.060860               2701 
44.549152 174.361008 46.782276 59.725853 189.060699 74.569801 20.848162 173.900162 62.773792 83.004944 157.836334 80.925072               2709 
45.220467 173.987930 50.201862 60.746662 188.004272 78.088577 21.583561 173.498459 66.369194 83.738014 156.408218 83.597992               2727 
45.660545 174.740356 51.217106 61.199749 188.013885 79.432343 21.990992 173.910812 67.358177 84.111496 156.228043 84.120392               2735 
46.721325 174.482376 52.787205 61.995823 187.375244 81.289307 22.949282 172.667801 69.303749 85.298058 155.788559 85.357918               2744 
46.887428 174.073120 53.563957 62.018429 186.888107 82.148827 23.066484 171.619873 70.445808 85.598198 155.475433 85.957336               2753 
47.779629 174.193909 54.391232 62.439713 186.439941 83.440399 23.700834 171.242355 71.223122 86.115112 155.052933 86.846024               2762 
48.767117 174.299805 56.153778 63.320362 185.421432 85.683022 24.549263 170.957413 72.862511 86.765297 153.770523 88.095772               2770 
49.139702 174.505112 57.022423 63.905628 184.849319 86.707230 24.971251 170.951019 73.885368 87.161324 153.004181 88.232422               2779 
49.224239 173.314346 57.392895 63.676666 184.440094 86.930275 24.888697 170.236069 74.233597 86.917801 152.651718 89.502335               2788 
49.348614 172.768555 58.026257 63.788528 184.016327 87.506340 24.874979 170.392197 74.745270 86.668831 151.999786 90.455788               2796 
48.955444 169.457047 60.009827 63.113094 181.834106 89.150864 24.335339 167.914764 76.559441 86.111549 150.049118 93.399559               2815 
49.033295 169.215408 60.691357 63.414547 181.313187 89.831612 24.546997 167.588043 77.410210 86.468018 149.503464 93.565956               2822 
49.091736 168.296967 61.541817 63.740429 180.481628 90.497498 24.796206 166.692062 78.536415 86.971771 148.772644 93.977631               2831 
50.222866 167.405243 62.101978 64.379684 179.398148 91.367905 25.674093 166.195099 78.402092 87.480362 147.617966 95.061852               2839 
50.561928 166.402679 62.753273 64.787766 178.554901 91.903824 26.178675 165.379578 79.072166 88.188431 146.980087 95.468498               2857 
50.682705 166.153397 62.932064 64.950226 178.258835 92.074051 26.380953 165.133057 79.285309 88.470802 146.752838 95.453522               2866 
51.653706 165.269882 64.619507 65.519485 177.344833 93.957558 27.167759 165.076065 80.219154 88.651764 145.612778 97.861488               2874 
51.971409 164.220261 65.195091 65.746719 175.872070 94.732758 27.750862 164.143402 80.298203 89.385513 144.427673 97.851112               2892 
51.853458 163.751541 65.191261 65.548874 175.433319 94.747971 27.686050 163.795502 80.132011 89.328712 144.092987 97.841507               2901 
51.823338 163.020325 65.533134 65.334030 175.072601 95.017685 27.798187 163.833282 79.807693 89.285950 143.904160 98.496315               2909 
51.845413 162.538345 65.714958 65.257004 174.735504 95.173767 28.069197 164.128387 79.340843 89.392776 143.717041 98.721413               2927 
52.041668 162.167908 65.742851 65.314270 174.507614 95.199722 28.345964 164.034042 79.047539 89.620872 143.636261 98.862297               2937 
53.762394 161.506638 65.749687 66.314354 173.710159 95.569489 29.987804 163.765671 78.061005 90.780945 142.996948 99.487541               2947 
55.152142 160.607101 65.886513 67.005333 172.744965 96.010345 31.432133 163.355576 77.049248 91.856308 142.363312 100.090820               2957 
55.713451 159.214005 66.267952 67.175758 171.774628 96.362900 32.330826 163.236298 76.032593 92.229500 141.640808 101.002922               2968 
56.096317 158.976273 66.506081 67.294212 171.440079 96.734146 32.988407 163.903610 75.294998 92.401688 141.358536 101.422592               2979 
56.725254 158.914948 66.602730 67.618637 171.174667 97.018784 33.765705 164.297211 74.729462 92.869858 141.200333 101.621147               2990 
57.234783 158.968964 66.749016 67.876297 170.950989 97.350807 34.382977 164.678375 74.398849 93.201027 141.017395 101.812210               3004 
57.794521 159.248886 66.985886 68.325081 170.726807 97.816208 35.056744 165.171982 74.381676 93.693222 140.767975 101.840096               3018 
58.950710 159.257080 67.338005 69.128937 170.369339 98.417908 36.259087 165.408737 74.313866 94.455994 140.366638 102.373169               3027 
60.521889 159.711868 67.635162 70.451500 169.858948 99.119987 38.075878 166.538239 74.059784 95.365829 139.450439 102.564629               3055 
60.978878 159.907104 67.757233 70.838707 169.593155 99.407791 38.638824 166.952911 74.040489 95.606201 139.031174 102.538788               3064 
62.119217 159.885330 68.156105 71.813332 168.743073 100.099297 39.961174 167.240417 74.200340 96.419167 137.996201 102.638878               3074 
63.594860 159.550995 68.357689 72.988350 167.796829 100.562859 41.628143 167.229126 74.035538 97.526421 136.970764 102.777153               3088 
64.656601 159.300110 68.487999 73.723244 167.147415 100.907074 42.928638 167.301514 73.748787 98.321861 136.358994 102.967941               3112 
65.219460 159.219055 68.545052 74.083878 166.919235 101.070313 43.599468 167.351761 73.586609 98.716400 136.158051 103.133179               3124 
66.362450 158.452545 68.849983 75.166557 166.147858 101.440681 45.038441 166.986420 73.585075 99.675453 135.297150 103.634834               3136 
67.227486 157.770950 68.828705 75.844856 165.490570 101.508141 46.162392 166.602783 73.230400 100.294464 134.609024 103.919334               3147 
67.771935 157.343323 68.838051 76.277809 165.080551 101.582764 46.995880 166.497208 72.947815 100.681366 134.174362 104.140198               3159 
68.244011 156.822342 68.748138 76.661133 164.647552 101.530945 47.876808 166.416412 72.469856 101.054184 133.748230 104.265381               3171 
68.853127 156.117142 68.689079 77.199547 164.090973 101.503944 48.906479 166.138702 72.039551 101.535248 133.169815 104.490807               3183 
69.138855 155.511719 68.686646 77.485519 163.531555 101.537880 49.479649 165.749725 71.883522 101.733978 132.553375 104.641388               3195 
69.354706 155.100906 68.628998 77.714973 163.184998 101.503433 49.942616 165.503738 71.716164 101.909248 132.175278 104.713020               3207 
69.556030 154.860825 68.516953 77.856247 162.930664 101.447525 50.469189 165.484116 71.441101 102.039703 131.918839 104.717514               3219 
69.720093 154.670670 68.339912 78.009354 162.682526 101.321281 51.044426 165.588928 71.125198 102.157883 131.642746 104.584167               3231 
69.856514 154.493423 68.246445 78.170166 162.495819 101.254959 51.633976 165.688126 70.921394 102.291153 131.435547 104.526649               3243 
69.938927 154.254852 68.087975 78.285439 162.273560 101.112007 52.093010 165.626022 70.713051 102.412285 131.218964 104.394226               3255 
69.829987 154.131668 68.124939 78.282127 162.164444 101.170990 52.259571 165.546753 70.791359 102.363861 131.074341 104.448509               3267 
69.733200 154.057404 68.069275 78.286301 162.075821 101.173859 52.447002 165.518723 70.790695 102.344627 130.965393 104.430290               3280 
69.737457 153.984283 67.986832 78.311417 162.000519 101.159355 52.820366 165.577499 70.683029 102.340874 130.872223 104.458054               3292 
69.634232 153.842957 67.942909 78.302422 161.894363 101.147949 53.153099 165.632462 70.591339 102.283432 130.732056 104.477882               3304 
69.625481 151.907501 67.306465 78.081497 161.141235 100.383194 53.990295 164.132813 69.307571 102.396652 130.385574 104.869743               3341 
69.656487 151.373001 67.183533 78.094902 160.947372 100.204277 54.459663 163.917648 68.918587 102.429344 130.256897 105.020462               3353 
69.561348 150.042725 66.752663 77.921761 160.487473 99.621918 55.234959 163.265884 67.906876 102.332916 130.003586 105.287094               3367 
69.376907 149.025940 66.475716 77.796371 160.095871 99.258644 55.869694 162.794769 67.260437 102.274902 129.771851 105.465286               3384 
69.346062 148.835281 65.995621 77.789665 159.789444 98.921570 56.642563 163.109604 66.736137 102.224678 129.415543 105.055267               3401 
69.479202 148.596802 65.700729 77.790344 159.578018 98.749451 57.693508 163.513824 66.264099 102.278320 129.268631 104.990196               3418 
69.524353 147.946182 65.403175 77.797913 159.006042 98.520042 58.707439 163.347092 65.786728 102.216057 128.671661 104.911118               3435 
69.309837 146.829117 65.076080 77.662621 158.434784 98.094681 59.746677 162.858688 65.170959 102.186043 128.278763 104.912476               3453 
69.135170 145.948715 64.746094 77.538780 157.983871 97.738861 60.988831 162.691772 64.652405 102.156471 127.985474 104.903481               3470 
68.923965 145.443542 64.479675 77.453384 157.666611 97.552292 61.606949 162.418243 64.358299 102.084023 127.711121 104.850716               3488 
68.716766 144.849197 64.231644 77.307480 157.340561 97.385414 62.406319 162.296356 63.986980 101.959106 127.469055 104.952187               3505 
68.483826 144.509689 64.028557 77.196342 157.115005 97.323448 63.085220 162.298721 63.767410 101.830124 127.257774 105.003860               3522 
68.538612 144.608002 63.762554 77.208443 156.947922 97.317535 64.100311 162.932068 63.595654 101.743103 126.977798 104.874557               3540 
68.539841 144.625092 63.522209 77.189919 156.732925 97.285957 64.809883 163.346710 63.480488 101.612427 126.642456 104.727112               3557 
68.529274 144.579010 63.337219 77.173653 156.579788 97.245171 65.291214 163.608002 63.447929 101.547813 126.437164 104.633560               3574 
68.498680 144.513519 63.174011 77.158447 156.452362 97.220070 65.572449 163.725327 63.434540 101.505356 126.280655 104.579620               3592 
68.531693 144.534454 63.047382 77.162331 156.386047 97.237251 66.018250 164.087036 63.476055 101.494865 126.192924 104.556396               3608 
68.388596 144.184204 62.927174 77.061974 156.101089 97.194427 66.214348 164.071762 63.567711 101.351723 125.890022 104.581276               3625 
68.296097 143.931702 62.828030 76.988434 155.862137 97.192070 66.389809 164.121384 63.671165 101.219658 125.615616 104.625923               3642 
67.735680 142.920059 63.015137 76.752792 155.381363 97.200081 66.333809 163.772766 63.860970 100.995857 125.214287 104.912910               3660 
67.360733 142.265961 63.020248 76.569603 155.048523 97.143585 66.494713 163.749695 63.913944 100.789825 124.913536 105.051193               3678 
67.102806 142.033783 62.877956 76.445892 154.799789 97.121666 66.594101 163.771942 63.946583 100.562172 124.578857 105.018951               3696 
67.008018 141.618500 62.798130 76.345459 154.569427 97.121071 66.641373 163.488373 63.885136 100.474701 124.405693 105.195404               3714 
66.953232 141.436981 62.696453 76.303223 154.524719 97.092789 66.699463 163.401947 63.824558 100.454536 124.409966 105.283134               3733 
66.867958 141.331802 62.612499 76.267731 154.498016 97.096535 66.763977 163.352020 63.791729 100.424080 124.404510 105.349915               3751 
66.721115 140.838242 62.575470 76.138779 154.185104 97.143387 66.858826 163.015167 63.722122 100.284698 124.136841 105.589844               3770 
66.546257 140.533371 62.529099 76.052986 154.009796 97.234184 66.902641 162.782684 63.722229 100.204453 124.003227 105.811989               3789 
66.546280 140.512680 62.425129 76.040993 153.960770 97.325356 67.030655 162.783951 63.772659 100.206566 123.975868 105.939156               3808 
66.477364 140.515411 62.425331 75.995071 153.928192 97.467140 67.112373 162.783707 63.820957 100.114227 123.908600 106.090202               3828 
66.434143 140.507385 62.414589 75.983109 153.883041 97.561668 67.197090 162.756424 63.848011 100.090126 123.844940 106.154114               3848 
66.482071 140.563110 62.428036 76.033134 153.882248 97.668304 67.348351 162.845825 63.893105 100.152473 123.838295 106.205559               3868 
66.536942 140.657608 62.473820 76.115898 153.882858 97.795868 67.424774 162.857803 63.980934 100.242744 123.815987 106.230606               3889 
66.567429 140.693604 62.510780 76.184204 153.861984 97.882240 67.447525 162.809814 64.057007 100.320969 123.780663 106.236725               3910 
66.516762 140.669571 62.525848 76.194511 153.799423 97.941612 67.437553 162.718597 64.104858 100.308372 123.682190 106.232597               3930 
66.407761 140.636658 62.564789 76.178368 153.728012 98.020866 67.384651 162.678955 64.220650 100.268974 123.569832 106.230186               3951 
66.301964 140.379211 62.580776 76.065315 153.646225 98.016357 67.276161 162.398087 64.216812 100.182922 123.544548 106.352814               3973 
66.215836 140.177094 62.609013 75.978050 153.588821 98.027130 67.197151 162.174484 64.226082 100.108429 123.526680 106.468628               3995 
65.909607 139.751938 62.620548 75.742661 153.464661 97.957260 66.930824 161.729736 64.182930 99.873833 123.462547 106.607468               4016 
65.631744 139.510590 62.591507 75.495262 153.346649 97.925697 66.737396 161.503494 64.192879 99.590759 123.345245 106.677208               4037 
65.379196 139.189392 62.589920 75.285942 153.237625 97.892281 66.582947 161.243607 64.193016 99.391273 123.287651 106.791618               4059 
65.151039 138.866821 62.615967 75.124878 153.176163 97.865372 66.471153 161.011353 64.178635 99.256546 123.298309 106.934158               4080 
64.999298 138.638077 62.611366 75.028137 153.127213 97.847694 66.625031 161.117767 64.340340 99.180885 123.301796 107.032219               4102 
64.865921 138.548935 62.582195 74.985947 153.080887 97.830696 66.666245 161.200531 64.522163 99.147507 123.256599 106.995743               4124 
64.756302 138.471771 62.553612 74.962334 153.043243 97.818695 66.643028 161.181259 64.604004 99.132454 123.221352 106.968910               4146 
64.689651 138.473083 62.517746 74.977737 153.023209 97.823677 66.613388 161.172256 64.681931 99.142525 123.178719 106.914101               4167 
64.501381 138.488770 62.661503 74.982033 152.959793 97.979294 66.263374 160.938522 64.972893 99.132530 123.052689 106.900330               4189 
64.360809 138.480103 62.726631 74.958260 152.944687 98.050369 66.090836 160.824066 65.131096 99.072784 122.991959 106.915474               4211 
64.168282 138.411514 62.869186 74.919701 152.949326 98.168030 65.961876 160.781799 65.259521 99.016174 122.974960 107.009048               4232 
63.982056 138.381775 63.022884 74.875656 152.966751 98.307991 65.886841 160.803528 65.411011 98.942085 122.957985 107.114067               4254 
63.711987 138.315567 63.180023 74.786613 152.912903 98.455444 65.777771 160.794525 65.556381 98.820641 122.852692 107.174171               4276 
63.455933 138.251709 63.302036 74.698799 152.860886 98.578987 65.664589 160.772186 65.680992 98.703964 122.752441 107.210342               4298 
63.243092 138.088425 63.422653 74.610054 152.873459 98.649391 65.642387 160.747757 65.703911 98.643784 122.799652 107.321884               4321 
63.178867 137.852966 63.480530 74.567291 152.868149 98.662628 65.684517 160.661438 65.669205 98.675514 122.890442 107.460213               4344 
63.113422 137.649323 63.524662 74.527695 152.871399 98.675606 65.701881 160.589096 65.648155 98.696686 122.976433 107.587250               4367 
62.929344 137.527313 63.608131 74.436638 152.938828 98.702454 65.584320 160.536957 65.662117 98.648773 123.100647 107.686981               4389 
62.751553 137.450302 63.696301 74.349632 152.990982 98.757698 65.464027 160.506470 65.709732 98.579063 123.177223 107.776634               4412 
62.649551 137.411148 63.738750 74.300835 153.022354 98.796608 65.408760 160.513016 65.743980 98.552467 123.226555 107.815170               4435 
62.580662 137.379852 63.764668 74.265869 153.040024 98.824310 65.372810 160.517303 65.768929 98.534615 123.256096 107.836075               4458 
62.526836 137.344345 63.782948 74.238655 153.053391 98.852066 65.336037 160.501190 65.794250 98.525246 123.281227 107.854599               4480 
62.507198 137.312653 63.768024 74.230881 153.050705 98.861687 65.330498 160.461792 65.798073 98.526756 123.286049 107.864021               4503 
62.485199 137.305389 63.757603 74.220207 153.050568 98.879471 65.321503 160.449554 65.819016 98.531448 123.290489 107.855392               4526 
62.470543 137.288635 63.735092 74.218781 153.051056 98.883583 65.331055 160.442795 65.832970 98.539795 123.295181 107.846977               4550 
62.458866 137.271301 63.716629 74.217537 153.051651 98.888382 65.336716 160.439087 65.848045 98.550339 123.301704 107.839462               4573 
62.438175 137.245743 63.686901 74.219101 153.050949 98.890144 65.340698 160.433685 65.858948 98.562317 123.307892 107.835838               4596 
62.406479 137.205643 63.643845 74.223282 153.049301 98.892212 65.344139 160.429794 65.868866 98.583305 123.318947 107.834312               4619 
62.344154 137.147049 63.571850 74.229271 153.043900 98.891602 65.346397 160.413254 65.877037 98.613274 123.333275 107.833923               4643 
62.246719 137.072495 63.490742 74.233078 153.032349 98.897331 65.336113 160.371124 65.897293 98.649353 123.351151 107.849312               4666 
62.165962 136.961548 63.347111 74.237762 152.995529 98.872688 65.325134 160.289459 65.884048 98.723068 123.377098 107.844040               4689 
62.092358 136.887772 63.246349 74.244141 152.981079 98.879341 65.340012 160.244873 65.911186 98.775482 123.408089 107.874756               4712 
62.043312 136.839981 63.150696 74.258301 152.975174 98.894066 65.365250 160.228958 65.926125 98.830589 123.442841 107.911301               4735 
61.969452 136.800308 63.040722 74.271622 152.969604 98.907928 65.393631 160.238358 65.961716 98.882385 123.475624 107.945763               4758 
61.918278 136.767715 62.957554 74.283966 152.965134 98.925514 65.426811 160.296707 65.995209 98.929001 123.504486 107.978622               4780 
61.864723 136.678528 62.910336 74.275040 152.942734 98.947624 65.432915 160.264450 66.016258 98.956749 123.527550 108.048508               4801 
61.767044 136.480301 62.891300 74.248741 152.930939 98.943214 65.421227 160.208694 65.997963 99.001961 123.613350 108.164032               4821 
61.666206 136.328186 62.873127 74.223694 152.916870 98.945389 65.419136 160.175903 65.995476 99.022942 123.665947 108.253799               4842 
61.575157 136.100189 62.909466 74.185478 152.913254 98.955719 65.427040 160.126343 65.979225 99.051300 123.767021 108.413750               4862 
61.496178 135.915176 62.944988 74.154037 152.913239 98.970848 65.467583 160.123993 65.981209 99.072990 123.852577 108.551590               4883 
61.398113 135.910904 62.943104 74.131203 152.902985 99.015053 65.455879 160.150024 66.035378 99.045204 123.832947 108.580154               4903 
61.322262 135.954285 62.942905 74.125618 152.904617 99.072151 65.446098 160.192963 66.104057 99.026459 123.810112 108.597061               4924 
61.241177 136.004501 62.941906 74.119179 152.911743 99.127304 65.432251 160.230179 66.168526 99.011421 123.796234 108.610420               4945 
61.219452 136.036621 62.954956 74.141434 152.930634 99.194191 65.431847 160.224640 66.227394 99.051613 123.823334 108.655418               4965 
61.228302 136.086273 62.947807 74.169785 152.954041 99.259064 65.424965 160.182449 66.265915 99.086586 123.847832 108.706223               4986 
61.241901 136.139328 62.900097 74.193069 152.960388 99.292000 65.405708 160.104202 66.266373 99.102844 123.844017 108.726326               5007 
61.253998 136.198395 62.842415 74.220207 152.964966 99.317360 65.368713 159.996445 66.270805 99.121887 123.836563 108.735901               5028 
61.283955 136.248367 62.799751 74.249573 152.968948 99.342651 65.347824 159.909317 66.277870 99.142632 123.830460 108.752808               5050 
61.315525 136.308228 62.765385 74.280045 152.976532 99.371170 65.313042 159.837524 66.273140 99.159615 123.822929 108.770157               5072 
61.355862 136.325684 62.724003 74.315727 152.965958 99.402092 65.327225 159.771271 66.266724 99.191032 123.815498 108.822083               5095 
61.396198 136.362549 62.661354 74.348122 152.966629 99.418022 65.409500 159.834106 66.259872 99.223152 123.821220 108.854347               5119 
61.402588 136.239594 62.593388 74.304398 152.980347 99.355919 65.504791 159.967789 66.186470 99.252243 123.937592 108.915703               5142 
61.339161 136.184525 62.539040 74.261024 153.005432 99.335182 65.624657 160.190598 66.182327 99.250092 124.024780 108.975456               5166 
60.992535 135.595047 62.696796 74.034599 152.988007 99.261147 65.431168 159.928619 66.082123 99.176079 124.254822 109.239967               5190 
60.694286 135.030731 62.854420 73.823845 152.969269 99.181328 65.294884 159.728912 66.031525 99.133568 124.495193 109.472626               5214 
60.363277 135.020905 62.906998 73.649689 153.023163 99.180061 65.186951 159.870636 66.126656 98.954094 124.541512 109.463470               5236 
60.155357 135.049316 62.960110 73.529602 153.062439 99.206787 65.282547 160.176758 66.254349 98.815079 124.556702 109.470032               5257 
60.112232 135.080063 62.951817 73.501991 153.046432 99.228142 65.318054 160.246857 66.324959 98.765984 124.511223 109.462334               5279 
60.073627 135.187759 62.938229 73.523781 153.031036 99.268738 65.336983 160.331619 66.428749 98.745483 124.422073 109.400864               5300 
60.106159 135.365646 62.890953 73.586617 152.994766 99.329285 65.431099 160.488266 66.531067 98.742050 124.277443 109.318573               5321 
60.205418 135.475143 62.844086 73.699745 152.924347 99.383621 65.537224 160.580536 66.629547 98.828743 124.137833 109.239410               5341 
60.326973 135.538269 62.815628 73.832176 152.836502 99.442406 65.652374 160.657867 66.730461 98.955414 124.004219 109.178383               5362 
60.490334 135.581833 62.773956 73.972565 152.755798 99.481316 65.798370 160.802200 66.793419 99.110199 123.904198 109.122452               5382 
60.615246 135.577179 62.723309 74.076645 152.683197 99.494804 65.930412 160.989075 66.839813 99.235741 123.832634 109.082901               5403 
60.698902 135.514664 62.700985 74.168587 152.580917 99.513344 65.980530 161.016815 66.895653 99.346977 123.733627 109.060562               5423 
60.754192 135.431381 62.661293 74.249420 152.477707 99.526329 66.002167 161.025101 66.935944 99.455841 123.646133 109.047005               5443 
60.769394 135.323242 62.591465 74.314987 152.381378 99.517128 66.024490 161.002808 66.952965 99.557358 123.580124 109.034309               5462 
60.761833 135.214676 62.516296 74.351028 152.294037 99.492561 66.022583 160.981476 66.957603 99.626877 123.525291 109.019218               5482 
60.740963 135.132294 62.444931 74.380249 152.223190 99.472633 66.016151 160.960541 66.957291 99.683220 123.480850 109.006981               5503 
60.797260 135.075119 62.347382 74.453430 152.154877 99.441986 66.076744 161.009750 66.946800 99.799248 123.448433 108.970688               5523 
60.818695 135.019516 62.274986 74.497726 152.087967 99.451958 66.126869 161.071671 66.958710 99.881149 123.419342 108.994408               5544 
60.892487 134.849792 62.127739 74.525665 151.985046 99.387260 66.131760 160.958160 66.904907 99.990547 123.419853 109.022385               5564 
61.038689 134.716614 61.850262 74.517746 151.860138 99.267242 66.218513 160.955032 66.816605 100.083015 123.419472 109.004410               5586 
61.092991 134.539413 61.658470 74.484009 151.771652 99.186745 66.289230 161.013672 66.770592 100.146988 123.467529 109.063698               5606 
61.112934 134.367722 61.479412 74.445480 151.683685 99.114784 66.308556 160.988205 66.696831 100.197647 123.508652 109.127792               5627 
61.185917 134.168808 61.278362 74.403923 151.569824 99.022430 66.344879 160.891068 66.598885 100.260445 123.546585 109.191238               5649 
61.251335 133.968048 61.045387 74.356903 151.453888 98.908562 66.375595 160.772186 66.480476 100.322914 123.592476 109.241730               5670 
61.327316 133.803055 60.777710 74.327271 151.317169 98.785606 66.478226 160.771713 66.437782 100.368538 123.580894 109.264977               5691 
61.280167 133.300095 60.515312 74.129852 151.148697 98.499641 66.348236 160.655487 66.351471 100.360382 123.699341 109.258759               5713 
61.194496 132.682159 60.273594 73.882317 150.964035 98.178421 66.257088 160.628510 66.310570 100.269356 123.809433 109.296806               5735 
61.162521 132.102158 60.150242 73.696388 150.801743 97.953949 66.182907 160.569168 66.300980 100.234322 123.929520 109.394592               5756 
60.860352 131.622604 60.146652 73.533920 150.676773 97.786400 66.024483 160.533661 66.357025 100.175545 123.978516 109.392151               5778 
60.685749 131.385956 60.166267 73.547554 150.525314 97.761429 65.971764 160.458420 66.378494 100.194206 123.840584 109.386703               5799 
60.554413 131.289764 60.214005 73.532219 150.469803 97.775993 65.908073 160.451477 66.412369 100.190987 123.791618 109.388519               5820 
60.486698 131.260178 60.224884 73.528519 150.453049 97.773735 65.875237 160.446304 66.419357 100.190453 123.773460 109.375771               5842 
60.447727 131.257401 60.229931 73.524490 150.453674 97.773308 65.859390 160.459732 66.427315 100.187569 123.771179 109.366035               5863 
60.349274 131.263199 60.274979 73.503319 150.482666 97.788452 65.832733 160.548248 66.450829 100.168465 123.794746 109.363914               5884 
60.174068 131.305084 60.356358 73.459389 150.539276 97.822281 65.826805 160.759247 66.507896 100.137138 123.837524 109.336662               5904 
60.118198 131.237061 60.316364 73.372437 150.471268 97.799271 65.943588 161.024323 66.553162 100.100342 123.812042 109.295853               5967 
60.095703 131.243073 60.306236 73.344749 150.466797 97.799400 65.919769 161.045624 66.571999 100.084366 123.814072 109.283813               5988 
60.047714 131.257553 60.261093 73.285385 150.450485 97.778374 65.862144 161.076050 66.585953 100.046494 123.806396 109.232727               6009 
59.999969 131.282730 60.203270 73.223717 150.429581 97.754799 65.805206 161.108597 66.607498 100.002663 123.787483 109.172035               6030 
59.973431 131.301788 60.166000 73.168533 150.414673 97.750023 65.760834 161.130951 66.638351 99.964127 123.780563 109.146797               6051 
59.954155 131.307098 60.111717 73.110420 150.396606 97.726440 65.716751 161.148621 66.641685 99.927078 123.778320 109.110641               6073 
59.942894 131.302155 60.042500 73.041893 150.374619 97.687119 65.674774 161.164200 66.635468 99.883095 123.779846 109.068451               6095 
59.944530 131.285416 59.994602 72.971359 150.361465 97.660522 65.629250 161.169815 66.629776 99.839859 123.801277 109.058174               6117 
59.955906 131.230225 59.945518 72.911499 150.340927 97.617241 65.587311 161.152939 66.612206 99.823608 123.836662 109.042152               6139 
59.964729 131.180130 59.900658 72.858864 150.322861 97.579185 65.542114 161.131454 66.586174 99.809189 123.867836 109.028130               6161 
59.914070 131.190048 59.896137 72.816650 150.344238 97.568153 65.546402 161.247528 66.614952 99.790306 123.906128 109.001183               6184 
59.862854 131.165909 59.922276 72.762138 150.350571 97.581596 65.488541 161.267929 66.645660 99.775421 123.947617 109.002327               6207 
59.853867 131.127548 59.927094 72.734215 150.351196 97.575577 65.457794 161.257751 66.656746 99.777008 123.980812 109.001717               6229 
59.829010 131.128036 59.964504 72.696190 150.351303 97.624382 65.389137 161.209351 66.691292 99.755585 123.988953 109.029709               6251 
59.854958 131.167099 59.973934 72.674866 150.376801 97.666557 65.389801 161.239914 66.732605 99.732773 124.014191 109.074860               6274 
59.879089 131.218567 59.969017 72.661407 150.392181 97.703346 65.378593 161.261673 66.798805 99.721039 124.023895 109.094414               6296 
59.898079 131.263748 59.962955 72.649513 150.405777 97.735855 65.318222 161.202255 66.863289 99.710693 124.032516 109.111702               6318 
59.911701 131.305405 59.955940 72.638985 150.417816 97.764626 65.249870 161.129898 66.923660 99.701561 124.040169 109.127007               6341 
59.912712 131.310760 59.939922 72.636108 150.415024 97.768822 65.197929 161.065979 66.950890 99.701767 124.036713 109.122299               6363 
59.914230 131.304733 59.919361 72.631561 150.406357 97.763092 65.162773 161.032974 66.992287 99.710159 124.035728 109.103554               6386 
59.916153 131.298492 59.899948 72.627205 150.398041 97.757599 65.141838 161.023407 67.033058 99.718201 124.034805 109.085602               6408 
59.920269 131.291153 59.882610 72.623077 150.390198 97.752403 65.122444 161.017868 67.063950 99.725807 124.033943 109.068626               6431 
59.922764 131.282990 59.869030 72.619652 150.383728 97.750214 65.110504 161.016708 67.099945 99.732635 124.033478 109.055801               6454 
59.927963 131.273758 59.857689 72.616425 150.377655 97.748146 65.097519 161.018494 67.134338 99.739059 124.033043 109.043747               6476 
59.932049 131.268570 59.847733 72.613319 150.371811 97.746162 65.088943 161.032715 67.173187 99.745232 124.032639 109.032158               6500 
