17.004807 186.834305 86.341675 73.383301 174.566284 88.312614 23.961302 173.255325 97.091461 96.022858 143.241455 96.279541                  0 
17.007608 186.755005 86.330353 73.382141 174.552170 88.312645 23.967182 173.235886 97.072052 96.038910 143.244080 96.296432                 24 
16.861721 186.209061 86.135468 73.292686 174.440628 88.228325 23.902931 172.954315 97.001129 96.139076 143.308487 96.358429                 48 
16.893158 186.054184 86.215523 73.328072 174.409729 88.209877 23.985035 173.166275 97.478874 96.230843 143.313812 96.319977                 73 
16.912437 185.973587 86.239151 73.345200 174.406570 88.214928 24.020805 173.507538 98.068001 96.274216 143.332886 96.336044                 97 
16.935829 185.656601 86.249298 73.393875 174.335068 88.192833 24.175821 173.828262 98.833115 96.432442 143.340622 96.306740                120 
16.978020 185.333344 86.271347 73.473633 174.269913 88.096901 24.375282 174.079880 99.553368 96.648987 143.350769 96.107864                143 
16.999947 184.873611 86.299835 73.552818 174.155228 87.988434 24.582674 174.174454 100.215271 96.917191 143.350449 95.890213                164 
16.992638 184.400757 86.314270 73.605507 174.042831 87.881676 24.766155 174.187241 100.747467 97.165047 143.363800 95.692635                186 
16.952454 183.878677 86.274132 73.629860 173.927322 87.743713 24.919008 174.140671 101.155487 97.402718 143.393784 95.478104                207 
17.013756 183.515274 86.300003 73.721504 173.778992 87.786858 25.073757 174.075226 101.437653 97.593048 143.316284 95.496544                227 
17.101677 183.145279 86.359596 73.838615 173.611374 87.875885 25.234760 173.896515 101.614426 97.802605 143.217209 95.569275                248 
17.237671 182.795639 86.423096 73.999367 173.422546 87.973717 25.432522 173.724380 101.791588 98.036018 143.086563 95.670090                269 
17.414930 182.437149 86.527702 74.197334 173.186478 88.015350 25.685144 173.515244 101.989494 98.296982 142.875549 95.612785                290 
17.563906 182.173019 86.613060 74.367310 173.035995 87.993568 25.919548 173.431152 102.206161 98.531860 142.751114 95.487984                310 
17.650822 181.970444 86.681526 74.472336 172.924988 87.987053 26.076694 173.379501 102.379745 98.688004 142.662750 95.407616                331 
17.736023 181.654160 86.778404 74.583267 172.797791 88.089348 26.224789 173.284317 102.590233 98.886299 142.618195 95.560654                352 
17.757376 181.284393 86.805191 74.631310 172.693054 88.172310 26.313955 173.236023 102.777145 99.041725 142.622208 95.731552                373 
17.751617 181.157394 86.759369 74.628693 172.644974 88.170135 26.347565 173.390778 102.919769 99.054855 142.592621 95.752068                394 
17.735359 181.043442 86.709839 74.619698 172.602066 88.153542 26.376465 173.529663 103.033844 99.063301 142.565155 95.740387                416 
17.713537 180.937775 86.662811 74.607254 172.567993 88.134605 26.403339 173.664474 103.131958 99.068466 142.545547 95.722023                438 
17.713919 180.894913 86.645874 74.606010 172.561691 88.125526 26.416746 173.789703 103.206589 99.068237 142.541336 95.717873                460 
17.721863 180.781616 86.633751 74.603996 172.539444 88.118721 26.431931 173.861053 103.255646 99.078255 142.531067 95.719658                483 
17.754166 180.698166 86.617966 74.618820 172.527130 88.086906 26.453941 173.899704 103.264000 99.098579 142.521851 95.682335                506 
17.785563 180.627411 86.614815 74.625687 172.524902 88.070313 26.461746 173.946381 103.279854 99.105629 142.520844 95.669998                529 
17.825294 180.551620 86.608299 74.638016 172.523712 88.043846 26.473843 173.989166 103.295708 99.121216 142.523529 95.648354                553 
17.857063 180.476074 86.611740 74.641487 172.517380 88.035469 26.475163 174.001923 103.299538 99.128082 142.521790 95.647179                576 
17.889381 180.369110 86.631454 74.640022 172.507919 88.031357 26.474836 174.005981 103.317673 99.138092 142.521927 95.643936                600 
17.932747 180.189102 86.654686 74.642174 172.474319 88.041016 26.483200 173.987793 103.341248 99.162453 142.509979 95.667313                624 
17.983709 179.990326 86.678055 74.651039 172.435699 88.045502 26.503920 173.971436 103.363770 99.195152 142.493256 95.681107                648 
18.028650 179.803802 86.698303 74.663223 172.383179 88.053467 26.524910 173.949402 103.395805 99.227585 142.458130 95.692162                672 
18.075081 179.619019 86.710175 74.678749 172.323853 88.061417 26.545160 173.931992 103.436630 99.259865 142.412796 95.701042                697 
18.116041 179.464752 86.714958 74.696838 172.263306 88.069946 26.563107 173.902512 103.458115 99.288177 142.360092 95.707329                721 
18.151100 179.330460 86.713394 74.713821 172.204865 88.078583 26.577009 173.873062 103.473091 99.312042 142.306885 95.714340                746 
18.182720 179.194122 86.709785 74.729912 172.140350 88.096390 26.590254 173.850571 103.504463 99.332634 142.246933 95.735489                770 
18.217033 179.076904 86.702072 74.751190 172.074432 88.116142 26.607491 173.820847 103.522049 99.351997 142.180283 95.758568                794 
18.245501 178.985168 86.695107 74.770592 172.014801 88.137009 26.620214 173.791718 103.535202 99.365646 142.116241 95.780670                819 
18.270737 178.914505 86.684555 74.790504 171.962982 88.154472 26.633572 173.763885 103.539093 99.377914 142.058807 95.800758                843 
18.284613 178.860733 86.694923 74.799408 171.912247 88.198807 26.635492 173.745468 103.566101 99.373207 141.998383 95.850967                868 
18.282034 178.834763 86.665901 74.792656 171.916931 88.218002 26.615377 173.774384 103.554489 99.361183 142.009872 95.913559                892 
18.298231 178.818848 86.700195 74.801353 171.913528 88.223297 26.626732 173.778244 103.581596 99.363052 141.991760 95.883423                916 
18.303398 178.775909 86.701462 74.801079 171.912384 88.223831 26.623009 173.795258 103.600159 99.363663 141.991882 95.886078                940 
18.311792 178.765320 86.688942 74.804085 171.924133 88.204384 26.621689 173.822266 103.604126 99.363602 141.998581 95.856682                964 
18.293022 178.705383 86.655617 74.783134 171.951401 88.190773 26.591789 173.841049 103.604729 99.364464 142.048981 95.863457                988 
18.273653 178.645630 86.621277 74.759651 171.980057 88.179451 26.561865 173.852463 103.587685 99.361320 142.099884 95.873550               1011 
18.241701 178.598495 86.583893 74.724464 172.029968 88.144577 26.526800 173.877380 103.563599 99.350838 142.170502 95.840050               1034 
18.181654 178.809113 86.440987 74.644531 172.125854 88.127724 26.416615 174.092728 103.444748 99.182915 142.208664 95.879875               1057 
18.142443 178.908325 86.490822 74.602547 172.181763 88.096397 26.393755 174.150574 103.474556 99.124496 142.223282 95.740326               1081 
17.746119 179.226303 86.580017 74.200256 172.354797 87.760757 26.110695 174.413483 103.494293 98.695778 142.309006 95.142212               1104 
16.332205 181.426743 84.539673 72.580658 173.059525 86.122902 24.518011 176.897385 101.681778 96.221954 142.570404 94.415604               1127 
15.156414 185.427277 82.253105 70.995720 174.467087 83.054665 23.479019 181.120071 99.622879 93.351654 143.144699 91.794594               1150 
14.986308 190.137756 79.339531 70.203133 176.258667 79.112022 23.835386 186.904770 97.836800 91.156456 144.247696 88.782722               1169 
13.426155 193.112244 72.287888 68.292595 177.684921 71.845871 22.620832 190.602600 91.903381 88.441475 145.290985 81.941528               1187 
12.632520 194.068115 62.896477 67.364319 177.959061 64.871674 21.390348 192.840042 84.546844 86.724953 145.634796 76.600899               1203 
10.992393 197.109436 53.160522 65.665596 180.957428 57.716702 19.462061 198.213837 76.580177 84.544563 149.465012 72.176254               1218 
9.566263 199.543777 44.169487 63.766384 181.952026 50.078316 17.509661 200.441864 68.980873 81.430267 149.672058 64.335144               1231 
8.533898 202.232239 35.680370 62.291489 183.449280 42.881424 15.923512 202.898544 61.467991 78.909393 150.601547 57.098938               1242 
5.526934 201.917206 28.129612 60.113365 185.763077 36.538330 12.836756 204.266617 54.078106 78.021660 154.447952 52.535915               1253 
2.667258 202.386429 20.132856 57.546288 186.951340 29.212732 9.754505 204.672348 46.407467 75.755356 155.833801 45.256248               1262 
-0.380806 204.081879 11.533037 54.691841 188.872635 21.622379 6.457436 206.142227 38.045193 72.905983 157.891647 37.922386               1272 
-5.980527 209.802979 -6.978245 48.460064 193.168259 6.745325 -0.634551 210.476303 20.052370 65.190048 161.552673 23.413502               1290 
-7.239781 212.890671 -13.492327 46.605816 194.022659 1.004970 -2.333828 212.015274 13.404161 62.111771 161.453278 17.007076               1298 
-9.787998 216.125900 -21.741537 43.857662 195.991425 -6.159275 -5.338023 213.480835 4.845478 58.791882 162.865158 9.231807               1307 
-11.720079 218.501053 -28.493273 41.831356 196.895889 -12.630732 -7.533525 213.229385 -3.092250 56.372147 163.019501 1.448394               1316 
-13.628359 220.019379 -36.516853 39.949589 198.209152 -18.751888 -9.747471 213.613556 -11.727636 54.347618 164.588211 -3.933167               1324 
-18.435699 223.866806 -46.309925 34.811378 199.980652 -28.103333 -14.043071 216.905060 -22.170357 48.116718 166.524872 -11.949532               1333 
-21.115154 226.608810 -55.013561 31.818724 202.320984 -34.606174 -17.069588 218.150314 -31.819134 44.687576 169.050735 -17.731646               1342 
-22.616173 226.446045 -61.739777 30.751547 202.398010 -40.484989 -18.380617 216.897659 -38.891079 44.012531 169.466034 -23.254259               1350 
-26.755623 224.773346 -77.032295 27.314890 201.277069 -54.637440 -21.899244 215.228531 -53.637417 40.992931 169.610535 -35.469532               1368 
-28.664089 225.495285 -83.244682 25.191114 200.749466 -60.519955 -23.870010 215.067566 -59.833225 38.444962 168.913940 -41.334000               1376 
-33.205265 223.033951 -95.526352 22.647850 199.999481 -73.754829 -26.984076 211.964020 -71.924744 37.892231 169.178284 -54.391743               1394 
-36.068584 226.247559 -104.050385 18.726526 201.803223 -80.347862 -30.830431 213.905914 -80.572289 32.901665 170.413071 -61.086746               1403 
-39.192780 224.980209 -110.387581 15.997375 201.660065 -85.862167 -33.690491 212.802536 -86.690857 30.614307 170.967072 -65.823418               1411 
-44.935230 221.383530 -124.442032 10.800697 199.851517 -98.848289 -38.988708 209.923904 -100.280693 25.998108 170.378052 -77.456230               1429 
-48.667156 218.990250 -128.271805 7.749178 198.637100 -103.171417 -42.028320 207.629013 -104.395256 23.766373 169.478226 -81.946999               1437 
-51.009109 219.062225 -135.656693 4.865960 198.708694 -109.281059 -44.483723 208.110214 -111.781876 20.298847 169.843140 -87.238541               1446 
-55.111992 219.027206 -143.271957 0.832170 199.265381 -116.499809 -47.876194 208.836334 -119.578560 16.265882 171.003922 -93.688477               1455 
-56.852692 219.693558 -149.128433 -1.655660 199.380280 -121.157524 -49.754719 209.255814 -125.787926 13.069611 170.781677 -98.298103               1463 
-60.836174 220.985764 -155.622528 -5.428912 201.010864 -127.741859 -52.972599 210.568161 -132.903946 9.565397 172.353943 -105.131714               1472 
-69.764793 219.677917 -171.801361 -14.391315 202.423935 -142.009735 -60.704067 211.459534 -149.163788 0.841992 175.255692 -117.779610               1489 
-71.386444 221.513351 -178.156586 -16.955925 203.102051 -147.301422 -62.136875 213.775864 -155.578140 -2.873816 175.859314 -122.466080               1498 
-71.634651 222.093002 -183.097229 -17.991070 203.185196 -151.136566 -62.171314 215.076126 -160.553131 -4.944498 176.493927 -125.162926               1506 
-70.870209 227.370529 -186.712860 -19.148130 202.346970 -155.762970 -61.391094 219.402634 -164.627197 -8.813369 174.436188 -129.850677               1515 
-70.312035 229.431168 -191.044876 -19.645529 202.156433 -160.212708 -60.795864 221.123474 -169.188995 -10.503910 173.920547 -134.204407               1524 
-71.272377 229.170349 -194.312027 -20.450726 201.513214 -164.046417 -61.101269 220.624725 -173.094055 -11.270657 173.521027 -137.789413               1532 
-73.992966 229.062637 -198.107407 -21.986773 202.305481 -169.036301 -62.748802 220.915283 -177.412567 -11.760403 175.041489 -142.402451               1541 
-77.514000 225.992142 -204.279190 -24.510395 202.645813 -174.060928 -65.809296 219.052979 -183.478943 -13.244504 176.923431 -146.335403               1550 
-80.026649 221.022675 -216.770447 -28.935610 200.913132 -181.395401 -68.382294 217.670059 -194.651901 -19.503658 178.348633 -150.425293               1567 
-80.201309 219.525436 -218.940338 -29.372387 200.386719 -182.764374 -68.220207 217.389206 -196.688889 -20.246178 178.481079 -151.234695               1576 
-79.343269 217.981308 -219.512711 -28.700464 199.369034 -182.873352 -66.873055 216.978363 -197.253113 -19.878792 178.299637 -150.693787               1585 
-77.298409 216.049271 -219.271667 -27.038946 197.806915 -181.996918 -64.056190 216.886475 -196.980881 -18.757982 177.962692 -148.907669               1602 
-77.450836 214.195160 -218.601578 -27.043600 196.443344 -181.317078 -64.029602 215.411087 -196.427673 -18.668175 177.024261 -148.000137               1610 
-77.581917 212.753616 -218.074280 -27.047127 195.409698 -180.801727 -63.891720 213.836182 -196.215561 -18.597498 176.313889 -147.317108               1619 
-77.668007 211.917725 -217.767792 -27.049086 194.835785 -180.515594 -63.754639 212.637222 -196.237488 -18.557301 175.919754 -146.939713               1628 
-76.828087 210.683807 -217.601135 -26.295759 193.831345 -180.151291 -62.774654 210.811142 -196.401550 -17.922213 175.180161 -146.398026               1638 
-76.160942 209.760818 -217.486893 -25.708481 193.048294 -179.867294 -62.012775 209.561295 -196.474487 -17.425867 174.604996 -145.977631               1655 
-75.913879 207.819717 -217.276749 -25.393354 191.208878 -179.665924 -61.591034 207.875320 -196.349243 -17.078539 173.464188 -145.413101               1671 
-75.817902 207.070297 -217.198639 -25.270052 190.489151 -179.587128 -61.420010 207.226364 -196.305664 -16.934303 173.019653 -145.198196               1680 
-75.627510 206.731628 -217.323730 -25.176199 189.941330 -179.527161 -61.206535 207.325241 -196.182693 -16.821394 172.681824 -145.036957               1689 
-72.096046 205.013214 -218.756866 -22.392883 187.768921 -180.009323 -58.115685 206.018555 -197.244720 -14.615223 171.360214 -144.973221               1706 
-71.062126 204.528061 -219.193253 -21.589060 187.141541 -180.148590 -57.683739 205.731216 -197.472198 -13.968849 170.986786 -144.960190               1715 
-70.449669 204.325500 -219.518097 -21.143707 186.793945 -180.225739 -57.923676 205.790421 -197.488007 -13.608887 170.781357 -144.954071               1723 
-70.038612 204.228943 -219.763046 -20.859722 186.572281 -180.274933 -58.302086 206.459595 -197.286224 -13.378655 170.650894 -144.950592               1733 
-69.684509 204.169693 -219.990601 -20.624353 186.388580 -180.315704 -58.764805 207.302429 -196.995102 -13.187424 170.543076 -144.947952               1749 
-69.481583 204.147141 -220.128906 -20.493900 186.286758 -180.338303 -58.870502 207.321548 -197.019852 -13.081273 170.483429 -144.946579               1767 
-69.379593 204.140549 -220.201645 -20.430136 186.236984 -180.349350 -58.875877 207.298676 -197.047134 -13.029346 170.454315 -144.945938               1775 
-69.194984 204.134735 -220.337524 -20.317099 186.148758 -180.368942 -58.882042 207.224136 -197.115616 -12.937222 170.402740 -144.944839               1801 
-69.142197 204.134445 -220.377335 -20.285315 186.123962 -180.374435 -58.878109 207.211075 -197.130203 -12.911304 170.388245 -144.944550               1810 
-69.054367 204.136459 -220.445251 -20.233379 186.083420 -180.383438 -58.887032 207.350952 -197.119690 -12.868937 170.364578 -144.944061               1819 
-68.947762 204.140869 -220.529083 -20.171124 186.034836 -180.394226 -59.509670 208.132721 -196.720810 -12.818126 170.336227 -144.943497               1837 
-68.881287 204.145050 -220.582352 -20.132868 186.004974 -180.400848 -59.886875 208.902176 -196.390167 -12.786889 170.318802 -144.943161               1855 
-68.822861 204.125488 -220.631546 -20.101801 186.017990 -180.376266 -60.183838 209.553055 -196.113205 -12.763460 170.377838 -144.896683               1873 
-68.760384 204.104248 -220.683945 -20.068554 186.031921 -180.349945 -60.377453 212.761429 -194.458588 -12.738426 170.441040 -144.846985               1900 
-68.735748 204.096298 -220.704834 -20.055574 186.037354 -180.339676 -60.503883 213.058136 -194.309006 -12.728663 170.465729 -144.827606               1910 
-67.134323 206.720642 -218.768234 -18.663086 188.346313 -178.268295 -59.469501 215.181091 -192.052032 -11.502931 172.097305 -143.026733               1929 
-66.980988 210.960007 -214.854401 -18.169937 191.483810 -175.269424 -59.487675 218.412857 -187.899033 -10.700015 174.089020 -140.644455               1947 
-66.936729 212.097641 -213.807266 -18.038099 192.322571 -174.467697 -59.542023 219.299118 -186.758972 -10.483976 174.625458 -140.014633               1957 
-70.281311 214.489212 -210.736343 -20.607529 193.509430 -173.001068 -61.740997 222.058350 -183.947983 -12.318187 176.176437 -138.531952               1980 
-71.686340 215.526978 -209.396255 -21.700720 194.014389 -172.377075 -62.569935 224.991669 -181.696381 -13.085026 176.814621 -137.921249               2017 
-74.552994 217.512299 -203.711029 -23.500822 196.514084 -167.869171 -65.766991 226.591705 -175.312576 -13.976871 178.161865 -134.257324               2035 
-77.412079 218.021118 -189.452103 -24.075558 198.275345 -156.345413 -68.517586 226.125229 -160.455566 -12.392842 178.413849 -124.309464               2057 
-78.641487 216.477997 -186.603455 -24.574654 198.358429 -153.783875 -70.114449 224.547379 -157.401627 -12.123129 178.421371 -122.086250               2061 
-80.469940 214.818085 -178.007004 -24.959936 200.214508 -145.970886 -72.976166 222.132141 -148.042572 -10.652006 179.534393 -115.558998               2075 
-83.377068 218.161957 -171.728348 -26.384809 204.269577 -142.078140 -75.086891 224.902298 -141.720032 -10.424706 183.127518 -112.828255               2082 
-80.406509 225.170319 -161.782654 -24.228848 210.644241 -130.921600 -73.487938 230.201828 -130.926407 -8.824565 187.955551 -102.545593               2096 
-68.026871 245.863174 -149.865356 -22.005297 214.869965 -114.650887 -71.246315 233.888840 -120.209335 -12.854858 180.081635 -98.424126               2112 
-65.609978 251.630203 -142.877274 -22.252724 216.113251 -108.572754 -71.661087 233.895340 -116.659729 -12.896912 179.188553 -98.262428               2123 
-55.426517 250.367386 -135.482346 -12.681938 214.957764 -100.318886 -62.336239 232.720810 -108.673225 -3.480701 178.063187 -89.764565               2139 
-52.467449 248.802292 -131.941895 -9.450101 214.503769 -96.022301 -59.329472 231.491409 -104.845261 0.183267 177.900345 -84.857475               2145 
-44.846863 252.904022 -119.867081 -2.890668 214.865936 -86.563751 -51.922192 235.155121 -93.087906 4.829591 177.389877 -76.909309               2161 
-40.769409 258.547913 -103.104904 0.207822 215.392944 -75.276985 -47.973392 238.399811 -78.402756 6.472022 176.799896 -69.928864               2174 
-36.889160 261.037231 -92.059868 3.152452 214.946732 -67.817390 -44.592445 238.935532 -69.886574 8.892910 175.945755 -66.018242               2188 
-35.586014 261.880157 -84.700630 4.449310 215.041351 -61.934853 -43.176773 239.017166 -64.204102 10.424009 176.034637 -61.721516               2198 
-33.955444 253.845871 -78.923225 8.308337 214.741760 -47.315586 -38.386917 239.692337 -52.102238 13.583961 177.760056 -34.596035               2216 
-29.248367 249.668900 -77.505569 10.147349 212.017105 -40.838833 -34.325672 239.961273 -49.050114 12.500148 176.954285 -22.885290               2225 
-26.819996 242.406311 -74.068321 13.828649 208.714905 -35.000484 -30.690491 236.279541 -44.429913 16.622370 176.008789 -13.096811               2233 
-20.518295 213.161942 -53.309742 19.673954 204.975266 -22.481449 -24.090357 232.379730 -35.932320 21.840193 177.089325 5.356434               2250 
-17.399723 204.695862 -43.735058 23.913387 202.181015 -17.271544 -21.006718 228.544662 -29.474350 27.785837 175.178360 11.243849               2259 
-12.531374 199.748474 -36.195854 28.487471 199.303452 -10.634208 -16.527861 225.806763 -23.142864 32.196522 172.689102 18.265362               2268 
-6.514518 194.922318 -25.209747 34.051128 196.794739 0.094677 -11.577849 222.691452 -12.658199 38.022465 170.497177 29.248280               2285 
-5.664554 207.509583 -19.360924 42.713917 194.211105 6.475024 -5.708557 217.006790 8.323271 53.262318 163.948837 29.500931               2294 
-7.259130 216.963486 -12.789606 47.779251 192.001938 11.146779 -1.463590 210.252121 20.957945 61.274464 159.495956 28.993559               2305 
-6.550829 220.280106 -3.890325 51.065544 192.604187 18.494341 1.243667 207.778992 29.722494 65.305435 159.038162 33.587837               2320 
-4.943414 222.180252 -0.449069 52.339397 193.073074 22.210705 2.338710 207.963470 32.633549 65.897362 158.834930 36.395107               2329 
-3.977336 222.433273 3.807320 53.708580 193.697220 26.033684 3.453541 207.481995 36.270287 67.640030 159.389603 39.678024               2339 
-2.295030 223.791321 7.060392 54.817360 193.690201 29.060385 4.609396 207.707169 38.869080 68.085144 158.785522 41.823479               2346 
-0.508896 223.683090 10.567289 56.579090 193.852890 33.085079 6.252451 207.834229 42.204887 69.612267 158.890076 45.930477               2355 
0.737544 223.244980 13.630974 57.743832 193.697723 36.657837 7.385775 207.923294 45.122108 70.398781 158.655762 49.664715               2363 
2.428502 223.791901 17.937660 59.345348 193.331177 39.855873 9.143800 207.884201 48.689507 71.492279 157.695328 51.679787               2372 
3.602019 224.283463 20.847479 60.135094 193.540009 43.087009 9.901998 208.448776 51.193928 71.650650 157.555725 54.479538               2381 
3.907057 224.125870 23.586861 60.528004 193.761292 45.832638 10.238300 208.705948 53.646671 71.848602 157.651825 57.022671               2389 
4.247825 222.922485 26.400200 61.627178 193.423294 47.652180 11.434630 208.328720 56.365051 73.252037 157.453018 58.977726               2398 
5.036732 221.553543 29.355608 62.920845 192.764328 49.912735 12.778207 207.674805 59.189285 74.698433 156.855530 61.275524               2407 
5.793888 220.884369 32.473053 64.073067 192.394669 51.944309 13.983377 207.172806 61.933884 75.948273 156.330109 62.695778               2415 
6.669520 219.164642 34.873795 65.247520 191.864563 54.763111 14.921290 206.320297 64.402649 77.340614 155.982422 65.875946               2424 
7.069141 218.303177 36.469280 65.783798 191.727417 56.559383 15.421400 206.385666 66.067421 77.829117 155.989410 68.177155               2433 
7.635528 216.899811 38.506847 66.658455 191.345718 58.494457 16.157259 205.815094 68.041107 78.880905 155.724335 70.284065               2441 
8.242483 216.069641 40.594265 67.338478 191.153320 60.665016 16.677099 205.528671 70.043221 79.543823 155.521347 72.440331               2450 
8.718792 215.514420 41.973545 67.814445 190.788834 61.846054 17.159981 205.473312 71.335945 79.822510 155.102463 73.659447               2459 
8.974662 214.917130 43.901989 68.199333 190.723618 63.231354 17.674442 205.916290 73.107117 80.024193 155.051743 75.271149               2467 
9.060019 214.275055 45.514988 68.307419 190.835739 64.411324 17.867716 206.629105 74.589592 79.853012 155.137421 76.642250               2476 
10.156317 213.046783 48.072300 69.515007 190.566116 66.794922 19.008343 206.486633 76.996391 81.028564 154.921112 79.210152               2485 
13.314072 214.351181 52.406120 71.719711 190.258347 71.141731 21.855179 208.835861 81.421959 81.536674 154.310242 84.127403               2502 
13.869218 213.741943 54.351952 72.506271 190.167465 72.606880 22.577503 208.715179 83.347099 82.478264 154.258514 85.582710               2511 
14.422208 212.061478 55.973179 73.519943 189.808395 73.848129 23.237566 207.829224 85.108498 84.030869 154.083038 86.905167               2520 
14.952764 210.947937 57.273102 74.231255 189.616226 75.090729 23.739710 207.665726 86.651237 84.923409 154.074142 88.496132               2528 
15.382436 210.553513 58.424114 74.628479 189.439713 76.117538 24.000597 207.654037 88.020378 85.226631 153.826309 89.407776               2537 
15.610214 210.415894 60.172680 74.930672 189.315811 77.216118 24.269924 207.473389 89.724487 85.525894 153.514023 89.992645               2551 
15.231605 209.695938 61.347816 74.805405 189.274567 77.950562 24.050356 207.101288 90.809120 85.711853 153.544266 90.665192               2563 
15.831512 207.493896 65.572281 75.796524 187.467285 80.774666 25.185078 205.121536 94.870483 87.046814 151.709854 93.107681               2580 
15.729346 207.103546 66.974083 75.852333 187.453110 81.679031 25.256828 205.090317 96.314156 87.266197 151.746353 94.008575               2589 
15.003890 205.619385 68.064651 75.480278 187.567383 82.425072 24.808571 205.167496 97.765053 87.448952 152.267776 95.384819               2597 
14.860126 204.852661 69.032883 75.360115 187.524994 83.041908 24.859171 205.798508 99.165443 87.339218 152.379272 96.404007               2606 
14.745045 204.298126 69.873940 75.186531 187.412949 83.574196 24.821531 206.148071 100.416794 87.094421 152.231659 96.906273               2615 
14.370930 202.687424 70.745911 74.978325 187.055725 83.962929 24.673269 205.730484 101.815681 87.292198 151.983688 97.213875               2624 
14.619137 202.385986 71.766548 75.108978 186.929993 84.857826 24.867313 205.657806 103.276489 87.327606 151.628296 97.576355               2633 
15.452305 202.223831 72.165558 75.505157 186.184525 85.792458 25.300673 205.399261 104.047134 87.095337 150.523499 98.089828               2641 
15.343542 201.955826 72.875160 75.359962 186.335999 86.399422 25.109556 205.343475 104.884933 87.019791 150.586563 98.369911               2651 
15.642986 201.670853 73.697540 75.450623 185.916763 87.171791 25.333256 205.196793 105.856300 86.825447 149.965134 98.806259               2660 
15.724001 204.359818 75.205956 75.236130 187.386566 88.062592 25.212322 206.103119 107.535194 86.146004 150.684525 97.612541               2670 
15.898136 204.265350 75.264389 75.209167 187.243332 88.498398 25.166853 206.300949 107.607231 85.864716 150.514175 98.229538               2679 
15.736323 203.970154 75.702225 75.033745 187.257339 88.762703 25.048735 206.402985 107.944633 85.703514 150.553513 98.573509               2689 
14.890299 202.615265 76.542427 74.445435 187.228271 89.038307 24.508310 206.126144 108.566048 85.659599 150.790634 99.226875               2699 
14.328599 201.783508 77.388542 73.882538 187.244308 89.596436 24.024748 206.190781 109.195030 85.271858 150.921783 99.999504               2710 
14.223550 201.138657 77.902809 73.718140 187.246567 89.864754 23.866863 206.017914 109.583176 85.225502 150.906952 100.076469               2722 
12.933960 202.248138 80.149933 72.128967 188.336273 90.836159 23.311251 209.032120 111.230614 83.004387 152.037415 101.853638               2734 
12.748446 201.452988 80.983574 71.746857 188.442657 91.409523 22.879543 208.937363 111.864326 82.646484 152.060120 102.122871               2746 
12.576190 200.630219 81.768532 71.531166 188.275452 91.525139 22.713800 208.431076 112.108353 82.571747 151.799072 101.764557               2758 
12.711011 200.648605 82.189957 71.598267 188.286896 91.654823 22.740726 208.162643 111.874382 82.575989 151.653320 101.388176               2771 
12.920399 200.742264 82.528877 71.689621 188.128342 92.097038 22.643492 207.795486 111.670364 82.475548 151.331802 101.421448               2783 
12.957480 200.627213 83.019669 71.690842 188.024368 92.531441 22.404072 207.256622 111.408066 82.471931 151.137314 101.496925               2796 
12.789399 199.820435 83.444511 71.556572 187.448349 92.642921 22.176367 206.576797 110.942566 82.414558 150.637375 101.825668               2808 
12.159888 199.583725 83.620621 70.916275 187.478943 92.946510 21.212179 206.220139 110.373573 81.864471 150.707016 102.178459               2822 
11.866519 199.199127 83.472000 70.584648 187.389679 93.022758 20.569376 205.788498 109.708519 81.609299 150.653671 102.306595               2835 
11.060287 198.271591 83.566597 69.794189 187.412476 93.316193 19.339914 205.048386 109.367027 81.226624 150.813171 102.646637               2848 
10.846087 197.150864 83.729156 69.498451 187.049347 93.299667 18.911573 204.551682 109.087814 81.102089 150.588882 102.956635               2861 
10.602942 196.348221 84.049728 69.145454 187.022095 93.479881 18.384455 204.260117 108.987671 80.933327 150.663239 103.295456               2875 
10.458665 195.980072 84.287071 68.848763 187.064575 93.638481 17.948118 204.146347 108.878853 80.650734 150.699127 103.412689               2890 
10.626534 195.585632 84.332855 68.886063 186.887817 93.637482 17.876070 203.879517 108.701500 80.654839 150.487305 103.320679               2905 
10.769525 195.405212 84.451385 68.947845 186.775513 93.672142 17.869673 203.727844 108.641579 80.670280 150.337296 103.269417               2918 
10.877053 195.146545 84.592499 68.983635 186.721008 93.673706 17.844023 203.632919 108.603287 80.720390 150.293808 103.295258               2932 
10.931087 194.934158 84.699387 68.976036 186.712173 93.673264 17.760679 203.543106 108.533989 80.740990 150.298050 103.309837               2946 
10.796676 194.591965 84.874039 68.808868 186.676682 93.653076 17.456060 203.292450 108.352699 80.674545 150.309967 103.345070               2961 
10.751197 194.328171 84.948524 68.692764 186.641724 93.653084 17.190586 203.067902 108.132988 80.593369 150.281067 103.324974               2976 
10.791172 194.154327 85.017662 68.682755 186.620255 93.631485 17.053555 202.895813 107.940636 80.605057 150.263947 103.292961               2991 
10.828672 193.942871 85.100693 68.664261 186.552811 93.627563 16.920258 202.717773 107.793381 80.597260 150.203552 103.302338               3007 
10.916545 193.776871 85.111198 68.707863 186.512268 93.576462 16.854055 202.563690 107.642426 80.659973 150.168945 103.249924               3023 
10.903223 193.487213 85.098068 68.638565 186.505859 93.620857 16.599112 202.321472 107.462311 80.674545 150.201920 103.338127               3040 
11.041629 193.057419 85.078972 68.760735 186.487564 93.595726 16.503691 201.874924 107.320915 81.003136 150.238861 103.261192               3058 
11.076916 192.929733 85.094017 68.769112 186.482712 93.623695 16.387154 201.719833 107.239578 81.053696 150.249207 103.292694               3077 
11.042040 192.387726 84.967247 68.617699 185.734756 93.346817 16.218964 201.218353 106.958717 80.683472 149.430069 103.024292               3133 
11.059101 192.372437 84.935982 68.594933 185.722305 93.329109 16.146446 201.190842 106.891937 80.629433 149.400864 102.982628               3153 
11.200023 192.131302 84.813087 68.652695 185.635773 93.249733 16.068890 200.971237 106.722328 80.697319 149.304306 102.852776               3175 
11.095531 192.185104 84.834465 68.500870 185.732727 93.230278 15.804190 200.970154 106.682007 80.540756 149.384338 102.775040               3202 
11.235009 191.175858 85.221588 68.731255 185.131393 92.903412 16.034151 200.142349 106.854172 81.072227 148.922028 102.590988               3221 
11.357119 190.864792 85.447266 68.877373 185.043335 92.911278 16.036098 199.677811 106.978004 81.390495 148.848923 102.432465               3242 
11.447782 190.760422 85.456543 68.966965 185.012558 92.837585 16.011049 199.486618 106.910713 81.532104 148.831039 102.339218               3264 
11.529073 190.048050 85.255226 69.057426 184.657654 92.713661 15.891564 198.775803 106.643127 81.814590 148.574982 102.334579               3286 
11.653998 189.883636 85.025246 69.163017 184.517075 92.535988 15.872529 198.550461 106.367485 81.916672 148.448959 102.215981               3308 
11.639561 189.967514 84.974663 69.123734 184.524902 92.508194 15.724848 198.516403 106.244400 81.825180 148.441193 102.198662               3330 
11.693319 190.102539 84.855507 69.144470 184.522522 92.417999 15.655780 198.535324 106.061333 81.755730 148.410812 102.121956               3351 
11.809296 190.227432 84.744286 69.230507 184.539093 92.330215 15.644127 198.524628 105.888908 81.779953 148.402740 102.022530               3373 
12.132435 190.013260 84.572464 69.538773 184.086441 92.073807 15.890897 198.081497 105.698181 82.001190 147.894333 101.669945               3395 
12.533753 189.838806 84.265282 69.941383 183.716217 91.751312 16.165436 197.654587 105.332878 82.360420 147.524231 101.403961               3417 
12.609365 190.177704 84.192421 70.025826 183.766937 91.712639 16.121590 197.605957 105.209068 82.398796 147.549576 101.329224               3439 
12.685506 190.444183 84.082695 70.112518 183.788071 91.670692 16.086470 197.514725 105.084679 82.451103 147.540955 101.219124               3461 
12.850389 190.603195 83.893066 70.287476 183.763260 91.565987 16.154175 197.374084 104.911934 82.606995 147.487213 101.028763               3483 
12.845711 190.758148 83.813995 70.293861 183.776688 91.550713 16.073393 197.329147 104.825829 82.594551 147.497253 101.024986               3504 
12.922222 190.870758 83.679008 70.374786 183.761185 91.488792 16.069906 197.267288 104.707382 82.648369 147.471558 100.959236               3526 
12.973418 190.893326 83.561516 70.429413 183.740112 91.419296 16.043434 197.200302 104.606438 82.697693 147.459351 100.930443               3549 
12.931618 190.874969 83.483582 70.402359 183.726822 91.335754 15.955549 197.117554 104.530830 82.701187 147.466766 100.886368               3571 
12.871768 190.709976 83.456078 70.373787 183.669861 91.296516 15.843576 196.861465 104.477333 82.775543 147.447372 100.856583               3594 
12.900552 190.372238 83.423523 70.462242 183.461655 91.117409 15.870016 196.398254 104.412743 83.017487 147.281174 100.636078               3617 
13.001395 190.279770 83.428314 70.613037 183.215698 91.013199 15.997920 196.076324 104.416649 83.192406 147.027115 100.468987               3640 
13.055883 190.356705 83.484993 70.717560 183.051682 90.983322 16.077396 195.854156 104.461647 83.289581 146.841171 100.364670               3662 
13.123347 190.514282 83.487892 70.845528 182.929840 90.920029 16.170723 195.664719 104.439873 83.411446 146.706787 100.261024               3685 
13.180426 190.467407 83.485023 70.965874 182.769745 90.840500 16.245417 195.405579 104.396500 83.583092 146.584473 100.258484               3708 
13.233070 190.278320 83.475433 71.066391 182.555115 90.773949 16.293480 195.083282 104.327126 83.740883 146.418030 100.299423               3731 
13.187209 190.387665 83.484627 71.063484 182.563919 90.755722 16.204470 194.868454 104.188667 83.776978 146.433899 100.256020               3754 
13.259101 190.055450 83.325974 71.168983 182.399017 90.596886 16.239672 194.524429 103.938965 83.992401 146.348740 100.251076               3778 
13.279965 189.693192 83.080437 71.205994 182.238052 90.448296 16.189156 194.181030 103.614952 84.128265 146.267380 100.266235               3801 
13.265520 189.646484 83.020943 71.203606 182.285446 90.408524 16.121849 194.023193 103.400284 84.185272 146.338531 100.235130               3824 
13.289877 189.745300 82.935066 71.239365 182.429260 90.329102 16.087587 193.913193 103.059059 84.264229 146.484619 100.106705               3847 
13.314430 189.944595 83.167099 71.311691 182.698654 90.363441 16.114605 193.795792 103.060387 84.460175 146.729446 99.881836               3870 
13.503891 190.294098 83.369637 71.519409 182.897781 90.380966 16.345007 193.967438 103.127197 84.637917 146.887589 99.785126               3893 
13.742634 190.552155 83.415009 71.741158 182.880127 90.376602 16.590288 194.064423 103.121857 84.729820 146.790070 99.653984               3916 
13.827446 190.624924 83.331619 71.802811 182.885529 90.415337 16.635178 194.158844 103.018524 84.725121 146.798203 99.795387               3939 
13.985806 190.782791 83.273170 71.921532 182.904816 90.472076 16.751881 194.317886 102.949188 84.732559 146.789307 99.896240               3962 
14.176782 191.055420 83.262901 72.054604 182.994705 90.631828 16.868885 194.553604 102.929512 84.721275 146.829102 100.058945               3985 
14.468098 191.124771 83.204208 72.238960 182.986389 90.756294 16.999182 194.722382 102.878082 84.740532 146.782028 100.254776               4008 
14.859479 191.029388 83.042824 72.504631 182.963394 90.874367 17.159513 194.713425 102.711113 84.902290 146.723587 100.373856               4031 
15.400121 190.468185 82.952133 72.943329 182.599670 90.866203 17.525663 194.320526 102.583763 85.312920 146.356293 100.388680               4054 
16.060373 190.168610 82.859406 73.501030 182.348312 90.803894 18.023581 194.105530 102.515495 85.782196 146.050003 100.231056               4077 
16.363365 189.971481 82.894905 73.717873 182.268784 90.849380 18.179939 194.004868 102.550392 85.959137 145.938034 100.203201               4099 
16.674919 189.813156 82.897003 73.914879 182.172882 90.995522 18.327326 193.983521 102.513550 86.049217 145.808090 100.356438               4121 
17.114889 189.245972 82.812645 74.308342 181.873199 90.930351 18.655674 193.655869 102.389824 86.485352 145.583847 100.525650               4144 
17.189886 188.546768 82.700867 74.372169 181.713684 90.630844 18.644020 193.236542 102.244583 86.763954 145.531631 100.355492               4166 
17.244696 188.419769 82.768402 74.378036 181.727020 90.632805 18.626637 193.211609 102.276192 86.780174 145.540710 100.328377               4188 
17.312248 188.277084 82.824112 74.413307 181.748260 90.602097 18.640745 193.135529 102.303421 86.861710 145.557434 100.221214               4209 
17.395338 188.041977 82.894012 74.422836 181.749939 90.598289 18.632406 193.100662 102.318176 86.883530 145.557098 100.193901               4231 
17.555836 187.680542 82.983978 74.493301 181.693573 90.613525 18.680712 192.999649 102.343597 86.969193 145.500137 100.187088               4253 
17.810766 187.201721 83.070038 74.636505 181.555588 90.606667 18.809828 192.844803 102.348152 87.107018 145.351669 100.147568               4274 
18.251923 186.653976 83.313026 74.975319 181.277710 90.630951 19.166159 192.570847 102.520828 87.425018 145.029999 100.031754               4296 
18.476641 186.285858 83.424026 75.091476 181.156921 90.657112 19.274981 192.475891 102.555656 87.497620 144.881836 100.009735               4317 
18.573999 186.344940 83.489006 75.138802 181.209686 90.723671 19.300863 192.530197 102.587990 87.477821 144.878204 99.945305               4339 
18.696022 186.067673 83.466934 75.199081 181.151703 90.725739 19.297390 192.325531 102.497360 87.564949 144.809189 99.867577               4360 
18.694719 185.988144 83.373634 75.152802 181.224472 90.716202 19.169481 192.190948 102.319405 87.551483 144.860962 99.729202               4382 
18.529648 186.240097 83.280983 74.944923 181.538437 90.867409 18.839830 192.202194 102.116867 87.358238 145.119400 99.632629               4403 
18.492018 186.150803 83.331520 74.903824 181.416641 90.801430 18.794827 192.046631 101.990234 87.290192 144.985748 99.555527               4425 
18.338535 186.343628 83.341682 74.731071 181.465271 90.823433 18.604567 192.088928 101.646683 87.009995 145.011276 99.632553               4447 
18.379700 185.270966 83.050194 74.837822 180.925156 90.345604 18.636929 191.047714 101.029396 87.446785 144.658585 99.456940               4470 
18.393471 185.159164 83.134850 74.883682 180.754318 90.127396 18.725946 190.698654 100.811523 87.518936 144.438141 99.001648               4492 
18.420006 185.202347 83.235779 74.937668 180.727615 90.062569 18.810526 190.472641 100.575966 87.590324 144.371872 98.748024               4513 
18.532303 185.064255 83.354042 75.127449 180.553650 89.895981 19.045244 190.048416 100.448502 87.880051 144.184494 98.376663               4535 
18.538116 185.094421 83.511520 75.224350 180.471039 89.782425 19.190004 189.842667 100.531036 88.047348 144.088943 98.099892               4556 
18.444849 185.070023 83.519485 75.211205 180.435654 89.725723 19.190435 189.614868 100.335068 88.129265 144.096573 98.084061               4578 
18.374279 184.831314 83.472549 75.203178 180.254059 89.546379 19.210058 189.313309 100.117317 88.210762 143.972198 98.013725               4599 
18.414154 184.778656 83.366676 75.276329 180.140121 89.500984 19.278246 189.170670 99.944351 88.285645 143.871628 98.022758               4621 
18.386114 184.893158 83.355530 75.288002 180.136459 89.481865 19.306604 189.113449 99.797562 88.296486 143.863922 97.987671               4643 
18.391493 184.530670 82.988503 75.343140 179.895538 89.233780 19.314812 188.697372 99.404556 88.470238 143.704346 97.902298               4665 
18.375933 183.995773 82.313377 75.377083 179.548813 88.881607 19.261045 188.183060 98.709000 88.632668 143.507965 97.970772               4687 
18.370939 183.735458 81.962059 75.436478 179.078049 88.538811 19.345007 187.913422 98.339928 88.628227 143.099380 97.961075               4709 
18.262367 184.056213 81.925743 75.407188 179.093597 88.528030 19.325014 187.962418 98.322556 88.558846 143.086761 97.898621               4730 
18.174526 184.223312 81.849907 75.362045 179.064850 88.463455 19.294275 188.017166 98.263123 88.463814 143.043549 97.848358               4752 
18.335020 184.110809 81.629456 75.503456 178.908051 88.405693 19.403116 187.896835 98.069855 88.553352 142.875473 97.819504               4774 
18.271997 184.064056 81.524284 75.439819 178.889801 88.361893 19.315495 187.857666 97.999016 88.496780 142.860107 97.776909               4796 
18.166079 184.178726 81.429596 75.318863 178.953094 88.384933 19.170109 187.934647 97.942596 88.335075 142.890457 97.730011               4818 
17.747267 185.069656 81.506012 74.826988 179.292145 88.640785 18.729282 188.777481 98.030861 87.473656 143.088623 97.948471               4841 
17.632790 185.144958 81.717056 74.736328 179.335342 88.681732 18.669283 188.863983 98.237732 87.389816 143.135193 97.993256               4863 
17.709728 185.078949 81.854958 74.830627 179.234863 88.764442 18.774158 188.772003 98.376335 87.484070 143.027359 98.047409               4885 
17.744871 185.081604 82.030350 74.890022 179.171677 88.827003 18.859795 188.734848 98.544640 87.537453 142.948227 98.055794               4907 
17.775143 185.056396 82.230431 74.940582 179.068314 88.914467 18.941113 188.675735 98.718002 87.569824 142.829041 98.105988               4929 
17.759991 184.897583 82.351967 74.955429 178.940353 88.941475 18.972380 188.543030 98.805527 87.620934 142.735504 98.218338               4951 
17.755884 184.706406 82.438232 74.987877 178.801254 88.916397 19.019419 188.377777 98.873917 87.707550 142.633881 98.265045               4973 
17.713150 184.561539 82.463127 74.978142 178.736389 88.917419 19.003080 188.245560 98.887856 87.759804 142.607452 98.329903               4995 
17.604212 184.414856 82.489059 74.899551 178.688278 88.926537 18.916817 188.098221 98.874496 87.752304 142.594757 98.378075               5018 
17.553583 184.651855 82.683929 74.872009 178.885727 89.029510 18.911247 188.270706 99.035980 87.732460 142.766556 98.371902               5041 
17.193890 184.905060 82.984947 74.554123 179.342896 89.206696 18.578978 188.472443 99.331230 87.576065 143.246109 98.410942               5064 
16.901728 185.292099 83.276482 74.277138 179.778656 89.468849 18.294302 188.748505 99.601089 87.357559 143.645142 98.443153               5087 
16.508316 185.557648 83.396057 73.913628 180.292862 89.558006 17.892935 188.945648 99.713058 87.170059 144.182709 98.366547               5109 
16.192736 186.029999 83.480858 73.573326 180.795700 89.910286 17.496916 189.360474 99.790840 86.819794 144.667191 98.658348               5132 
15.969789 186.297577 83.526314 73.323570 181.034180 90.184044 17.212727 189.610626 99.818214 86.518417 144.889038 98.941383               5155 
15.976556 186.028610 83.490219 73.339134 180.865463 90.108650 17.230219 189.441071 99.759689 86.566948 144.760574 98.981514               5177 
15.961535 186.054962 83.517799 73.322411 180.902390 90.107285 17.218161 189.488800 99.778358 86.542686 144.787155 98.949318               5200 
16.069576 186.033783 83.547844 73.431641 180.882950 90.127792 17.320993 189.406784 99.817116 86.663002 144.733093 98.810265               5223 
16.039558 186.142807 83.542061 73.397911 181.019226 90.150673 17.277168 189.512039 99.807785 86.637108 144.864426 98.800545               5245 
15.916674 186.347839 83.507637 73.249863 181.228256 90.250801 17.108770 189.751099 99.762840 86.451675 145.071487 98.949455               5268 
16.042917 186.145172 83.445313 73.367714 180.957321 90.099129 17.259214 189.658142 99.677589 86.497398 144.802872 98.915802               5290 
16.212933 185.786163 83.391960 73.535545 180.572144 89.926910 17.464773 189.465912 99.591469 86.608040 144.447128 98.946899               5313 
16.032356 185.986664 83.458687 73.338623 180.810104 90.043587 17.251526 189.673126 99.641060 86.401581 144.662537 98.986687               5338 
15.955310 186.150711 83.546959 73.242546 180.931320 90.187057 17.144295 189.804916 99.709030 86.260963 144.741379 99.023064               5358 
15.957377 186.118881 83.550949 73.238487 180.925674 90.191307 17.131918 189.794083 99.682266 86.254349 144.733856 99.023399               5381 
16.000578 185.904984 83.533592 73.280281 180.733917 90.170952 17.165392 189.593002 99.637878 86.298836 144.544037 99.007011               5404 
16.024118 185.754715 83.529991 73.305923 180.603439 90.145058 17.189053 189.455582 99.621620 86.330803 144.415314 98.978951               5427 
16.041533 185.590591 83.514977 73.326721 180.477707 90.108955 17.206856 189.318268 99.593567 86.363297 144.296661 98.954605               5450 
16.111055 185.387375 83.460159 73.404129 180.348694 90.025497 17.277321 189.155090 99.528641 86.472763 144.186264 98.899948               5474 
16.137461 185.158585 83.429062 73.439835 180.179565 89.960373 17.311918 188.966904 99.487358 86.532738 144.033447 98.865433               5498 
16.109871 185.072403 83.377831 73.420418 180.108978 89.875443 17.297737 188.914444 99.426735 86.515228 143.972382 98.816277               5521 
16.139645 184.956497 83.346359 73.457047 180.007782 89.836143 17.332518 188.822968 99.390244 86.554855 143.880447 98.809937               5545 
16.106968 184.918594 83.329948 73.430061 179.979309 89.816055 17.305151 188.797440 99.368324 86.529732 143.855972 98.803215               5568 
16.087124 184.911514 83.316345 73.414467 179.978226 89.804100 17.287167 188.796188 99.348328 86.514168 143.855484 98.793602               5592 
16.074997 184.881409 83.300629 73.407349 179.973541 89.795151 17.274885 188.786255 99.328476 86.511909 143.855209 98.795319               5616 
16.061550 184.840378 83.282784 73.398155 179.972748 89.786865 17.258686 188.783188 99.305428 86.507233 143.860001 98.802818               5641 
16.038944 184.811371 83.268242 73.378967 179.982513 89.782669 17.233158 188.795135 99.284256 86.489647 143.875412 98.818893               5665 
16.019159 184.794952 83.254929 73.361755 180.000092 89.775436 17.211157 188.820221 99.263824 86.471123 143.897736 98.832527               5689 
16.002596 184.770935 83.241043 73.348076 180.013275 89.766373 17.193018 188.843506 99.242790 86.456421 143.916428 98.846832               5714 
15.987643 184.738266 83.227936 73.334801 180.025375 89.757698 17.175648 188.864639 99.221802 86.442734 143.934235 98.861473               5738 
15.981894 184.698257 83.217621 73.330544 180.031067 89.750130 17.167034 188.879700 99.205017 86.437569 143.944092 98.871727               5763 
15.950982 184.811920 83.210510 73.298210 180.131485 89.765259 17.132698 189.006607 99.194954 86.384697 144.037262 98.887634               5788 
15.801111 185.420700 83.237404 73.108109 180.580627 90.034439 16.919846 189.573029 99.225479 86.060837 144.427505 99.114342               5813 
15.667953 185.910889 83.239868 72.941803 180.982635 90.243500 16.727140 190.039871 99.228928 85.805992 144.793320 99.305092               5838 
15.548455 186.252441 83.237061 72.795921 181.282639 90.409561 16.553402 190.367935 99.219475 85.604805 145.073395 99.469887               5862 
15.501842 186.086945 83.182915 72.767754 181.203430 90.243118 16.532755 190.274857 99.142120 85.624931 145.036087 99.401855               5886 
15.450604 186.077545 83.166451 72.709297 181.217560 90.235054 16.471132 190.318329 99.110054 85.554413 145.060120 99.449661               5910 
15.402805 186.082123 83.149544 72.657768 181.229996 90.227943 16.411749 190.354080 99.079552 85.492256 145.081375 99.491783               5934 
15.403466 186.201370 83.105835 72.639633 181.149673 90.175400 16.419111 190.522888 99.015846 85.330643 144.976410 99.540207               6005 
15.435172 186.259262 83.072388 72.659218 181.073181 90.141449 16.457911 190.598953 98.974289 85.259499 144.880600 99.554024               6028 
15.719959 185.878891 83.177292 72.978294 180.586426 89.859276 16.855906 190.280533 99.039864 85.554680 144.397736 99.318642               6052 
15.922356 185.562363 83.387665 73.216095 180.224792 89.667282 17.168064 190.009018 99.222519 85.809441 144.034515 99.097961               6075 
16.121223 185.492950 83.579590 73.431122 179.999023 89.569878 17.452057 189.921936 99.398270 85.973083 143.767258 98.909286               6099 
