-12.710674 274.352905 135.247559 21.156422 212.303299 108.075340 -2.806224 237.517365 99.640564 31.992453 177.807434 92.267685                  0 
-12.710979 274.353546 135.246185 21.155777 212.303452 108.074585 -2.808554 237.516388 99.640488 31.991758 177.807266 92.267609                 25 
-12.711285 274.354156 135.244797 21.155125 212.303604 108.073822 -2.810925 237.515396 99.640427 31.991053 177.807083 92.267525                 51 
-12.711577 274.354797 135.243454 21.154491 212.303757 108.073082 -2.813231 237.514420 99.640366 31.990372 177.806915 92.267441                 76 
-12.711862 274.355377 135.242142 21.153870 212.303894 108.072357 -2.815513 237.513458 99.640312 31.989702 177.806747 92.267365                102 
-12.712138 274.355988 135.240845 21.153257 212.304031 108.071640 -2.817774 237.512497 99.640274 31.989040 177.806580 92.267288                128 
-12.712405 274.356567 135.239578 21.152658 212.304169 108.070946 -2.819992 237.511551 99.640236 31.988396 177.806412 92.267212                154 
-12.712665 274.357147 135.238327 21.152069 212.304306 108.070259 -2.822186 237.510620 99.640213 31.987761 177.806259 92.267136                180 
-12.712917 274.357727 135.237106 21.151489 212.304443 108.069580 -2.824362 237.509705 99.640190 31.987135 177.806107 92.267067                205 
-12.713161 274.358276 135.235901 21.150921 212.304581 108.068916 -2.826500 237.508789 99.640182 31.986523 177.805939 92.266991                231 
-12.713399 274.358856 135.234726 21.150360 212.304703 108.068260 -2.828618 237.507889 99.640175 31.985920 177.805801 92.266922                257 
-12.713629 274.359375 135.233582 21.149811 212.304825 108.067619 -2.830705 237.507004 99.640175 31.985329 177.805649 92.266853                283 
-12.713853 274.359924 135.232437 21.149271 212.304962 108.066986 -2.832772 237.506119 99.640182 31.984745 177.805496 92.266785                309 
-12.714069 274.360443 135.231323 21.148739 212.305084 108.066368 -2.834810 237.505249 99.640198 31.984173 177.805359 92.266716                334 
-12.714280 274.360992 135.230225 21.148214 212.305206 108.065758 -2.836834 237.504379 99.640213 31.983608 177.805222 92.266655                360 
-12.714484 274.361481 135.229156 21.147701 212.305313 108.065163 -2.838823 237.503525 99.640236 31.983055 177.805069 92.266586                386 
-12.714683 274.362000 135.228104 21.147196 212.305435 108.064568 -2.840796 237.502686 99.640266 31.982510 177.804932 92.266525                412 
-12.714874 274.362488 135.227066 21.146698 212.305542 108.063988 -2.842741 237.501846 99.640305 31.981976 177.804810 92.266464                438 
-12.715060 274.362976 135.226044 21.146208 212.305664 108.063416 -2.844666 237.501022 99.640343 31.981447 177.804672 92.266403                463 
-12.715241 274.363464 135.225037 21.145725 212.305771 108.062851 -2.846574 237.500198 99.640388 31.980928 177.804535 92.266342                489 
-12.715418 274.363953 135.224045 21.145248 212.305878 108.062294 -2.848464 237.499390 99.640442 31.980415 177.804413 92.266281                515 
-12.715586 274.364410 135.223099 21.144787 212.305984 108.061760 -2.850304 237.498596 99.640495 31.979918 177.804291 92.266220                541 
-12.715752 274.364899 135.222137 21.144325 212.306091 108.061218 -2.852156 237.497787 99.640556 31.979420 177.804169 92.266167                566 
-12.715912 274.365356 135.221207 21.143871 212.306198 108.060692 -2.853982 237.497009 99.640617 31.978931 177.804047 92.266106                592 
-12.716066 274.365814 135.220276 21.143427 212.306305 108.060173 -2.855781 237.496231 99.640686 31.978453 177.803925 92.266052                618 
-12.716217 274.366241 135.219376 21.142988 212.306412 108.059654 -2.857563 237.495453 99.640762 31.977982 177.803802 92.265999                644 
-12.716362 274.366699 135.218491 21.142555 212.306503 108.059151 -2.859328 237.494690 99.640839 31.977514 177.803680 92.265938                670 
-12.716503 274.367126 135.217606 21.142130 212.306595 108.058655 -2.861072 237.493927 99.640915 31.977057 177.803574 92.265884                695 
-12.716640 274.367554 135.216751 21.141710 212.306702 108.058167 -2.862802 237.493179 99.640999 31.976604 177.803452 92.265831                721 
-12.716773 274.367981 135.215897 21.141294 212.306793 108.057686 -2.864514 237.492432 99.641083 31.976160 177.803345 92.265785                747 
-12.716900 274.368408 135.215073 21.140892 212.306885 108.057213 -2.866190 237.491714 99.641174 31.975725 177.803238 92.265732                773 
-12.717026 274.368835 135.214233 21.140486 212.306976 108.056740 -2.867886 237.490967 99.641266 31.975288 177.803131 92.265678                799 
-12.717145 274.369232 135.213440 21.140095 212.307068 108.056282 -2.869519 237.490265 99.641365 31.974869 177.803024 92.265633                824 
-12.717262 274.369629 135.212646 21.139702 212.307159 108.055824 -2.871171 237.489532 99.641464 31.974445 177.802917 92.265579                850 
-12.717375 274.370056 135.211853 21.139317 212.307251 108.055374 -2.872799 237.488831 99.641563 31.974031 177.802811 92.265533                876 
-12.717484 274.370422 135.211090 21.138939 212.307343 108.054932 -2.874404 237.488129 99.641670 31.973623 177.802704 92.265488                902 
-12.717589 274.370819 135.210327 21.138565 212.307419 108.054497 -2.875994 237.487427 99.641777 31.973223 177.802612 92.265442                928 
-12.717691 274.371216 135.209579 21.138197 212.307510 108.054062 -2.877576 237.486740 99.641891 31.972824 177.802505 92.265396                953 
-12.717791 274.371582 135.208847 21.137835 212.307587 108.053642 -2.879133 237.486053 99.641998 31.972435 177.802414 92.265350                979 
-12.717886 274.371979 135.208115 21.137474 212.307678 108.053223 -2.880681 237.485382 99.642120 31.972050 177.802307 92.265305               1005 
-12.717978 274.372345 135.207397 21.137117 212.307755 108.052811 -2.882226 237.484695 99.642235 31.971666 177.802216 92.265259               1031 
-12.718066 274.372711 135.206711 21.136776 212.307831 108.052406 -2.883718 237.484039 99.642357 31.971296 177.802124 92.265213               1057 
-12.718153 274.373077 135.206009 21.136427 212.307922 108.052002 -2.885237 237.483368 99.642479 31.970922 177.802032 92.265175               1082 
-12.718236 274.373444 135.205322 21.136089 212.307999 108.051605 -2.886718 237.482727 99.642601 31.970560 177.801941 92.265129               1108 
-12.718316 274.373779 135.204651 21.135754 212.308075 108.051216 -2.888201 237.482071 99.642731 31.970198 177.801849 92.265083               1134 
-12.718393 274.374146 135.203979 21.135424 212.308151 108.050827 -2.889657 237.481430 99.642853 31.969843 177.801758 92.265045               1160 
-12.718468 274.374481 135.203339 21.135098 212.308228 108.050446 -2.891107 237.480789 99.642982 31.969492 177.801666 92.265007               1185 
-12.718540 274.374847 135.202682 21.134775 212.308304 108.050072 -2.892546 237.480148 99.643120 31.969145 177.801590 92.264961               1211 
-12.718643 274.375336 135.201736 21.134298 212.308411 108.049515 -2.894676 237.479218 99.643318 31.968634 177.801453 92.264908               1289 
-12.718677 274.375519 135.201416 21.134142 212.308441 108.049332 -2.895380 237.478897 99.643387 31.968466 177.801422 92.264885               1314 
-12.718740 274.375854 135.200806 21.133833 212.308517 108.048973 -2.896774 237.478287 99.643524 31.968132 177.801331 92.264847               1340 
-12.718801 274.376160 135.200195 21.133528 212.308594 108.048615 -2.898158 237.477676 99.643661 31.967804 177.801254 92.264809               1366 
-12.718861 274.376495 135.199600 21.133224 212.308655 108.048264 -2.899531 237.477066 99.643799 31.967480 177.801163 92.264771               1392 
-12.718918 274.376831 135.199005 21.132927 212.308731 108.047913 -2.900891 237.476456 99.643944 31.967159 177.801086 92.264732               1418 
-11.180814 273.484253 134.288895 23.254501 212.274704 105.948479 -0.724044 237.604996 97.881233 34.424511 178.243637 89.383949               1443 
-8.149412 275.073090 128.551620 26.846846 214.669708 99.187103 3.478774 240.502640 91.082436 38.341007 181.088074 81.941086               1469 
-6.437674 274.120667 115.587563 32.903709 216.814499 85.523598 9.598382 244.139114 74.567856 46.835579 184.383652 67.876801               1488 
-1.685364 274.751770 106.220856 37.020794 217.159348 75.880592 13.348835 246.885925 60.049728 50.574654 184.464020 58.428505               1503 
39.655270 202.424377 30.864975 71.456848 192.996429 61.421032 50.777885 205.502090 23.179733 100.365181 166.175186 62.902687               1517 
65.463089 188.048981 12.686522 80.442787 187.072372 53.184902 66.642464 192.070648 6.693705 106.248306 158.980896 63.294830               1527 
77.949524 183.316727 2.876380 84.126770 184.265823 45.381321 75.545418 187.168365 -3.584567 106.699455 154.934875 59.072044               1537 
87.216438 181.307877 -12.808564 87.748367 183.258148 29.817791 81.672241 183.826965 -18.799402 107.679695 153.126114 45.694466               1553 
89.026794 181.691269 -19.425079 88.457039 184.338242 23.082932 82.274277 183.687698 -25.064735 107.108414 153.771027 39.667198               1561 
91.205742 183.231277 -37.868065 88.967110 188.246216 4.299956 82.902809 184.349533 -43.034622 106.173233 158.069412 23.023613               1579 
90.138435 185.304153 -46.449577 86.564987 191.100922 -4.516171 81.393066 186.350464 -51.660862 102.505844 160.835648 15.160431               1587 
91.688393 186.822662 -53.115818 86.326149 192.903275 -11.542168 82.679619 187.962402 -58.661854 101.402512 162.613312 8.767634               1597 
93.015587 188.032745 -68.502083 87.365685 196.481216 -27.584044 83.533722 189.472321 -74.168465 100.917786 166.486755 -5.813883               1614 
92.953064 188.673965 -75.650833 87.275238 197.879181 -34.982746 83.365410 190.194305 -81.418167 100.878510 168.220459 -12.788651               1622 
92.029167 190.166397 -84.997406 86.263840 200.802933 -44.888229 82.394928 192.209915 -91.055260 99.095261 171.387939 -21.923491               1633 
91.975136 190.449921 -90.718437 85.974174 201.860519 -51.035862 82.303696 192.897614 -97.059013 98.127937 172.481598 -27.659985               1640 
90.803947 191.877960 -109.696312 86.009743 205.796204 -70.903923 81.166443 195.245575 -116.334915 96.145691 176.630585 -46.329639               1657 
91.015533 192.135971 -116.026398 85.789864 206.881683 -77.742302 81.526985 195.789886 -123.028862 95.141411 177.969925 -52.564430               1666 
95.486778 193.105423 -133.776093 88.165131 206.735748 -95.657196 86.403282 197.512604 -141.309341 95.860031 176.823349 -71.094963               1692 
96.665337 192.632431 -137.174896 88.480713 206.365646 -99.395546 88.227303 197.584259 -145.031891 95.447098 176.379944 -74.705589               1701 
100.066833 192.208420 -145.241211 89.070534 205.729050 -108.424454 94.671082 199.230545 -153.352020 95.841019 175.959885 -83.419975               1718 
100.015350 191.523346 -150.805008 87.479759 206.910339 -115.416519 96.182274 199.377625 -159.271622 92.035782 177.967026 -88.981819               1726 
99.941017 190.631561 -159.639236 87.491982 206.595856 -124.750587 97.592476 200.126251 -167.841629 90.904160 177.520416 -98.288483               1744 
99.379906 190.423981 -163.662933 86.570038 206.549957 -129.083603 97.686440 200.603455 -171.807083 89.800591 177.562759 -102.502174               1752 
97.016380 188.690262 -167.637894 85.800545 207.025635 -133.770706 97.396072 200.509216 -175.781738 88.454887 179.151306 -105.963463               1761 
94.525558 186.447327 -171.380753 85.413361 207.547928 -138.683136 98.655533 201.295837 -179.385803 87.466393 181.344238 -109.248154               1770 
92.436890 184.548447 -173.880859 84.636497 207.699707 -142.619644 100.154701 201.632446 -181.929276 84.727470 182.619217 -112.152824               1778 
90.951820 183.131470 -177.433762 85.339241 207.601028 -147.079697 101.017685 201.831161 -185.036484 83.861099 183.189468 -116.109428               1787 
89.687561 180.963791 -181.172119 86.023476 206.232742 -151.590103 102.588142 202.974915 -187.622177 84.272095 182.314041 -120.251709               1796 
88.456581 179.252838 -183.639343 86.076180 205.530518 -155.260513 104.079193 203.215637 -189.640076 83.101715 182.489014 -123.362106               1804 
87.926437 178.551071 -189.162964 85.333466 204.644592 -161.325470 104.585182 204.564438 -194.826614 82.432404 181.163727 -129.742264               1822 
86.257187 176.409546 -191.979889 85.681648 203.401733 -165.268768 105.943054 202.066025 -197.518082 80.347641 181.065491 -133.176605               1831 
84.458603 174.996582 -198.947586 86.671982 202.226440 -173.167358 108.583427 199.166809 -203.582565 77.303909 181.140747 -141.153305               1848 
83.791435 175.337631 -200.359024 87.161720 202.586655 -175.012299 109.079948 199.126801 -205.110031 77.206100 181.926300 -142.898407               1857 
84.298889 171.483963 -206.356720 87.524742 200.190918 -182.903687 110.276115 195.335205 -211.883453 76.799500 181.530685 -149.827545               1874 
83.590797 170.662918 -206.403412 88.069626 200.310715 -184.579971 110.259476 193.726257 -213.551254 77.459015 183.456345 -150.512222               1882 
82.137886 169.484253 -206.604691 88.099777 199.735901 -186.294983 109.347488 191.795624 -215.527344 78.103767 184.322250 -151.369827               1891 
82.039482 168.771164 -206.838272 88.477829 199.387985 -187.470230 109.359062 190.991257 -216.753586 78.954094 184.666580 -152.117065               1901 
84.526482 169.058960 -207.951416 89.335075 199.736130 -188.378998 111.285889 192.581833 -217.142944 79.581421 184.312836 -153.389648               1909 
86.069313 168.951813 -208.653275 89.967148 199.717209 -189.063004 112.602028 193.156998 -217.378174 79.945480 184.067230 -154.250504               1917 
86.743393 168.116959 -209.487076 90.233475 199.152084 -190.259125 113.250893 192.537369 -218.203934 79.994125 183.839828 -155.359894               1926 
87.186798 167.197433 -210.422318 90.416771 198.470352 -191.544571 113.618362 191.813751 -219.284073 80.177544 183.463226 -156.513000               1934 
87.309013 166.055161 -211.627625 90.480034 197.578247 -193.165329 113.695610 190.746841 -220.813995 80.363602 182.968063 -157.930878               1943 
87.936584 165.998795 -215.102356 90.841431 197.910431 -197.273407 114.177589 190.856003 -224.722061 80.843285 183.889343 -161.766891               1961 
88.222359 165.733505 -216.165466 91.131416 197.742905 -198.494751 114.508972 190.604202 -225.867432 81.109138 183.888901 -162.929504               1969 
88.018944 165.729630 -216.754166 91.406433 197.589340 -198.796112 114.637672 190.466690 -226.271988 81.335541 183.550323 -163.317261               1978 
88.076546 165.498810 -216.967209 91.667526 197.389008 -198.929413 114.708443 190.336792 -226.561035 81.863304 183.314575 -163.389938               1986 
87.690956 165.486984 -217.927460 91.957825 197.082184 -199.331863 114.604485 190.236237 -227.318344 82.391418 182.555649 -163.909698               1995 
87.384834 165.471695 -218.710098 92.170135 196.857773 -199.626190 114.536407 190.177521 -227.858414 82.767014 181.998825 -164.298309               2004 
87.083069 165.532516 -219.241577 92.244179 196.799805 -199.793396 114.366348 190.260406 -228.233536 83.053299 181.718658 -164.503830               2012 
86.854836 165.568451 -219.658005 92.296989 196.758453 -199.912659 114.251587 190.330994 -228.492340 83.255211 181.517517 -164.653229               2021 
86.661430 165.583588 -220.064117 92.337486 196.726761 -200.004105 114.167465 190.391495 -228.685745 83.408707 181.362610 -164.769363               2030 
86.404182 165.574066 -220.642426 92.385040 196.689514 -200.111496 114.073029 190.469299 -228.907379 83.587463 181.179977 -164.907471               2050 
86.335770 165.571243 -220.803452 92.397232 196.679977 -200.139023 114.049911 190.490860 -228.962906 83.633011 181.133057 -164.943161               2056 
86.029320 165.757675 -221.273880 92.604080 196.721527 -200.231949 114.021072 190.538712 -229.218887 83.921318 181.033112 -165.078720               2065 
85.947830 165.895325 -221.590546 92.838097 196.756836 -200.243881 114.088707 190.642090 -229.357300 84.260483 180.930252 -165.126785               2074 
85.852379 166.051666 -221.948395 93.097626 196.795990 -200.257111 114.168480 190.763992 -229.504745 84.634155 180.815491 -165.182053               2093 
85.761742 166.088776 -222.066147 93.110748 196.814682 -200.263306 114.140663 190.800400 -229.537781 84.673698 180.805893 -165.194794               2103 
85.652969 166.295883 -222.192551 93.215256 196.917343 -200.200958 114.144226 190.969543 -229.552872 84.826576 180.789566 -165.175369               2113 
85.554001 166.485077 -222.306183 93.309753 197.010178 -200.144562 114.149155 191.124542 -229.564484 84.963654 180.774811 -165.158539               2123 
85.996895 166.848068 -222.269882 93.715775 197.271423 -199.860092 114.592361 191.612762 -229.290131 85.380058 180.816971 -164.974091               2134 
85.673477 167.466858 -222.445816 93.713226 197.649948 -199.743668 114.457878 192.114426 -229.282898 85.379440 180.952789 -164.972717               2145 
84.179352 168.750275 -223.152420 93.414459 198.063538 -199.704788 113.779259 192.594101 -229.512543 84.737411 180.780029 -165.306305               2156 
82.379654 170.884155 -224.369690 92.387230 198.792221 -199.501755 112.820152 194.029266 -229.377426 82.872253 180.261185 -165.985596               2167 
73.590668 177.196121 -220.476334 88.871994 203.002075 -196.010239 107.412163 194.820938 -226.369781 77.225395 186.381790 -162.166626               2180 
68.651154 180.955338 -218.515213 87.049255 205.347351 -194.747787 104.143379 194.667267 -225.174637 74.147949 190.689545 -160.455353               2189 
64.623215 181.608398 -214.794754 85.092606 207.282501 -194.444092 99.781731 194.054977 -225.119598 74.462044 195.445557 -158.331161               2199 
61.781826 186.410965 -213.007462 83.071480 212.026413 -193.944061 96.867485 198.109268 -224.723892 73.027168 200.900101 -157.439499               2208 
60.332825 191.857651 -209.676819 83.663116 217.302811 -194.092987 95.170975 200.837219 -224.548859 74.866661 208.947220 -156.542053               2217 
59.661713 201.109192 -204.401932 83.748756 224.151962 -188.314758 96.475822 208.726456 -218.701813 73.290184 214.443497 -151.523041               2234 
70.350777 200.825348 -205.887177 87.683273 226.164597 -185.735291 108.060341 214.334976 -213.415833 72.589310 213.257294 -151.634857               2243 
75.672073 202.980530 -205.063766 88.272308 228.849609 -182.612152 112.915909 220.370438 -207.934357 70.922974 213.034760 -150.892166               2251 
86.284615 216.962738 -226.406647 86.824806 233.101639 -178.873123 114.217064 230.029739 -202.543854 69.656525 212.637711 -149.825836               2260 
103.210350 243.195404 -235.631653 86.121307 236.961899 -173.621597 114.301071 237.889725 -196.536728 70.376625 213.340179 -146.210190               2269 
105.808472 256.865479 -233.265991 84.867523 240.441620 -167.448853 113.060432 244.693893 -189.971664 71.236374 214.662247 -140.861603               2278 
102.978432 265.694641 -229.275833 81.939522 243.645660 -162.835098 109.913971 250.848373 -184.879364 70.327324 216.149673 -137.020493               2286 
103.892120 265.470398 -223.318863 80.208778 244.962051 -156.380188 108.979065 251.919403 -177.463333 68.142799 218.335815 -129.871277               2295 
102.779953 262.456635 -218.004150 76.811218 246.955795 -150.187988 106.935730 253.938583 -169.188461 64.569885 222.437393 -121.793198               2304 
109.231697 266.021606 -209.235947 77.947983 249.538895 -143.751480 109.821518 258.132965 -158.911270 64.061462 224.647278 -116.459755               2312 
109.322014 266.567810 -200.726929 76.502167 251.664185 -135.513779 109.089149 259.688843 -149.756104 61.682755 227.487686 -108.070229               2321 
111.027176 273.393341 -190.685379 75.683754 254.534607 -127.800446 109.036118 263.031158 -140.061478 59.518444 228.781082 -102.646820               2330 
113.712051 276.706268 -180.462952 75.573868 256.926056 -119.483749 109.641891 265.109772 -130.121887 57.980206 230.863815 -95.640762               2338 
115.180794 278.513092 -174.755722 75.513214 258.246277 -114.892517 109.977455 266.249298 -124.585907 57.156467 232.031998 -91.803383               2347 
119.561012 276.409363 -164.836105 77.600731 257.936981 -105.939903 113.485748 263.619843 -113.179817 56.798145 232.760651 -83.788811               2355 
116.199013 280.922638 -154.474808 76.419098 259.480164 -95.054016 113.132477 265.044067 -102.073593 56.193272 233.282883 -73.562500               2364 
114.524742 286.463654 -144.721252 73.758324 260.975037 -87.595238 111.140076 267.210724 -92.695625 53.385399 233.298218 -68.199265               2373 
108.407913 296.503143 -132.880951 69.804092 262.841309 -78.536804 106.699425 274.017731 -81.678040 52.754509 231.729095 -61.256516               2382 
108.772583 296.910339 -123.906921 69.335304 262.875580 -70.386063 106.785843 274.376892 -72.796921 52.438068 231.555634 -53.332882               2390 
104.835068 294.710785 -115.934425 67.001289 261.389313 -60.818630 107.887207 266.264832 -72.435738 51.117401 230.211685 -42.572418               2399 
107.186508 290.320496 -108.658058 67.352242 259.275757 -53.612652 110.563904 258.803284 -68.210915 50.067314 228.993637 -35.133190               2407 
104.407768 289.076538 -100.461464 65.483246 257.640167 -44.979229 109.737144 255.942245 -61.162991 48.611198 227.208755 -26.363951               2417 
105.496811 284.470886 -93.116951 64.216774 254.775269 -38.375069 109.351181 250.880753 -53.817852 45.953724 225.055206 -19.923914               2425 
103.808655 279.775085 -85.444405 63.077030 250.649246 -29.982374 108.112289 245.020386 -46.511253 44.233295 221.309540 -11.506389               2434 
102.046005 275.355469 -81.195190 63.270466 247.219406 -23.845272 108.028885 240.932373 -41.712654 44.992199 218.240723 -4.264485               2442 
99.586868 274.574371 -73.485497 62.315220 245.359924 -15.673244 107.407578 240.103165 -33.126846 44.619694 215.998169 3.872142               2451 
80.818413 233.727554 -39.958855 73.517860 218.495789 8.145427 96.166428 226.375946 -32.988621 74.870476 183.294327 25.930084               2460 
78.512451 209.395889 -22.159689 78.680801 203.281677 22.540543 86.259270 212.674789 -26.914398 91.709534 169.305283 37.808914               2468 
78.515938 199.385239 -11.089209 81.475372 194.876846 32.444386 79.312355 205.111893 -16.727352 100.188553 162.435318 44.879429               2477 
76.575775 188.466690 4.462693 83.826561 187.056213 47.134663 73.583527 195.947220 -1.177355 107.660645 157.391159 57.583939               2495 
76.229836 185.985336 9.118059 84.561813 185.451874 51.552418 72.398354 193.493118 3.651427 109.274529 156.384415 61.633636               2503 
76.433304 180.594894 19.912340 86.751472 181.727463 61.847309 72.124565 188.267426 14.390078 112.344955 153.314407 71.590935               2520 
76.139000 177.974411 23.616945 87.195572 180.333557 65.319260 71.607422 185.618835 18.013111 113.514793 152.658340 75.251404               2529 
74.552742 172.754150 35.681210 86.133209 176.180435 77.167648 70.563560 181.897919 29.740894 112.802872 148.936707 87.354614               2555 
74.753555 171.020172 39.004494 86.598907 175.375778 80.333885 71.119347 180.877914 32.809345 113.511185 148.513092 90.888130               2564 
73.829262 167.922516 41.618763 86.782883 174.443634 82.339844 71.033752 179.481049 34.855972 114.250458 148.378525 93.448784               2572 
72.742882 165.190079 45.205894 86.603363 173.713577 85.267288 71.574028 179.549423 37.641609 114.353851 148.238098 97.022125               2583 
71.936142 163.683136 47.111801 86.468513 172.394714 86.904869 71.669914 179.699402 39.462112 114.194016 146.789642 98.434967               2590 
69.328117 161.749298 53.078636 85.206398 169.144897 92.643387 70.862793 179.899933 45.940079 112.046623 142.160004 103.068558               2617 
69.340866 161.316345 53.380104 85.275238 168.996887 92.869362 70.883514 179.583847 46.170826 112.244003 142.176743 103.387550               2618 
68.865288 153.506042 60.488445 86.140968 166.223831 98.084625 70.519691 173.992615 51.780949 115.229317 142.281494 109.827698               2650 
68.531052 152.761566 61.132824 85.855827 165.332947 98.766258 70.627281 173.895920 52.685417 114.834343 141.241135 110.475105               2659 
66.887062 149.828278 62.820778 84.836540 163.611603 99.791840 69.745178 172.163147 54.754959 113.765793 139.717621 112.016502               2676 
66.659653 149.413300 63.100273 84.599442 163.059097 100.182030 69.844887 172.269196 55.716183 113.441971 139.068512 112.422417               2685 
66.493050 149.021637 63.289913 84.426018 162.575226 100.499519 69.987602 172.289688 56.560223 113.206474 138.536530 112.791512               2694 
66.447838 148.782318 63.431633 84.349060 162.323380 100.783203 70.755493 173.185822 57.503025 113.142250 138.341568 113.156219               2702 
66.103104 147.992462 63.626228 84.037788 161.530273 101.155891 71.276848 173.323883 58.510731 112.765602 137.553970 113.690491               2720 
65.774460 147.767624 63.556446 83.770416 160.969818 101.300034 71.489494 173.272324 58.935097 112.221977 136.691238 113.882782               2728 
65.210182 147.629593 63.492203 83.459869 160.398407 101.463371 71.494568 173.187622 59.378334 111.653496 135.782654 113.971413               2737 
64.902435 146.595886 63.763916 83.536423 160.144196 101.587555 71.526672 172.612671 59.951527 112.106705 136.107407 114.364044               2755 
64.646217 146.338013 63.824314 83.564049 160.060562 101.621445 71.543083 172.551910 60.254745 112.236626 136.164764 114.433182               2763 
63.810013 145.354050 64.128349 83.402985 159.268188 101.734238 71.856056 172.477951 61.129932 112.004196 135.300522 114.571213               2773 
61.780270 142.513992 63.702839 83.066086 155.157608 101.147079 71.768166 169.896103 61.448662 110.908836 129.926849 113.207619               2782 
61.127682 142.394226 63.723053 82.775627 155.387146 101.165512 71.404938 169.936752 61.656929 110.891479 130.524292 113.355827               2790 
60.720654 142.524460 63.482365 82.623962 155.403778 101.119789 71.343307 170.043457 61.792782 110.804161 130.630707 113.344284               2800 
60.554024 142.718048 63.226574 82.499893 155.408127 101.153496 71.496719 170.230743 61.930588 110.655121 130.654938 113.475380               2811 
60.367546 142.667404 63.156025 82.372253 155.413727 101.209221 71.459518 170.192780 62.014942 110.603325 130.802002 113.640457               2821 
60.283619 142.538651 63.019337 82.357338 155.623520 101.183449 71.409950 170.082245 61.989449 110.835693 131.408783 113.828445               2852 
60.454239 142.296036 62.654507 82.600212 154.798004 101.071510 71.905769 169.712631 62.009430 110.866089 130.270554 113.589943               2863 
60.436699 142.540344 62.412498 82.658669 154.742325 101.026161 72.040543 169.811340 62.101826 110.895752 130.156158 113.494263               2875 
60.421555 142.719757 62.279430 82.751991 154.784683 100.996429 72.014580 169.758255 62.213535 111.038780 130.230881 113.415565               2886 
60.516930 142.324509 62.186012 83.070206 154.173401 100.955582 72.299339 169.267059 62.257095 111.339058 129.546112 113.269592               2898 
60.437920 142.361908 62.154507 83.093605 154.202072 100.944519 72.254341 169.241806 62.278263 111.391022 129.608902 113.261116               2911 
60.460903 142.263000 61.684067 83.215706 153.299271 100.753853 72.666504 168.936951 62.259853 111.226295 128.279037 112.864227               2924 
60.384415 142.400269 61.606049 83.223579 153.287247 100.764236 72.661903 168.981049 62.322327 111.244637 128.264328 112.844849               2938 
60.083759 142.318069 61.574284 83.204277 152.271622 100.919899 72.943214 168.597275 62.661068 110.776390 126.626434 112.725388               2952 
60.005054 142.497894 61.630486 83.343605 152.340393 100.981514 72.971809 168.694107 62.738777 110.958572 126.700607 112.698235               2966 
59.926945 142.334961 61.921165 83.803680 150.902740 101.404976 73.941017 168.058151 63.314991 110.655571 124.328880 112.809883               2980 
59.715500 142.442673 62.115856 84.119019 149.759842 101.717682 74.719154 167.690826 63.788872 110.310661 122.398811 112.791885               2994 
59.449417 142.453461 62.296608 84.252441 149.276001 101.964912 75.005150 167.299026 63.997360 110.189072 121.672752 113.038231               3008 
59.494431 143.256485 62.606712 84.758080 150.744324 102.049011 74.485275 168.075623 63.974182 111.493736 123.881516 113.042679               3023 
59.907944 144.453293 62.600506 85.249962 151.947937 102.131645 74.379662 169.186935 64.138824 112.529419 125.531845 112.868843               3037 
60.139267 145.089264 62.546589 85.533813 152.528549 102.180237 74.300041 169.712891 64.241539 113.146095 126.394394 112.755394               3052 
60.225208 145.477539 62.346905 85.541420 152.622406 102.176987 74.304245 169.731628 64.189941 113.075729 126.416977 112.779045               3066 
60.511787 146.276749 62.014465 85.460579 153.242157 102.167946 73.950096 169.786057 64.119934 112.953171 127.058678 112.931274               3082 
60.722000 147.210602 61.875050 85.387634 153.988831 102.276680 73.865250 170.316360 64.154907 112.817917 127.780701 113.138535               3099 
60.914368 147.766663 61.720585 85.423355 154.475006 102.245590 74.013702 170.836151 64.027946 112.860352 128.289322 113.144600               3116 
61.220573 148.182022 61.469105 85.514908 154.836975 102.152390 74.295815 171.245865 63.857079 112.965332 128.694748 113.121666               3133 
61.209805 148.669022 61.182983 85.494926 155.374557 101.883057 74.131645 171.606949 63.578209 113.081367 129.354660 112.801849               3150 
61.247681 149.045929 60.915703 85.538727 155.775620 101.627014 74.043716 171.833633 63.330597 113.233772 129.847946 112.490105               3167 
61.332535 149.303818 60.698559 85.559860 156.066986 101.468056 74.025993 171.943192 63.160969 113.313850 130.206146 112.340034               3184 
61.387863 149.523468 60.515633 85.623245 156.265152 101.309608 73.994576 171.904572 62.997169 113.382591 130.389069 112.131523               3202 
61.504036 149.725143 60.353691 85.673355 156.320190 101.225494 73.937897 171.659546 62.883911 113.364693 130.339813 111.971474               3219 
61.665550 149.796921 60.202885 85.683716 156.356613 101.169395 73.762756 171.176971 62.716145 113.345078 130.340897 111.907074               3237 
61.799141 149.877533 60.097233 85.676239 156.398926 101.141068 73.570793 170.733109 62.537243 113.305298 130.342270 111.862625               3255 
61.930145 150.024002 59.999737 85.677910 156.454193 101.126778 73.424973 170.367722 62.361313 113.251328 130.323990 111.812561               3272 
62.082478 150.164322 59.901646 85.685638 156.527481 101.109894 73.321136 170.056427 62.209476 113.201225 130.323975 111.765205               3291 
62.274986 150.316025 59.793930 85.707092 156.629013 101.069031 73.211227 169.783356 62.084473 113.170532 130.345047 111.660515               3308 
62.370327 150.607529 59.790131 85.782112 156.889404 101.030342 73.108887 169.812576 62.012302 113.172623 130.468903 111.469856               3327 
62.385735 150.758133 59.803856 85.801857 157.127563 100.985458 73.013451 169.867615 61.940098 113.144165 130.617615 111.324081               3345 
62.372204 150.687500 59.886864 85.737511 157.167206 101.018417 72.903175 169.675873 61.880997 112.998665 130.548615 111.292007               3363 
62.123077 150.591080 60.124554 85.573074 157.321915 101.094154 72.679871 169.551529 61.843704 112.728256 130.584351 111.339394               3382 
61.914577 150.594620 60.340771 85.467102 157.438354 101.176201 72.531395 169.426178 61.830818 112.483864 130.539734 111.365685               3400 
61.834763 150.568802 60.549881 85.406944 157.651169 101.255226 72.400780 169.235214 61.796577 112.377396 130.700546 111.429916               3419 
61.725887 150.868042 60.686073 85.348587 157.792343 101.326485 72.254364 168.987671 61.836281 112.178886 130.631073 111.309822               3437 
61.638664 151.082947 60.808655 85.315865 157.977646 101.371765 72.132668 168.727432 61.801418 112.075874 130.700394 111.226677               3456 
61.689392 151.235840 60.926678 85.300674 158.105530 101.443123 72.118164 168.558594 61.781033 111.974113 130.700653 111.177971               3474 
61.824097 151.324707 61.065018 85.241821 158.236191 101.559570 72.102058 168.493866 61.803299 111.837883 130.726486 111.210075               3493 
61.965809 151.445313 61.194775 85.191040 158.401535 101.670166 72.100021 168.577301 61.841183 111.724434 130.801712 111.235497               3512 
62.075420 151.442368 61.317978 85.059090 158.597061 101.735214 72.013062 168.659149 61.842010 111.565079 130.958069 111.263359               3532 
62.197453 151.290359 61.429928 84.950569 158.715897 101.770195 71.949448 168.627274 61.824593 111.431183 131.055740 111.307465               3552 
62.273518 151.282715 61.489323 84.828056 158.792313 101.800476 71.914688 168.642242 61.803699 111.257179 131.063644 111.281456               3573 
62.450550 151.301544 61.512566 84.774010 158.880783 101.814865 71.963341 168.767853 61.796913 111.184906 131.107452 111.215553               3594 
62.621304 151.240952 61.542812 84.748642 158.918228 101.801537 71.966537 168.728195 61.788788 111.135696 131.099609 111.135025               3616 
62.753021 151.129868 61.586720 84.745377 158.927734 101.797783 71.955208 168.578918 61.790623 111.117653 131.084427 111.099419               3636 
62.860085 151.091400 61.617668 84.733353 158.948929 101.797371 71.897926 168.156036 61.712685 111.073517 131.058807 111.049553               3658 
62.974426 151.040909 61.620239 84.728668 158.957733 101.785141 71.907631 167.931778 61.620293 111.054527 131.044434 111.008133               3679 
63.077320 151.023407 61.590034 84.732361 158.973801 101.751999 71.900726 167.811264 61.541965 111.042145 131.033707 110.939636               3701 
63.154575 151.253967 61.419964 84.930748 158.211288 101.678551 72.141830 167.817215 61.595688 110.822128 129.712570 110.322929               3722 
63.247196 151.391434 61.158936 85.220566 156.913498 101.524689 72.555450 167.677002 61.654858 110.438545 127.608154 109.431473               3743 
63.327278 151.488113 61.110588 85.238449 156.992462 101.505417 72.506889 167.643600 61.583691 110.479729 127.696312 109.371826               3765 
63.084057 150.881058 60.807224 85.370644 155.788071 101.073128 72.550423 166.859146 61.273239 110.084236 125.961555 108.615288               3785 
62.262157 149.806900 60.892311 85.664970 153.743408 100.618019 72.206390 165.666306 61.192356 109.736389 123.180321 107.230965               3804 
62.131226 149.802734 61.279392 85.573669 154.667892 100.857338 71.946869 165.921112 61.230938 109.962654 124.446106 107.863586               3824 
61.961395 149.625748 61.496571 85.438263 154.809906 100.974770 71.806183 165.918671 61.255779 109.787277 124.585609 108.108032               3843 
61.399166 149.417389 61.699409 85.088234 154.503174 101.027817 71.528526 165.808548 61.284550 109.026947 123.948654 108.142990               3862 
60.668209 149.750839 61.948944 84.619301 155.383575 101.012672 70.731659 166.244293 61.281067 108.673470 124.947166 108.243736               3881 
60.265484 150.324234 61.962727 84.274712 156.246445 100.921120 70.201637 166.948502 61.284691 108.586800 125.997627 108.076355               3901 
60.294090 150.606339 61.832218 84.266739 156.204041 100.841972 70.174271 167.153732 61.385483 108.577614 125.880432 107.677658               3920 
60.625298 149.879272 61.944153 84.760834 154.850281 100.938560 70.676651 166.320877 61.652725 108.755203 124.191963 107.388725               3939 
60.614498 150.248260 62.000576 84.751724 155.171875 101.000648 70.607208 166.690338 61.771992 108.845856 124.563210 107.313232               3958 
60.748127 150.573547 62.041271 84.933372 154.838791 101.088226 70.793625 166.956528 62.034363 108.916542 124.045776 106.907524               3976 
61.078751 151.158020 62.393940 85.168526 155.452301 101.495636 70.919121 167.535706 62.417896 109.448967 124.861984 107.148918               3995 
61.345566 151.710754 62.352230 85.376740 155.247055 101.570389 71.013145 167.803177 62.641266 109.681747 124.570847 106.620483               4015 
61.686661 152.414886 62.565220 85.347404 156.261047 101.982483 70.923119 168.196136 62.796207 110.086845 125.954170 107.151573               4033 
61.995323 153.142349 62.625256 85.239746 156.923798 102.303871 70.854248 168.372559 62.797039 110.263191 126.844467 107.434860               4053 
62.131161 153.542755 62.629086 85.172760 157.183624 102.452034 70.742203 168.196228 62.701607 110.303627 127.178780 107.493393               4072 
62.201378 153.785172 62.509903 85.068932 157.221298 102.470993 70.562462 167.665863 62.522903 110.214340 127.213249 107.419899               4091 
62.277176 153.955566 62.404621 85.008842 157.201157 102.473686 70.409721 167.160004 62.386456 110.189140 127.203438 107.306541               4111 
62.497643 154.364670 62.439205 84.877586 157.691986 102.706017 70.380402 167.159088 62.334972 110.276794 127.893707 107.626328               4131 
62.603794 154.644730 62.268066 84.891266 157.475540 102.630249 70.293198 166.912628 62.271160 110.293510 127.623718 107.197708               4151 
62.750423 154.965240 62.169891 84.918037 157.199265 102.637634 70.262665 166.854553 62.318214 110.305855 127.274109 106.786118               4171 
62.871120 155.193268 62.119709 84.945160 157.013168 102.655556 70.244057 166.861679 62.374016 110.311455 127.027779 106.488846               4192 
62.986328 155.383453 62.048416 84.985184 156.788589 102.628365 70.220680 166.920395 62.413067 110.355179 126.763000 106.105980               4212 
62.844353 155.426132 62.186039 84.717438 157.513733 102.782127 69.923630 167.003372 62.383381 110.330490 127.735352 106.588081               4233 
62.587070 155.504105 62.335094 84.344040 158.372498 102.936378 69.589966 167.061569 62.303242 110.203651 128.864807 107.160446               4254 
62.372223 155.583450 62.505474 84.083397 158.990723 103.077820 69.297386 167.010025 62.331543 110.098663 129.657898 107.556458               4275 
62.221386 155.547455 62.538849 83.868179 159.365341 103.095612 69.129341 166.886093 62.241657 109.998398 130.166534 107.776215               4296 
62.158825 155.559631 62.595352 83.732712 159.650513 103.155182 69.049591 166.860489 62.197502 109.952637 130.552475 107.959999               4316 
62.163818 155.572403 62.641827 83.628479 159.897354 103.217857 69.011391 166.838867 62.199337 109.934982 130.894348 108.122925               4337 
62.167835 155.569473 62.668644 83.544395 160.089523 103.254021 68.976700 166.818695 62.187057 109.918510 131.161240 108.236671               4359 
62.143116 155.600372 62.684067 83.493187 160.243790 103.265129 68.940941 166.811462 62.168976 109.905533 131.356094 108.280647               4380 
62.108189 155.647568 62.741787 83.420677 160.342529 103.327461 68.925499 166.784561 62.173801 109.832893 131.456024 108.350571               4402 
62.058258 155.710083 62.849976 83.326042 160.431946 103.436783 68.953033 166.744232 62.176586 109.705704 131.514221 108.451202               4424 
62.001003 155.745636 62.979389 83.219139 160.535675 103.573891 68.976631 166.688614 62.199696 109.575348 131.604385 108.633255               4446 
61.952110 155.831818 63.058319 83.196915 160.536194 103.645515 68.986832 166.672501 62.226032 109.509590 131.552048 108.628418               4468 
61.887764 155.783997 63.155285 83.125092 160.624130 103.728935 68.950531 166.605942 62.249645 109.467667 131.678177 108.775406               4490 
61.834866 155.743454 63.261333 83.071632 160.663330 103.816780 68.951729 166.563217 62.334480 109.408531 131.716110 108.885574               4512 
61.437107 155.713806 63.550568 82.851494 160.847046 103.979492 68.814400 166.620667 62.459663 109.150475 131.873611 109.095116               4535 
61.046539 155.636536 63.801609 82.666946 160.985138 104.084747 68.669327 166.559509 62.616302 108.922394 131.979309 109.240273               4604 
60.921600 155.596512 63.970638 82.653923 161.062836 104.176239 68.606865 166.529083 62.726128 108.921867 132.069977 109.341049               4628 
60.812771 155.466537 64.099579 82.614304 161.089722 104.239883 68.589096 166.466156 62.773209 108.900932 132.121597 109.448273               4652 
60.644501 155.316177 64.290840 82.576332 161.115585 104.326942 68.536041 166.360687 62.859821 108.870918 132.159134 109.560043               4675 
60.593704 155.286102 64.384995 82.583549 161.169022 104.364189 68.478386 166.344864 62.979115 108.926376 132.250244 109.562851               4699 
60.589653 155.249756 64.446106 82.581161 161.180954 104.388466 68.451828 166.335175 63.055744 108.934967 132.267273 109.559807               4723 
60.586784 155.166687 64.538597 82.594185 161.185883 104.426430 68.387169 166.272980 63.133167 108.972939 132.289688 109.568153               4746 
60.592598 155.106430 64.587021 82.573631 161.211578 104.439049 68.216042 166.110855 63.296654 108.987442 132.343903 109.561043               4770 
60.513664 155.085373 64.636467 82.489365 161.293777 104.447983 68.047607 166.109268 63.453609 108.934044 132.451935 109.556190               4794 
60.406704 154.979111 64.741852 82.391525 161.428131 104.477287 67.871689 166.083054 63.596203 108.882622 132.638229 109.637695               4817 
60.331039 154.753723 64.846397 82.317467 161.527283 104.495758 67.769836 166.007553 63.714542 108.846336 132.794189 109.777397               4841 
60.302666 154.517776 64.920448 82.239197 161.585587 104.506401 67.705879 165.980972 63.840729 108.791489 132.896805 109.909721               4864 
60.348019 154.341461 64.952797 82.217461 161.589630 104.499763 67.740608 166.059311 63.939552 108.779854 132.920868 109.959412               4887 
60.420467 154.166443 64.985435 82.205086 161.589233 104.498558 67.789337 166.165237 64.020622 108.774895 132.936646 110.006783               4910 
60.496403 153.921402 65.023476 82.182907 161.578781 104.493141 67.928596 166.442612 64.163193 108.772438 132.960602 110.084488               4933 
60.539967 153.710602 65.048889 82.162193 161.569016 104.488083 68.027962 166.674423 64.296143 108.770264 132.983337 110.156914               4956 
60.590427 153.507523 65.075989 82.143150 161.560043 104.483429 68.099998 166.853531 64.404167 108.768356 133.004532 110.223396               4979 
60.636536 153.313034 65.101242 82.124527 161.550827 104.477119 68.139618 166.958939 64.489853 108.767334 133.025803 110.286652               5001 
60.676067 153.018265 65.110764 82.107727 161.516983 104.446587 68.169426 167.066544 64.573120 108.771034 133.036392 110.378769               5024 
60.724838 152.752701 65.133423 82.094597 161.484116 104.434731 68.198105 167.212692 64.646584 108.773308 133.042007 110.481148               5047 
60.794487 152.492432 65.152710 82.084984 161.478256 104.423897 68.242821 167.466492 64.745735 108.798592 133.095200 110.592491               5069 
60.851814 152.069412 65.171890 82.057816 161.450439 104.386299 68.296875 167.614716 64.813904 108.835632 133.176025 110.771637               5092 
60.883476 151.500763 65.212524 82.022926 161.396667 104.328064 68.341187 167.705093 64.851219 108.877625 133.262253 111.002365               5114 
60.882656 151.054169 65.271172 82.010262 161.348862 104.293655 68.389030 167.867737 64.867821 108.910736 133.309982 111.182228               5136 
60.899288 150.536224 65.322327 82.002541 161.284729 104.244202 68.454964 167.965729 64.910126 108.972603 133.376831 111.387817               5158 
60.899010 149.940002 65.385689 81.961136 161.191833 104.192085 68.548164 168.010010 64.965584 108.993439 133.423355 111.637398               5179 
60.843182 149.157990 65.443626 81.881989 161.017273 104.081116 68.451759 167.615723 64.880074 108.985886 133.412323 111.866486               5201 
60.140831 146.464127 65.453812 81.648758 158.817764 103.680824 68.299080 165.478699 64.494156 108.188957 130.814301 111.968758               5222 
59.704685 144.863052 65.433350 81.514534 157.520950 103.404251 68.258789 164.435364 64.224663 107.736069 129.308502 111.992355               5244 
59.491825 144.251831 65.508049 81.425690 157.095291 103.358765 68.265877 164.312363 64.181839 107.545448 128.830505 112.083832               5263 
59.585106 144.179916 65.478928 81.418945 157.332489 103.295006 68.242119 164.529144 64.181519 107.733910 129.281219 112.121956               5283 
59.840439 143.926697 65.383026 81.427704 157.573227 103.178154 68.279793 164.563339 64.072609 108.033737 129.872864 112.237717               5301 
59.969421 143.533630 65.337929 81.463257 157.481049 103.088562 68.351517 164.599976 64.083580 108.156494 129.923676 112.325935               5320 
60.183659 143.407974 65.156311 81.489380 157.513458 102.965057 68.404251 164.780243 64.030701 108.309601 130.110870 112.294571               5339 
60.395432 143.373566 64.936417 81.541824 157.531113 102.846825 68.448601 164.931900 64.007431 108.469269 130.240967 112.197098               5358 
60.578976 143.313339 64.703575 81.570351 157.473892 102.729378 68.495201 165.030731 63.954494 108.560371 130.252747 112.100334               5377 
60.803703 143.198807 64.549187 81.602074 157.525604 102.646416 68.526703 165.079422 63.916561 108.708046 130.459579 112.131287               5396 
60.987850 143.143204 64.421349 81.636688 157.582825 102.582787 68.544662 165.155609 63.899029 108.832581 130.633698 112.142838               5414 
61.278492 142.964432 64.241760 81.735161 157.704391 102.415680 68.566948 165.139938 63.796097 109.127678 131.006134 112.117233               5433 
61.570736 142.807739 64.070412 81.829628 157.819168 102.265999 68.617218 165.183258 63.727139 109.406403 131.360138 112.099991               5452 
61.847023 142.544296 63.934494 81.917770 157.920273 102.104836 68.654762 165.188416 63.664276 109.696114 131.739304 112.114182               5471 
62.016556 142.247284 63.832451 81.978142 157.971680 101.970680 68.665581 165.185486 63.649498 109.923561 132.032028 112.141914               5490 
62.066120 141.985458 63.772732 82.008705 158.003784 101.872414 68.667381 165.319336 63.685970 110.075073 132.248840 112.179123               5509 
62.039146 141.816116 63.662960 82.028412 158.007202 101.779694 68.667244 165.431442 63.731873 110.177750 132.378632 112.174767               5530 
62.000698 141.677017 63.579277 82.042809 158.011032 101.714996 68.650291 165.483688 63.756268 110.258614 132.483917 112.179276               5551 
61.971466 141.594925 63.512730 82.058304 158.011703 101.685989 68.650024 165.579178 63.800266 110.315346 132.548004 112.193443               5572 
61.953568 141.458542 63.422539 82.060295 157.974533 101.634804 68.658966 165.634903 63.811676 110.375847 132.596191 112.191109               5593 
61.949188 141.338806 63.336346 82.068413 157.913284 101.589073 68.673874 165.685318 63.810219 110.429443 132.597687 112.173889               5615 
61.939316 141.224136 63.194881 82.094421 157.880402 101.517097 68.682259 165.688339 63.780605 110.538834 132.674194 112.139198               5636 
61.919743 141.111450 63.042152 82.111862 157.837738 101.437798 68.685509 165.684784 63.749348 110.632530 132.738144 112.107750               5658 
61.889130 140.515381 62.769062 82.154243 157.159531 101.264717 68.772636 165.222244 63.646507 110.625046 132.013519 111.958542               5679 
61.917309 140.317322 62.729515 82.217644 157.095139 101.235023 68.779442 165.099854 63.618214 110.755066 132.055496 112.000626               5701 
61.926788 140.166687 62.703274 82.263947 157.066010 101.209961 68.747200 165.002991 63.601959 110.860229 132.119568 112.035568               5722 
61.974701 140.009842 62.681576 82.338127 157.033234 101.184120 68.742561 164.928635 63.592186 110.990967 132.178696 112.071396               5743 
61.991325 139.940613 62.643299 82.357063 157.013138 101.179451 68.714012 164.915100 63.596153 111.027985 132.202698 112.119629               5764 
62.042587 139.855392 62.601460 82.395927 156.955276 101.182449 68.721611 164.896362 63.585102 111.067284 132.170624 112.179764               5786 
62.042442 139.809021 62.543804 82.422684 156.909134 101.191338 68.725403 164.890579 63.572140 111.094658 132.148041 112.239990               5807 
62.001492 139.811218 62.497738 82.428459 156.905899 101.196091 68.694260 164.915176 63.561146 111.105240 132.162796 112.272530               5828 
61.948643 139.830292 62.436089 82.440948 156.911743 101.202812 68.690460 164.953888 63.538338 111.127144 132.195450 112.314667               5850 
62.046616 139.749115 62.387009 82.549232 156.885681 101.224380 68.777977 164.889664 63.514030 111.286957 132.261642 112.407700               5871 
62.175648 139.660919 62.279774 82.592766 156.835632 101.216499 68.855530 164.859421 63.451283 111.383255 132.312607 112.485741               5893 
62.305443 139.521729 62.203815 82.647079 156.770294 101.218956 68.922653 164.754913 63.397488 111.497772 132.365555 112.590515               5916 
62.285202 138.132233 61.741394 82.702049 154.762512 101.084702 69.344978 163.402664 63.191811 111.119026 129.873245 112.498131               5938 
62.556225 138.013702 61.762352 82.840279 154.753387 101.231728 69.602875 163.380768 63.204552 111.285194 129.995087 112.858391               5961 
62.580311 138.029266 61.726334 82.900101 154.790924 101.279976 69.652115 163.384491 63.184669 111.376701 130.115509 113.004890               5983 
62.792130 137.588470 61.673969 83.196297 154.134918 101.438530 70.175705 163.039734 63.223763 111.495041 129.333649 113.327377               6005 
62.773163 137.689209 61.561211 83.258171 154.171448 101.463463 70.271736 163.183014 63.178238 111.579033 129.432190 113.428612               6027 
62.787712 137.756195 61.475605 83.311096 154.207214 101.483475 70.354683 163.290192 63.133316 111.650017 129.521561 113.516357               6049 
62.797535 137.827072 61.397934 83.340584 154.233612 101.502602 70.423538 163.374359 63.091942 111.673889 129.569962 113.593727               6071 
62.960457 137.958069 61.295444 83.426735 154.332764 101.525925 70.607689 163.608963 63.038498 111.772034 129.722519 113.697479               6092 
63.037403 138.073395 61.198479 83.535568 154.376358 101.540260 70.771332 163.817993 63.016129 111.883148 129.780869 113.736298               6114 
63.095753 138.131165 61.130188 83.598274 154.370758 101.556282 70.875603 163.878677 63.001400 111.930824 129.770599 113.777794               6136 
63.816254 138.353958 60.774563 84.320374 153.689484 101.620644 71.727150 163.998291 63.174549 112.502632 128.740967 113.478096               6158 
64.122574 138.061371 60.490475 84.487694 152.737274 101.719673 72.348145 163.585831 63.217644 112.285179 127.378395 113.614777               6180 
63.984718 137.448776 60.414326 84.481560 151.607483 101.858452 72.742477 162.805771 63.259670 111.769310 125.756561 113.874084               6202 
63.807419 137.519516 60.358467 84.427162 151.600449 101.863564 72.697372 162.841675 63.211037 111.683891 125.730232 113.908028               6223 
63.647266 137.614471 60.286850 84.413696 151.616714 101.850548 72.665497 162.910477 63.168369 111.671135 125.748383 113.897469               6244 
63.634727 138.218613 60.338657 84.412170 152.346832 101.939247 72.595161 163.534760 63.217197 111.838280 126.681175 114.036720               6266 
63.416004 138.714752 60.214256 84.420883 152.829605 101.801895 72.373894 163.977310 63.117992 111.988213 127.265312 113.792534               6287 
63.151661 139.155121 60.193081 84.392944 153.109100 101.799492 72.197876 164.312836 63.147572 111.961937 127.494843 113.679192               6309 
62.912643 139.514557 60.196671 84.355759 153.347382 101.826080 72.010277 164.547577 63.179604 111.925682 127.701324 113.634781               6330 
62.710583 139.643204 60.174755 84.361900 153.275909 101.866982 71.965332 164.565323 63.219254 111.891533 127.554764 113.606171               6351 
62.361622 140.062714 60.413033 84.231033 154.249817 101.930344 71.506676 164.975204 63.188004 112.049881 128.912186 113.820801               6373 
62.207634 140.309692 60.400639 84.201752 154.384567 101.983337 71.410484 165.101654 63.213890 112.026375 129.040359 113.846222               6394 
62.090515 140.426071 60.343483 84.196068 154.398163 101.983078 71.348488 165.114731 63.194118 112.019287 129.041275 113.822098               6415 
61.893757 140.640549 60.211624 84.166061 154.145691 101.993614 71.377380 165.177994 63.248909 111.842529 128.559982 113.683388               6436 
61.799328 140.845505 60.216782 84.117584 154.366608 102.019035 71.267426 165.322327 63.240036 111.847679 128.844742 113.721291               6457 
61.725983 141.106674 60.211441 84.048294 154.813766 101.990364 71.072090 165.550995 63.160629 111.920258 129.471115 113.744934               6479 
