23.046175 194.329926 82.480911 70.370186 156.128464 104.526962 46.147808 156.385788 71.818932 93.068459 124.270729 99.317375                  0 
23.059187 194.266724 82.427567 70.386726 156.101471 104.525795 46.220482 156.383240 71.735840 93.104530 124.250221 99.361984                 24 
23.054844 194.254257 82.426147 70.402222 156.076202 104.524712 46.300560 156.431610 71.614815 93.138298 124.231056 99.403770                 48 
23.096336 194.090134 82.399376 70.474442 155.980988 104.653175 46.651794 156.573730 71.399605 93.260544 124.144279 99.705040                 73 
23.097389 193.790939 82.271423 70.513550 155.857376 104.826599 47.140980 156.761917 71.099281 93.374527 124.033508 100.148567                 97 
23.049383 193.528351 82.183609 70.497604 155.739075 104.956573 47.619381 157.142792 70.698570 93.402237 123.918625 100.472900                120 
22.968149 193.211731 82.154602 70.471016 155.589096 105.130363 48.110275 157.513199 70.336769 93.422829 123.777260 100.830673                143 
22.879719 192.978745 82.166031 70.441139 155.464203 105.274422 48.575745 157.854630 70.020134 93.432144 123.662415 101.111954                165 
22.809973 192.813660 82.182213 70.421066 155.357819 105.405853 49.049511 158.171432 69.725685 93.428467 123.549759 101.384239                187 
22.740337 192.666656 82.204483 70.392670 155.249695 105.526306 49.559643 158.446503 69.473793 93.411789 123.435287 101.623756                208 
22.682079 192.520584 82.240227 70.354614 155.135635 105.681381 50.022179 158.633652 69.330406 93.383881 123.314148 101.898239                229 
22.659512 192.392700 82.236717 70.317291 155.018997 105.809792 50.464153 158.793777 69.176582 93.337265 123.177238 102.142433                251 
22.645592 192.298462 82.251709 70.288582 154.944611 105.932922 50.780064 158.916092 69.108078 93.296211 123.083412 102.358101                271 
22.640978 192.231018 82.286118 70.270126 154.883148 106.038902 51.024467 159.015335 69.088318 93.260536 123.002434 102.527924                291 
22.640263 192.184601 82.317482 70.258698 154.838989 106.118332 51.245533 159.132690 69.066574 93.230392 122.939957 102.651482                312 
22.745083 192.127869 82.461006 70.329941 154.721115 106.252029 51.486183 159.195084 69.129395 93.222397 122.763199 102.803284                333 
22.883528 192.078659 82.623657 70.445251 154.586914 106.347672 51.708061 159.247910 69.184814 93.234787 122.556618 102.888763                354 
23.001253 192.023804 82.766449 70.553535 154.465088 106.420410 51.929752 159.309799 69.211166 93.255539 122.373901 102.950386                374 
22.979244 192.000214 82.755898 70.538574 154.455002 106.434074 52.109177 159.445450 69.150284 93.237808 122.359001 102.990486                395 
22.937845 191.959808 82.746071 70.502998 154.437836 106.467873 52.252140 159.535828 69.124962 93.200729 122.336151 103.067680                418 
22.907095 191.915924 82.711563 70.478065 154.413467 106.467316 52.538082 159.718292 69.018341 93.169632 122.303391 103.105515                438 
22.877075 191.873230 82.672180 70.458817 154.395172 106.453873 52.945469 160.000259 68.867455 93.147980 122.280190 103.122757                460 
22.853533 191.847748 82.655228 70.442932 154.388046 106.455444 53.189053 160.167633 68.807030 93.130112 122.269447 103.145699                483 
22.806120 191.839188 82.598297 70.377602 154.367554 106.426735 53.261124 160.215134 68.752350 93.037361 122.226265 103.149681                505 
22.761703 191.837524 82.555946 70.319687 154.354370 106.404655 53.309246 160.254135 68.721443 92.957687 122.195297 103.151749                528 
22.725300 191.836929 82.510841 70.273407 154.342468 106.381859 53.430195 160.319260 68.665718 92.893036 122.167847 103.155014                551 
22.696445 191.833206 82.477242 70.238113 154.335068 106.369926 53.552212 160.380676 68.622658 92.842865 122.147552 103.167488                574 
22.671848 191.827393 82.446693 70.207268 154.328598 106.359497 53.669109 160.433487 68.578720 92.799026 122.129845 103.178413                598 
22.652351 191.822159 82.423744 70.184807 154.324371 106.353912 53.780632 160.483200 68.540459 92.765305 122.115913 103.191246                621 
22.633886 191.817429 82.402763 70.164429 154.320541 106.348839 53.872051 160.524017 68.502739 92.734734 122.103294 103.202896                644 
22.616400 191.813156 82.383369 70.145828 154.317047 106.344215 53.947746 160.559555 68.464012 92.706810 122.091789 103.213554                668 
22.599432 191.809174 82.364136 70.128708 154.313828 106.339958 54.015060 160.585068 68.428642 92.681137 122.081215 103.223373                692 
22.583300 191.807770 82.347519 70.112915 154.310852 106.336029 54.097618 160.623199 68.387085 92.657448 122.071472 103.232437                716 
22.569323 191.809540 82.337250 70.103249 154.310120 106.331879 54.187531 160.670563 68.351120 92.641518 122.065521 103.236855                739 
22.556278 191.808075 82.324585 70.096657 154.310501 106.327896 54.273628 160.719696 68.320869 92.629723 122.061615 103.239670                764 
22.541059 191.805557 82.309937 70.090607 154.310852 106.324242 54.433914 160.818420 68.254433 92.618896 122.058037 103.242271                789 
22.524588 191.787643 82.279053 70.084839 154.311172 106.320755 54.658176 160.965530 68.158318 92.608582 122.054619 103.244743                814 
22.516048 191.786011 82.264290 70.082687 154.311584 106.319298 54.899532 161.120331 68.051659 92.601631 122.051346 103.246666                839 
22.508032 191.785034 82.251808 70.080673 154.311966 106.317932 55.087723 161.223328 67.986275 92.595100 122.048271 103.248466                863 
22.500538 191.785355 82.240662 70.078705 154.312332 106.316597 55.262348 161.322220 67.921242 92.588730 122.045280 103.250229                888 
22.493303 191.782593 82.226822 70.076790 154.312683 106.315292 55.392319 161.386261 67.877480 92.582527 122.042358 103.251945                912 
22.509193 191.807816 82.128113 70.050323 154.308502 106.260612 55.365509 161.349991 67.812469 92.465286 121.970840 103.242065                936 
23.058563 194.097031 66.738487 71.452324 158.372360 91.955864 56.265949 163.607315 53.414993 94.342285 126.286095 90.009537               1009 
21.997997 196.365997 54.250084 70.689842 162.689697 81.699104 55.155338 165.035156 43.011894 93.614769 130.570282 81.939720               1034 
24.384264 202.159393 39.346786 71.844955 168.656952 69.238449 56.430630 169.067627 30.458355 93.541473 135.784897 71.678772               1051 
25.336094 206.920609 21.978697 71.786644 173.661423 53.902065 56.068504 172.256165 15.331836 92.207321 140.192474 58.384415               1068 
26.850767 210.093689 8.263604 71.913506 177.389709 42.852516 57.159374 174.743515 4.050471 91.650154 143.817657 49.228134               1081 
28.104847 212.242813 -1.966189 71.706299 179.298050 34.459972 58.625175 177.018188 -4.810782 91.197273 145.713837 41.493355               1091 
29.864883 214.527298 -13.398564 72.051857 181.122284 24.618420 59.584015 178.573761 -14.619874 90.655151 147.261810 32.659042               1101 
31.068699 217.094711 -22.701185 71.715317 183.079895 16.775925 60.220615 180.679443 -22.557316 89.634354 149.018066 25.491821               1109 
31.704784 219.260132 -34.157959 71.006035 185.482788 7.321347 60.410675 182.935760 -31.633644 88.629379 151.572800 17.159891               1118 
33.410027 225.057083 -61.590179 68.769554 191.307755 -16.045143 60.508774 188.380081 -54.731380 85.080177 157.475922 -3.935764               1135 
34.557556 226.379257 -71.754799 68.154388 193.155136 -24.183750 60.723030 189.453949 -62.638882 83.852058 159.544373 -10.723972               1144 
36.465252 227.512283 -81.554863 68.785408 194.427444 -32.551926 61.777534 190.236877 -70.589821 84.184235 161.040939 -18.217211               1153 
42.106510 230.150909 -101.291176 71.409851 197.206619 -49.871841 66.715897 192.903168 -87.837151 86.455376 164.181015 -34.373180               1172 
42.436737 234.908234 -113.339180 68.579781 199.970749 -61.382095 65.406822 196.653946 -99.481056 82.195724 166.283112 -45.986790               1181 
52.058453 235.814301 -134.507629 74.771393 200.720886 -80.810760 70.362740 195.789597 -118.074127 85.429787 166.705322 -63.881306               1204 
54.507542 230.435043 -151.560547 79.369682 198.914139 -96.463661 76.009682 192.673187 -133.432373 93.291016 166.644531 -78.515549               1231 
50.828632 224.371796 -165.452499 79.450539 202.174225 -107.808708 76.878876 192.120987 -143.950317 97.566574 173.873016 -87.117706               1248 
47.665733 219.607346 -173.428619 77.680321 203.651611 -114.662155 75.665489 191.372421 -150.117584 97.919800 178.012711 -92.519958               1259 
49.375118 220.344971 -182.494370 78.658051 206.056946 -123.183258 77.191765 193.641571 -158.617447 99.197502 180.916199 -100.748024               1281 
54.414089 231.213623 -190.335815 77.796463 205.586365 -132.636353 78.184364 200.453018 -170.080719 93.999222 175.004730 -113.675850               1302 
57.103615 231.445496 -194.297745 79.166466 207.662292 -135.491592 80.245155 202.147827 -172.993866 93.769196 177.107117 -115.233063               1309 
61.810738 230.579803 -199.663422 81.056763 208.257706 -139.674698 83.939964 202.970306 -177.423233 92.927185 177.369705 -118.173721               1326 
63.225216 229.724548 -201.242554 81.978928 207.987366 -141.041565 85.722214 203.050766 -179.001282 93.272034 177.064087 -119.281898               1335 
62.845627 229.225616 -203.681427 80.787651 207.543976 -143.389969 86.429504 203.871582 -181.727432 91.639877 176.424866 -121.685204               1351 
63.653099 226.754059 -206.462845 79.559425 206.739655 -145.208420 87.022079 202.783539 -183.370041 89.871124 176.090698 -122.590347               1360 
63.420403 222.576645 -210.682816 79.568176 206.660629 -148.420670 87.234444 200.797409 -186.356140 90.458656 177.524261 -124.136192               1370 
64.433868 220.373962 -214.027283 81.413460 206.354065 -151.714020 89.244469 200.397964 -189.802017 93.290253 177.891678 -127.094902               1386 
63.894928 218.296722 -215.933624 81.445320 206.342270 -153.598694 89.477028 200.131973 -191.815063 93.842613 178.493698 -128.538162               1396 
63.707485 215.480225 -218.579681 80.827553 206.343979 -156.027618 89.906418 200.018677 -194.492264 93.777206 179.397659 -130.269730               1413 
66.613998 213.190842 -224.813385 80.512665 207.577591 -161.279236 93.082924 202.421310 -199.164886 95.176781 182.834488 -134.260544               1422 
70.832115 211.680695 -230.121826 79.932838 208.556732 -165.875671 95.695732 204.441788 -202.882996 95.014809 185.613815 -137.530960               1438 
70.438789 207.145020 -233.736984 78.742416 208.070541 -169.506958 95.092216 203.385971 -206.584671 95.213799 187.659500 -140.022232               1456 
70.037796 208.203232 -234.625702 78.569305 208.292816 -170.508621 94.640297 203.836472 -208.016693 94.807701 187.168442 -141.399490               1464 
71.100822 205.966446 -237.285477 78.229721 207.997528 -173.439423 94.529831 202.297882 -211.315079 93.462967 186.988251 -143.710236               1482 
70.366722 203.666046 -238.436829 77.465042 207.158813 -174.883270 93.429787 200.585510 -213.116287 92.489906 186.394058 -144.877518               1499 
72.064804 203.336243 -239.492767 77.710457 206.854263 -175.946533 94.326500 200.554810 -214.134125 92.218849 185.964935 -145.773544               1517 
72.340805 203.148758 -239.465607 77.812576 206.807983 -176.018692 94.351135 200.636368 -214.434418 92.330536 185.871841 -145.882767               1534 
72.651878 202.217880 -239.903534 78.189278 206.310928 -176.570557 94.521294 199.890961 -215.210144 92.602585 185.384674 -146.377594               1551 
72.621254 201.921432 -239.983627 78.252548 206.223846 -176.717987 94.428398 199.730530 -215.493423 92.709396 185.326736 -146.525665               1560 
72.707428 201.813614 -239.955734 78.348915 206.229065 -176.755585 94.349060 199.734222 -215.703552 92.840775 185.312607 -146.593460               1569 
72.530090 201.876190 -240.054810 78.449699 206.229660 -176.941315 94.108070 199.824600 -216.137711 93.034676 185.160538 -146.930695               1586 
72.410927 201.935013 -240.077301 78.466599 206.235474 -176.995605 93.975014 199.867645 -216.299561 93.093102 185.095428 -147.055145               1595 
72.561234 201.587158 -240.599472 78.594086 206.278076 -177.579773 94.043854 199.877106 -216.960129 93.387405 185.359299 -147.565948               1612 
73.232819 201.497787 -240.909775 78.902122 206.295563 -177.883057 94.487801 199.798706 -217.256195 93.395370 185.334564 -147.752533               1622 
73.593948 201.633698 -241.263870 79.081650 206.400650 -178.244553 94.572128 199.809448 -217.678024 93.213440 185.248550 -148.075912               1635 
73.802689 201.579086 -241.546631 79.238792 206.396790 -178.550720 94.179230 199.519257 -218.017731 92.979828 185.056458 -148.334167               1651 
73.895874 201.322968 -241.505325 79.372498 206.332397 -178.542252 93.811668 199.037689 -217.969559 92.840408 184.926941 -148.248886               1661 
74.476875 201.020905 -241.420135 79.693695 206.342117 -178.491226 93.130417 199.202759 -217.646133 92.612938 184.854919 -148.017303               1673 
74.147018 199.780258 -241.318954 79.517265 205.920609 -178.506729 92.149254 199.196167 -217.423737 92.023972 184.585846 -147.754883               1691 
72.955376 199.213104 -241.290604 78.671646 205.945755 -178.572952 91.032684 199.860291 -217.362854 91.090317 184.793335 -147.659882               1701 
72.165337 197.647812 -241.385025 76.686134 207.874725 -179.048477 90.096680 202.472244 -217.158310 89.248810 188.779297 -146.880020               1721 
69.863731 196.664795 -241.056366 74.681824 208.802063 -179.125214 87.950638 203.189743 -217.142181 87.580795 190.719376 -146.507736               1732 
65.942581 197.051193 -239.613052 71.617393 210.406540 -178.057632 84.372650 204.457977 -216.363037 85.415985 193.081985 -145.396881               1743 
63.142330 196.494843 -234.016251 70.390221 210.216034 -172.753799 82.526497 203.880447 -211.417725 84.050858 192.607391 -140.187103               1755 
57.230072 200.696762 -228.332199 67.721436 212.449844 -167.182648 78.035736 207.686081 -206.786484 82.892281 193.668198 -135.967880               1768 
53.068077 200.295380 -227.861298 59.901562 215.207001 -166.940399 72.278236 210.549133 -206.099655 75.775536 199.162796 -134.569626               1791 
56.234699 202.724548 -227.750473 60.630386 215.937408 -166.239624 74.800285 211.705902 -204.884979 74.097130 198.417938 -133.544342               1801 
68.745667 223.101822 -212.404816 58.958912 231.214539 -150.683731 83.271454 226.037186 -183.680267 56.048618 208.609055 -118.468987               1843 
71.739029 224.103195 -210.711578 60.243546 232.389984 -149.320908 87.308853 229.309662 -179.185196 55.646629 209.805466 -117.288506               1853 
73.340286 228.518295 -201.815308 60.437977 237.063217 -140.774963 94.209892 243.578629 -160.195923 54.455536 214.539032 -108.929443               1874 
63.848713 222.733490 -191.711533 55.047386 234.456909 -130.486694 89.907051 238.726501 -149.813278 48.327568 213.656708 -97.631516               1884 
59.913498 222.492950 -183.000916 53.032616 235.517029 -121.812904 88.281174 238.690887 -141.233276 46.126740 215.507553 -88.508308               1894 
55.707375 230.555359 -162.563599 50.481552 239.046143 -100.448364 85.980698 240.642029 -119.925133 41.944916 217.036667 -68.825981               1912 
63.242245 228.685303 -155.285767 52.787449 237.472153 -93.887451 90.138741 235.229141 -109.727203 38.815063 216.390686 -63.595371               1920 
77.650085 228.100037 -136.938461 58.050545 234.709534 -77.561234 96.339981 223.384872 -86.349174 33.478531 216.034302 -52.970222               1938 
56.216095 242.243591 -111.567513 54.332794 224.233704 -48.436596 68.504669 223.485062 -82.726135 50.053551 192.640671 -25.180746               1947 
12.546376 242.718918 -80.673813 45.885765 217.455872 -25.149536 31.593372 210.057983 -67.036179 64.758652 186.989594 -8.630283               1964 
2.056310 242.661545 -65.412865 44.124531 216.221359 -15.320910 22.904007 206.802460 -55.453712 66.563995 186.439178 -2.407419               1976 
-4.467181 243.810501 -44.915180 43.171307 215.872711 -0.536974 17.720413 206.998962 -38.986050 67.616150 186.234421 8.478959               1994 
-4.642501 250.745438 -29.931133 40.763428 216.816742 12.791949 14.417128 211.791214 -26.006977 62.646172 184.851395 20.317154               2011 
29.453451 252.602310 -32.485100 45.876801 218.473801 27.701284 30.747965 211.911591 -16.553530 51.339760 184.426865 46.890579               2042 
50.344040 202.853165 4.565197 67.723434 192.753250 52.145771 53.809944 186.599579 5.944337 85.323181 161.032104 67.679123               2059 
60.760963 186.614273 16.981323 71.121056 187.537613 60.054783 58.826241 183.907425 11.820516 91.535667 156.923080 74.311722               2070 
63.354347 179.026581 27.697285 71.768944 184.346878 69.251640 60.731937 184.447601 19.771891 94.344559 155.071259 83.055496               2087 
62.462402 175.259583 33.020340 71.688309 182.228256 73.784027 60.492023 184.600037 23.712070 94.601036 153.014389 87.156525               2102 
61.971535 172.196930 38.430283 73.038284 181.213211 78.201286 61.175598 185.038177 28.524099 96.409241 152.393646 91.636200               2114 
61.334789 169.368958 43.112068 74.118492 179.675980 82.010963 61.255016 184.404083 32.911743 97.798721 151.031509 95.277733               2124 
60.593616 167.807251 45.788746 74.047470 178.742065 84.270279 61.198360 184.270874 35.552799 97.861839 150.199005 97.515480               2129 
58.146473 165.544113 52.298622 73.424797 176.458466 90.067696 60.207008 183.679016 42.213844 96.142662 146.846893 102.886421               2154 
58.049686 162.582306 60.188683 73.589439 172.219788 98.201614 61.141193 181.759537 50.885025 95.500519 141.690384 110.248482               2189 
58.721218 161.092773 61.549107 74.152519 171.193085 99.488678 61.857044 180.416260 52.178806 96.239647 140.911774 111.836464               2198 
59.826462 159.523026 63.490482 74.916069 169.635178 101.574944 63.285065 179.530563 54.680729 97.338913 139.574356 113.856224               2220 
60.064106 159.054214 63.948368 75.111374 169.096191 102.071053 63.743694 179.270828 55.316338 97.474998 138.986099 114.339600               2226 
60.393963 157.173294 65.419945 75.505409 168.360870 103.205261 64.351570 178.260254 56.872414 98.658653 139.031357 115.892792               2241 
60.519928 154.889969 66.831116 75.673782 168.185196 103.922470 64.817360 177.005157 57.857498 99.783119 140.116379 117.639145               2255 
59.726307 154.579437 67.258690 75.206413 167.837372 104.233803 65.052139 177.170120 58.518559 98.757317 139.381027 118.121109               2265 
58.920448 152.994339 68.544395 74.784760 167.135101 105.056168 65.088936 176.191803 60.165413 98.329277 138.930710 119.458733               2284 
58.678413 152.721100 68.705269 74.638168 166.967865 105.143738 65.420738 176.423203 60.915684 98.097916 138.739319 119.637070               2298 
58.627632 152.223938 68.865784 74.618034 166.659500 105.228401 65.800110 176.464554 61.605633 98.145157 138.527756 119.800468               2311 
58.773697 150.871262 68.834671 74.435448 165.633789 105.223213 65.990540 175.714706 62.217834 98.357216 137.897659 119.910713               2326 
59.207375 149.163635 68.403671 74.160309 164.315231 104.947678 66.180855 174.612137 62.520821 98.477859 137.095520 119.947998               2340 
59.519016 147.768997 68.417648 74.222328 163.426483 104.905632 66.279648 173.716843 62.951401 98.958839 136.694138 120.096207               2355 
59.592873 146.766983 68.512810 74.227745 162.865387 104.897377 66.364304 173.182266 63.243217 99.214226 136.468231 120.263977               2369 
59.313362 145.927185 68.326523 73.987221 161.936539 104.799065 66.301094 172.568970 63.385155 98.861557 135.422852 120.146965               2381 
59.425987 144.610336 68.486626 74.102371 161.380157 104.709000 66.299736 171.768158 63.507351 99.394424 135.423523 120.324120               2392 
59.118473 143.618942 67.896080 73.748520 160.385757 104.277161 66.154701 171.095749 63.308605 99.033394 134.436325 119.915833               2410 
59.328583 142.564209 67.895554 73.861298 159.977539 104.176682 66.132652 170.464996 63.355446 99.596886 134.614578 120.040665               2421 
59.366394 141.735062 67.675575 73.993881 159.571777 103.955513 66.287758 170.179672 63.394588 99.965530 134.566696 120.001877               2431 
59.049694 141.292450 67.435608 73.982292 159.328308 103.885338 66.284821 169.990189 63.511906 100.015236 134.482040 120.078392               2452 
58.927597 140.926315 67.264328 74.004921 159.153946 103.809128 66.277214 169.760254 63.493927 100.177788 134.535690 120.124428               2465 
58.684067 140.779465 66.971657 73.957161 159.012695 103.731377 66.370811 169.853577 63.524410 100.165619 134.501495 120.150398               2478 
58.403877 140.611649 66.699371 74.010895 158.847992 103.643883 66.408089 169.922668 63.559654 100.372910 134.506973 120.070251               2492 
58.204754 140.412140 66.339157 74.056580 158.582458 103.549622 66.659775 170.239532 63.641953 100.564148 134.397369 119.972069               2506 
57.893524 140.100510 65.900414 73.988197 158.105286 103.396355 66.655182 170.073212 63.620323 100.548759 133.951599 119.779350               2521 
57.673489 139.921310 65.512054 73.940269 157.758484 103.254623 66.694809 169.978134 63.585526 100.509003 133.604980 119.624634               2535 
57.464191 139.869385 65.098618 73.862404 157.480865 103.079063 66.712257 169.929794 63.495174 100.381393 133.250748 119.416473               2551 
57.325176 139.603851 64.970535 73.845276 157.344025 103.012924 66.676178 169.640121 63.410320 100.414703 133.252213 119.472466               2567 
57.226189 139.536026 64.760170 73.885010 157.293808 102.915688 66.697403 169.589035 63.338474 100.519547 133.300369 119.413673               2585 
57.298378 139.331039 64.391541 73.901833 157.243454 102.656296 66.862473 169.366241 63.022671 100.531654 133.413162 119.396553               2601 
57.247463 139.158585 64.074455 73.842644 157.164902 102.450371 66.918274 169.185791 62.812767 100.448364 133.441513 119.379730               2615 
57.131313 139.034332 63.652824 73.769287 157.084076 102.178825 66.987679 169.006485 62.576488 100.293831 133.421021 119.318710               2631 
57.029507 138.967972 63.409443 73.710037 157.041916 102.058113 67.029030 168.900192 62.480816 100.185196 133.433640 119.349197               2651 
56.933170 138.941696 63.205379 73.662201 156.997589 101.952637 67.044571 168.829071 62.422768 100.082230 133.399124 119.341171               2667 
56.935791 138.797836 63.028946 73.653801 156.876328 101.873734 67.167953 168.721146 62.355461 100.026260 133.318008 119.388451               2684 
56.846016 138.720108 62.787113 73.634857 156.754517 101.740395 67.250694 168.598862 62.234821 99.928497 133.178070 119.348961               2702 
56.643772 138.963654 62.532803 73.591599 156.732773 101.657135 67.311157 168.726624 62.229828 99.704025 132.946747 119.253517               2720 
56.395264 139.251129 62.227665 73.517601 156.683823 101.516624 67.142616 168.761032 62.321426 99.491295 132.666550 119.003883               2739 
56.219479 139.511917 62.024059 73.497681 156.684174 101.414719 67.038826 168.830963 62.479687 99.377823 132.485138 118.789749               2758 
56.139374 139.745941 61.771614 73.538689 156.642090 101.280716 67.053574 168.937805 62.554688 99.337479 132.265427 118.527946               2776 
56.071960 139.866959 61.666412 73.537857 156.640671 101.237648 66.997185 168.903839 62.652039 99.296982 132.184097 118.430962               2794 
56.018757 140.097931 61.550255 73.535942 156.691208 101.200188 66.931740 168.865860 62.756958 99.219780 132.107117 118.324120               2813 
55.965992 140.369919 61.443546 73.526657 156.756302 101.177528 66.796158 168.734756 62.912491 99.123314 132.024994 118.219826               2831 
55.871651 140.821976 61.298744 73.540565 156.896927 101.137077 66.694260 168.762131 63.069355 99.014908 131.934555 118.025078               2849 
55.726410 141.337631 61.185539 73.509476 157.079330 101.132813 66.544182 168.800613 63.223328 98.831917 131.851486 117.853928               2867 
55.581875 141.845840 61.061596 73.466217 157.229721 101.128662 66.376259 168.796051 63.376316 98.629280 131.713211 117.651192               2885 
55.422932 142.446411 60.973152 73.391792 157.447678 101.156982 66.175659 168.863831 63.533981 98.378403 131.607498 117.442596               2902 
55.264748 143.114410 60.933331 73.330727 157.707138 101.205711 66.105186 169.287445 63.649429 98.135963 131.499176 117.177872               2920 
55.262604 143.458893 60.971451 73.285606 157.867508 101.242584 66.083054 169.612869 63.715881 97.956261 131.382843 116.964775               2938 
55.283813 143.667328 61.053074 73.229225 157.966278 101.313530 65.998009 169.711197 63.779095 97.789795 131.246201 116.808128               2956 
55.358601 143.709305 61.051678 73.150078 158.000885 101.292824 65.942001 169.803558 63.786076 97.650780 131.123474 116.609047               2974 
55.470005 143.674149 61.115490 73.021049 158.062012 101.292122 65.895149 169.978073 63.805584 97.460487 131.057480 116.482086               2993 
55.667477 143.530334 61.191612 72.908775 158.086182 101.280724 65.872383 170.093933 63.800964 97.313972 131.002213 116.384094               3012 
55.797630 143.422852 61.228344 72.835190 158.070313 101.253899 65.877625 170.183563 63.781143 97.218811 130.910355 116.255325               3031 
55.940216 143.393936 61.177734 72.806702 157.955063 101.207436 65.884377 170.264801 63.788010 97.135590 130.652786 116.038383               3050 
56.080185 143.336243 61.185318 72.814224 157.875031 101.197678 65.808640 170.178955 63.812771 97.119423 130.482864 115.901184               3069 
56.200893 143.265259 61.184055 72.806190 157.815292 101.187500 65.762421 170.139557 63.813457 97.107391 130.380142 115.817268               3089 
56.273060 143.203110 61.168255 72.794281 157.769318 101.153580 65.683998 170.087463 63.801685 97.095863 130.296783 115.712410               3108 
56.320175 143.098953 61.136635 72.757599 157.723755 101.102577 65.585526 169.920334 63.721291 97.065689 130.244675 115.638145               3128 
56.376244 142.987640 61.027672 72.634209 157.736145 100.981575 65.472038 169.776657 63.627731 96.941528 130.285416 115.571907               3148 
56.453205 142.903320 60.942867 72.510597 157.770828 100.885910 65.403778 169.692017 63.549938 96.818047 130.348495 115.529343               3169 
56.532318 142.793884 60.799789 72.367401 157.812180 100.721146 65.324982 169.616974 63.399094 96.690361 130.444122 115.440170               3190 
56.601162 142.701065 60.691326 72.254356 157.844818 100.591064 65.243103 169.512207 63.285221 96.589233 130.519592 115.369850               3211 
56.691799 142.589539 60.633900 72.174255 157.864883 100.490303 65.269211 169.520203 63.223831 96.516541 130.567841 115.308929               3232 
56.756004 142.482056 60.588112 72.112679 157.868820 100.396454 65.320839 169.549988 63.181519 96.448135 130.575424 115.232986               3254 
56.856331 142.403214 60.486877 72.068840 157.882721 100.248268 65.400711 169.576736 63.098751 96.340996 130.551758 115.119301               3276 
56.896404 142.167862 60.400410 72.018753 157.759338 100.090454 65.430771 169.452911 63.005928 96.247375 130.403305 114.986359               3300 
57.097893 141.493240 60.189617 71.856956 157.582336 99.766769 65.498322 168.979477 62.679638 96.107361 130.453369 115.037781               3323 
57.008682 141.403900 60.086414 71.756744 157.494370 99.623352 65.506866 168.989975 62.677727 95.908134 130.268417 114.878654               3346 
56.915295 141.243896 60.123463 71.694595 157.429306 99.573624 65.460640 168.898331 62.730377 95.802956 130.172211 114.841377               3368 
56.849285 141.139755 60.163723 71.661888 157.402374 99.536613 65.471649 168.887039 62.828117 95.737717 130.116074 114.803535               3390 
56.785393 141.058105 60.205246 71.637566 157.382523 99.508591 65.512550 168.908600 62.929840 95.694839 130.072800 114.762878               3412 
56.753540 141.028793 60.247055 71.623543 157.378387 99.509987 65.503281 168.900818 62.968494 95.667351 130.042221 114.738129               3434 
56.773560 141.006805 60.298431 71.627510 157.380280 99.525459 65.487434 168.886368 63.022301 95.663445 130.023590 114.729141               3456 
56.821854 140.998871 60.339771 71.650841 157.381821 99.538429 65.491920 168.883286 63.070549 95.673180 129.998108 114.714935               3478 
56.884518 140.991837 60.365524 71.691124 157.368759 99.541237 65.514763 168.880341 63.110748 95.699898 129.952026 114.679543               3500 
56.778515 140.985794 60.330948 71.807487 156.787933 99.626480 65.835213 168.865540 63.307858 95.468430 128.895111 114.439194               3522 
56.778877 141.032211 60.379311 71.875801 156.839401 99.624557 65.820442 168.940079 63.329662 95.561241 128.927780 114.362518               3543 
56.771976 141.087143 60.434517 71.924698 156.868561 99.640129 65.830345 169.018005 63.371883 95.591248 128.901917 114.303955               3565 
56.828266 141.148804 60.453606 71.935112 156.904007 99.646072 65.813034 168.996597 63.381119 95.563385 128.883484 114.268684               3586 
56.887596 141.103546 60.481853 71.932930 156.906174 99.646179 65.774956 168.851990 63.345280 95.556023 128.881424 114.269073               3608 
56.720440 141.022034 60.514561 71.781761 157.000092 99.577866 65.630943 168.822342 63.253479 95.410736 129.015076 114.267189               3630 
56.643761 140.981979 60.477230 71.620956 157.107864 99.485641 65.592186 168.855225 63.147533 95.224800 129.150681 114.268082               3653 
56.582443 140.989090 60.460125 71.526291 157.156342 99.435226 65.562881 168.912888 63.124149 95.104439 129.173218 114.209602               3674 
56.557709 140.966904 60.460621 71.469727 157.192734 99.378899 65.568520 168.953629 63.109295 95.024353 129.182495 114.139404               3696 
56.567360 140.930801 60.495857 71.427261 157.217087 99.361404 65.548820 168.924149 63.140011 94.965324 129.180161 114.097641               3717 
56.516796 140.829056 60.497410 71.280739 157.321915 99.282410 65.470207 168.817215 63.067806 94.782448 129.322693 114.147804               3738 
56.463219 140.848541 60.534622 71.173157 157.427826 99.259239 65.408775 168.859985 63.072598 94.637756 129.400620 114.130524               3759 
56.435684 140.888428 60.562134 71.108376 157.489334 99.250648 65.369293 168.941223 63.097202 94.547401 129.411255 114.066162               3780 
56.392204 140.929367 60.580421 71.042343 157.542175 99.243874 65.316017 168.964203 63.126572 94.450073 129.409149 114.004547               3801 
56.386520 140.957001 60.610764 70.986923 157.593689 99.245995 65.305901 169.052505 63.156075 94.357239 129.401840 113.953621               3822 
56.493801 140.850784 60.681736 70.985329 157.595581 99.247368 65.364250 169.058563 63.168247 94.344704 129.385071 113.936607               3844 
56.624733 140.723389 60.770401 70.987297 157.595428 99.248726 65.377350 169.015411 63.179680 94.337303 129.368866 113.921997               3865 
56.740974 140.638519 60.867496 70.981071 157.590912 99.270241 65.326920 168.830017 63.191227 94.304443 129.318939 113.898384               3886 
56.819176 140.610336 60.958927 70.974586 157.605011 99.307892 65.292313 168.693802 63.192715 94.249786 129.257416 113.866241               3907 
56.904030 140.585800 61.059200 70.969360 157.623093 99.347092 65.279617 168.686310 63.232353 94.196434 129.199646 113.834206               3929 
56.952084 140.589218 61.113033 70.960335 157.646774 99.368019 65.243362 168.609467 63.249638 94.140259 129.156403 113.799110               3950 
56.948051 140.675064 61.177258 70.925369 157.702057 99.413757 65.099205 168.448822 63.280220 94.038559 129.114990 113.760406               3972 
56.937763 140.761292 61.230167 70.893097 157.756302 99.451530 64.918983 168.149933 63.242290 93.944809 129.080627 113.720024               3994 
56.964359 140.748245 61.268127 70.866074 157.823074 99.441353 64.693619 167.539597 63.102753 93.916725 129.144043 113.704842               4017 
56.993793 140.761093 61.277779 70.851372 157.874939 99.434608 64.643951 167.277878 63.064278 93.891243 129.178986 113.681480               4039 
57.030308 140.710999 61.287769 70.856438 157.872437 99.428551 64.644058 167.100586 62.989697 93.888062 129.169037 113.673744               4061 
57.099274 140.683609 61.201084 70.888290 157.809860 99.365753 64.713036 166.980957 62.891800 93.844093 129.037674 113.594543               4083 
57.246967 140.613678 61.139465 71.050430 157.724091 99.301323 64.797661 166.724899 62.755165 93.927490 128.881973 113.515358               4105 
57.400181 140.582565 61.058460 71.166328 157.715393 99.219376 64.845680 166.559235 62.624680 94.036591 128.864853 113.427269               4127 
57.540253 140.502014 60.991886 71.218674 157.654556 99.167458 64.872337 166.333008 62.497761 94.042305 128.777374 113.396164               4149 
57.654099 138.308105 60.961109 72.767624 154.009445 99.217972 66.438362 163.687485 62.714535 94.093124 123.635666 112.631485               4171 
57.744476 138.383636 61.006378 72.712357 154.304794 99.233521 66.364426 163.790955 62.645077 94.146095 124.071167 112.790413               4193 
57.895050 138.463501 61.125412 72.722649 154.601013 99.321632 66.289902 163.894913 62.639709 94.345345 124.545181 112.973480               4212 
57.997704 138.508896 61.196388 72.734840 154.766296 99.383530 66.238625 163.940460 62.614830 94.458305 124.807892 113.089417               4231 
58.110909 138.587906 61.267010 72.752953 154.966797 99.448616 66.220764 164.045883 62.581684 94.579323 125.109528 113.211578               4250 
57.929691 138.565872 61.270405 72.670395 154.690216 99.531464 66.253723 164.009003 62.560314 94.249153 124.606361 113.191101               4269 
57.729893 138.254868 61.450947 72.586426 154.373688 99.678383 66.328293 163.824570 62.479198 93.943237 124.164101 113.409180               4288 
57.640408 138.186386 61.546589 72.539619 154.356293 99.744255 66.409256 163.965332 62.306271 93.837364 124.127190 113.523735               4307 
57.627464 138.286377 61.551273 72.416763 154.469467 99.794029 66.400192 164.139069 62.232311 93.690254 124.247276 113.626015               4326 
57.499615 138.780594 61.582302 72.250526 154.967270 99.849754 66.129875 164.600052 62.231560 93.656502 124.804741 113.607376               4383 
57.338558 138.772781 61.592300 72.231071 154.877991 99.842812 66.077629 164.571945 62.238598 93.550735 124.623055 113.531410               4402 
55.677814 138.477509 60.733730 72.698761 151.447479 99.293488 66.269135 163.782410 62.516239 92.372185 119.173248 110.633522               4421 
55.661861 138.500336 60.810120 72.654480 151.617340 99.339211 66.229385 163.865738 62.527378 92.378860 119.407608 110.773750               4440 
55.559841 138.528641 60.935684 72.672943 151.722046 99.391357 66.274124 163.981247 62.565002 92.331718 119.491211 110.879272               4457 
55.509205 139.355286 61.357105 72.512558 153.012466 99.705399 66.111221 164.883713 62.750961 92.296471 120.983253 111.537239               4475 
55.839184 140.084579 61.860668 72.424644 154.459305 100.132477 66.058716 165.759537 62.993050 92.578522 122.856491 112.475479               4492 
56.060894 140.512543 61.852779 72.342842 155.016403 100.208824 66.044685 166.194901 63.045418 92.639664 123.551590 112.669594               4510 
56.123890 140.610519 61.775066 72.301102 155.066360 100.196121 66.026505 166.236908 63.049557 92.593048 123.595070 112.648468               4527 
56.357254 140.829330 61.727837 72.221321 155.439163 100.223709 65.960320 166.378235 63.055965 92.645897 124.113388 112.825264               4545 
56.573586 141.046906 61.687130 72.184563 155.766357 100.247147 65.906410 166.480698 63.068481 92.714073 124.553474 112.957848               4562 
56.748409 141.207535 61.660542 72.166389 156.002045 100.271866 65.827682 166.470291 63.072601 92.767334 124.869034 113.062614               4579 
56.899216 141.367218 61.646130 72.162254 156.215286 100.300789 65.769356 166.491425 63.074169 92.817642 125.142929 113.151077               4597 
57.017986 141.481201 61.620323 72.171288 156.352829 100.311378 65.693611 166.444778 63.077724 92.862267 125.316864 113.192322               4614 
57.109688 141.567322 61.600616 72.178223 156.458435 100.319504 65.610977 166.352707 63.055317 92.896362 125.450432 113.224121               4632 
57.600258 141.653900 61.461411 72.391426 156.520737 100.298592 65.647598 166.164459 62.954231 93.209915 125.586784 113.219398               4649 
57.878986 141.797058 61.429905 72.502296 156.658905 100.334641 65.597626 166.072418 62.908237 93.393677 125.778046 113.264824               4667 
58.051949 141.910172 61.377975 72.542381 156.750046 100.342819 65.624115 166.111633 62.883259 93.492195 125.905548 113.265228               4685 
58.168655 141.990967 61.330166 72.564934 156.808151 100.340546 65.631081 166.121185 62.857407 93.558205 125.987518 113.249359               4703 
57.705784 141.329727 60.877857 72.515907 154.940964 100.173645 65.897697 165.242737 62.828346 92.573166 123.257645 112.467552               4721 
57.049698 140.321793 60.544823 72.551750 152.526123 100.037483 66.175247 164.062820 62.914684 91.548523 119.889877 111.494545               4743 
57.280319 140.344223 60.519493 72.417740 153.060089 99.994019 66.082893 164.223938 62.758617 91.752525 120.753288 111.813606               4764 
57.354225 141.024704 60.622253 72.119926 154.665024 99.930405 65.643929 165.125931 62.541042 92.122742 122.967026 112.275070               4784 
57.414410 141.484634 60.793900 71.949409 155.786682 99.954323 65.362213 165.687546 62.459961 92.390823 124.519539 112.673630               4805 
57.442802 141.702560 60.893707 71.859253 156.312332 99.986038 65.225334 165.922806 62.459431 92.513039 125.254478 112.873917               4825 
57.462009 141.827728 60.958912 71.812515 156.610199 100.012260 65.146835 166.031235 62.483986 92.592056 125.673141 112.988235               4845 
57.475750 141.919754 61.000439 71.783684 156.812042 100.029358 65.098763 166.088547 62.510250 92.644279 125.952194 113.059021               4865 
56.603649 140.001602 60.977718 73.225403 152.102234 100.056793 66.169884 163.502640 63.236382 92.089722 119.244827 111.092850               4885 
56.125698 139.432129 60.631622 73.412270 149.753723 99.933617 66.692848 162.673294 63.543217 91.178185 115.935493 109.831390               4904 
55.528290 139.294327 60.065498 72.984886 148.417984 99.589508 66.979080 162.547028 63.497768 89.892044 113.983925 108.847450               4921 
55.423489 139.483383 60.951534 72.931343 150.613037 99.936752 66.584793 163.438965 63.358894 90.726639 116.992401 110.436600               4938 
55.784790 140.318573 61.539413 72.802338 153.285126 100.173996 66.143425 164.792450 63.195770 91.733620 120.654991 111.756172               4954 
55.951023 140.767044 61.751915 72.689743 154.412354 100.275887 65.950111 165.428650 63.159977 92.082603 122.197769 112.251030               4970 
56.011387 140.987305 61.837467 72.619766 154.881943 100.330193 65.853859 165.722443 63.167236 92.201645 122.833763 112.443420               4986 
56.133915 141.229721 61.894001 72.575836 155.296509 100.397095 65.815903 166.033142 63.200794 92.334084 123.392029 112.602943               5002 
56.214653 141.412018 61.914474 72.553329 155.554459 100.435234 65.796127 166.251968 63.224186 92.415573 123.727394 112.674332               5018 
56.632866 141.536453 61.743629 72.411537 156.133469 100.329636 65.682304 166.365250 63.010971 92.670601 124.688087 112.900421               5034 
56.861923 141.869370 61.644714 72.315338 156.692932 100.277321 65.566086 166.613403 62.954140 92.801918 125.461197 113.010925               5050 
57.003345 142.126678 61.593254 72.257446 157.073242 100.259033 65.456696 166.765808 62.959293 92.903290 125.977211 113.067345               5066 
57.028252 142.174606 61.593285 72.260544 157.092133 100.275177 65.474403 166.819382 62.986053 92.900490 125.980034 113.053925               5082 
57.048031 142.203766 61.598885 72.263748 157.110931 100.287781 65.472702 166.833008 63.006523 92.902504 125.990562 113.048317               5098 
57.113419 142.364304 61.626579 72.286903 157.255920 100.334557 65.440231 166.922577 63.060379 92.972481 126.150154 113.054802               5114 
56.495605 141.972031 61.341324 72.617477 155.218231 100.260185 65.701012 166.186020 63.356014 92.322868 123.049484 111.841858               5130 
55.892845 141.152176 61.511974 73.149849 153.572861 100.212616 65.884811 165.155869 63.517540 92.112366 120.730713 111.125092               5146 
55.489029 140.695190 61.253563 73.536057 152.062332 99.914688 66.061943 164.628113 63.544228 91.973801 118.647293 109.952187               5162 
55.282879 140.454315 61.126938 73.756981 151.253326 99.746391 66.230377 164.491898 63.578011 91.916893 117.545006 109.297974               5179 
54.753944 140.357498 60.389824 73.741249 149.616226 99.157379 66.413216 164.381790 63.506294 91.207756 115.245712 107.574951               5195 
54.743992 141.088303 60.865067 73.274841 151.795120 99.477715 65.837105 165.449173 63.428288 91.447113 118.055878 108.895676               5213 
54.710461 140.548676 60.609322 73.407463 150.372269 99.373924 66.209541 164.750702 63.557262 91.025734 116.200546 108.270882               5230 
54.696007 140.586777 60.637951 73.375793 150.433075 99.402779 66.193375 164.855804 63.578720 91.001251 116.267456 108.308975               5247 
54.581989 140.796478 60.225346 73.455002 149.382645 99.193382 66.535202 164.867920 63.725868 90.446678 114.693764 107.269974               5265 
52.310699 166.948303 59.576130 75.600296 152.786880 103.644508 62.059757 167.807388 63.863594 96.319977 119.506271 108.156891               5282 
50.130096 178.506058 60.901917 75.533676 153.780594 105.184349 59.511436 169.055466 62.799908 97.848877 121.324905 107.618759               5300 
49.478851 181.089340 61.228592 75.558090 153.513245 105.174644 58.697250 168.724823 62.216011 97.917892 121.047676 106.989311               5317 
49.534706 181.190506 60.400696 76.070343 154.752747 105.171425 58.784153 168.128510 61.594841 98.816902 122.623627 107.924614               5327 
48.654190 180.464859 58.117329 75.660828 157.149979 104.582504 58.200928 167.160355 60.045979 99.293724 125.910080 109.359695               5336 
48.159729 180.035934 56.908310 75.436279 158.433762 104.223282 57.943005 166.580551 59.258991 99.530914 127.734047 110.074997               5345 
48.386921 180.435455 56.889778 75.492729 157.825089 103.988792 58.160423 166.491028 59.049122 99.489471 126.975159 109.438980               5354 
51.994648 202.885681 60.930050 77.186890 160.411224 102.170326 64.816948 160.955795 55.244415 99.730942 130.387024 114.318550               5363 
61.615490 195.725555 52.281963 75.891243 162.486130 100.797974 69.706459 157.973557 53.685074 94.258011 132.071533 117.970055               5382 
64.892143 187.642380 49.866135 75.382111 162.697540 100.647026 70.574638 157.208923 53.770191 92.588623 132.120239 118.708900               5391 
66.891739 182.139038 48.354500 75.138123 162.798172 100.445351 70.736931 156.989349 54.293144 91.666138 132.133255 118.985954               5401 
68.127594 178.754944 47.281601 74.906708 162.704895 100.135422 70.895760 156.767441 54.421276 90.761482 131.937164 119.089012               5417 
68.594704 177.583069 46.806858 74.677483 162.581696 99.937881 70.988930 156.520462 54.398212 90.154381 131.805466 119.187706               5425 
68.904121 176.543060 46.417778 74.513161 162.423859 99.761131 70.908234 156.335220 54.436592 89.478378 131.539993 119.241768               5434 
69.020439 175.853607 46.190262 74.338135 162.367249 99.672318 70.863914 156.425034 54.518066 88.981995 131.419022 119.294525               5443 
69.145050 175.271194 45.986923 74.197998 162.389053 99.591270 71.040329 156.939056 54.688465 88.589066 131.388870 119.318214               5460 
69.038254 174.891434 45.940594 74.087715 162.305267 99.595703 71.339188 157.643524 54.849258 88.379448 131.286179 119.365082               5469 
68.645958 174.308746 45.798279 73.957954 162.086868 99.489838 71.299934 158.202271 54.965740 88.067215 130.976212 119.246407               5477 
68.241196 173.529694 45.546032 73.758278 161.796356 99.306435 71.124092 158.282333 54.973606 87.705482 130.671051 119.154785               5486 
67.939819 172.899475 45.370941 73.585655 161.571259 99.188972 71.134483 158.468018 54.993176 87.413048 130.446762 119.122231               5495 
67.687721 172.361679 45.248875 73.435707 161.391373 99.116722 71.147003 158.594604 55.042885 87.175018 130.277954 119.128021               5504 
67.399666 171.766525 45.109982 73.342010 161.222076 99.026756 71.140549 158.703125 55.125717 87.044205 130.141907 119.115044               5521 
67.149384 171.559982 45.136040 73.244255 160.823090 98.991096 70.992447 158.775543 55.179752 86.766838 129.536652 118.879906               5530 
66.900742 171.416962 45.226574 73.127815 160.489334 99.019989 70.934547 159.039124 55.349865 86.499535 129.006729 118.700150               5538 
66.681976 171.301193 45.251602 73.043152 160.281357 99.002625 70.977486 159.405807 55.508751 86.313515 128.660767 118.529579               5547 
66.156883 170.990509 45.346909 73.021370 159.990372 99.031319 70.937119 159.751434 55.776859 86.321411 128.266861 118.370247               5564 
66.004059 170.971268 45.392220 73.010109 159.942749 99.048462 71.054123 160.099045 55.946182 86.298889 128.161057 118.299416               5573 
65.745117 170.925797 45.474476 72.953400 159.857590 99.090057 71.151062 160.526474 56.215439 86.211601 127.987968 118.216309               5583 
65.431450 170.867203 45.520718 72.874878 159.791580 99.096642 71.063141 160.804657 56.417992 86.120941 127.846115 118.104416               5599 
65.259438 170.835083 45.546806 72.827286 159.754059 99.101288 70.971046 160.898956 56.498421 86.068542 127.770172 118.047707               5608 
64.962418 170.770950 45.591160 72.744972 159.689163 99.109337 70.844597 161.095062 56.648842 85.976883 127.638878 117.949768               5625 
64.834351 170.739471 45.609936 72.709427 159.661148 99.112808 70.807831 161.199799 56.721722 85.936913 127.582214 117.907539               5634 
64.680939 170.686920 45.621716 72.687027 159.648239 99.110092 70.802071 161.354767 56.816463 85.944870 127.556000 117.860672               5642 
64.550468 170.629654 45.628651 72.671143 159.645142 99.107758 70.827408 161.530319 56.923378 85.961868 127.547997 117.826645               5651 
64.312553 170.545822 45.596912 72.609863 159.654205 99.065063 70.756966 161.701035 57.005795 85.978592 127.575996 117.760826               5659 
63.866863 170.589172 45.650070 72.515526 159.625992 99.044304 70.493256 161.960541 57.167713 85.918541 127.465462 117.573349               5677 
63.625427 170.583969 45.658577 72.476639 159.616760 99.016998 70.326836 162.043381 57.240208 85.902779 127.425003 117.474953               5687 
63.228809 170.488754 45.608482 72.383797 159.585312 98.926102 70.049637 162.088654 57.267300 85.892838 127.388870 117.315262               5700 
63.075878 170.440140 45.606781 72.357491 159.564072 98.906029 69.978706 162.154602 57.337761 85.885132 127.352875 117.255646               5713 
61.848034 170.517838 46.143593 72.403229 156.935333 98.575485 69.441002 162.147980 57.675694 85.227272 123.431381 115.016167               5730 
61.343693 170.407654 46.188877 72.374825 157.062469 98.581810 69.225281 162.327209 57.915382 85.279465 123.598022 115.039856               5748 
60.914738 170.109634 46.121361 72.326584 157.283813 98.560669 68.972984 162.285400 57.994694 85.437767 123.999275 115.219086               5766 
60.737247 170.040237 46.108242 72.277939 157.272995 98.531998 68.891891 162.347641 58.091331 85.420715 123.992561 115.173714               5784 
60.115204 169.883606 46.110413 72.221535 156.936218 98.360573 68.567848 162.394226 58.203026 85.385376 123.537392 114.746468               5801 
59.793941 169.694580 46.077190 72.175812 157.073334 98.341072 68.463272 162.508087 58.371769 85.522346 123.797249 114.828598               5819 
59.339825 169.451340 46.051281 72.081879 157.304138 98.339500 68.197639 162.545181 58.490967 85.701630 124.219734 114.988556               5837 
58.981155 169.253494 46.034313 72.007416 157.487122 98.338257 68.026009 162.619034 58.550129 85.844376 124.556190 115.112022               5855 
58.702919 169.093185 46.022758 71.949493 157.629440 98.337296 67.886574 162.669403 58.582764 85.955734 124.818794 115.205986               5874 
58.506306 169.024292 46.029648 71.895874 157.701828 98.337402 67.819016 162.759735 58.612587 85.996910 124.944214 115.230202               5892 
58.323128 169.102249 46.089645 71.827644 157.831116 98.377769 67.737442 162.938278 58.680019 85.925049 125.067261 115.261467               5910 
58.210632 169.249817 46.170471 71.782372 157.943573 98.432526 67.718063 163.156479 58.762497 85.837791 125.138565 115.271248               5928 
