8.703988 178.784698 83.499123 66.571732 173.408051 109.425644 24.083717 192.365967 82.861084 94.029335 151.569580 91.358345                  0 
8.529546 179.031235 83.365540 66.393501 173.460449 109.244110 23.901402 192.358749 82.798782 93.744881 151.499023 91.164719                 20 
8.388707 179.250549 83.254555 66.239632 173.509644 109.097305 23.775557 192.481430 82.707916 93.497566 151.446106 91.001144                 41 
8.294232 179.418213 83.180794 66.099052 173.515121 109.047882 23.691570 192.620834 82.677734 93.298203 151.397873 90.928825                 62 
7.949061 179.770020 83.054558 65.684273 173.631958 108.886192 23.299501 192.910843 82.687073 92.772995 151.480560 90.643860                 83 
7.097624 180.433029 82.551353 64.638428 173.878677 108.338150 22.245304 193.539780 82.654167 91.588654 151.886459 89.702332                105 
6.917824 180.523254 82.529869 64.305473 173.997055 108.237175 21.853039 193.897324 82.852165 91.148056 152.086151 89.351891                127 
6.550170 180.708054 82.284920 63.721703 174.169617 107.951256 21.209715 194.344421 82.971756 90.459305 152.402374 88.753494                148 
6.657963 180.513977 82.233574 63.662338 174.263046 107.962059 21.106361 194.425537 83.061928 90.365623 152.488693 88.724640                168 
6.752979 180.363968 82.177071 63.640999 174.324570 107.949806 21.065161 194.504929 83.092178 90.319077 152.538925 88.690193                189 
6.508468 180.389282 81.932716 63.273617 174.430252 107.707176 20.647997 194.694351 83.046349 89.911629 152.719528 88.308029                210 
6.585875 180.283691 81.861366 63.264103 174.444397 107.710197 20.644342 194.714203 83.040718 89.902451 152.721252 88.325424                231 
6.638428 180.255615 81.887222 63.299561 174.437729 107.742355 20.687664 194.749817 83.054985 89.923347 152.689865 88.365295                252 
8.726072 179.826935 83.564384 65.656410 173.935898 108.816902 23.024639 194.230347 84.052986 91.690369 151.223709 89.747131                273 
9.728853 179.452774 84.353920 66.891258 173.735992 109.204170 24.141197 193.747971 84.381149 92.645294 150.503494 90.382706                294 
9.776592 179.359879 84.053284 66.877525 173.555573 109.151962 24.242184 193.603760 84.133423 92.752541 150.387939 90.416695                313 
8.673018 179.380096 83.061836 65.694702 173.812027 108.393394 23.021776 193.736847 83.341606 91.842339 151.009354 89.588989                332 
8.190673 179.499283 82.480331 65.050873 173.969086 108.178802 22.468731 193.921036 82.991005 91.436241 151.444565 89.371223                350 
7.914638 179.529495 82.278488 64.682137 173.985550 108.166748 22.138458 194.023148 82.962357 91.213760 151.693146 89.288506                369 
7.765129 179.539169 82.293190 64.495201 173.998352 108.239044 21.952669 194.121216 83.061470 91.091415 151.843704 89.289665                387 
7.707156 179.495865 82.275848 64.411339 174.028732 108.257217 21.866213 194.198837 83.070854 91.047089 151.938797 89.287834                406 
7.650109 179.465790 82.276230 64.358421 174.040314 108.238434 21.784458 194.199173 83.091156 91.004074 151.987946 89.239281                425 
7.625970 179.420959 82.307404 64.340622 174.021439 108.257111 21.759722 194.221710 83.112808 90.994926 151.992889 89.242455                443 
7.524963 179.293228 82.286369 64.195084 173.894791 108.326180 21.641809 194.124985 83.156509 90.899292 151.925613 89.312859                499 
7.518809 179.292725 82.299034 64.187317 173.893875 108.340263 21.637197 194.138504 83.172813 90.891342 151.925537 89.325706                518 
7.559869 179.277817 82.416084 64.214455 173.847717 108.473274 21.693371 194.187668 83.311760 90.920158 151.895660 89.442253                537 
7.640169 179.208603 82.543938 64.294067 173.782913 108.600197 21.806681 194.222717 83.424889 90.996140 151.823654 89.572411                555 
7.647683 179.194656 82.531349 64.295509 173.780518 108.602135 21.823015 194.226379 83.417610 90.998306 151.805374 89.593704                574 
7.659487 179.136200 82.512970 64.295692 173.768524 108.617569 21.859207 194.236435 83.387451 91.008850 151.767090 89.654152                594 
7.724219 179.045807 82.507072 64.310028 173.736984 108.732231 21.973364 194.255661 83.344223 91.046150 151.660110 89.889252                615 
7.762852 178.957764 82.521339 64.340866 173.720627 108.787132 22.054392 194.275497 83.312508 91.093445 151.607681 90.009933                638 
7.850123 178.740189 82.536194 64.422661 173.638779 108.844406 22.168753 194.172043 83.264473 91.202698 151.486328 90.153107                662 
7.956898 178.456009 82.569450 64.534767 173.499115 108.905045 22.319532 194.043411 83.203262 91.341347 151.308228 90.297569                687 
7.800959 178.408539 82.449211 64.339020 173.525085 108.883377 22.126989 194.044052 83.170700 91.240799 151.458328 90.265678                711 
7.692669 178.375366 82.370918 64.212845 173.533340 108.847679 21.994184 194.059067 83.156487 91.174400 151.567154 90.197540                735 
7.650158 178.341019 82.352699 64.163795 173.537064 108.836632 21.935251 194.073639 83.165977 91.149467 151.620239 90.163300                760 
7.737710 178.204041 82.450195 64.259552 173.597763 108.951294 21.998158 194.026230 83.226563 91.305000 151.716553 90.322739                784 
8.671434 177.475159 83.142853 65.271385 173.180130 109.561783 22.890127 193.577927 83.892952 92.471169 151.595169 90.812706                808 
9.240669 177.043884 83.544899 66.024117 172.978668 109.713936 23.437412 193.163086 84.213188 93.278458 151.562180 90.851234                832 
9.772835 176.876541 83.904266 66.676651 172.830811 109.986855 24.039389 192.974396 84.499245 93.993240 151.522583 91.091621                855 
9.961294 176.732727 83.825516 66.971756 172.846191 109.874443 24.290415 192.752579 84.270973 94.347832 151.510818 91.096291                877 
10.045609 176.745102 83.809891 67.148232 172.849960 109.822662 24.460508 192.662064 84.148659 94.544456 151.482056 91.111000                899 
10.018704 176.716263 83.691483 67.185226 172.814514 109.739929 24.510277 192.573013 83.965050 94.658607 151.501266 91.079140                920 
9.982565 176.745743 83.308006 67.063515 172.720428 109.593674 24.471539 192.556961 83.767921 94.667007 151.580353 90.927910                941 
10.052828 176.846436 83.158951 67.192612 172.548706 109.291229 24.586077 192.623322 83.676247 94.711571 151.456619 90.447212                963 
9.155278 178.765823 84.523521 67.060402 172.897568 108.750099 24.104984 194.144394 84.709061 93.551949 151.494614 88.815765                984 
8.510637 182.403549 85.540497 67.015373 173.662598 107.455254 24.095621 197.220840 85.601982 91.990334 151.933060 85.976303               1005 
8.312653 185.595108 84.487312 67.111053 175.179398 104.843193 24.462748 199.800507 83.714371 90.558014 151.935806 83.227417               1027 
7.455519 189.223526 80.652267 66.479904 178.332870 100.311768 23.952141 202.673706 78.953133 88.910576 153.382141 79.536964               1047 
4.039835 195.794174 76.142426 62.989956 183.143921 95.140984 20.780907 208.849289 74.929291 84.967247 158.619034 73.397133               1065 
2.850124 197.806366 70.846809 62.178841 184.710709 88.517426 19.861916 210.266953 68.384491 82.911423 158.611557 67.392540               1079 
1.480358 201.113113 61.950367 60.407021 187.143402 80.533714 18.898703 212.696198 58.846264 80.416534 159.280914 61.025566               1094 
0.569669 207.064087 50.911259 57.244793 189.961807 73.660995 18.706902 216.680847 48.596199 76.300285 159.784134 56.824646               1106 
0.887556 210.798737 40.884132 56.032471 191.411682 65.753845 18.355291 217.768036 40.998226 74.844704 160.821320 49.395473               1119 
0.981036 214.137955 31.814569 55.198822 192.962677 57.607800 17.561327 218.778397 34.109512 74.216125 162.728912 40.828999               1130 
0.490626 215.798431 23.712458 55.282051 196.001175 50.170246 16.624226 219.147079 26.408371 75.133118 165.695206 34.525772               1141 
-0.227669 217.820251 16.201902 54.683201 197.203812 42.798012 15.879936 219.600754 18.955149 74.595764 166.692535 27.638258               1151 
-2.222824 222.746979 -2.692304 50.297619 198.068268 26.581263 13.970240 222.087067 0.644499 69.692795 166.697083 12.547654               1170 
-4.040868 224.502777 -10.302236 47.273945 198.908218 20.935450 12.028927 222.920227 -6.262591 67.547668 167.848663 7.461524               1179 
-10.891783 231.173569 -50.399750 37.011810 204.544342 -13.111214 3.928037 225.410599 -43.660820 58.384506 172.731705 -22.514915               1211 
-13.840083 233.024719 -57.866001 33.401489 205.705933 -19.708206 0.696744 226.078278 -50.610184 55.140324 174.006973 -28.644939               1220 
-17.743380 233.554977 -72.889229 29.100376 206.023529 -33.162987 -4.382042 223.024948 -63.756565 49.634499 172.895996 -39.342232               1237 
-22.658842 244.053894 -89.650734 21.246223 210.516586 -47.956921 -0.128195 215.090805 -90.663483 46.844868 181.196411 -41.452812               1255 
-26.690508 248.587845 -96.448181 17.980511 211.172195 -55.702591 -2.231808 213.132813 -98.989380 42.490353 181.359604 -47.471951               1264 
-26.230392 254.591293 -117.817657 13.937510 214.303497 -73.225418 -5.259625 212.111679 -116.819534 34.333996 182.839813 -60.925564               1280 
-28.592636 254.565399 -123.898178 12.950912 214.914124 -79.484978 -5.868503 211.597549 -123.134720 34.307034 184.134644 -67.083138               1289 
-30.886261 254.913940 -128.604828 11.591845 215.318832 -84.744690 -7.002900 211.626968 -128.430511 33.567242 184.858536 -72.640198               1298 
-35.820896 251.000824 -138.480347 6.479088 210.185349 -95.329536 -9.936083 208.008728 -139.954819 29.137131 179.903152 -84.065933               1315 
-36.349091 256.187317 -135.487778 4.894942 208.703705 -98.484009 -7.759157 214.949905 -144.375610 26.791342 176.619934 -91.523712               1323 
-35.669296 259.978882 -135.502121 3.803424 208.307556 -102.240891 -2.930523 221.931854 -149.374573 24.076363 174.775330 -97.565025               1332 
-38.549824 261.153534 -141.477097 1.540215 209.834854 -108.294655 -3.959647 224.728165 -155.760712 21.664812 176.238174 -103.443863               1341 
-44.265575 260.358215 -151.966629 -2.496233 209.980484 -119.281250 -5.464353 227.622437 -166.947510 18.707813 177.015518 -114.702362               1358 
-42.134861 262.571960 -150.997589 -1.854274 209.202057 -121.245094 -4.102766 229.487701 -168.425568 18.000332 175.218735 -118.382515               1367 
-39.805656 265.330872 -149.954575 -1.292033 209.501053 -122.425407 -2.578431 231.647644 -169.630676 17.209166 174.678650 -120.884911               1376 
-37.585747 267.677643 -154.355591 -1.604797 210.497147 -126.140945 -1.961724 232.018372 -173.969635 15.237903 174.865234 -124.151749               1385 
-41.640724 265.438934 -162.157898 -4.134515 210.393951 -131.733917 -5.445428 229.646332 -180.645752 13.472335 175.246292 -128.283310               1393 
-41.236031 267.328796 -166.952408 -5.340217 211.597702 -135.812973 -6.100664 230.363052 -184.996262 11.411132 176.073593 -131.979309               1402 
-39.667557 266.742676 -171.398834 -6.591234 209.281036 -140.244019 -4.961462 229.476959 -188.650879 9.674288 173.489426 -136.829391               1419 
-37.739315 269.066956 -176.468475 -6.784585 211.573486 -143.243698 -5.470250 229.583572 -192.303299 8.263237 175.394012 -138.566650               1428 
-27.253523 245.468246 -185.672470 -6.082232 212.745300 -143.734482 -6.428801 230.831848 -191.803894 7.779375 175.968292 -140.188400               1436 
-18.985840 228.204514 -194.807068 -3.451789 210.750473 -146.261398 -5.994846 222.997986 -194.244202 7.417397 173.353195 -139.891861               1454 
-17.659021 224.919296 -196.422974 -2.820909 210.091293 -146.973724 -6.043935 220.790024 -194.855011 7.033979 172.592941 -139.623764               1462 
-16.775517 222.660034 -197.505966 -2.339748 209.588547 -147.517014 -7.756249 218.430283 -194.660019 6.749142 172.052536 -139.410995               1480 
-10.744184 211.274780 -199.099884 4.174069 203.976334 -148.099442 -3.205393 206.138412 -195.486191 7.222012 167.132462 -134.297073               1488 
-8.718935 201.402725 -200.885239 8.965133 200.151566 -150.271454 -2.480496 195.929047 -196.477890 7.088723 166.074570 -130.459747               1498 
-9.606888 194.893219 -202.209412 9.898170 197.443085 -152.322800 -3.979256 189.585693 -197.251556 6.134229 165.825211 -129.011673               1506 
-9.574824 188.533722 -203.620605 11.705863 194.680344 -154.789658 -4.519501 183.642990 -198.088394 6.713910 165.767029 -128.400879               1523 
-10.632394 186.533997 -203.849731 12.540266 193.823593 -156.050049 -5.752304 181.773895 -198.183990 7.164804 166.320114 -128.266434               1532 
-11.843179 185.110855 -203.573914 12.864457 193.217453 -156.685608 -7.025157 180.548920 -197.838516 7.885913 166.481949 -128.090256               1540 
-12.570732 184.105194 -203.498856 12.937639 192.836319 -157.156647 -7.794676 179.734985 -197.697449 8.400421 166.488907 -128.130890               1549 
-13.015710 183.489563 -203.436584 12.982179 192.604370 -157.443329 -8.294526 179.267227 -197.575363 8.720476 166.492874 -128.163742               1558 
-13.319728 183.067245 -203.385498 13.012397 192.446991 -157.637817 -8.657834 178.968521 -197.468597 8.940475 166.495361 -128.189590               1566 
-13.535548 182.766022 -203.344437 13.033696 192.336075 -157.774918 -8.929878 178.769806 -197.378281 9.096894 166.496994 -128.209564               1575 
-10.327117 181.514130 -203.664703 15.999479 191.643082 -158.076706 -5.880463 177.682175 -197.545685 11.744966 166.247528 -128.173004               1592 
-9.343493 181.126022 -203.758987 16.911283 191.430023 -158.169495 -4.959738 177.359268 -197.585159 12.558915 166.171265 -128.164200               1601 
-8.732674 180.873367 -203.812149 17.481934 191.296692 -158.227570 -4.419384 177.179016 -197.584381 13.068287 166.123627 -128.159256               1610 
-15.015347 182.468094 -195.332306 19.134842 182.697937 -154.011414 -11.471557 177.536606 -189.537415 10.448204 160.289505 -122.711723               1627 
-18.025587 184.282898 -192.057693 18.544224 182.471329 -152.892776 -14.272399 179.168472 -186.605362 11.051250 159.497971 -121.694275               1636 
-19.108810 184.774109 -190.198441 18.512629 181.705215 -152.086151 -15.891106 180.749207 -183.526672 11.096756 158.898117 -120.747559               1645 
-20.186457 185.396622 -189.151627 18.399950 181.480255 -152.011505 -17.408457 182.549316 -181.556610 11.296268 158.815872 -120.497543               1653 
-20.888393 186.109024 -188.567749 18.413574 181.306107 -152.194061 -18.259256 183.972687 -180.422455 11.471875 158.634628 -120.649132               1662 
-21.989786 188.123657 -188.161835 18.413885 181.571854 -153.133209 -20.806353 191.310333 -172.999283 11.611860 158.875259 -121.575897               1682 
-22.255686 188.514191 -188.093964 18.367821 181.688858 -153.296432 -21.258347 193.370987 -170.143600 11.623861 158.905609 -121.789139               1688 
-22.871580 189.165253 -187.914032 18.285231 181.898636 -153.589081 -21.756809 196.180176 -166.619034 11.642138 158.960297 -122.173027               1699 
-31.867811 197.368195 -191.944183 10.873045 185.717163 -160.700058 -28.986210 203.359985 -170.640503 4.674318 161.560944 -130.117065               1714 
-34.113018 199.421570 -192.899857 8.983652 186.690521 -162.512665 -30.955727 205.272629 -172.624710 2.858975 162.233047 -132.155029               1723 
-36.034801 199.278671 -191.566879 7.465758 187.323090 -163.422699 -32.765842 206.550278 -174.974167 1.450336 162.710220 -133.168991               1740 
-37.071495 197.737762 -189.416016 6.462740 187.486801 -163.498978 -33.907936 206.539078 -176.884293 0.609211 162.745178 -133.318604               1757 
-39.547523 198.593414 -188.433914 4.512560 187.690369 -164.787552 -35.789879 207.015381 -179.105850 -0.948042 163.286514 -134.260513               1766 
-45.475048 201.486069 -188.401611 -0.154382 190.147537 -168.250748 -40.951340 209.126556 -182.248871 -3.806621 165.188965 -137.902817               1775 
-50.446354 203.970444 -188.296616 -4.252254 192.305084 -171.291672 -44.942688 211.066925 -185.274811 -6.355390 166.799789 -141.252975               1793 
-51.852261 206.113464 -188.714981 -5.669202 193.590744 -172.446030 -45.792427 212.816559 -186.999680 -7.806120 168.381912 -142.160492               1802 
-52.543793 207.190002 -188.915985 -6.403409 194.256927 -173.044174 -45.802589 213.584946 -188.568756 -8.548317 169.203735 -142.630310               1811 
-52.945984 206.921936 -188.844315 -6.754955 194.125153 -173.189362 -45.388988 213.273331 -189.452118 -8.722720 169.007187 -142.816971               1821 
-53.639351 205.598892 -187.473129 -7.705979 193.905380 -173.401688 -45.226166 213.170807 -190.020096 -9.353028 168.779434 -143.016830               1829 
-54.074085 204.486252 -186.334518 -8.402330 193.744461 -173.557159 -44.736813 213.415207 -190.329697 -9.814339 168.611465 -143.166290               1839 
-54.089359 203.018814 -184.897018 -8.929029 193.622742 -173.674744 -43.808346 214.071579 -190.243393 -10.163187 168.483749 -143.281097               1856 
-54.214104 202.557312 -184.299469 -9.239672 193.608719 -173.642197 -43.362667 214.574295 -189.862274 -10.379965 168.448273 -143.262619               1865 
-54.672977 202.259567 -183.562515 -9.822449 193.616394 -173.540634 -43.124134 215.206726 -189.251205 -10.798332 168.435516 -143.172272               1874 
-54.916168 201.965775 -182.178604 -10.084510 193.335617 -173.215942 -42.676834 215.721558 -187.957611 -10.666097 168.120743 -142.865692               1883 
-56.779301 203.493637 -176.942291 -11.812582 194.386215 -170.834045 -43.901108 218.033539 -183.100174 -11.127064 168.520462 -141.038757               1902 
-57.267384 203.895355 -175.413544 -12.310297 194.688812 -170.148026 -44.023514 218.818695 -181.574524 -11.273269 168.627304 -140.534027               1910 
-58.592941 204.931686 -171.623734 -13.493136 196.201187 -168.049759 -44.860252 220.848801 -177.224762 -11.365746 169.028030 -139.512756               1919 
-59.288124 205.433716 -169.487778 -14.159328 197.052963 -166.867981 -45.210957 222.018784 -174.783203 -11.437119 169.273987 -138.972031               1929 
-59.559174 205.593292 -168.514114 -14.454136 197.429916 -166.345016 -45.154446 222.664795 -173.525757 -11.473601 169.387924 -138.740128               1938 
-59.676357 205.633148 -167.977692 -14.608908 197.627808 -166.070465 -44.964302 223.125031 -172.723373 -11.494015 169.449066 -138.620102               1948 
-59.473763 205.832138 -167.295929 -14.444020 198.086304 -165.813538 -44.476662 223.828903 -171.774994 -11.069274 169.723846 -138.583984               1976 
-59.626953 206.121307 -166.665741 -14.614024 198.403015 -165.488174 -44.559711 224.243118 -171.127884 -11.089395 169.968994 -138.352402               1986 
-61.125660 207.913696 -163.394867 -16.219740 199.799301 -163.693283 -45.896366 226.043991 -168.313263 -12.116616 171.381683 -136.621704               1995 
-61.826424 211.191864 -156.865448 -17.040588 202.966171 -158.990234 -46.572506 229.532669 -161.827866 -12.126868 173.887680 -132.768829               2006 
-61.712605 213.540665 -152.148758 -17.095339 205.098907 -155.614304 -46.377663 231.964722 -157.296295 -11.671000 175.718475 -129.833832               2017 
-61.993591 214.870865 -149.487946 -17.474415 206.432404 -153.638107 -46.622723 233.413895 -154.721558 -11.743422 176.917252 -128.078827               2027 
-51.726440 227.128128 -136.464020 -10.010835 211.834152 -146.108780 -35.196323 242.691208 -145.977097 -4.263566 184.224930 -118.505051               2038 
-46.769711 233.181808 -129.677048 -7.469773 214.107712 -142.179001 -30.381882 246.805222 -141.877197 -0.887362 188.023376 -113.307816               2049 
-45.536915 236.509628 -124.990326 -7.056282 215.963791 -137.615311 -30.495674 248.796249 -138.678741 -0.296467 191.028885 -107.785439               2056 
-38.777981 247.341492 -121.156883 -7.587174 216.739380 -133.406723 -26.523087 252.311768 -140.022873 0.978576 198.892075 -99.269234               2065 
-35.083866 251.603394 -119.911293 -7.865498 217.145981 -131.200363 -26.750578 252.881332 -140.429565 3.442580 203.161133 -96.074608               2074 
-33.802616 252.727448 -119.393188 -7.963036 217.288467 -130.427139 -27.447899 252.985992 -140.273972 4.499278 204.503937 -95.234619               2082 
-29.749905 260.623413 -116.266090 -8.940054 221.926285 -126.806404 -25.730324 259.045959 -137.424500 4.723359 209.798920 -91.827774               2091 
-25.414240 260.906921 -107.619888 -7.271502 222.096817 -121.857803 -22.676941 260.821045 -128.911926 6.895771 206.593033 -88.448418               2099 
-23.484846 261.376251 -101.350639 -6.550808 222.616486 -116.995781 -21.619572 261.883484 -122.589478 7.352088 205.631912 -84.200958               2108 
-18.937086 262.291504 -96.555626 -3.113534 222.839005 -111.490494 -17.571529 262.450195 -117.724205 9.423018 205.685562 -78.236015               2117 
-16.687300 262.777618 -93.429726 -1.471708 223.029877 -108.090759 -15.963442 262.740326 -114.613037 10.349090 205.746017 -74.642235               2126 
-13.629417 263.539917 -88.692741 1.241704 223.651947 -103.211678 -13.885188 263.310333 -109.893303 12.666121 206.306519 -69.657463               2134 
-12.451524 264.009674 -85.532425 2.226656 224.064194 -99.983986 -13.239090 263.692474 -106.800766 13.436171 206.688522 -66.372986               2143 
-13.722120 265.352631 -76.606842 0.786392 225.375488 -91.010666 -13.380647 264.792206 -98.128242 11.813161 207.975830 -57.351662               2160 
-13.846903 265.719788 -74.277870 0.624603 225.751160 -88.681137 -12.736940 265.013245 -95.922607 11.616819 208.347137 -55.013088               2169 
-13.802717 266.097046 -72.090797 0.642601 226.154190 -86.506386 -11.658162 265.249573 -93.940727 11.617225 208.747971 -52.833733               2178 
-13.126648 266.780365 -68.701355 1.292068 226.873230 -83.135605 -9.707650 265.995178 -90.575867 12.252099 209.465195 -49.459137               2195 
-12.970643 266.924164 -67.930878 1.438539 227.035385 -82.375412 -9.145025 266.165344 -89.816940 12.395280 209.626953 -48.698082               2204 
-15.221587 269.166199 -33.825264 7.840202 236.977341 -54.722908 -6.588850 275.438934 -53.449100 14.468860 211.387039 -25.423363               2221 
-13.561707 269.270142 -24.930252 9.928239 238.855331 -47.876427 -4.559510 277.061676 -43.884995 16.364220 211.198486 -20.473083               2230 
-6.787094 271.599823 -16.851849 13.784867 239.996597 -40.927963 1.520137 278.866211 -36.385334 20.695335 212.280075 -13.701026               2238 
-2.297715 272.634857 -9.124114 16.821117 240.746582 -33.972893 5.581414 279.820953 -28.920410 24.248360 212.875092 -7.041821               2247 
3.700298 272.981384 5.032352 20.173212 240.510483 -20.889547 10.184970 279.826782 -15.444752 29.415361 212.866028 5.711830               2265 
7.826005 273.722748 9.354273 22.416313 240.167297 -16.294119 13.097567 279.743805 -11.747180 33.189926 213.487167 10.712664               2273 
9.595442 273.797577 19.565910 23.022409 239.666077 -5.918200 14.253735 279.388489 -1.845487 34.632099 213.467880 21.213623               2290 
7.241037 271.207428 27.586281 23.530107 240.202820 -0.110750 12.656161 278.948547 7.016763 35.176907 212.208649 25.146824               2299 
5.955326 269.569122 31.915377 23.813404 240.502304 3.129822 11.714783 278.521515 11.907106 35.662540 211.603241 27.248455               2308 
10.519666 268.536713 36.999752 27.476454 239.269012 7.897182 15.941782 277.420898 16.854324 39.569801 210.306320 31.817465               2316 
15.782301 267.988159 41.486519 31.460913 238.123749 12.294288 21.196133 276.652832 21.246952 43.001202 208.911957 36.184864               2325 
19.780905 265.621796 47.980381 34.102810 235.994446 17.884104 25.041412 274.601807 27.850513 45.282730 205.985168 40.943127               2334 
22.009872 264.277283 51.577198 35.574112 234.808624 20.997135 27.396479 273.433044 31.504812 46.526287 204.367691 43.595051               2343 
25.715689 261.471313 57.041664 37.398315 232.368500 25.371332 31.355150 270.949524 37.103531 47.672443 200.920868 46.883080               2351 
29.795923 259.558441 60.266071 39.716469 229.873825 28.551945 35.336548 268.698151 40.113895 49.685482 198.324921 50.058983               2360 
35.992340 256.402618 64.548485 43.657501 226.348633 32.572994 41.831364 265.320496 44.412094 51.933712 194.131119 53.805122               2368 
38.573002 254.371109 67.444412 45.024734 224.046356 35.472370 43.594196 263.282562 47.512379 53.008965 191.751129 56.698235               2377 
39.651955 251.856552 71.351471 45.265575 221.784546 38.999771 43.686260 261.177582 51.959087 52.923920 189.138107 59.804230               2386 
42.121441 249.526550 73.999672 46.078648 219.516113 41.360790 44.838745 259.157867 55.103756 53.261593 186.532532 61.799866               2394 
45.024418 243.115509 77.890938 46.266891 212.089050 46.008854 42.199612 252.405182 59.608349 58.361595 180.456619 66.266533               2403 
46.427094 239.528488 79.983971 46.369560 208.038452 48.543835 41.110138 248.528229 62.388477 61.129879 177.204071 68.257790               2412 
45.787224 233.780624 83.678764 46.656181 202.493469 52.060265 38.469162 242.448471 66.784096 64.457710 172.748856 70.918427               2420 
45.471237 227.053741 85.763947 51.587139 195.150772 55.252129 37.597012 234.301270 68.936974 71.124001 167.845764 75.988922               2430 
46.547386 221.425613 87.623337 56.666935 188.806702 58.799263 37.035931 227.065811 71.936172 77.276329 163.881790 81.410507               2447 
49.129063 217.871353 87.934525 60.162800 183.776260 61.114616 36.914776 221.569016 73.941376 82.374512 161.315186 84.766396               2455 
50.485950 215.495468 87.899773 61.814850 180.353882 62.450573 35.510212 217.782578 76.613503 85.504196 159.744354 86.353058               2465 
51.791500 211.565399 89.191925 64.307213 175.618790 65.273277 34.967850 212.334259 80.362389 89.442307 157.240723 89.516624               2482 
52.049995 210.164413 89.555389 65.157341 174.041168 66.155869 34.631649 210.434570 81.714531 90.724419 156.470520 90.545685               2490 
51.812576 208.296631 89.994461 65.779236 171.868088 67.464012 33.548820 207.775696 83.810608 92.131126 155.678467 91.974007               2507 
51.640503 207.513626 90.430565 66.164131 171.229233 67.974899 33.034363 206.636322 84.915466 92.824722 155.504959 92.453995               2516 
51.555042 206.701736 90.952881 66.611588 170.798431 68.203819 32.504932 205.466599 86.253639 93.641441 155.346695 92.450409               2525 
51.056656 205.460602 92.009232 67.163605 169.887177 69.366280 31.585150 203.424561 88.432991 94.925789 155.459106 93.415352               2542 
50.354263 205.115463 92.414291 66.937370 169.357147 70.169159 30.894840 202.818710 89.249603 94.575722 155.090973 94.456276               2550 
49.561539 204.651031 92.759811 67.114441 168.736771 70.992378 30.309271 201.671280 90.492630 95.036346 155.011108 95.266640               2559 
48.905617 204.179916 92.960487 66.961777 167.846680 71.783463 29.865774 200.719330 91.759857 95.284195 154.657333 95.890480               2568 
48.368477 203.880463 93.055649 66.928032 167.383118 72.220131 29.409786 200.047241 92.733246 95.547157 154.609924 96.200493               2576 
47.918064 203.743469 93.603531 66.763039 167.298615 72.646797 29.054548 199.789261 93.731514 95.395355 154.375275 96.530777               2585 
47.330143 203.479034 94.043045 66.251480 166.941269 73.063751 28.545254 199.482468 94.644554 94.918144 153.883636 96.833214               2594 
45.905098 201.691422 95.133430 65.986603 165.599838 74.133568 27.500328 197.033646 96.534584 95.464539 153.600967 97.464767               2611 
45.360512 200.634354 95.840141 66.026588 165.003799 74.488136 27.188545 195.695786 97.520905 95.851715 153.308929 97.530663               2620 
44.636372 199.809921 96.379181 65.929161 164.599197 74.686790 26.841345 194.696609 98.341583 95.909706 152.921432 97.535500               2629 
43.335499 198.041000 97.128311 66.124092 163.542099 75.112587 26.482098 192.462921 99.590637 96.320694 151.971329 97.730042               2648 
39.311661 195.299896 96.809570 65.539162 161.177658 75.807503 25.181303 188.911392 100.667587 95.953491 150.170853 98.414696               2674 
38.166367 193.915405 96.812866 65.730766 160.099869 76.109764 25.051003 187.144485 101.232643 96.444977 149.612534 98.557915               2690 
37.549702 193.276245 97.092972 65.727798 159.605988 76.513199 24.948923 186.401260 101.711296 96.489937 149.209488 98.937950               2700 
36.051266 191.201218 98.324013 64.841537 157.977081 77.087555 24.485802 184.177658 103.402153 96.133720 147.564835 98.758980               2728 
35.688099 190.410553 98.766151 64.990738 157.472992 77.446350 24.553772 183.283218 103.935829 96.373047 147.133041 99.021858               2739 
34.824276 189.530533 99.031082 64.745209 156.704926 77.651947 24.614378 182.328308 104.585770 96.444893 146.526337 98.836685               2759 
34.242443 189.257614 99.002930 64.688019 156.493378 77.717194 24.634830 181.971405 104.794319 96.481163 146.359909 98.783165               2771 
33.365269 188.998901 98.788315 64.806366 156.232132 77.942276 24.767149 181.549973 104.992928 96.709328 146.326401 98.950455               2796 
32.858318 188.927887 98.631897 64.831978 156.124695 78.045433 24.810144 181.384796 105.088684 96.774658 146.289978 99.026604               2808 
32.257530 188.854904 98.430626 64.851326 156.009598 78.149803 24.938242 181.243378 105.095963 96.844948 146.256805 99.091576               2822 
31.704607 188.704666 98.341019 64.972382 155.800781 78.533669 25.091116 181.051376 105.184380 97.003860 146.261536 99.515892               2836 
31.175823 188.619034 98.138206 65.006195 155.591827 78.754593 25.232243 180.902664 105.195419 97.099014 146.211227 99.714592               2849 
30.575706 188.617218 97.943115 64.870567 155.457855 78.892838 25.312185 180.874313 105.109879 96.977989 146.061615 99.823448               2864 
30.101387 188.670517 97.665176 64.869316 155.437881 78.925766 25.417624 180.842224 104.979797 96.975967 146.017273 99.846603               2878 
29.759073 188.672958 97.486252 64.874344 155.422897 78.918495 25.511820 180.758804 104.894630 96.998940 145.973495 99.798775               2893 
29.454412 188.705307 97.298019 64.876785 155.428040 78.906960 25.581594 180.708374 104.798744 97.007668 145.953003 99.765938               2907 
29.152754 188.697205 97.208954 64.858871 155.406921 78.976143 25.646883 180.639404 104.772537 97.001396 145.915878 99.809875               2922 
28.897215 188.676682 97.121620 64.886139 155.417419 79.031044 25.699909 180.543762 104.724693 97.020180 145.903564 99.867477               2938 
28.577372 188.683670 96.919838 64.883209 155.398865 79.041985 25.759872 180.469025 104.630753 97.012894 145.850189 99.869186               2954 
28.265984 188.686371 96.731125 64.924187 155.386108 79.054504 25.857193 180.347610 104.587975 97.059143 145.775391 99.845009               2971 
28.162886 188.718231 96.671913 65.049301 155.347015 79.157372 26.052599 180.233459 104.628365 97.193764 145.672287 99.903442               2989 
28.192003 188.699265 96.621292 65.292305 155.157608 79.501991 26.306572 180.068848 104.685165 97.460136 145.623962 100.277130               3007 
28.079830 188.742279 96.502335 65.368935 155.128098 79.530281 26.425983 179.917053 104.626579 97.568542 145.567947 100.243935               3026 
27.965981 188.810165 96.412758 65.494858 155.156326 79.623390 26.564547 179.788910 104.593361 97.787376 145.712128 100.245384               3046 
27.701023 188.806717 96.136826 65.558441 155.117844 79.688171 26.550030 179.624542 104.381409 97.864998 145.806900 100.348740               3066 
27.430035 188.824646 95.807625 65.664429 155.088379 79.736832 26.591398 179.496902 104.185089 97.972984 145.883682 100.441826               3087 
27.370766 188.859543 95.268822 66.079773 155.018341 79.904457 26.826395 179.428802 103.852478 98.279274 145.970367 100.847061               3107 
27.245571 188.880844 94.795906 66.437073 154.987015 80.086853 27.017962 179.367752 103.591690 98.539665 146.092987 101.243080               3129 
27.078024 188.875931 94.358765 66.756569 155.035782 80.133705 27.182213 179.278336 103.365845 98.814598 146.277466 101.413757               3150 
26.995184 188.758789 94.080002 67.006538 154.971817 80.090080 27.377655 179.085907 103.256950 99.086227 146.285660 101.367081               3171 
26.880634 188.561096 93.761909 67.287827 154.872177 80.049728 27.587831 178.861496 103.156036 99.411377 146.337097 101.321701               3193 
26.698318 188.375031 93.442863 67.508598 154.794189 80.051491 27.710217 178.666962 103.049583 99.651772 146.425812 101.360008               3215 
26.606962 188.403595 93.290222 67.608871 154.776581 80.039368 27.844168 178.643707 103.050453 99.760262 146.363358 101.317810               3237 
26.509382 188.425034 93.165192 67.691704 154.772827 80.025208 27.946798 178.611618 103.048187 99.853256 146.325653 101.274826               3259 
26.433821 188.427658 93.079895 67.758392 154.759811 80.019478 28.027443 178.569077 103.051720 99.934410 146.293976 101.239754               3282 
26.300720 188.404022 93.081055 67.737495 154.765808 79.931870 28.069864 178.505173 103.112030 99.972916 146.247879 101.040863               3304 
26.149481 188.386398 93.083771 67.693398 154.772110 79.888878 28.085018 178.465622 103.168098 99.968536 146.205032 100.917130               3327 
25.998190 188.372375 93.054199 67.668274 154.760315 79.890915 28.114708 178.443619 103.215225 99.972496 146.169205 100.864616               3349 
25.831802 188.352905 93.013618 67.638588 154.695618 79.940369 28.181355 178.435608 103.288887 99.983650 146.099899 100.849152               3371 
25.635038 188.346771 92.887558 67.633835 154.663544 79.948364 28.225883 178.436310 103.313026 100.001160 146.058517 100.818817               3394 
25.456270 188.339249 92.776955 67.625961 154.649719 79.928185 28.253893 178.422195 103.332642 100.015800 146.027451 100.756569               3417 
25.241367 188.348312 92.626968 67.598961 154.597458 79.927200 28.286936 178.422104 103.351662 100.004410 145.938461 100.716026               3487 
25.165054 188.338943 92.598465 67.584908 154.581314 79.921021 28.294771 178.404800 103.370911 100.004341 145.908096 100.682091               3510 
25.121668 188.442078 92.566055 67.502083 154.442245 79.874603 28.408569 178.438751 103.455490 99.935181 145.538971 100.516617               3534 
24.899574 188.441879 92.470146 67.425636 154.439529 79.731300 28.349533 178.311432 103.461014 99.904961 145.442642 100.259727               3558 
24.864183 188.560776 92.496094 67.356773 154.430923 79.759216 28.335533 178.351593 103.529770 99.855721 145.355164 100.221756               3582 
24.724319 188.665909 92.442978 67.243279 154.405289 79.799339 28.284542 178.407440 103.558563 99.758102 145.272858 100.211380               3606 
24.682240 188.777313 92.467255 67.148125 154.313431 79.866623 28.281199 178.441147 103.646812 99.671791 145.060089 100.209991               3630 
24.687737 188.952560 92.573593 67.013031 154.181335 80.069427 28.275175 178.533768 103.798935 99.506943 144.753113 100.380043               3654 
24.640104 189.049774 92.493591 66.978661 154.071030 80.247101 28.243032 178.547440 103.792221 99.403343 144.545364 100.622780               3678 
24.463814 189.061752 92.288902 66.951111 153.945053 80.277199 28.218452 178.451553 103.731621 99.348282 144.338303 100.658554               3702 
24.206846 189.039810 91.883980 66.732330 153.594315 80.218102 28.145542 178.381699 103.564507 99.131203 143.930557 100.569786               3726 
24.026337 188.991257 91.570457 66.600426 153.253021 80.437050 28.042967 178.317474 103.459709 98.945953 143.643936 100.899185               3750 
23.814997 188.912231 91.257172 66.602776 153.086914 80.641449 27.950413 178.230591 103.345375 98.907043 143.621414 101.235252               3774 
23.666281 188.442825 90.669823 66.808067 152.529953 81.102776 27.956854 177.919250 103.123528 99.105682 143.616150 101.951630               3798 
23.547447 188.100433 90.369560 67.184525 152.443695 81.335190 27.947073 177.500244 103.022507 99.471802 143.880722 102.346466               3822 
23.583935 187.938095 90.306839 67.409302 152.352554 81.300766 28.017113 177.144562 103.031898 99.714241 143.779831 102.280891               3844 
23.582691 187.821884 90.198730 67.609909 152.301132 81.350487 28.014372 176.855331 103.022186 99.876175 143.731140 102.391151               3867 
23.619524 187.702286 90.170723 67.772507 152.208359 81.422958 28.012276 176.565323 103.045433 100.025307 143.654449 102.490791               3890 
23.528154 187.532761 90.149712 67.891113 152.159576 81.503334 27.960590 176.287796 103.069305 100.131042 143.653946 102.610390               3914 
23.461445 187.374619 90.117798 68.053101 152.145477 81.580368 27.975046 176.078568 103.093971 100.279907 143.702377 102.732521               3935 
23.348169 187.186050 90.144127 68.250282 152.192062 81.713150 27.970133 175.845047 103.160629 100.432060 143.799530 102.953789               3958 
23.239141 187.113541 90.246719 68.321259 152.260483 81.735519 27.975643 175.721909 103.268539 100.499298 143.813293 102.960152               3980 
23.130604 186.960449 90.242218 68.345329 152.137192 81.823410 27.989302 175.592453 103.341599 100.526947 143.713181 103.051842               4003 
22.913454 186.730576 90.166565 68.326851 151.934082 81.941521 27.960732 175.415497 103.408585 100.516052 143.573883 103.183662               4025 
22.811981 186.438171 90.101189 68.525078 151.813599 82.106789 28.010017 175.147552 103.452362 100.673080 143.549454 103.448677               4048 
22.702135 186.276611 90.052391 68.601288 151.751236 82.141724 28.028709 174.999649 103.471474 100.747620 143.529053 103.502327               4071 
22.602137 186.131912 89.946136 68.704636 151.721649 82.168648 28.063324 174.896896 103.451401 100.860924 143.601654 103.553337               4094 
22.543459 186.145737 89.854843 68.810753 151.829330 82.127655 28.102690 174.898071 103.423187 100.972000 143.738297 103.515884               4117 
22.471191 186.169434 89.856239 68.881447 152.007462 81.877296 28.146978 174.850388 103.423683 101.122063 143.879257 103.131500               4140 
22.407879 186.119217 89.850258 68.906448 151.990616 81.841148 28.163927 174.806656 103.480698 101.191513 143.881866 103.035233               4164 
22.356413 186.095566 89.840240 68.923904 151.983688 81.842361 28.164791 174.787781 103.528137 101.229797 143.887650 103.009552               4188 
22.304913 186.061630 89.822830 68.932541 151.976563 81.817596 28.163366 174.759995 103.551567 101.259140 143.888809 102.956329               4211 
22.268490 186.046280 89.830849 68.941605 151.987000 81.788948 28.163586 174.738586 103.585724 101.286308 143.889099 102.896065               4235 
22.224024 186.013412 89.858124 68.965179 152.020950 81.760483 28.163441 174.699936 103.624916 101.331406 143.923340 102.834702               4259 
22.189386 186.028015 89.894508 68.942703 152.032379 81.780815 28.146942 174.716949 103.672112 101.317352 143.921585 102.837013               4283 
22.171793 186.072876 89.966187 68.935089 152.084503 81.808762 28.144606 174.748978 103.740547 101.318993 143.950256 102.841660               4307 
22.161444 186.123383 90.049782 68.941109 152.161087 81.817101 28.163202 174.786179 103.816002 101.350700 144.016541 102.806419               4332 
22.199215 186.261765 90.214722 68.984398 152.318878 81.798309 28.221163 174.843338 103.947762 101.420975 144.077942 102.708176               4356 
22.237228 186.397736 90.388283 69.014961 152.470108 81.788162 28.263891 174.894012 104.088837 101.499054 144.172913 102.601791               4381 
22.254442 186.475952 90.451027 69.021149 152.510132 81.814575 28.252529 174.890976 104.146545 101.506050 144.161316 102.606277               4405 
22.281172 186.577972 90.599266 69.021370 152.540741 81.980530 28.262535 174.948135 104.288025 101.510689 144.172653 102.757584               4430 
22.270292 186.674576 90.694641 68.953949 152.551361 81.979767 28.219116 174.924515 104.333313 101.467415 144.108887 102.688843               4454 
22.261683 186.941071 90.944092 68.850075 152.717804 82.031738 28.132694 174.972260 104.465240 101.357964 144.080688 102.669167               4479 
22.340811 187.013901 91.118843 68.873055 152.718735 82.146820 28.075550 174.754333 104.515419 101.395569 144.032181 102.740417               4503 
22.370010 187.172653 91.222969 68.834709 152.776810 82.167641 27.934185 174.519150 104.461792 101.367790 144.002975 102.707474               4528 
22.417774 187.324860 91.360512 68.841797 152.808014 82.269333 27.843264 174.284103 104.482796 101.372787 143.940903 102.772385               4552 
22.474295 187.462952 91.464874 68.886742 152.826004 82.347366 27.785851 174.034103 104.499748 101.426674 143.883911 102.803627               4575 
22.566519 187.553253 91.666603 68.943054 152.824936 82.432022 27.803518 173.815231 104.596916 101.520966 143.817398 102.798912               4599 
22.621168 187.634033 91.839180 68.976387 152.851883 82.483383 27.813574 173.644501 104.651642 101.589546 143.793365 102.771103               4623 
22.702490 187.784607 92.077904 69.028946 152.918777 82.662628 27.856766 173.574738 104.800262 101.672394 143.831482 102.888657               4647 
22.741884 187.928009 92.237801 69.025764 152.988281 82.696259 27.860954 173.490173 104.841194 101.699051 143.832245 102.842964               4670 
22.784794 188.073761 92.404633 69.014534 153.056793 82.726692 27.870386 173.413223 104.875488 101.715172 143.825500 102.794525               4694 
22.843357 188.244629 92.577042 68.999435 153.130692 82.735641 27.887205 173.350677 104.917030 101.734062 143.811218 102.707054               4717 
22.847380 188.357224 92.627907 68.960556 153.137466 82.784729 27.855774 173.252792 104.872871 101.738853 143.849915 102.699333               4741 
22.894060 188.459473 92.689934 68.960915 153.121017 82.855103 27.885443 173.199478 104.859032 101.778824 143.858582 102.716080               4764 
22.967283 188.607239 92.742195 68.987572 153.135223 82.972038 27.933332 173.200195 104.843819 101.833206 143.911346 102.805099               4788 
23.012941 188.755020 92.829742 69.002380 153.203171 83.028343 27.958103 173.204742 104.841690 101.873138 143.971008 102.815895               4811 
23.125586 188.931656 92.977890 69.090111 153.309418 83.114174 28.052521 173.214615 104.895256 101.994049 144.064209 102.840385               4835 
23.209593 189.089828 93.107292 69.170242 153.413513 83.180649 28.139484 173.237869 104.952293 102.111290 144.166473 102.843956               4859 
23.254963 189.209412 93.236809 69.249496 153.481155 83.311913 28.221581 173.250992 105.028435 102.220947 144.260590 102.936676               4883 
23.276846 189.315857 93.328789 69.303391 153.536789 83.426689 28.268028 173.256638 105.072777 102.291809 144.335907 103.032158               4906 
23.552965 189.426773 93.611717 69.500671 153.463638 83.625526 28.550798 173.222427 105.307800 102.529427 144.188797 103.127983               4931 
23.557894 189.481140 93.718163 69.513504 153.467911 83.676109 28.568554 173.143341 105.351883 102.578125 144.190933 103.116661               4954 
23.674999 189.577866 93.907753 69.552193 153.451721 83.734222 28.648121 173.054718 105.434753 102.650055 144.097336 103.080887               4978 
23.830429 189.752396 94.088951 69.581787 153.346695 83.917458 28.780210 173.063126 105.578453 102.683731 143.872452 103.198692               5002 
23.743202 189.833420 94.048119 69.493378 153.282822 83.994225 28.722729 173.042847 105.540878 102.610558 143.834747 103.262146               5026 
23.655670 189.875748 94.011589 69.497879 153.334976 83.998611 28.672417 172.990173 105.480675 102.606644 143.893463 103.284195               5050 
23.576090 189.872681 93.985786 69.499519 153.340500 84.011406 28.654787 172.959290 105.461220 102.611099 143.921082 103.302963               5073 
23.535326 189.876175 94.006226 69.502686 153.340164 84.035393 28.654385 172.926224 105.468445 102.626373 143.935028 103.313126               5098 
23.479439 189.907791 93.985817 69.488480 153.365295 84.008156 28.631367 172.910858 105.441238 102.623367 143.961304 103.267189               5121 
23.347795 189.930847 93.802124 69.462662 153.362045 83.929901 28.573372 172.888199 105.310471 102.580063 143.954666 103.217346               5145 
22.981112 189.922272 93.109665 69.203697 153.227127 83.692993 28.301996 172.974014 104.852806 102.300690 143.984879 103.094955               5169 
22.840849 189.903152 92.817093 69.161049 153.222778 83.493591 28.212940 172.959305 104.623436 102.236275 143.988052 102.936211               5193 
22.702452 189.853104 92.597549 69.099442 153.178635 83.348114 28.106434 172.914597 104.463219 102.141182 143.918900 102.835732               5216 
22.504910 189.750717 92.367928 68.984375 153.075226 83.224968 27.977604 172.872971 104.326546 102.001503 143.813782 102.753456               5239 
22.376904 189.363251 91.796951 69.294579 152.956924 83.303154 27.948687 172.626038 104.007942 102.160416 143.932770 103.194557               5263 
22.303543 189.251907 91.558990 69.403442 152.898361 83.262802 27.944473 172.541870 103.924881 102.193771 143.847992 103.266586               5286 
22.188137 189.184692 91.392944 69.457489 152.902390 83.199173 27.914837 172.504822 103.896690 102.203377 143.823959 103.262962               5309 
22.102386 189.119720 91.312767 69.472870 152.905167 83.076218 27.887642 172.462585 103.893265 102.204849 143.775436 103.139420               5332 
22.069437 189.103790 91.271416 69.470871 152.887863 83.046539 27.872524 172.473068 103.923737 102.184128 143.721436 103.123543               5354 
22.089693 189.115356 91.288155 69.480789 152.890030 83.022537 27.881636 172.497803 103.991753 102.192490 143.690582 103.086960               5377 
22.081953 189.117340 91.285767 69.482971 152.892258 83.020523 27.876562 172.512970 104.037033 102.193199 143.687836 103.085075               5400 
22.087763 189.219009 91.301300 69.620087 153.137344 83.065857 27.868755 172.560944 104.021507 102.253059 143.884384 103.233612               5423 
22.053995 189.284943 91.330338 69.712776 153.349808 83.106232 27.826311 172.566452 104.011574 102.284782 144.062714 103.356682               5446 
21.999620 189.305847 91.336601 69.661522 153.383926 83.050278 27.774439 172.565979 103.998756 102.235291 144.062851 103.282272               5469 
22.002579 189.294220 91.327881 69.658981 153.351715 83.069794 27.774477 172.558395 104.016647 102.233788 144.041260 103.305016               5492 
22.023304 189.282288 91.356995 69.673897 153.319763 83.111305 27.797014 172.546631 104.061554 102.252754 144.015732 103.342949               5516 
22.001236 189.271851 91.337219 69.659470 153.304443 83.116188 27.778175 172.533798 104.063179 102.243782 144.022751 103.349312               5539 
22.007172 190.122330 91.993332 69.358253 153.842804 83.334885 27.699400 173.108627 104.445229 101.976517 144.211746 103.348831               5563 
22.153276 190.452347 92.329895 69.242348 153.879974 83.435371 27.729723 173.169785 104.586525 101.878281 144.014374 103.305756               5588 
22.280640 190.573227 92.545868 69.227440 153.825531 83.569374 27.764351 173.043747 104.655350 101.888840 143.880966 103.358376               5611 
22.494469 190.503159 92.883987 69.232674 153.499390 83.802063 27.932354 172.809845 104.912170 101.992302 143.550140 103.425659               5633 
22.718195 190.467728 93.228424 69.288895 153.277740 83.997475 28.088348 172.559860 105.126350 102.138893 143.330414 103.470398               5656 
22.813162 190.495193 93.402229 69.302231 153.202942 84.097702 28.151161 172.427078 105.205086 102.203865 143.260147 103.485580               5679 
22.855303 190.548874 93.481384 69.328354 153.233932 84.121086 28.124281 172.245819 105.182442 102.252762 143.293152 103.471306               5702 
22.871311 190.588531 93.515549 69.334869 153.257553 84.122620 28.084846 172.117584 105.165535 102.275459 143.316727 103.445236               5724 
22.905430 190.669037 93.622284 69.365181 153.320297 84.187248 28.080030 172.050491 105.224579 102.329430 143.383148 103.471382               5749 
22.915054 190.722382 93.665680 69.368309 153.350296 84.212875 28.068798 171.985413 105.239830 102.365479 143.445343 103.457222               5769 
22.945801 190.778809 93.818062 69.364799 153.383438 84.244415 28.085121 171.899673 105.275108 102.421562 143.513962 103.404533               5792 
22.985672 190.852982 93.795982 69.446526 153.448975 84.394051 28.114182 171.904678 105.267281 102.519135 143.713654 103.595413               5814 
22.941509 190.792740 93.700127 69.474243 153.413666 84.514023 28.120153 171.883759 105.258186 102.594704 143.894547 103.741287               5837 
23.046909 190.771667 93.539070 69.611549 153.339615 84.667122 28.237211 171.915283 105.225174 102.745911 144.013489 103.964897               5860 
23.112808 190.740936 93.451088 69.696663 153.267700 84.757538 28.326725 171.912247 105.215416 102.857048 144.073166 104.073730               5884 
23.167383 191.051834 93.489975 69.656937 153.475937 84.658325 28.328424 172.128174 105.176331 102.803253 144.134857 103.928314               5907 
23.173500 191.235123 93.650116 69.654739 153.701248 84.541016 28.352709 172.225067 105.214073 102.841904 144.277786 103.700264               5931 
23.193838 191.266876 93.599869 69.681686 153.723907 84.520378 28.352161 172.220230 105.158348 102.856522 144.298538 103.700035               5955 
23.191217 191.276306 93.526428 69.708275 153.761414 84.434486 28.349630 172.197998 105.079697 102.889572 144.350723 103.610168               5979 
23.189377 191.268661 93.513763 69.714645 153.755325 84.412155 28.353144 172.183014 105.064903 102.903000 144.354263 103.580338               6003 
23.164076 191.275742 93.438698 69.721375 153.795776 84.307846 28.326012 172.163162 104.961037 102.894745 144.369049 103.489365               6027 
