999.000000 999.000000 999.000000 999.000000 999.000000 999.000000 999.000000 999.000000 999.000000 999.000000 999.000000 999.000000                0.0 
999.000000 999.000000 999.000000 999.000000 999.000000 999.000000 999.000000 999.000000 999.000000 999.000000 999.000000 999.000000               25.0 
999.000000 999.000000 999.000000 999.000000 999.000000 999.000000 999.000000 999.000000 999.000000 999.000000 999.000000 999.000000               51.0 
999.000000 999.000000 999.000000 999.000000 999.000000 999.000000 999.000000 999.000000 999.000000 999.000000 999.000000 999.000000               77.0 
999.000000 999.000000 999.000000 999.000000 999.000000 999.000000 999.000000 999.000000 999.000000 999.000000 999.000000 999.000000              103.0 
999.000000 999.000000 999.000000 999.000000 999.000000 999.000000 999.000000 999.000000 999.000000 999.000000 999.000000 999.000000              129.0 
999.000000 999.000000 999.000000 999.000000 999.000000 999.000000 999.000000 999.000000 999.000000 999.000000 999.000000 999.000000              154.0 
999.000000 999.000000 999.000000 999.000000 999.000000 999.000000 999.000000 999.000000 999.000000 999.000000 999.000000 999.000000              180.0 
999.000000 999.000000 999.000000 999.000000 999.000000 999.000000 999.000000 999.000000 999.000000 999.000000 999.000000 999.000000              206.0 
999.000000 999.000000 999.000000 999.000000 999.000000 999.000000 999.000000 999.000000 999.000000 999.000000 999.000000 999.000000              232.0 
999.000000 999.000000 999.000000 999.000000 999.000000 999.000000 999.000000 999.000000 999.000000 999.000000 999.000000 999.000000              258.0 
999.000000 999.000000 999.000000 999.000000 999.000000 999.000000 999.000000 999.000000 999.000000 999.000000 999.000000 999.000000              283.0 
999.000000 999.000000 999.000000 999.000000 999.000000 999.000000 999.000000 999.000000 999.000000 999.000000 999.000000 999.000000              309.0 
999.000000 999.000000 999.000000 999.000000 999.000000 999.000000 999.000000 999.000000 999.000000 999.000000 999.000000 999.000000              335.0 
999.000000 999.000000 999.000000 999.000000 999.000000 999.000000 999.000000 999.000000 999.000000 999.000000 999.000000 999.000000              361.0 
999.000000 999.000000 999.000000 999.000000 999.000000 999.000000 999.000000 999.000000 999.000000 999.000000 999.000000 999.000000              386.0 
999.000000 999.000000 999.000000 999.000000 999.000000 999.000000 999.000000 999.000000 999.000000 999.000000 999.000000 999.000000              412.0 
999.000000 999.000000 999.000000 999.000000 999.000000 999.000000 999.000000 999.000000 999.000000 999.000000 999.000000 999.000000              438.0 
999.000000 999.000000 999.000000 999.000000 999.000000 999.000000 999.000000 999.000000 999.000000 999.000000 999.000000 999.000000              464.0 
999.000000 999.000000 999.000000 999.000000 999.000000 999.000000 999.000000 999.000000 999.000000 999.000000 999.000000 999.000000              490.0 
999.000000 999.000000 999.000000 999.000000 999.000000 999.000000 999.000000 999.000000 999.000000 999.000000 999.000000 999.000000              515.0 
999.000000 999.000000 999.000000 999.000000 999.000000 999.000000 999.000000 999.000000 999.000000 999.000000 999.000000 999.000000              541.0 
999.000000 999.000000 999.000000 999.000000 999.000000 999.000000 999.000000 999.000000 999.000000 999.000000 999.000000 999.000000              567.0 
999.000000 999.000000 999.000000 999.000000 999.000000 999.000000 999.000000 999.000000 999.000000 999.000000 999.000000 999.000000              593.0 
999.000000 999.000000 999.000000 999.000000 999.000000 999.000000 999.000000 999.000000 999.000000 999.000000 999.000000 999.000000              618.0 
999.000000 999.000000 999.000000 999.000000 999.000000 999.000000 999.000000 999.000000 999.000000 999.000000 999.000000 999.000000              645.0 
999.000000 999.000000 999.000000 999.000000 999.000000 999.000000 999.000000 999.000000 999.000000 999.000000 999.000000 999.000000              670.0 
999.000000 999.000000 999.000000 999.000000 999.000000 999.000000 999.000000 999.000000 999.000000 999.000000 999.000000 999.000000              696.0 
999.000000 999.000000 999.000000 999.000000 999.000000 999.000000 999.000000 999.000000 999.000000 999.000000 999.000000 999.000000              722.0 
999.000000 999.000000 999.000000 999.000000 999.000000 999.000000 999.000000 999.000000 999.000000 999.000000 999.000000 999.000000              747.0 
999.000000 999.000000 999.000000 999.000000 999.000000 999.000000 999.000000 999.000000 999.000000 999.000000 999.000000 999.000000              773.0 
999.000000 999.000000 999.000000 999.000000 999.000000 999.000000 999.000000 999.000000 999.000000 999.000000 999.000000 999.000000              799.0 
999.000000 999.000000 999.000000 999.000000 999.000000 999.000000 999.000000 999.000000 999.000000 999.000000 999.000000 999.000000              825.0 
999.000000 999.000000 999.000000 999.000000 999.000000 999.000000 999.000000 999.000000 999.000000 999.000000 999.000000 999.000000              851.0 
999.000000 999.000000 999.000000 999.000000 999.000000 999.000000 999.000000 999.000000 999.000000 999.000000 999.000000 999.000000              877.0 
999.000000 999.000000 999.000000 999.000000 999.000000 999.000000 999.000000 999.000000 999.000000 999.000000 999.000000 999.000000              902.0 
999.000000 999.000000 999.000000 999.000000 999.000000 999.000000 999.000000 999.000000 999.000000 999.000000 999.000000 999.000000              928.0 
999.000000 999.000000 999.000000 999.000000 999.000000 999.000000 999.000000 999.000000 999.000000 999.000000 999.000000 999.000000              954.0 
999.000000 999.000000 999.000000 999.000000 999.000000 999.000000 999.000000 999.000000 999.000000 999.000000 999.000000 999.000000              980.0 
999.000000 999.000000 999.000000 999.000000 999.000000 999.000000 999.000000 999.000000 999.000000 999.000000 999.000000 999.000000             1005.0 
999.000000 999.000000 999.000000 999.000000 999.000000 999.000000 999.000000 999.000000 999.000000 999.000000 999.000000 999.000000             1031.0 
999.000000 999.000000 999.000000 999.000000 999.000000 999.000000 999.000000 999.000000 999.000000 999.000000 999.000000 999.000000             1057.0 
999.000000 999.000000 999.000000 999.000000 999.000000 999.000000 999.000000 999.000000 999.000000 999.000000 999.000000 999.000000             1083.0 
999.000000 999.000000 999.000000 999.000000 999.000000 999.000000 999.000000 999.000000 999.000000 999.000000 999.000000 999.000000             1109.0 
999.000000 999.000000 999.000000 999.000000 999.000000 999.000000 999.000000 999.000000 999.000000 999.000000 999.000000 999.000000             1134.0 
999.000000 999.000000 999.000000 999.000000 999.000000 999.000000 999.000000 999.000000 999.000000 999.000000 999.000000 999.000000             1160.0 
999.000000 999.000000 999.000000 999.000000 999.000000 999.000000 999.000000 999.000000 999.000000 999.000000 999.000000 999.000000             1186.0 
999.000000 999.000000 999.000000 999.000000 999.000000 999.000000 999.000000 999.000000 999.000000 999.000000 999.000000 999.000000             1212.0 
999.000000 999.000000 999.000000 999.000000 999.000000 999.000000 999.000000 999.000000 999.000000 999.000000 999.000000 999.000000             1237.0 
999.000000 999.000000 999.000000 999.000000 999.000000 999.000000 999.000000 999.000000 999.000000 999.000000 999.000000 999.000000             1263.0 
999.000000 999.000000 999.000000 999.000000 999.000000 999.000000 999.000000 999.000000 999.000000 999.000000 999.000000 999.000000             1289.0 
999.000000 999.000000 999.000000 999.000000 999.000000 999.000000 999.000000 999.000000 999.000000 999.000000 999.000000 999.000000             1315.0 
999.000000 999.000000 999.000000 999.000000 999.000000 999.000000 999.000000 999.000000 999.000000 999.000000 999.000000 999.000000             1341.0 
999.000000 999.000000 999.000000 999.000000 999.000000 999.000000 999.000000 999.000000 999.000000 999.000000 999.000000 999.000000             1366.0 
999.000000 999.000000 999.000000 999.000000 999.000000 999.000000 999.000000 999.000000 999.000000 999.000000 999.000000 999.000000             1392.0 
999.000000 999.000000 999.000000 999.000000 999.000000 999.000000 999.000000 999.000000 999.000000 999.000000 999.000000 999.000000             1418.0 
999.000000 999.000000 999.000000 999.000000 999.000000 999.000000 999.000000 999.000000 999.000000 999.000000 999.000000 999.000000             1444.0 
999.000000 999.000000 999.000000 999.000000 999.000000 999.000000 999.000000 999.000000 999.000000 999.000000 999.000000 999.000000             1470.0 
999.000000 999.000000 999.000000 999.000000 999.000000 999.000000 999.000000 999.000000 999.000000 999.000000 999.000000 999.000000             1496.0 
999.000000 999.000000 999.000000 999.000000 999.000000 999.000000 999.000000 999.000000 999.000000 999.000000 999.000000 999.000000             1521.0 
999.000000 999.000000 999.000000 999.000000 999.000000 999.000000 999.000000 999.000000 999.000000 999.000000 999.000000 999.000000             1547.0 
999.000000 999.000000 999.000000 999.000000 999.000000 999.000000 999.000000 999.000000 999.000000 999.000000 999.000000 999.000000             1573.0 
999.000000 999.000000 999.000000 999.000000 999.000000 999.000000 999.000000 999.000000 999.000000 999.000000 999.000000 999.000000             1599.0 
999.000000 999.000000 999.000000 999.000000 999.000000 999.000000 999.000000 999.000000 999.000000 999.000000 999.000000 999.000000             1624.0 
999.000000 999.000000 999.000000 999.000000 999.000000 999.000000 999.000000 999.000000 999.000000 999.000000 999.000000 999.000000             1650.0 
999.000000 999.000000 999.000000 999.000000 999.000000 999.000000 999.000000 999.000000 999.000000 999.000000 999.000000 999.000000             1676.0 
999.000000 999.000000 999.000000 999.000000 999.000000 999.000000 999.000000 999.000000 999.000000 999.000000 999.000000 999.000000             1702.0 
999.000000 999.000000 999.000000 999.000000 999.000000 999.000000 999.000000 999.000000 999.000000 999.000000 999.000000 999.000000             1728.0 
999.000000 999.000000 999.000000 999.000000 999.000000 999.000000 999.000000 999.000000 999.000000 999.000000 999.000000 999.000000             1753.0 
999.000000 999.000000 999.000000 999.000000 999.000000 999.000000 999.000000 999.000000 999.000000 999.000000 999.000000 999.000000             1779.0 
999.000000 999.000000 999.000000 999.000000 999.000000 999.000000 999.000000 999.000000 999.000000 999.000000 999.000000 999.000000             1805.0 
999.000000 999.000000 999.000000 999.000000 999.000000 999.000000 999.000000 999.000000 999.000000 999.000000 999.000000 999.000000             1831.0 
999.000000 999.000000 999.000000 999.000000 999.000000 999.000000 999.000000 999.000000 999.000000 999.000000 999.000000 999.000000             1857.0 
999.000000 999.000000 999.000000 999.000000 999.000000 999.000000 999.000000 999.000000 999.000000 999.000000 999.000000 999.000000             1882.0 
999.000000 999.000000 999.000000 999.000000 999.000000 999.000000 999.000000 999.000000 999.000000 999.000000 999.000000 999.000000             1908.0 
999.000000 999.000000 999.000000 999.000000 999.000000 999.000000 999.000000 999.000000 999.000000 999.000000 999.000000 999.000000             1934.0 
999.000000 999.000000 999.000000 999.000000 999.000000 999.000000 999.000000 999.000000 999.000000 999.000000 999.000000 999.000000             1960.0 
999.000000 999.000000 999.000000 999.000000 999.000000 999.000000 999.000000 999.000000 999.000000 999.000000 999.000000 999.000000             1985.0 
999.000000 999.000000 999.000000 999.000000 999.000000 999.000000 999.000000 999.000000 999.000000 999.000000 999.000000 999.000000             2012.0 
999.000000 999.000000 999.000000 999.000000 999.000000 999.000000 999.000000 999.000000 999.000000 999.000000 999.000000 999.000000             2037.0 
999.000000 999.000000 999.000000 999.000000 999.000000 999.000000 999.000000 999.000000 999.000000 999.000000 999.000000 999.000000             2063.0 
999.000000 999.000000 999.000000 999.000000 999.000000 999.000000 999.000000 999.000000 999.000000 999.000000 999.000000 999.000000             2089.0 
999.000000 999.000000 999.000000 999.000000 999.000000 999.000000 999.000000 999.000000 999.000000 999.000000 999.000000 999.000000             2114.0 
999.000000 999.000000 999.000000 999.000000 999.000000 999.000000 999.000000 999.000000 999.000000 999.000000 999.000000 999.000000             2140.0 
999.000000 999.000000 999.000000 999.000000 999.000000 999.000000 999.000000 999.000000 999.000000 999.000000 999.000000 999.000000             2166.0 
999.000000 999.000000 999.000000 999.000000 999.000000 999.000000 999.000000 999.000000 999.000000 999.000000 999.000000 999.000000             2192.0 
999.000000 999.000000 999.000000 999.000000 999.000000 999.000000 999.000000 999.000000 999.000000 999.000000 999.000000 999.000000             2218.0 
999.000000 999.000000 999.000000 999.000000 999.000000 999.000000 999.000000 999.000000 999.000000 999.000000 999.000000 999.000000             2244.0 
999.000000 999.000000 999.000000 999.000000 999.000000 999.000000 999.000000 999.000000 999.000000 999.000000 999.000000 999.000000             2269.0 
999.000000 999.000000 999.000000 999.000000 999.000000 999.000000 999.000000 999.000000 999.000000 999.000000 999.000000 999.000000             2295.0 
999.000000 999.000000 999.000000 999.000000 999.000000 999.000000 999.000000 999.000000 999.000000 999.000000 999.000000 999.000000             2321.0 
999.000000 999.000000 999.000000 999.000000 999.000000 999.000000 999.000000 999.000000 999.000000 999.000000 999.000000 999.000000             2347.0 
999.000000 999.000000 999.000000 999.000000 999.000000 999.000000 999.000000 999.000000 999.000000 999.000000 999.000000 999.000000             2372.0 
999.000000 999.000000 999.000000 999.000000 999.000000 999.000000 999.000000 999.000000 999.000000 999.000000 999.000000 999.000000             2398.0 
999.000000 999.000000 999.000000 999.000000 999.000000 999.000000 999.000000 999.000000 999.000000 999.000000 999.000000 999.000000             2476.0 
999.000000 999.000000 999.000000 999.000000 999.000000 999.000000 999.000000 999.000000 999.000000 999.000000 999.000000 999.000000             2501.0 
999.000000 999.000000 999.000000 999.000000 999.000000 999.000000 999.000000 999.000000 999.000000 999.000000 999.000000 999.000000             2527.0 
999.000000 999.000000 999.000000 999.000000 999.000000 999.000000 999.000000 999.000000 999.000000 999.000000 999.000000 999.000000             2553.0 
999.000000 999.000000 999.000000 999.000000 999.000000 999.000000 999.000000 999.000000 999.000000 999.000000 999.000000 999.000000             2579.0 
999.000000 999.000000 999.000000 999.000000 999.000000 999.000000 999.000000 999.000000 999.000000 999.000000 999.000000 999.000000             2604.0 
999.000000 999.000000 999.000000 999.000000 999.000000 999.000000 999.000000 999.000000 999.000000 999.000000 999.000000 999.000000             2630.0 
999.000000 999.000000 999.000000 999.000000 999.000000 999.000000 999.000000 999.000000 999.000000 999.000000 999.000000 999.000000             2656.0 
999.000000 999.000000 999.000000 999.000000 999.000000 999.000000 999.000000 999.000000 999.000000 999.000000 999.000000 999.000000             2682.0 
999.000000 999.000000 999.000000 999.000000 999.000000 999.000000 999.000000 999.000000 999.000000 999.000000 999.000000 999.000000             2708.0 
999.000000 999.000000 999.000000 999.000000 999.000000 999.000000 999.000000 999.000000 999.000000 999.000000 999.000000 999.000000             2733.0 
999.000000 999.000000 999.000000 999.000000 999.000000 999.000000 999.000000 999.000000 999.000000 999.000000 999.000000 999.000000             2759.0 
999.000000 999.000000 999.000000 999.000000 999.000000 999.000000 999.000000 999.000000 999.000000 999.000000 999.000000 999.000000             2785.0 
999.000000 999.000000 999.000000 999.000000 999.000000 999.000000 999.000000 999.000000 999.000000 999.000000 999.000000 999.000000             2812.0 
999.000000 999.000000 999.000000 999.000000 999.000000 999.000000 999.000000 999.000000 999.000000 999.000000 999.000000 999.000000             2837.0 
999.000000 999.000000 999.000000 999.000000 999.000000 999.000000 999.000000 999.000000 999.000000 999.000000 999.000000 999.000000             2863.0 
999.000000 999.000000 999.000000 999.000000 999.000000 999.000000 999.000000 999.000000 999.000000 999.000000 999.000000 999.000000             2888.0 
999.000000 999.000000 999.000000 999.000000 999.000000 999.000000 999.000000 999.000000 999.000000 999.000000 999.000000 999.000000             2914.0 
999.000000 999.000000 999.000000 999.000000 999.000000 999.000000 999.000000 999.000000 999.000000 999.000000 999.000000 999.000000             2940.0 
999.000000 999.000000 999.000000 999.000000 999.000000 999.000000 999.000000 999.000000 999.000000 999.000000 999.000000 999.000000             2966.0 
999.000000 999.000000 999.000000 999.000000 999.000000 999.000000 999.000000 999.000000 999.000000 999.000000 999.000000 999.000000             2991.0 
999.000000 999.000000 999.000000 999.000000 999.000000 999.000000 999.000000 999.000000 999.000000 999.000000 999.000000 999.000000             3017.0 
999.000000 999.000000 999.000000 999.000000 999.000000 999.000000 999.000000 999.000000 999.000000 999.000000 999.000000 999.000000             3043.0 
999.000000 999.000000 999.000000 999.000000 999.000000 999.000000 999.000000 999.000000 999.000000 999.000000 999.000000 999.000000             3069.0 
999.000000 999.000000 999.000000 999.000000 999.000000 999.000000 999.000000 999.000000 999.000000 999.000000 999.000000 999.000000             3095.0 
999.000000 999.000000 999.000000 999.000000 999.000000 999.000000 999.000000 999.000000 999.000000 999.000000 999.000000 999.000000             3120.0 
999.000000 999.000000 999.000000 999.000000 999.000000 999.000000 999.000000 999.000000 999.000000 999.000000 999.000000 999.000000             3146.0 
999.000000 999.000000 999.000000 999.000000 999.000000 999.000000 999.000000 999.000000 999.000000 999.000000 999.000000 999.000000             3172.0 
999.000000 999.000000 999.000000 999.000000 999.000000 999.000000 999.000000 999.000000 999.000000 999.000000 999.000000 999.000000             3198.0 
999.000000 999.000000 999.000000 999.000000 999.000000 999.000000 999.000000 999.000000 999.000000 999.000000 999.000000 999.000000             3223.0 
999.000000 999.000000 999.000000 999.000000 999.000000 999.000000 999.000000 999.000000 999.000000 999.000000 999.000000 999.000000             3249.0 
999.000000 999.000000 999.000000 999.000000 999.000000 999.000000 999.000000 999.000000 999.000000 999.000000 999.000000 999.000000             3275.0 
999.000000 999.000000 999.000000 999.000000 999.000000 999.000000 999.000000 999.000000 999.000000 999.000000 999.000000 999.000000             3301.0 
999.000000 999.000000 999.000000 999.000000 999.000000 999.000000 999.000000 999.000000 999.000000 999.000000 999.000000 999.000000             3327.0 
999.000000 999.000000 999.000000 999.000000 999.000000 999.000000 999.000000 999.000000 999.000000 999.000000 999.000000 999.000000             3352.0 
999.000000 999.000000 999.000000 999.000000 999.000000 999.000000 999.000000 999.000000 999.000000 999.000000 999.000000 999.000000             3378.0 
999.000000 999.000000 999.000000 999.000000 999.000000 999.000000 999.000000 999.000000 999.000000 999.000000 999.000000 999.000000             3404.0 
999.000000 999.000000 999.000000 999.000000 999.000000 999.000000 999.000000 999.000000 999.000000 999.000000 999.000000 999.000000             3430.0 
999.000000 999.000000 999.000000 999.000000 999.000000 999.000000 999.000000 999.000000 999.000000 999.000000 999.000000 999.000000             3456.0 
999.000000 999.000000 999.000000 999.000000 999.000000 999.000000 999.000000 999.000000 999.000000 999.000000 999.000000 999.000000             3481.0 
999.000000 999.000000 999.000000 999.000000 999.000000 999.000000 999.000000 999.000000 999.000000 999.000000 999.000000 999.000000             3507.0 
999.000000 999.000000 999.000000 999.000000 999.000000 999.000000 999.000000 999.000000 999.000000 999.000000 999.000000 999.000000             3533.0 
999.000000 999.000000 999.000000 999.000000 999.000000 999.000000 999.000000 999.000000 999.000000 999.000000 999.000000 999.000000             3559.0 
999.000000 999.000000 999.000000 999.000000 999.000000 999.000000 999.000000 999.000000 999.000000 999.000000 999.000000 999.000000             3585.0 
999.000000 999.000000 999.000000 999.000000 999.000000 999.000000 999.000000 999.000000 999.000000 999.000000 999.000000 999.000000             3611.0 
999.000000 999.000000 999.000000 999.000000 999.000000 999.000000 999.000000 999.000000 999.000000 999.000000 999.000000 999.000000             3636.0 
999.000000 999.000000 999.000000 999.000000 999.000000 999.000000 999.000000 999.000000 999.000000 999.000000 999.000000 999.000000             3662.0 
999.000000 999.000000 999.000000 999.000000 999.000000 999.000000 999.000000 999.000000 999.000000 999.000000 999.000000 999.000000             3688.0 
999.000000 999.000000 999.000000 999.000000 999.000000 999.000000 999.000000 999.000000 999.000000 999.000000 999.000000 999.000000             3714.0 
999.000000 999.000000 999.000000 999.000000 999.000000 999.000000 999.000000 999.000000 999.000000 999.000000 999.000000 999.000000             3739.0 
999.000000 999.000000 999.000000 999.000000 999.000000 999.000000 999.000000 999.000000 999.000000 999.000000 999.000000 999.000000             3765.0 
999.000000 999.000000 999.000000 999.000000 999.000000 999.000000 999.000000 999.000000 999.000000 999.000000 999.000000 999.000000             3791.0 
999.000000 999.000000 999.000000 999.000000 999.000000 999.000000 999.000000 999.000000 999.000000 999.000000 999.000000 999.000000             3817.0 
999.000000 999.000000 999.000000 999.000000 999.000000 999.000000 999.000000 999.000000 999.000000 999.000000 999.000000 999.000000             3842.0 
999.000000 999.000000 999.000000 999.000000 999.000000 999.000000 999.000000 999.000000 999.000000 999.000000 999.000000 999.000000             3868.0 
999.000000 999.000000 999.000000 999.000000 999.000000 999.000000 999.000000 999.000000 999.000000 999.000000 999.000000 999.000000             3894.0 
999.000000 999.000000 999.000000 999.000000 999.000000 999.000000 999.000000 999.000000 999.000000 999.000000 999.000000 999.000000             3920.0 
999.000000 999.000000 999.000000 999.000000 999.000000 999.000000 999.000000 999.000000 999.000000 999.000000 999.000000 999.000000             3946.0 
999.000000 999.000000 999.000000 999.000000 999.000000 999.000000 999.000000 999.000000 999.000000 999.000000 999.000000 999.000000             3971.0 
999.000000 999.000000 999.000000 999.000000 999.000000 999.000000 999.000000 999.000000 999.000000 999.000000 999.000000 999.000000             3997.0 
999.000000 999.000000 999.000000 999.000000 999.000000 999.000000 999.000000 999.000000 999.000000 999.000000 999.000000 999.000000             4023.0 
999.000000 999.000000 999.000000 999.000000 999.000000 999.000000 999.000000 999.000000 999.000000 999.000000 999.000000 999.000000             4049.0 
999.000000 999.000000 999.000000 999.000000 999.000000 999.000000 999.000000 999.000000 999.000000 999.000000 999.000000 999.000000             4075.0 
999.000000 999.000000 999.000000 999.000000 999.000000 999.000000 999.000000 999.000000 999.000000 999.000000 999.000000 999.000000             4100.0 
999.000000 999.000000 999.000000 999.000000 999.000000 999.000000 999.000000 999.000000 999.000000 999.000000 999.000000 999.000000             4126.0 
999.000000 999.000000 999.000000 999.000000 999.000000 999.000000 999.000000 999.000000 999.000000 999.000000 999.000000 999.000000             4152.0 
999.000000 999.000000 999.000000 999.000000 999.000000 999.000000 999.000000 999.000000 999.000000 999.000000 999.000000 999.000000             4179.0 
21.017920 217.891891 -61.417351 48.465042 189.112122 -10.609443 40.964848 164.640717 -55.874527 70.186722 168.887131 15.397956               4204 
20.156252 219.128387 -74.918991 47.378033 188.061096 -25.352247 44.042145 167.273834 -72.334641 69.461090 167.400986 0.000562               4230 
17.886250 225.407166 -92.649872 44.082272 194.298340 -42.559219 41.381794 173.294373 -88.749092 65.689659 173.705795 -16.745779               4255 
17.280222 225.305038 -99.267365 42.920853 194.719849 -48.570549 40.145798 172.929169 -93.707153 64.255424 174.423340 -22.299761               4267 
14.493472 228.098770 -110.151268 38.874088 197.223999 -59.010319 34.534496 174.555023 -102.528801 59.410000 176.524216 -32.419674               4278 
12.168732 230.917709 -121.657143 34.699841 199.526276 -69.985191 29.173098 176.167252 -111.816833 54.132668 178.329102 -42.960918               4289 
12.300092 231.184418 -128.229645 34.136105 200.137802 -76.053398 24.349388 174.937027 -114.410225 52.882774 178.639801 -48.783188               4299 
14.665638 239.113708 -132.172272 36.124268 201.234665 -84.551178 27.665922 180.957794 -124.923729 54.911720 176.539917 -60.169479               4317 
12.321945 237.863586 -138.937378 36.163807 200.935303 -91.704659 31.040567 181.050278 -132.632156 56.691006 177.588806 -67.397423               4335 
13.092813 240.121277 -142.654694 35.526390 201.171082 -96.365601 30.215364 182.790604 -137.957001 55.207386 176.561020 -72.611237               4346 
4.860858 235.206650 -151.720062 31.663366 197.561508 -106.691948 30.583073 182.351868 -150.179520 54.159988 174.828171 -83.575630               4369 
-0.830864 229.326187 -162.197662 28.265327 196.497253 -114.882385 27.544756 178.683792 -157.488388 52.081501 176.627762 -90.484436               4386 
-2.697894 226.904236 -166.002594 25.877808 193.460510 -118.800804 30.016397 179.857910 -163.077301 49.621998 173.990265 -94.013924               4404 
3.081979 234.107956 -172.052429 25.815666 195.543594 -125.587036 31.467979 186.111282 -171.414719 46.202118 172.361389 -101.005653               4422 
1.737376 230.077866 -180.803055 25.962393 194.517532 -132.723175 29.940586 184.359344 -179.853760 46.975651 172.493851 -107.610100               4447 
-4.187612 228.696976 -186.574585 22.363194 194.940475 -138.422562 26.486908 185.808105 -186.277481 44.655811 174.025452 -113.465248               4456 
-14.115818 228.004837 -190.630844 18.978474 195.668564 -145.662003 20.386202 190.585434 -195.707062 44.677788 175.681183 -123.361412               4474 
-16.087053 224.146164 -195.590973 16.834854 194.755859 -148.522705 19.853514 188.806915 -199.088028 42.436615 176.210938 -124.902756               4482 
-20.562025 220.015198 -199.618042 15.103016 193.361435 -152.920654 19.455372 190.658203 -205.353058 42.221573 176.550888 -129.698776               4517 
-23.270826 224.131729 -201.752548 14.495601 194.718460 -158.490326 16.865526 196.062836 -211.773438 42.586277 176.415253 -137.677521               4535 
-25.655855 220.751282 -204.614594 12.582124 193.032135 -160.653595 16.590012 195.707382 -214.301163 41.081097 176.012161 -139.313614               4562 
-16.821459 203.787827 -210.753296 9.779090 192.693954 -164.790497 14.808597 197.577789 -218.473618 39.242664 177.636688 -143.286011               4572 
-5.475628 188.092270 -215.616058 7.975962 191.648361 -167.688339 14.254269 197.055069 -221.687653 37.660053 178.124634 -145.479553               4595 
-3.791729 185.092529 -216.043716 7.849413 191.072876 -167.992554 14.399233 196.228821 -222.216568 37.483952 177.744629 -145.600174               4612 
-3.487102 184.409439 -216.139679 7.813265 190.908493 -168.079437 14.504922 196.119049 -222.411560 37.434052 177.636871 -145.635300               4621 
-3.332273 183.574753 -216.142975 7.822643 190.625961 -168.127075 14.660350 195.774643 -222.637131 37.408592 177.378326 -145.622894               4638 
-3.281145 183.242599 -216.141800 7.826503 190.509689 -168.146683 14.729763 195.641373 -222.734207 37.398170 177.272263 -145.617737               4647 
-2.931943 182.259888 -216.109543 7.931360 189.910217 -168.116806 15.163250 194.926239 -222.806107 37.372391 176.681229 -145.412491               4664 
-2.776711 181.957382 -215.999374 7.981580 189.733719 -168.002472 15.637121 195.295319 -222.809036 37.357620 176.478455 -145.229401               4673 
-1.484681 183.185425 -216.530716 7.723541 189.812241 -168.040359 17.899309 198.412888 -222.453552 36.279076 175.815796 -144.674835               4682 
0.441741 183.493927 -216.745224 7.884369 189.269669 -167.843109 21.247288 199.878448 -221.667801 35.006744 173.999069 -143.585083               4699 
1.517595 183.807175 -216.648407 7.907308 189.018234 -167.533630 22.791737 200.825256 -220.809082 34.327850 173.200317 -142.855408               4708 
2.622489 181.202957 -216.296814 7.178088 187.446823 -167.096771 24.632736 198.685196 -219.855118 32.292919 171.652176 -141.076767               4725 
3.048067 181.599716 -216.283249 6.993613 187.362671 -166.971252 25.403978 199.943542 -219.229752 31.762379 171.254196 -140.812302               4733 
3.004286 180.754990 -215.994492 6.567382 186.721497 -166.676620 26.074438 199.575806 -218.632828 30.747252 170.234024 -140.204666               4742 
3.488971 178.078064 -215.956238 5.737894 185.018204 -166.686905 27.484642 197.230743 -218.101044 28.669584 168.427124 -139.188904               4768 
3.427406 175.800415 -216.124176 5.453467 184.482422 -167.121552 27.486197 195.169891 -218.806061 28.298470 168.899704 -138.969254               4778 
3.437775 175.721252 -216.246902 5.170117 184.641586 -167.274734 28.453804 198.641891 -218.182526 28.222301 169.558060 -139.019638               4795 
3.399764 175.381927 -216.310806 5.107338 184.560486 -167.384979 28.824570 199.524368 -218.090179 28.208143 169.675217 -139.064545               4803 
2.925297 174.400070 -216.442917 4.750042 184.268509 -167.654724 29.189997 202.895599 -217.456406 28.312088 170.182037 -139.305695               4820 
2.460139 170.637070 -216.336151 4.100247 182.477524 -167.981277 28.560375 205.919968 -216.752243 28.705807 170.902161 -139.383316               4838 
0.757323 165.498260 -215.183670 3.704031 180.637863 -167.820465 27.942242 203.611710 -217.822281 28.998339 170.886353 -139.143433               4863 
0.323142 164.435455 -214.907669 3.553551 180.271851 -167.791092 27.673557 202.977905 -218.132751 29.006126 170.912827 -139.123322               4872 
0.172925 163.240509 -214.816101 3.386398 179.778671 -167.939087 27.544392 202.501984 -218.470734 28.915356 170.920517 -139.180237               4895 
0.067562 162.655243 -214.723114 3.363991 179.527969 -167.970886 27.544249 202.041931 -218.649750 28.919277 170.832428 -139.185806               4904 
-0.087794 161.775452 -214.577850 3.330391 179.152039 -168.018570 27.550137 201.379364 -218.912094 28.926851 170.700272 -139.197479               4916 
0.081410 161.128998 -214.460007 3.332025 178.948746 -168.055649 27.604525 201.154251 -219.041580 28.930532 170.874435 -139.128357               4940 
0.480036 160.567749 -214.202744 3.211901 178.416977 -167.775879 26.678062 201.632401 -218.736145 29.116236 171.147293 -138.907501               4953 
0.296949 159.639648 -213.865250 2.908795 177.736969 -167.527069 25.458609 201.492279 -218.707230 29.194674 171.219788 -138.824356               4965 
0.185870 158.982986 -213.626617 2.693813 177.254669 -167.350586 24.597755 201.426102 -218.670151 29.233963 171.277313 -138.764618               4977 
-0.683063 158.874268 -213.286758 2.322033 177.415527 -167.147247 23.802416 201.362137 -218.795685 29.131561 171.532623 -138.793991               4990 
-1.608545 158.759583 -212.916794 1.925298 177.587173 -166.930252 22.956259 201.313766 -218.920105 29.019840 171.799667 -138.829422               5015 
-1.640041 160.280243 -213.451874 2.261251 178.943054 -167.427216 23.291399 202.787186 -219.413605 29.435200 172.826065 -139.473221               5066 
-1.517457 160.647781 -213.768814 2.227466 179.109085 -167.649780 23.367290 203.265701 -219.461761 29.336935 172.906235 -139.652130               5080 
-2.442141 160.982208 -214.152237 2.117763 179.619858 -168.176987 23.552027 203.033005 -220.257599 29.256422 172.854935 -140.338242               5145 
-2.655472 161.062943 -214.241226 2.092052 179.739563 -168.300537 23.598734 202.987656 -220.440460 29.233557 172.842209 -140.497101               5169 
-1.090282 163.174942 -213.875671 2.092115 179.731277 -166.996155 26.364323 204.723251 -217.093506 27.846260 170.970383 -138.408798               5183 
-0.652129 165.008224 -213.262161 1.896006 180.291580 -165.913483 28.003927 205.869720 -214.784271 26.730301 170.087662 -136.992828               5197 
-1.348895 168.012314 -211.495972 1.711721 182.460510 -163.915451 29.848639 207.038849 -212.179489 25.578011 170.299850 -134.936417               5232 
-9.370072 175.363602 -208.960785 -0.964108 188.312271 -161.592804 25.005243 210.416916 -211.521210 23.598181 172.928467 -134.810364               5257 
-11.428204 179.094955 -207.092773 -1.329814 192.108490 -160.074203 21.973364 211.055878 -210.711288 23.147224 175.888855 -133.710129               5267 
-8.953804 177.828796 -206.149231 -1.418058 195.478912 -160.173141 15.697704 212.056808 -210.986298 24.776413 184.839462 -132.642822               5281 
2.906442 173.240112 -203.699478 2.613082 197.296051 -160.071793 25.203243 206.837555 -209.228928 24.450068 191.793884 -127.665947               5296 
2.687265 150.910553 -186.431549 3.840445 190.276260 -155.916214 29.233316 176.585907 -202.258148 23.139225 195.751648 -121.933220               5305 
3.776739 140.828339 -172.393463 6.066014 186.080841 -151.676880 32.909412 160.299347 -191.261047 23.386963 198.096771 -118.317200               5314 
4.398424 137.086609 -164.888351 6.064021 184.403305 -149.377274 33.459827 154.487045 -185.249634 22.689468 200.224136 -117.274895               5324 
6.811905 137.546143 -165.367477 6.174806 184.782379 -149.537140 34.712605 156.455444 -185.599304 22.045923 201.176437 -117.340736               5333 
11.778899 151.384460 -162.639389 2.363009 192.948669 -149.779388 35.483536 171.377060 -186.422180 14.644246 207.740265 -115.317146               5341 
15.949148 161.589569 -159.930771 2.071091 198.973465 -147.742035 38.020977 183.632813 -184.705750 11.725972 210.248245 -111.177994               5350 
14.542500 165.615112 -157.683624 -0.811937 201.059280 -146.192596 35.019325 188.486008 -184.139832 8.839554 210.494034 -109.110245               5367 
13.114848 173.627319 -155.650681 -3.357512 207.583939 -142.432739 33.951508 198.771622 -179.941422 4.773222 213.865723 -104.331604               5376 
12.589038 176.200592 -152.977432 -2.687023 210.083267 -138.703064 35.578529 201.493362 -175.196594 4.110446 213.541672 -99.984840               5385 
10.605354 174.037750 -148.965775 -1.560046 209.333481 -135.479675 36.485054 196.682907 -170.922470 4.520718 212.275620 -96.599930               5394 
14.942039 175.588684 -145.473953 2.050023 210.132401 -131.111145 43.846447 198.888275 -162.457504 3.188411 209.836533 -91.666458               5413 
16.575209 176.448425 -143.145157 3.366196 210.728592 -128.654312 46.181774 200.138092 -158.668121 2.973587 209.473190 -89.214027               5437 
24.119951 186.777893 -131.264053 9.405817 215.722946 -108.867188 55.525238 212.915634 -135.407623 4.071209 202.744720 -71.983932               5454 
26.086218 189.128784 -128.785706 10.622034 216.332230 -104.820511 57.677074 215.454727 -129.718765 3.844273 200.517731 -69.306709               5463 
25.770962 192.067108 -121.685822 9.587971 217.757965 -96.638397 57.353054 218.536316 -119.995148 1.669799 199.692459 -62.459362               5480 
26.337749 193.418900 -116.581375 10.010256 218.820969 -91.372124 57.894657 219.959366 -114.399551 1.875381 200.326431 -57.474598               5489 
26.633181 194.122604 -113.802879 10.236406 219.390259 -88.551819 58.170132 220.669617 -111.435387 1.986738 200.668243 -54.807251               5497 
23.571783 190.543869 -101.990845 10.096653 217.580734 -76.903984 55.459702 216.642807 -104.508766 5.056389 201.031052 -41.436104               5515 
28.965019 192.265427 -94.208107 19.508278 211.688583 -61.448021 65.033524 211.589600 -88.772537 10.182098 185.709641 -33.245487               5532 
35.136459 186.337784 -86.817902 24.257948 206.023392 -54.679676 72.454002 200.522095 -76.259567 8.155785 180.810349 -28.944689               5541 
46.270172 232.850845 -79.896065 32.210979 196.299637 -35.298527 34.677906 195.449478 -70.477104 30.823673 162.701965 -14.645722               5550 
32.162273 247.602615 -57.933586 39.637341 185.273453 -19.089756 21.420309 181.304962 -56.403004 49.939129 149.816940 -5.162247               5567 
26.670868 244.625427 -52.501221 41.601330 181.584839 -12.666861 18.874449 174.786850 -48.574871 54.943954 147.143631 1.227162               5584 
25.494928 243.357773 -51.306122 41.736012 180.817200 -10.554330 17.885891 173.108505 -45.796345 55.528732 146.701019 3.697467               5593 
25.121143 237.768173 -51.343315 43.486618 178.031219 -7.045216 17.048223 167.966751 -39.942169 57.844166 144.881042 8.835368               5611 
23.406708 235.560196 -49.600815 44.356426 176.936478 -4.874259 17.219994 165.715286 -36.868530 59.896450 144.383652 11.128489               5619 
22.870617 233.241165 -45.975666 46.661682 175.209381 -1.827857 17.995770 163.398605 -32.297291 63.314472 142.960297 13.662377               5629 
23.969557 230.471191 -39.940144 49.022255 172.851959 4.115977 19.301876 160.750580 -25.267757 66.071777 140.733917 19.446072               5645 
25.135159 229.161057 -37.583134 49.384171 171.799545 7.280126 19.712816 159.629990 -22.152426 66.038414 139.701096 23.078611               5654 
24.837641 228.130005 -32.238121 51.628162 171.082520 11.608728 20.998772 158.479645 -16.678923 69.339233 139.222122 26.724937               5671 
25.529085 227.307709 -30.919371 52.209068 170.685318 13.558870 21.609240 157.805099 -14.654287 69.872711 138.970367 29.032211               5680 
28.665045 192.123383 -32.560719 53.327240 170.114609 16.627747 22.402277 157.350128 -11.308327 70.897568 138.325638 32.055351               5689 
29.236181 179.770981 -30.945248 54.721249 169.528763 19.169191 23.102669 156.384521 -7.819163 72.917427 137.949631 34.299397               5697 
30.524961 174.217163 -26.994003 56.443165 169.173035 23.432707 24.422209 155.913254 -3.047632 74.855568 137.653030 38.424034               5714 
37.185452 165.080429 -18.715637 56.727512 169.103134 25.280514 24.340052 156.040878 -0.863206 75.079773 137.467575 40.101177               5723 
40.052361 160.511353 -12.992354 56.681870 169.161789 27.595190 23.840052 156.310165 1.901040 75.053368 137.404160 42.128166               5732 
40.253532 158.149368 -8.735547 56.974609 169.239243 29.858807 23.472185 154.995300 5.786717 77.453766 138.295761 43.289047               5741 
40.605831 157.866837 -1.862431 58.318291 169.574921 35.358875 23.938654 154.616333 12.997198 80.853714 139.153290 46.491974               5758 
40.831242 157.665802 1.568210 58.841732 169.495087 38.431774 24.163504 154.525040 16.532938 81.661179 139.098434 49.042267               5767 
41.537109 157.954285 6.870738 59.697075 170.019287 43.448246 24.747776 155.211563 21.853188 82.348213 139.495117 54.053337               5784 
41.377995 157.479324 9.823941 59.851017 170.045746 46.026222 24.648512 155.065689 24.958418 82.497810 139.589355 56.833485               5792 
41.301975 157.565689 11.971503 59.995293 170.190323 47.989655 24.580187 155.339401 27.175432 82.556221 139.642990 58.719593               5801 
41.325554 157.431778 15.617277 60.465614 170.521927 51.174335 24.496458 156.297577 30.862003 82.000298 139.539688 62.733940               5818 
40.951271 157.542511 17.750595 60.535450 170.725357 53.001934 24.239290 156.656128 33.159351 81.965759 139.647034 64.497398               5830 
39.369385 155.441528 23.658041 60.564022 170.188202 57.279263 23.417284 155.094727 39.900734 82.838943 139.734314 68.840157               5855 
39.063126 155.365448 24.743780 60.517288 170.148849 58.172657 23.224407 155.055267 41.105076 82.869888 139.695343 69.583679               5862 
37.973072 155.490250 30.080202 60.928402 169.861359 62.642723 22.752489 155.375778 47.045212 83.286446 139.039474 73.005928               5888 
37.764198 155.432083 33.126141 61.017040 170.004868 65.368889 22.805552 155.021347 50.329262 84.006332 139.472031 75.192558               5905 
