0.033389 143.553101 23.536840 45.045361 157.737457 55.620338 4.421821 144.094589 18.586241 76.360611 129.145874 68.235176                  0 
1.479616 143.141617 21.796890 44.813961 158.704681 55.951744 8.233314 145.447250 11.839334 78.046768 131.942993 67.641541                 17 
4.117944 143.899963 19.590267 45.612045 159.642853 56.306213 16.163279 150.221085 2.777120 79.125603 133.570129 68.728462                 51 
4.854455 144.496750 18.926952 45.960934 159.985535 56.452335 18.834265 151.654755 0.226781 79.402435 133.929993 69.102730                 69 
6.110556 145.828644 17.971470 46.656483 160.349884 57.137482 21.966240 152.660797 -0.870605 79.126648 133.679199 70.980194                104 
6.074529 146.265686 17.583593 46.753117 160.308990 57.361774 22.550701 152.674286 -0.904197 79.002335 133.520477 71.490547                122 
6.007554 146.158371 18.083712 46.629734 160.553329 58.189045 20.678526 149.770538 2.182142 78.380875 133.751663 73.380951                156 
5.829297 146.260895 18.321718 46.601707 160.669449 58.508980 18.696281 148.010406 5.281707 78.201874 133.847366 73.977112                173 
5.731086 145.195251 18.865463 46.796291 159.654358 59.149052 12.686296 143.013031 17.488977 78.195656 132.835403 75.026131                208 
5.144130 145.282669 20.458500 47.162193 159.347366 60.061184 10.821485 141.929733 21.908398 78.770195 132.352890 75.210152                225 
4.670643 144.454117 21.573803 47.483521 158.722504 60.452122 10.219367 140.630096 23.723961 79.721695 132.033981 74.793709                242 
4.567612 143.435791 23.234806 47.959286 157.575241 61.701160 10.306800 139.472260 25.390160 81.173508 131.328781 74.554070                260 
5.932515 142.268646 23.058802 47.909286 156.583481 63.156628 12.470490 138.916687 24.031221 83.273026 132.302841 73.978592                294 
5.830332 142.635757 22.780191 48.003471 156.693359 63.089024 14.145006 141.114532 20.743769 83.503426 132.537277 73.742455                312 
5.951068 143.043945 21.808094 48.057983 157.171936 62.587639 17.481255 145.148697 14.492559 83.860458 133.486588 73.285561                329 
5.534433 144.058441 21.046034 48.144993 157.334564 62.356720 20.403690 148.538788 9.292631 83.839127 133.535110 73.162880                351 
5.329234 145.045914 20.339542 48.382595 157.318008 62.187569 22.692684 150.310974 6.138556 83.741379 133.155380 73.286308                374 
6.059964 145.969498 18.840284 48.987602 157.369980 61.470081 24.786137 150.922394 4.004490 83.613876 132.556351 73.410072                398 
6.264360 147.563034 18.568830 49.620972 158.121292 61.334568 25.800987 151.041336 3.533302 83.051361 132.222733 74.331947                416 
4.663596 147.641190 18.948551 48.997467 157.776077 61.591831 24.704836 149.509903 4.106251 82.120537 131.723175 75.059082                450 
3.921999 148.206406 19.031481 48.912781 157.837555 61.639755 23.476877 148.155746 5.913246 81.903366 131.704895 75.276596                468 
3.477496 148.565445 19.212500 49.031982 157.690552 61.892815 20.826527 144.659012 11.990770 81.838760 131.471161 75.803864                485 
2.811309 147.980927 19.695002 49.003288 157.553360 61.995167 18.536776 141.471451 16.866560 81.978691 131.674576 76.143311                502 
1.977351 145.799438 21.939848 49.262814 157.091721 62.976467 17.358286 138.301346 20.649265 83.111412 132.309311 77.025078                537 
1.554356 145.676895 22.549158 49.260315 156.955383 63.248604 16.984104 137.981949 21.336990 83.264824 132.252365 77.058495                554 
1.024724 145.681686 23.508612 49.261536 156.655685 63.838158 16.552635 137.801208 22.174847 83.423882 131.926010 77.203621                572 
0.857900 146.305450 23.673868 49.330826 156.530121 64.064873 16.494991 138.292236 22.100681 83.493958 131.579041 77.010231                589 
2.108342 149.213181 19.864624 49.384037 156.876770 62.359230 18.116783 141.286926 17.743540 82.911812 131.033356 75.214767                624 
3.195448 150.386536 17.288031 49.480240 157.507919 61.017921 19.646446 142.799423 14.748953 82.719414 131.541382 74.365387                641 
3.864222 150.686401 16.345251 49.394012 157.410965 61.008739 21.149252 143.862045 12.710221 82.566933 131.479874 74.587936                658 
5.017956 150.733887 14.410392 49.196548 157.375061 60.498791 23.475882 144.847549 9.483435 82.079430 131.545944 74.949776                676 
6.186486 150.524872 13.170818 49.360298 157.517929 60.086906 25.763144 145.719925 6.913252 81.894104 131.732147 75.380798                693 
7.207840 150.096085 12.456565 49.476009 157.618881 59.795864 27.464685 146.403381 5.146569 81.750999 131.864456 75.679596                710 
12.497388 160.327988 13.419637 56.826473 162.044266 59.339443 32.883667 154.116089 3.987388 85.044380 131.761795 74.959282                745 
12.997351 165.047897 12.371393 57.834961 162.147827 57.751236 33.511177 157.567444 1.553100 83.570984 129.298965 72.443649                762 
13.484018 165.271088 11.327639 59.535072 165.215775 55.596706 35.246998 157.296661 -1.421993 85.644264 133.323135 71.672401                780 
20.715183 170.641342 3.138301 68.181030 169.087967 45.937649 43.329857 159.445190 -12.530676 91.834167 135.984558 63.314419                814 
21.917358 170.809036 -2.333008 69.645309 170.741882 40.266781 45.370800 158.562958 -18.929293 93.310234 138.257416 58.759739                832 
29.389435 170.139297 -22.851746 74.724823 169.866913 22.366659 54.569733 155.116837 -39.172611 95.555122 137.225052 43.764469                866 
34.477303 173.083023 -30.745256 77.607605 169.198013 16.473751 60.863926 159.153687 -47.364922 97.415230 134.942474 36.259453                884 
37.114342 171.562347 -40.164448 78.792709 166.664337 8.334663 65.040115 160.045639 -56.911396 99.685661 132.182755 26.549038                902 
39.465885 167.561615 -48.797768 79.096191 162.397308 1.429344 69.444664 160.696533 -65.018585 102.765892 128.698410 17.596846                918 
42.227345 158.561722 -73.313087 81.626465 155.360870 -22.629807 73.101120 156.292404 -89.316284 109.055641 123.922760 -7.914377                955 
44.845898 155.100128 -81.298935 84.503693 153.669754 -30.594694 75.815826 153.721695 -97.285530 113.076370 123.362213 -15.684543                974 
48.216686 144.837646 -98.688179 87.069496 146.981903 -46.968353 79.817749 144.322220 -113.839966 116.911819 118.781677 -30.492872               1006 
47.285004 140.644745 -104.223862 87.500420 144.798859 -53.317242 78.754280 141.637222 -120.036598 119.289154 118.340637 -37.610641               1023 
47.854813 138.344696 -108.706001 88.614128 142.786346 -57.317230 80.087784 138.623001 -124.099426 120.585091 116.797432 -41.202263               1040 
48.708988 136.089539 -112.739677 89.173134 140.768234 -60.319607 82.013351 135.914688 -127.368057 121.071793 115.193146 -43.418468               1057 
48.272057 128.072754 -119.765800 88.184273 136.192352 -66.814522 83.227455 128.972061 -134.327347 120.888611 112.671753 -48.526119               1092 
48.166878 126.734047 -121.123611 88.128021 134.805450 -68.073364 84.290115 128.028534 -136.139236 120.746719 111.242325 -49.687027               1109 
48.002911 125.527107 -122.064369 87.854034 133.639679 -68.741852 86.292969 127.377968 -137.755554 120.183121 109.984352 -49.966499               1127 
48.105385 124.301590 -122.808243 87.189842 132.990662 -68.785446 88.794945 127.100471 -138.643463 119.237701 109.608757 -49.202831               1144 
46.751247 120.526833 -124.894707 85.444969 130.592667 -70.624695 90.584167 125.782005 -141.432785 117.708176 108.007309 -50.469170               1179 
46.384876 119.036362 -125.440895 84.898384 129.813904 -71.083092 91.824348 125.201973 -142.237411 117.083351 107.506310 -50.497723               1196 
45.423500 116.504272 -126.237595 84.284500 127.693481 -72.012405 93.077774 123.175461 -143.584869 116.094406 105.242920 -51.003826               1231 
45.509987 116.288429 -127.067268 84.221443 127.303093 -72.570900 95.675423 125.286163 -144.620148 116.126549 104.885475 -51.671787               1255 
44.701359 112.486961 -128.999847 83.281258 124.715523 -74.498596 98.028366 125.589180 -147.114487 115.877007 103.249031 -53.666771               1283 
43.281010 107.432014 -130.150543 82.435463 121.718948 -76.407066 98.128349 121.927773 -149.379730 115.371902 101.126488 -55.231613               1317 
42.347546 101.305687 -130.928192 79.994751 119.331017 -77.150444 98.815163 116.252914 -149.513245 112.412262 100.349976 -53.782013               1335 
40.497009 95.912506 -132.230423 77.080940 117.848877 -79.068962 98.267159 113.082870 -150.774338 109.529221 100.919128 -54.214367               1352 
40.927288 92.365944 -132.671127 76.678734 116.502426 -79.801689 99.985077 110.496849 -150.494568 108.493530 100.497696 -53.554298               1369 
29.151154 91.771088 -133.778214 65.122925 106.989685 -77.719719 90.040878 122.115730 -147.839447 99.063850 88.416214 -56.265156               1405 
16.202490 68.428780 -116.763412 58.381237 106.218826 -78.458481 67.210144 100.691147 -154.123123 98.702660 100.399857 -61.207954               1422 
13.270756 68.601944 -114.722633 56.882896 107.901070 -79.514580 60.744759 103.328964 -155.903885 98.530678 103.392159 -65.288185               1439 
14.340729 71.604156 -115.845940 58.541107 109.683876 -79.886940 62.015724 109.906761 -157.028580 100.475395 104.595772 -66.738380               1456 
20.422323 79.976105 -115.771736 67.477646 110.835899 -76.483101 73.079056 120.346252 -153.701920 108.817535 101.097290 -64.096367               1473 
18.577955 81.688232 -114.008965 67.276939 108.253929 -73.424667 73.926781 123.308304 -150.214279 108.226021 95.953407 -62.061207               1491 
19.984156 81.139008 -112.285034 68.231644 108.701347 -71.692581 77.081078 123.106827 -148.696762 108.939262 96.463997 -59.429016               1508 
19.866280 80.880508 -111.481232 68.408875 108.605293 -71.209961 78.197891 122.699974 -148.383591 108.951218 96.051231 -58.721088               1526 
19.661474 80.461044 -111.041855 68.377083 108.452034 -71.003792 79.930305 123.257088 -148.448273 108.809425 95.686455 -58.373516               1560 
19.500692 80.345009 -110.919739 68.273499 108.408791 -70.921227 80.962814 124.321945 -148.253571 108.658562 95.535469 -58.249107               1578 
18.515564 80.265152 -110.371078 67.768745 108.172737 -70.734108 81.629028 124.235062 -148.130844 107.950912 94.773888 -57.962151               1595 
17.934116 80.375427 -110.227806 67.432770 108.189827 -70.725037 82.493935 124.717865 -148.073273 107.434219 94.372643 -57.832096               1612 
18.040224 80.191704 -109.646530 67.496689 108.454048 -70.457504 83.633453 125.646408 -147.603149 107.381592 94.414177 -57.444641               1630 
17.006155 77.456902 -107.402832 66.315163 108.289772 -69.921989 81.918892 123.759315 -147.665298 106.570335 95.404793 -56.854610               1647 
17.045116 79.765297 -108.750275 65.863640 109.166336 -69.439743 85.908875 124.982666 -146.452225 105.155983 94.967888 -54.887291               1664 
17.626463 80.830727 -110.145538 65.441933 110.072662 -69.470116 89.873894 124.785141 -145.715195 103.739090 95.176933 -53.077950               1682 
17.425882 81.389397 -110.002274 64.851982 111.239548 -69.377274 91.074471 124.395836 -145.380814 102.626251 96.070587 -52.049103               1699 
17.216398 80.716339 -108.146484 64.331207 112.666328 -68.824593 90.001938 124.551147 -145.229599 102.416885 98.429573 -51.387451               1717 
16.672293 78.490250 -103.402901 62.626846 114.367073 -66.106598 84.879478 127.477135 -143.359940 102.196716 103.066673 -49.865150               1735 
16.053003 82.258698 -102.046120 62.639965 117.796013 -65.349495 84.434120 130.945816 -142.656219 102.162941 105.850540 -49.459301               1756 
15.358906 87.396027 -96.693466 64.701714 123.551834 -64.668915 79.879173 135.971481 -143.541992 105.382607 111.639053 -52.003658               1774 
14.420626 92.394577 -94.487762 65.207962 127.204193 -63.520657 77.567047 141.834961 -142.265488 106.075378 114.209442 -52.646435               1790 
13.749780 100.717293 -91.849846 65.225014 133.484970 -60.307266 75.986725 152.394150 -137.904266 105.993378 119.133736 -50.860561               1821 
45.230919 120.925560 -106.277550 68.484711 144.840591 -57.288124 80.623230 147.738251 -119.558098 102.170975 127.667747 -34.318855               1838 
58.814896 133.383347 -97.315254 70.296783 152.415314 -50.056435 82.362328 146.032776 -111.783592 93.524132 127.574783 -21.759853               1872 
57.573322 136.475113 -92.974709 69.058197 153.617859 -45.123962 81.312286 149.348129 -107.299194 91.375488 127.055923 -17.671082               1890 
55.549007 138.069305 -87.012955 68.123352 155.397614 -39.623363 78.856155 151.118744 -102.119781 91.309433 129.029419 -12.709026               1907 
52.115181 144.694580 -76.076454 66.744736 160.467972 -28.938643 75.575592 157.438980 -91.927788 89.801636 132.663544 -3.393545               1942 
50.635708 146.074020 -71.670593 66.299393 162.110519 -25.026014 73.870193 158.728104 -88.190819 89.797668 134.381485 0.196781               1959 
49.415730 148.775787 -66.710770 66.038513 164.077377 -20.253551 72.565628 161.497925 -83.598167 89.674881 135.780945 4.198275               1976 
48.525539 151.759628 -62.060585 65.967148 166.517578 -15.823876 71.646820 164.315582 -79.250679 89.494987 137.700333 8.119085               1994 
46.976841 152.787506 -57.991741 64.629372 168.266174 -12.229613 69.765579 165.482132 -75.649010 88.647003 139.927444 11.798024               2011 
45.990505 155.278412 -54.231186 63.612347 170.402756 -8.465433 68.814781 168.496735 -71.892822 87.810410 141.920029 15.208318               2029 
45.289394 157.218582 -50.631496 62.830631 172.285492 -4.935758 68.126816 170.877243 -68.265404 87.223083 143.834274 18.575827               2046 
43.992355 160.026367 -42.592289 61.664875 175.561569 2.528025 66.791626 174.490936 -60.638241 86.573517 147.395355 25.840729               2081 
44.043823 161.249191 -39.869984 61.064934 176.650391 5.346424 67.123749 176.161697 -57.659237 85.758675 148.383087 28.765156               2098 
44.402275 162.719528 -37.067734 60.543510 177.953583 8.374086 67.853561 177.832809 -54.337521 84.707062 149.506104 32.125351               2116 
43.954971 164.107162 -32.686321 60.648781 179.030579 12.516466 67.029243 179.513641 -49.913975 85.121498 150.375397 35.694580               2133 
43.436783 165.289337 -29.167757 60.379124 179.801147 15.895858 66.353394 181.155472 -46.351456 85.083984 150.912552 38.531612               2150 
43.352203 166.295532 -26.213680 60.302906 180.793594 18.702078 66.295128 182.194199 -43.388279 84.905571 151.797043 41.311069               2167 
43.413425 166.126862 -22.007854 61.076164 181.198715 22.332174 65.920670 182.130844 -39.725731 86.298622 152.569534 44.725368               2185 
43.139999 166.249313 -19.120268 61.145386 181.732590 24.848419 65.422836 182.458954 -37.111687 86.791649 153.392914 47.128220               2202 
42.652229 166.458542 -16.781445 60.779011 182.262405 26.913765 64.829620 182.942093 -34.907558 86.706787 154.145004 49.149342               2220 
42.102089 166.647339 -14.186760 60.495056 182.362015 29.271719 64.106781 183.570831 -32.416370 86.730659 154.214859 51.104939               2239 
41.513706 167.207001 -12.948872 59.922970 182.777634 30.394854 63.578941 184.185165 -31.158033 85.959961 154.395660 52.161732               2256 
41.086143 167.083344 -10.720603 60.024353 182.787415 32.203926 62.917809 184.326950 -29.288742 86.450157 154.474655 53.589024               2274 
40.722801 167.194733 -8.886045 59.997437 182.784470 33.831985 62.644707 184.923370 -27.560509 86.693558 154.428696 54.820683               2289 
40.347343 167.824814 -6.766632 59.840088 182.871613 35.967228 62.307789 185.914703 -25.241060 86.583290 154.199417 56.460255               2323 
40.087925 167.656021 -5.516114 59.564312 183.063141 36.964054 62.171127 186.273148 -24.137884 86.585770 154.649277 57.451904               2341 
39.980507 167.842987 -3.856136 59.721794 183.821915 38.153122 62.255836 186.935684 -22.682646 86.993507 155.694717 58.704815               2358 
40.001411 167.978348 -2.886628 59.723465 184.121857 38.911869 62.445938 187.486359 -21.655024 87.008797 156.023529 59.484974               2376 
40.337196 167.937988 -2.161473 59.768166 184.331894 39.494164 62.921848 187.324341 -20.843662 86.689804 156.177719 60.466198               2393 
40.659576 167.791382 -1.142190 59.734062 184.522583 40.331768 63.236279 187.226532 -19.826891 86.488777 156.454803 61.630676               2410 
41.032459 167.975586 -0.188604 59.918644 184.655060 41.278282 63.666145 187.521347 -18.710897 86.530853 156.496979 62.636429               2428 
41.350368 168.258682 1.772823 60.512142 184.694046 43.110191 63.780491 188.072983 -16.778776 87.313026 156.396774 64.044266               2445 
41.527500 168.488388 3.024765 60.841988 184.832504 44.240097 63.855656 188.327347 -15.563529 87.640121 156.419495 65.020340               2462 
41.515171 168.186417 4.217007 60.894672 185.009567 45.115299 63.586300 188.022629 -14.671500 87.924721 156.896057 66.002258               2480 
41.235050 167.432800 5.734606 60.717403 185.168427 46.102703 62.980640 187.178619 -13.712706 88.118301 157.638077 67.281197               2497 
41.118607 167.256088 6.691018 60.636868 185.232193 46.877991 62.765839 187.068466 -12.870316 88.154747 157.852951 68.100647               2514 
41.033176 167.324310 7.294854 60.471386 185.319305 47.441471 62.803642 187.447327 -12.196126 87.987213 157.942123 68.669456               2532 
40.775795 167.502655 7.751853 60.088482 185.310333 47.968231 62.778812 188.051178 -11.531363 87.523438 157.799408 69.127884               2549 
40.682400 167.791000 8.469253 59.884117 185.747787 48.579315 62.889450 188.696854 -10.774595 87.267075 158.280853 69.863106               2566 
40.576340 167.932693 8.784084 59.758286 185.717651 48.896896 62.783333 188.865662 -10.385103 87.015121 158.073303 70.112747               2584 
40.434978 168.086029 9.417250 59.669235 185.526855 49.575062 62.638184 189.111023 -9.660332 86.837433 157.614716 70.552673               2601 
40.383717 168.159592 9.925351 59.605705 185.390732 50.058865 62.542839 189.291656 -9.150222 86.710388 157.289124 70.864983               2618 
40.341251 168.218521 10.232392 59.565845 185.305313 50.362431 62.447899 189.390762 -8.789521 86.630562 157.085510 71.060303               2636 
40.322552 168.342941 10.289306 59.471817 185.212860 50.522331 62.412762 189.562042 -8.534326 86.460739 156.857208 71.133324               2653 
40.312752 168.433502 10.336548 59.402214 185.144424 50.640705 62.300068 189.603928 -8.301336 86.335312 156.688599 71.186562               2671 
40.312424 168.449677 10.498720 59.268421 185.303864 50.751366 62.202400 189.644821 -8.164638 86.253365 156.955978 71.378235               2689 
40.450108 168.467590 10.671848 59.271618 185.434402 50.924061 62.284744 189.657181 -7.962587 86.290710 157.188263 71.645615               2705 
40.526615 168.450745 10.782071 59.283504 185.506958 50.997074 62.273636 189.603226 -7.859064 86.342361 157.331192 71.762505               2722 
40.727100 168.274796 10.928565 59.243469 186.206665 50.857948 62.202347 189.340332 -8.017065 86.614532 158.692398 72.095840               2740 
40.669769 168.687576 10.811217 59.316784 186.616409 50.634819 62.143265 189.639847 -8.233355 86.627556 159.022217 71.846634               2757 
40.680962 168.706436 10.677485 59.405449 186.721680 50.378201 62.042782 189.678955 -8.493762 86.814995 159.182617 71.534172               2774 
41.067600 169.375397 10.058260 59.863956 186.978546 49.896725 62.566383 190.670090 -8.942724 87.288368 159.207352 70.727486               2792 
41.158508 169.702805 8.983711 60.201305 187.012283 48.818668 62.798801 190.842697 -10.007215 87.406563 158.919800 69.505478               2809 
41.255310 169.916672 7.878611 60.545166 186.888443 47.718525 62.976784 190.965332 -11.092180 87.590775 158.481583 68.184219               2830 
40.580334 170.832062 6.616206 60.942894 186.395264 46.471058 61.971233 192.351624 -12.222778 88.272667 157.168304 65.342361               2844 
39.806404 170.710342 4.154928 61.008438 186.564194 43.416004 60.846390 192.417053 -15.379818 88.944176 157.565216 61.743904               2861 
39.338051 170.206406 0.529743 61.066177 186.724716 39.165951 60.091412 191.889984 -19.685587 89.423592 158.104599 57.441746               2878 
39.383438 169.408539 -2.107330 62.046928 186.012680 35.861065 59.659504 191.355438 -22.952316 90.961311 157.462219 53.356407               2898 
39.277386 168.835403 -4.829695 62.409321 185.798203 32.641827 59.427040 190.657196 -26.165413 91.469276 157.359573 50.078030               2913 
38.603165 168.194519 -10.580307 62.088509 184.948502 26.652452 58.772812 190.267822 -32.035843 91.183517 156.307800 43.695015               2935 
39.839493 165.801468 -22.314383 61.468212 183.248611 15.575305 61.123569 187.736176 -43.201359 89.676636 154.886826 34.473766               2965 
40.844273 166.241180 -25.954056 62.596054 181.626190 12.714335 62.988659 188.342194 -45.831844 89.765457 151.746506 30.777727               2982 
41.230076 164.531860 -32.144829 62.357567 180.268768 6.673667 63.700253 186.505280 -51.871841 89.211403 150.530380 25.428883               3000 
42.775112 162.988541 -36.353642 63.516708 178.223785 2.857095 65.866371 184.720596 -55.615417 89.631271 147.999527 21.877663               3017 
43.520077 162.387817 -44.643692 63.216290 177.210144 -4.767611 67.247017 184.141937 -63.083237 88.621101 146.695328 14.743913               3035 
44.523571 162.048386 -51.893520 63.155926 176.345779 -11.357268 68.362022 184.424149 -69.427246 88.493774 145.760956 8.131701               3052 
45.388527 158.338608 -56.255077 63.978653 173.525330 -16.059505 69.591316 179.907333 -74.314011 88.832062 143.178711 4.401417               3069 
46.636658 153.686020 -61.083725 63.880310 170.843765 -21.105516 71.374840 174.311554 -79.380592 88.070518 141.583847 1.608987               3087 
48.147240 150.844193 -65.797699 64.386444 169.093872 -25.907742 73.152298 170.926178 -84.029564 88.158653 140.551163 -1.877470               3104 
49.887535 147.718903 -71.640388 64.319817 166.506989 -31.334215 75.272949 167.688965 -89.023682 87.398560 138.453262 -6.083116               3122 
52.397110 142.878342 -82.212532 65.659332 161.980042 -41.675262 77.957748 162.504272 -98.998650 88.153114 134.208099 -15.598321               3156 
53.467724 140.719330 -86.648781 65.460670 159.959946 -45.793003 79.026688 160.693253 -102.803009 87.818970 132.546173 -19.225170               3173 
54.220913 140.872437 -91.471405 65.773438 158.898590 -49.891682 79.733498 160.936279 -106.756111 88.020042 130.923233 -23.820120               3191 
55.535660 139.110519 -95.595009 66.455818 156.345459 -53.540955 80.907654 159.480515 -110.234337 88.705208 128.085419 -27.780649               3208 
56.512356 138.037369 -99.825775 66.848473 154.617722 -57.370560 81.510147 159.093216 -113.942719 89.577103 126.361031 -32.028358               3225 
57.430569 135.105194 -103.934731 67.188744 152.319183 -61.609093 82.332184 156.134842 -118.129585 89.975410 124.653984 -35.673351               3243 
58.976517 130.550720 -111.996315 68.417976 147.828278 -69.652946 83.603790 151.739883 -126.189720 91.497131 120.450005 -43.671394               3277 
59.499954 128.338776 -113.973053 69.068642 146.173782 -71.900497 84.203552 149.108536 -128.538254 92.034409 119.067207 -45.536404               3295 
60.661373 126.239899 -116.852974 68.710220 144.617203 -74.711952 85.214073 147.365250 -131.014771 91.624023 118.290810 -47.524872               3312 
61.413792 124.256874 -119.320297 69.159279 142.543320 -77.099777 86.116928 145.244995 -133.325851 91.796585 116.140396 -49.755741               3329 
61.931782 121.631218 -121.663017 69.433563 140.113449 -79.506226 86.672752 142.516418 -135.731812 91.987595 113.888062 -51.923565               3347 
62.187038 120.437332 -123.028038 69.501373 138.608948 -80.731644 86.978996 141.376343 -136.940826 91.979774 112.217720 -53.245594               3364 
62.369991 118.407394 -124.193390 68.526749 137.886444 -82.377678 86.649170 139.673309 -138.497818 91.487427 112.976540 -53.924873               3382 
62.475887 116.711639 -125.266815 68.103691 136.587784 -83.724907 86.538956 138.097183 -139.822479 91.226273 112.213509 -54.941238               3399 
63.055569 114.242622 -125.646568 68.720291 134.854721 -84.612587 87.782501 134.948715 -140.703232 91.202415 110.677216 -55.163300               3417 
63.014469 111.024635 -125.746803 68.848389 132.848907 -85.494026 88.414238 131.213516 -141.628677 90.981056 109.349670 -55.241928               3434 
62.867275 110.114441 -125.857285 68.792747 132.108078 -85.810753 88.619835 130.581360 -142.050278 90.990402 108.740440 -55.504379               3451 
62.605957 108.074516 -126.000931 68.624107 130.564468 -86.341415 89.255959 129.293777 -142.590668 90.872681 107.573074 -55.785645               3469 
62.438572 106.970230 -126.211800 68.906456 129.211044 -86.559105 90.140594 128.676178 -142.764099 90.824936 105.744118 -56.126526               3485 
62.239346 105.772179 -126.349495 69.228882 127.991356 -86.848656 90.804436 128.046417 -143.081604 91.098221 104.327454 -56.533478               3504 
61.837013 104.590431 -126.253822 69.132416 126.988876 -86.977707 90.854897 127.227768 -143.223999 91.028725 103.383591 -56.636307               3525 
61.889244 103.944229 -126.509171 69.265030 126.472977 -87.371185 91.862480 127.479301 -143.610947 91.256142 102.984695 -57.007561               3541 
61.180237 102.447121 -126.739349 69.012421 125.418549 -88.002022 92.584061 127.458984 -144.378357 91.434692 102.308891 -57.663208               3557 
61.632732 97.088249 -125.183487 69.445824 122.007607 -87.733131 96.901360 123.531685 -142.737656 90.562531 100.029984 -55.665588               3589 
61.204216 95.483597 -124.871796 69.199341 120.938446 -87.854248 97.336586 122.780907 -142.558884 90.320404 99.378014 -55.507587               3607 
60.441284 95.148773 -125.393730 68.583549 120.454231 -88.347885 96.919502 123.888100 -142.886292 90.116051 98.862473 -56.294720               3624 
60.529545 94.891853 -125.467690 68.660614 120.273781 -88.511391 97.349030 124.461342 -142.665710 90.161797 98.746361 -56.393986               3642 
60.718365 93.855881 -125.635353 68.266350 119.655342 -88.881592 97.767662 124.039581 -142.495850 89.508278 98.583183 -56.293201               3659 
59.522568 91.415443 -125.627502 66.970726 118.159821 -89.570030 96.107162 123.073380 -143.066559 88.950020 98.220749 -56.758408               3676 
57.227314 88.253731 -125.265266 65.454803 116.105957 -90.264359 94.287216 121.925354 -143.412613 88.176689 97.204803 -57.344444               3694 
47.593834 79.845650 -123.471786 56.404560 111.248650 -91.809547 84.862648 117.986099 -145.942184 82.267128 96.744446 -58.976429               3711 
45.610661 77.162422 -122.114220 54.888908 109.575691 -91.659508 83.999443 119.639618 -146.466568 82.749687 96.693489 -59.799129               3728 
45.704304 77.365440 -122.082153 55.006252 109.686165 -91.569611 85.746834 122.057693 -145.956161 83.030472 96.769722 -59.866825               3746 
47.731369 77.008080 -120.621117 58.398823 109.508080 -90.782600 90.522720 120.800888 -144.673828 85.732033 96.018028 -58.717476               3763 
48.559765 76.289490 -119.557358 60.128597 109.045143 -90.371368 92.779358 120.279121 -143.777695 87.289421 95.484993 -58.189545               3780 
48.327641 75.553841 -119.215660 60.224701 108.409424 -90.313538 94.126747 121.413689 -142.732574 87.255836 94.831383 -58.030224               3815 
48.566086 74.764626 -118.856232 60.672638 107.855621 -90.330505 95.283478 120.617989 -142.441956 87.428185 94.413956 -57.761803               3832 
48.050159 74.649963 -119.171410 60.410233 107.530098 -90.540390 94.884941 122.023338 -141.804611 87.234428 93.801735 -58.148220               3855 
47.998726 74.646767 -119.334976 60.448524 107.424805 -90.660622 93.447769 124.935631 -139.809464 87.379044 93.592155 -58.401306               3906 
47.972980 74.508568 -119.279182 60.475338 107.324173 -90.683296 92.847824 125.684036 -139.189209 87.450447 93.533569 -58.443245               3925 
47.826050 71.576385 -116.972000 61.372826 105.594414 -90.349663 93.345154 122.462402 -138.881989 88.414772 92.965836 -57.692188               3946 
46.581512 70.023575 -116.658875 60.708004 104.261475 -90.651939 91.905670 122.394554 -137.345261 87.577690 91.756813 -57.805149               3972 
46.741261 69.767220 -116.453903 61.211403 104.131821 -90.824623 92.412186 122.463577 -136.893250 87.963852 91.710281 -57.850842               3989 
46.748978 69.729462 -116.338165 61.530582 104.068062 -90.874504 92.591606 122.767204 -136.282990 88.217491 91.556160 -57.881786               4006 
42.670273 65.677742 -115.551811 58.333904 100.652702 -91.545296 91.941528 115.758057 -136.225388 83.159065 88.764755 -56.909378               4023 
42.746761 63.410378 -114.383591 58.152157 99.260880 -91.552521 92.742409 112.992310 -135.930054 82.392700 88.689392 -56.085667               4040 
42.842777 63.081268 -114.038452 58.260281 99.126022 -91.546379 92.807945 113.028519 -135.897186 82.672417 88.869392 -56.104771               4058 
43.184555 64.298019 -114.476212 58.338554 100.192177 -91.589569 91.916679 115.836708 -136.040253 83.518234 89.732117 -56.749523               4075 
43.823639 67.564316 -115.181953 60.006977 102.483574 -91.525650 92.061714 119.795837 -136.421356 86.346687 90.585419 -58.030701               4092 
44.888943 69.393227 -113.588905 61.835644 103.988564 -90.010803 93.478668 121.228493 -135.179825 88.480034 91.601784 -56.936615               4110 
44.636513 69.689873 -112.523796 61.924202 104.328682 -89.278198 93.800903 120.834259 -134.555573 88.402145 91.986206 -56.054111               4127 
44.031483 71.498528 -112.089119 61.386181 105.888580 -88.544434 93.437057 122.783409 -133.633423 87.794243 93.195358 -55.396969               4144 
42.647339 73.452522 -110.997665 60.322918 107.677078 -87.468262 92.924568 124.125824 -132.457275 86.404137 94.737770 -54.157562               4162 
39.605541 100.923759 -119.134186 63.198345 123.894966 -88.265541 100.051323 143.570175 -128.564880 84.891693 98.079636 -59.625961               4197 
42.252399 119.005501 -114.088791 65.715683 136.152817 -79.544273 98.358170 166.008469 -116.694206 90.118515 106.219116 -57.963402               4214 
39.369576 128.585770 -107.688667 67.900116 142.579376 -75.560829 97.014381 169.296860 -116.618416 91.460190 110.033371 -57.042221               4231 
37.825378 138.419220 -101.800438 68.686966 149.318100 -70.513893 95.456757 175.068283 -112.551094 90.908165 114.777565 -54.069202               4249 
36.465004 147.886765 -92.677994 70.047226 155.910721 -63.247063 93.498940 178.842453 -107.512321 90.177048 119.605415 -47.950886               4266 
36.720253 168.266068 -70.762787 70.101540 170.772156 -39.832031 92.364288 187.574112 -85.603523 83.027534 131.925552 -23.065474               4301 
40.431461 168.853745 -64.642067 69.547035 173.991348 -29.917063 97.368469 180.888687 -75.530251 76.668541 137.552261 -5.860140               4318 
39.902863 172.743546 -53.449158 69.232307 178.594269 -18.988777 96.782127 177.480057 -66.089302 72.935074 144.197021 8.586159               4336 
36.694656 172.701294 -42.415524 67.717300 182.198593 -10.274245 91.639381 175.257828 -59.314598 73.082253 150.932938 20.562981               4353 
34.010361 175.531357 -33.620708 66.377441 186.211731 -2.923136 87.422699 177.071945 -53.298134 73.348412 156.082672 28.713921               4370 
31.803198 178.751282 -25.730160 65.353157 188.721451 4.344311 84.107414 178.835541 -47.114342 72.889503 158.459778 35.724121               4389 
26.822132 180.266541 -10.192187 62.137089 190.870636 18.194504 76.922279 179.659271 -34.605259 71.947937 161.245361 49.552898               4422 
24.492397 180.865997 -4.600496 60.246925 191.861832 23.349363 73.619484 180.758911 -29.951702 71.219627 162.305725 54.386349               4439 
22.751812 178.728989 3.421140 59.199841 193.461990 29.138300 69.678421 179.886566 -24.535812 73.997841 166.389297 60.845497               4457 
20.773714 177.816635 7.688773 57.408882 192.811096 33.434593 66.170898 180.829941 -21.134722 73.992004 165.186401 63.751823               4477 
20.142990 176.856750 13.139709 57.722855 192.093536 37.859570 64.003487 179.109604 -16.903788 75.489235 164.839783 67.840355               4492 
17.741787 175.679276 17.733709 56.062607 190.440735 42.183701 60.160221 178.104080 -12.990960 74.852379 162.650482 71.026451               4509 
15.656010 174.372086 21.740690 54.931873 189.127670 45.265831 56.383488 176.396515 -9.932144 74.948738 161.360901 73.294205               4526 
12.774157 171.766617 26.057501 51.783974 186.934143 50.068222 52.140423 174.891312 -5.371129 72.905319 158.913132 77.012054               4561 
12.654123 170.230423 27.880230 51.624599 185.847412 51.801693 51.147091 173.355789 -3.496443 73.309128 158.041000 78.519539               4578 
12.739614 168.061966 29.654860 51.648724 184.439133 53.333179 50.188442 171.206818 -1.775967 74.185707 157.055954 79.781319               4596 
13.723300 164.971542 33.665001 53.444138 181.482254 56.282780 49.686420 167.749817 1.412364 77.063019 154.217133 81.895653               4613 
14.302566 163.318863 36.180767 54.670471 180.302414 57.863621 49.361271 165.429459 3.334434 79.172264 153.573730 83.211151               4631 
14.759761 162.393005 38.090439 55.793785 179.225128 59.236946 49.420769 163.662506 4.987468 80.543816 152.622604 84.475807               4648 
14.563869 161.769073 39.169357 55.938251 178.027084 60.725975 49.319904 162.736572 6.389644 80.490982 151.066620 85.777008               4665 
13.983452 158.959076 38.097206 54.393185 176.694321 60.939861 49.630550 161.269470 6.393566 79.414917 150.644485 86.485458               4701 
13.555982 157.182480 37.337315 53.243469 175.979736 60.756336 49.381752 160.670151 6.115344 78.791367 150.537460 86.393295               4717 
13.614296 155.858917 37.111553 52.845913 175.472061 60.752926 48.948299 159.890976 6.314504 78.879570 150.524368 86.387283               4734 
13.637596 155.173004 37.001125 52.643356 175.213394 60.751190 48.454659 159.376205 6.610556 78.918663 150.523972 86.389038               4752 
13.649757 154.692734 36.934334 52.504982 175.036682 60.750000 48.141777 159.089798 6.831105 78.942993 150.526016 86.392097               4772 
13.734382 154.329849 37.014511 52.328907 175.064072 60.970737 48.178703 159.031784 7.122392 78.909615 150.798203 86.697998               4791 
13.952402 153.498993 37.196117 52.160030 174.704666 61.366573 48.305122 158.874466 7.497941 78.989349 150.663712 87.046883               4815 
14.159023 152.689087 37.353645 51.958126 174.323776 61.695068 48.298603 158.723190 7.837703 79.009499 150.455841 87.303719               4839 
