18.008720 152.336960 12.460842 45.688564 170.896332 47.852341 24.441563 146.711441 -6.181550 75.069305 146.621277 70.319016                  0 
17.245096 147.495926 14.886807 46.505550 168.618103 47.486008 22.765966 139.493591 -2.951946 75.238037 145.710876 72.122597                 34 
14.543726 140.702927 19.766829 44.997074 165.305786 48.568722 19.104565 131.198486 2.503473 75.409210 145.270477 73.687370                 72 
12.573473 138.400803 22.183815 44.225937 163.258133 49.393494 16.302746 128.742706 4.843419 75.635719 143.420822 73.417755                 89 
11.546013 137.382492 23.813955 44.303547 161.650284 50.280945 14.633574 127.678299 6.448034 76.005020 141.277649 73.459190                106 
11.605569 135.595886 26.010214 44.872379 160.550323 51.351273 12.244518 125.851158 12.146233 77.448639 140.890823 73.924484                144 
12.019514 135.856781 25.814363 45.139236 160.446625 51.754185 12.354358 126.440910 12.399560 77.761124 140.507553 74.014114                157 
15.872888 140.526382 21.827845 46.489376 162.336258 52.833054 16.835379 132.876328 8.166715 77.997063 140.394379 74.812080                189 
17.007555 142.464645 20.069799 46.578609 163.101929 52.843224 18.382669 135.452026 6.130735 77.696594 140.453156 74.659782                201 
19.812696 146.863068 17.197561 47.408134 164.365601 53.347149 21.969494 141.083282 2.790357 77.179237 139.731232 74.889847                221 
22.630283 151.264359 13.855229 47.449295 166.881821 52.817863 25.908928 146.188217 -0.667327 75.735359 141.267242 75.202026                242 
24.548590 154.389206 11.341397 46.824951 168.692261 52.302940 28.734880 149.611847 -3.051477 73.645653 142.398926 75.681747                273 
23.512291 154.014603 11.674047 46.931118 168.773987 51.975491 27.450443 148.855286 -2.655221 74.477730 142.920227 74.997772                294 
21.739071 153.567017 12.086312 46.952301 169.278671 51.392517 25.422848 147.422211 -1.698780 74.962700 144.033234 74.530006                311 
19.422615 152.295288 12.705828 46.674809 169.502823 50.295216 21.120508 144.735413 1.888856 74.833656 144.952744 73.993980                330 
14.621679 142.302704 18.619411 45.931728 164.512054 50.281441 17.388927 133.029541 19.662508 75.947502 143.376556 74.971558                363 
12.699672 138.602432 20.995165 45.353077 162.370239 50.174469 15.881164 129.458344 25.204325 76.149483 142.520203 74.969940                381 
12.417189 138.059753 20.745071 45.012375 161.705490 50.206264 15.981255 128.851059 25.633583 76.350105 141.866043 74.322678                398 
11.717339 138.177353 22.323837 45.271900 161.498993 51.073036 15.477006 128.894623 27.650515 77.017105 141.405594 74.434441                418 
10.800731 140.279922 23.143574 45.129707 162.062485 52.262165 14.630408 130.714493 28.345993 76.996109 140.732025 74.325752                433 
10.424165 141.382111 23.638098 45.235168 162.134445 53.025875 14.361163 131.600037 28.859688 77.195717 140.041351 74.184258                450 
9.948615 143.080643 23.291842 45.202103 162.269745 53.306332 13.997243 133.000748 28.200533 77.176888 139.081406 73.235504                485 
9.839009 144.039200 22.766413 45.221394 162.448318 53.247097 14.078890 133.843613 27.339289 77.222809 138.759903 72.535103                502 
9.878315 145.839600 21.480762 45.497715 162.725204 53.131634 14.757047 135.282562 25.415169 77.499725 138.229767 71.382729                519 
11.005127 148.957993 19.865154 46.359676 164.143951 53.232212 16.903015 138.165421 22.405432 78.548698 139.022873 70.263229                537 
12.328156 151.084076 18.146118 47.131294 164.899597 52.924156 19.129915 140.441788 18.806385 79.303177 139.302704 69.265137                554 
13.439243 153.132782 15.937204 47.123604 165.673431 52.317348 20.798040 142.630157 15.137422 78.672592 139.468109 68.906517                571 
14.211227 154.382446 14.463442 47.070782 166.115662 51.862782 21.926157 143.940155 12.675469 78.230919 139.559845 68.628609                589 
14.240376 154.453018 13.723596 46.727383 166.561478 51.445507 22.369070 143.982956 11.412819 77.729416 140.254593 68.883408                609 
13.565099 154.023849 13.780691 46.360107 166.755722 51.402485 21.985954 143.276016 11.634472 77.354851 140.829880 69.414566                627 
12.424853 151.555145 14.645447 45.905556 166.018799 51.195641 20.697891 140.499680 13.136603 76.952736 140.882660 70.208931                642 
16.167751 141.614395 23.711798 43.758736 163.643997 52.211102 16.904728 135.651093 16.963917 76.142006 140.008102 70.917412                676 
17.533234 138.381775 27.595276 43.596924 163.023285 53.056915 15.188646 133.069199 21.609444 76.495483 140.344788 72.047127                693 
17.394167 136.870193 29.007875 43.412613 162.399368 53.239799 12.921186 131.261520 25.829308 76.664085 140.174744 72.151810                710 
17.265100 136.359558 29.688065 43.406876 162.189224 53.324257 12.193106 130.732269 27.143723 76.748276 140.073441 72.205505                728 
17.371857 136.397293 29.793270 43.669132 161.842728 53.563831 12.071371 130.919739 27.139559 76.864799 139.244736 72.128204                746 
17.517052 136.697067 29.210924 43.809452 161.709412 53.356380 12.040457 131.341263 26.378212 76.948944 138.683289 71.490051                762 
17.828045 137.325638 28.443203 44.074749 161.630432 53.444744 12.310794 132.194885 23.923288 77.200508 138.091537 70.933685                780 
16.595129 141.186539 22.610537 42.736801 163.246033 51.307491 13.082284 135.597275 15.272545 75.271980 139.122101 69.105133                798 
19.403912 147.839264 16.319897 44.962208 166.537323 49.581501 20.630468 142.630936 2.737485 75.438217 140.984665 68.960159                832 
21.331541 149.636322 15.288905 45.814938 166.943253 50.382153 24.988245 145.170151 -1.510421 75.197945 140.755432 70.583519                849 
22.107073 150.368866 14.665153 46.189583 166.900345 50.704342 27.809460 146.568268 -4.549694 75.131989 140.469772 71.223106                866 
23.049395 150.936874 14.122504 46.935131 167.295654 50.664364 30.174139 147.321243 -6.345270 75.604820 140.990768 71.720474                884 
23.800295 151.389328 13.706670 47.547241 167.576080 50.594761 31.832127 147.798111 -7.423424 75.981865 141.316940 72.023430                901 
26.323013 152.773941 14.626320 50.685776 167.573944 51.918785 34.863571 149.102112 -7.011676 78.154114 140.145905 73.142624                918 
26.260450 153.856873 15.551336 53.658646 167.935699 51.620861 35.064537 149.472870 -7.660168 81.258911 139.778931 71.687744                936 
25.833952 155.166992 15.039714 56.262764 168.545120 50.010841 36.017860 149.621994 -10.503339 83.851715 139.800446 69.242355                957 
25.667637 156.399078 13.537062 58.823925 169.093094 47.352764 36.557144 149.629913 -13.619418 86.459023 139.873566 65.785835                972 
28.149050 157.512772 -1.922736 63.045139 169.677429 32.220589 40.944534 147.008743 -28.819237 88.300743 140.005844 53.173138               1006 
29.874945 157.083847 -8.213794 65.025803 168.620346 26.689251 43.612366 146.056763 -34.953144 89.757523 138.696136 47.905819               1022 
32.613930 155.035141 -18.071388 67.694992 166.272873 18.195597 47.766228 143.511002 -44.010750 92.012215 136.435028 40.004620               1040 
36.165344 153.210861 -30.053591 68.425827 164.142075 9.876195 54.239071 141.367706 -53.921684 90.816994 134.382935 33.756886               1057 
40.275608 150.998291 -41.931671 69.635033 161.321747 1.228029 60.747372 139.379532 -63.793983 90.366432 131.463562 26.446205               1074 
48.825562 150.796814 -66.183578 70.428162 158.577423 -17.280773 73.867767 145.077332 -84.945641 92.025139 128.711929 7.191288               1109 
51.936749 147.997574 -75.367622 71.222267 155.852295 -25.110098 77.916145 142.928345 -92.533318 92.456711 126.428955 0.200444               1126 
29.078520 160.454086 -87.117897 88.170677 140.024384 -33.197559 25.737291 150.340698 -34.209553 107.985451 124.973686 3.382618               1144 
31.286106 159.568192 -90.652679 88.343979 139.088165 -34.605892 26.044497 149.676575 -37.874748 106.782455 124.094215 2.709823               1161 
36.604519 151.058197 -107.709915 89.295021 133.934296 -46.507175 27.152187 141.726013 -55.442333 104.970428 120.319580 -7.440830               1196 
38.172890 147.703659 -114.680855 89.059250 131.525742 -51.724953 27.133520 138.246582 -62.757286 103.638229 118.207336 -12.135411               1213 
39.397247 144.585419 -120.252701 89.411781 128.659332 -56.567383 27.612207 134.580917 -68.643875 103.477242 115.232353 -16.829021               1231 
36.582314 136.487808 -123.953682 89.435204 126.545456 -61.547626 27.071484 129.041718 -71.767227 105.382957 115.894478 -21.679293               1248 
34.447388 130.795166 -125.368835 89.898872 124.470222 -65.246971 27.191010 125.737564 -73.288025 107.420319 115.431435 -25.641956               1265 
29.114508 128.841537 -117.853905 84.865303 130.501190 -82.666512 22.041172 125.519363 -89.495461 103.393806 110.363007 -47.904369               1301 
28.542500 123.597679 -115.626190 83.741203 129.592743 -83.202003 21.384655 121.805161 -90.581459 102.493752 108.914322 -48.879963               1317 
28.745956 121.469696 -114.481812 83.600266 129.114822 -83.314232 21.544090 120.109840 -90.798630 102.428223 108.309906 -49.110115               1335 
29.063297 120.296829 -113.961761 83.822823 128.239471 -83.526138 21.884472 119.076752 -91.047012 102.564133 107.112549 -49.472141               1352 
29.803732 119.010948 -114.145988 84.501343 126.650833 -83.824692 22.565695 117.935326 -91.610947 102.829323 105.349457 -49.654610               1369 
29.947445 116.188377 -113.593323 84.942284 124.040001 -83.950188 22.888046 116.058716 -91.175179 102.995445 103.751762 -49.025570               1387 
29.327267 114.087563 -114.346336 84.377953 122.322708 -85.011337 22.346594 114.506584 -92.129646 102.226021 102.783020 -49.558479               1404 
29.857899 114.043945 -115.270180 84.672112 122.496277 -85.599472 22.792620 114.013077 -93.179588 102.550674 102.619362 -50.350029               1421 
30.201620 113.675713 -116.029060 84.585854 122.797562 -85.813690 22.962721 113.197456 -94.083755 102.513954 102.800713 -50.657368               1439 
29.214373 109.017105 -117.369209 83.833130 118.208694 -87.674644 21.925800 110.649254 -95.654900 100.646927 100.503555 -50.781792               1458 
29.673376 106.374596 -117.976585 84.258995 116.333565 -88.541313 22.392376 108.637039 -96.479050 100.894691 99.795036 -51.031464               1491 
29.803928 105.884773 -117.984367 84.388435 116.026047 -88.637291 22.543787 108.164886 -96.554047 101.052101 99.636620 -51.074444               1508 
29.809605 105.519150 -117.918961 84.479919 115.695709 -88.774734 22.646492 107.720673 -96.554794 101.245453 99.321594 -51.250561               1525 
29.346142 104.438927 -118.994225 83.772446 113.322151 -89.067680 21.987053 106.516685 -97.844810 99.670883 96.305031 -51.452312               1543 
29.402880 104.319885 -118.919518 83.833488 113.440849 -89.132416 22.123064 106.246040 -97.859375 99.880051 96.434364 -51.575180               1560 
29.081869 102.966949 -118.663506 83.665138 112.398926 -89.292267 21.960739 105.122375 -97.712891 99.813644 95.959076 -51.526997               1577 
28.884176 102.169014 -118.536942 83.560593 111.894226 -89.474091 21.862007 104.432358 -97.678841 99.827492 95.829208 -51.598484               1595 
29.033241 101.556702 -118.504372 83.734169 111.447670 -89.576218 22.040964 103.880508 -97.725624 100.022606 95.612144 -51.613323               1612 
29.000814 100.675240 -118.370361 83.821411 110.742050 -89.738297 22.105202 103.198189 -97.699959 100.140633 95.323174 -51.617443               1629 
28.842632 99.487602 -118.143440 83.994301 109.162506 -89.995407 22.160646 102.544189 -97.696526 100.084167 94.486923 -51.485645               1649 
28.819391 99.597794 -118.053253 84.057404 109.343338 -90.042511 22.271950 102.398193 -97.744896 100.248451 94.627647 -51.590508               1666 
28.918510 99.715317 -118.002533 84.250572 109.163239 -90.022285 22.465136 102.405052 -97.841721 100.325569 94.403069 -51.538654               1683 
29.084641 99.668961 -117.963081 84.487427 109.011673 -90.045586 22.707054 102.299126 -97.915833 100.511559 94.301819 -51.521496               1699 
29.247992 99.800659 -118.157463 84.613113 108.948112 -90.063293 22.863098 102.248756 -98.205521 100.488747 94.067017 -51.543484               1716 
29.774401 99.815300 -118.477058 84.992889 109.090851 -90.110321 23.313326 102.048889 -98.624855 100.741173 94.096786 -51.582043               1736 
29.875103 99.415352 -118.661026 85.186462 108.115318 -90.311890 23.453497 101.850372 -98.942879 100.618294 93.228981 -51.614170               1751 
30.044144 98.833893 -119.016052 85.294609 107.014206 -90.415665 23.575029 101.481766 -99.486649 100.208763 92.318253 -51.443165               1768 
30.741787 99.172607 -119.334160 85.743729 107.089844 -90.201973 24.115265 101.661308 -99.924377 100.241318 92.147034 -51.166214               1786 
31.075218 99.201797 -119.707848 85.879959 107.072891 -90.209541 24.322559 101.606682 -100.392914 100.079201 92.069992 -51.087257               1810 
31.381832 99.651878 -119.907791 86.073677 107.527466 -90.211342 24.544598 101.699112 -100.561378 100.301048 92.079498 -51.272926               1826 
31.474268 99.940361 -119.890755 86.158875 107.772545 -90.178268 24.629087 101.752228 -100.525887 100.455391 92.046890 -51.376575               1839 
31.920433 101.062996 -120.194267 86.381271 108.753639 -90.046822 24.948572 102.332329 -100.839615 100.610382 92.315132 -51.516750               1855 
32.356216 102.554871 -120.561623 86.558403 109.840012 -89.860909 25.239288 103.263504 -101.246735 100.595673 92.565605 -51.627304               1873 
32.360863 104.006805 -121.238167 86.053230 110.709023 -89.531975 24.955368 104.056984 -102.027977 99.605103 92.415741 -51.598335               1890 
32.457264 104.479424 -121.696304 85.739212 111.533356 -89.386047 24.822443 104.587708 -102.571922 98.837624 93.556374 -51.143169               1907 
32.156509 104.426880 -121.720306 85.221405 112.007988 -89.178535 24.427986 104.811111 -102.652107 98.007881 94.728111 -50.511108               1924 
32.277626 105.541862 -121.608315 84.718452 113.838913 -88.244881 24.260464 106.066223 -102.674789 96.868141 97.185646 -49.100121               1942 
31.543840 107.414352 -120.959518 83.578033 115.775764 -86.985481 23.345594 108.188629 -102.126488 95.000237 99.645714 -47.405022               1959 
30.719524 109.670769 -119.735161 82.279488 117.871841 -85.011345 22.400740 110.504501 -101.009026 92.880127 102.052147 -45.078629               1976 
30.357048 113.167694 -118.354401 81.288979 120.262131 -82.482635 21.792330 113.891197 -99.739304 90.703880 104.086639 -42.395588               1994 
29.829899 118.311951 -114.509018 80.912811 122.972099 -78.511223 21.362139 118.596230 -95.843452 89.844635 105.426620 -38.892586               2011 
29.102730 120.387955 -111.660187 79.664116 125.706413 -75.076935 20.522762 120.596786 -93.036179 88.149193 108.633972 -35.154591               2028 
28.688564 123.285164 -108.939125 78.482506 128.439148 -71.341911 19.833220 123.356186 -90.362137 86.042892 111.391792 -31.223511               2046 
29.149372 128.400192 -103.758209 77.916504 132.028015 -64.678864 19.863716 127.556038 -85.254448 84.386024 113.555565 -25.003023               2063 
28.261106 131.058975 -98.278381 76.926300 134.487122 -59.072208 19.019733 129.655594 -79.614677 83.466087 115.627678 -19.590429               2083 
27.580959 132.707382 -95.124214 75.928230 136.293808 -55.562973 18.201910 131.446991 -76.335167 82.036118 117.928375 -15.780281               2099 
26.994907 135.345093 -86.244133 74.680534 141.507553 -46.267269 17.225134 135.094070 -67.029732 80.301605 125.627892 -5.358857               2133 
26.782040 137.482468 -81.244263 74.550568 143.400757 -41.375446 16.911034 137.373428 -61.677986 80.169998 127.592445 -0.439184               2150 
26.213226 141.751892 -75.789886 74.500198 145.904160 -36.400982 16.360428 141.501038 -55.641197 80.336014 129.240326 4.164002               2167 
25.225845 144.565109 -71.106079 74.065262 147.984634 -32.413635 15.423292 144.254074 -50.262321 80.516357 130.850601 7.861254               2186 
23.921295 148.058914 -66.176201 73.024841 151.177826 -27.883095 14.184442 146.973312 -44.907455 80.267136 132.967453 11.780362               2202 
23.910189 149.810867 -60.813198 73.048317 152.891891 -22.643715 14.024180 148.722031 -39.109295 80.498764 134.644241 16.964014               2219 
22.667868 151.211166 -56.076214 72.483932 154.456512 -18.955629 13.032235 149.920044 -33.838913 80.996399 136.007141 20.343435               2236 
22.048178 153.308517 -51.267525 72.381287 156.174973 -14.973831 12.532690 152.097305 -28.586344 81.480583 137.561890 24.115992               2254 
20.760277 157.314209 -45.183323 71.926369 159.057724 -10.232980 11.534002 155.993637 -21.960424 81.891129 139.729782 28.294830               2284 
20.640974 158.790817 -43.142830 71.876122 160.392014 -8.346049 11.416970 157.204865 -19.830292 82.068565 140.690994 29.932434               2291 
19.150417 163.710663 -30.351963 71.290253 165.262131 2.814185 10.391431 161.682098 -6.516412 82.949631 145.067825 40.410824               2358 
18.472040 165.078110 -26.829243 71.099960 166.234406 5.445818 10.018775 162.744003 -2.827170 83.419151 145.567184 42.572117               2384 
16.153606 169.032684 -15.001778 69.907021 170.750427 15.092725 8.601708 165.896530 9.322197 84.278313 149.538696 51.159145               2410 
14.458438 171.575195 -5.715700 69.250076 173.285751 22.165733 7.672470 169.006592 19.034834 84.854485 152.710236 58.087997               2445 
13.347756 171.826263 0.283959 69.256554 173.893051 25.389746 7.636200 169.079880 25.238869 86.767372 153.307068 60.416122               2479 
12.870261 172.847961 2.342813 69.153885 174.486603 26.320953 7.521695 169.931335 27.336739 87.249298 153.593491 60.865009               2497 
12.436228 173.402679 6.262580 69.083015 175.426163 28.656132 7.532125 170.515198 31.289110 88.188965 154.848251 62.843414               2533 
12.352563 173.584534 7.208899 69.065643 175.656448 29.228445 7.510901 170.697067 32.281910 88.417732 155.155411 63.323349               2549 
11.888420 174.226532 8.041550 68.633904 176.087997 29.700779 7.089912 171.110580 33.150375 88.218948 155.494186 63.606232               2566 
11.422725 174.974854 8.936830 68.174469 176.611343 30.224998 6.677479 171.564896 34.014118 87.986679 155.904648 63.929111               2583 
10.895639 175.762070 10.599945 67.691475 177.090652 31.114784 6.273303 172.215515 35.512192 87.799728 156.208267 64.533981               2601 
10.907361 175.856339 12.187783 67.479111 177.292511 32.162663 6.165020 172.208481 36.727158 87.778847 156.335297 65.418854               2618 
11.085725 175.694000 13.056996 67.421600 177.323273 32.857143 6.162968 172.231506 37.351967 87.698914 156.687286 66.327202               2636 
11.018482 176.043442 15.115431 67.308937 177.627594 34.309822 6.190417 172.442505 39.152988 87.843246 157.064240 67.667709               2670 
10.958214 176.336060 16.344776 67.210014 177.890335 35.175606 6.185341 172.611160 40.186733 87.894730 157.306610 68.427849               2687 
11.085718 176.521378 17.758430 67.136467 178.276031 36.157928 6.230255 172.746704 41.243107 87.977776 157.759659 69.353958               2705 
11.446285 177.630463 19.271049 67.407463 178.757065 37.081383 6.515284 173.821426 42.527710 88.263062 157.916977 70.066124               2725 
11.575980 177.732819 20.770338 67.524094 178.564438 38.238098 6.644861 173.831421 43.935379 88.454193 157.545517 71.061775               2757 
11.542762 178.074936 21.639486 67.454117 178.653259 38.968262 6.573123 174.119949 44.720093 88.358040 157.496384 71.719925               2791 
11.518577 178.125870 22.374132 67.458572 178.589630 39.517014 6.590264 174.105469 45.427044 88.436813 157.342697 72.162674               2809 
11.215535 178.503937 23.318111 67.135422 178.630508 40.197845 6.294129 174.092499 46.198677 88.201332 156.847168 72.430939               2826 
11.029129 178.641968 23.883125 66.816574 178.621658 40.633984 5.998608 173.996338 46.508739 87.872559 156.534378 72.666092               2844 
10.855794 178.797394 24.311565 66.573433 178.661011 40.990002 5.788477 173.932816 46.761402 87.637161 156.383102 72.884705               2861 
10.683989 179.002441 24.689251 66.350563 178.712997 41.281784 5.616290 173.868301 46.946617 87.433594 156.222122 73.013870               2878 
10.628275 179.512268 25.087891 66.275597 178.940475 41.497414 5.587920 174.208221 47.178493 87.358452 156.380798 73.180725               2913 
10.572934 179.692780 25.141621 66.235901 179.042740 41.408825 5.559372 174.352097 47.204266 87.370407 156.484009 73.058380               2931 
10.521217 180.002258 25.163965 66.204170 179.214813 41.265568 5.539523 174.574799 47.194706 87.397263 156.663605 72.881294               2948 
10.354623 179.561630 24.901430 66.534683 179.962860 39.120663 6.240328 173.951920 46.969063 89.253876 158.127319 70.173943               2983 
10.487719 179.309464 24.188225 66.888023 180.228256 37.458118 6.787834 173.823044 46.293987 90.274551 158.912735 68.377007               3000 
10.661663 178.702057 21.471531 67.149261 180.507721 34.316383 7.200420 173.466476 43.605923 91.012802 160.175400 65.531540               3017 
11.463737 178.575562 19.449207 68.058769 180.401871 31.929464 8.156358 173.409424 41.568150 92.115952 160.418594 63.221298               3034 
11.869393 178.301361 15.336797 68.348358 179.981705 28.399290 8.324227 172.899490 37.313099 92.090874 159.899521 59.867638               3052 
12.090157 177.858597 11.573928 68.550888 179.725739 25.051779 8.499532 172.227173 33.463139 92.214462 160.011246 56.810753               3069 
12.309871 177.648376 5.988866 68.884399 178.594879 19.514452 8.718225 171.588959 27.753496 92.355370 158.632782 51.261684               3101 
12.562150 177.581207 3.970609 69.169724 178.352127 17.517340 8.964531 171.508560 25.740644 92.588989 158.479599 49.358803               3111 
13.891632 177.594116 -2.640680 70.387421 177.419342 12.390145 9.914510 170.977570 19.150887 92.932877 157.448746 44.795944               3140 
14.362091 177.372559 -5.597333 70.741806 176.786758 10.078628 10.111333 170.939728 16.265011 92.780739 157.072983 42.986244               3152 
14.536557 175.028290 -14.107209 70.725449 174.330582 2.721794 9.984143 167.919647 7.592628 92.297272 154.336792 35.769691               3173 
14.340290 173.334518 -19.547684 70.304604 172.520782 -1.633992 9.452996 166.110031 2.154481 91.290993 152.831711 31.969131               3190 
14.418805 170.993454 -29.535641 70.002052 170.437653 -10.052397 9.072421 163.609283 -7.863417 90.239998 151.270996 24.303434               3225 
14.319509 169.618057 -33.209373 69.795067 168.843079 -13.317604 8.821004 162.050873 -11.611861 89.782684 149.528793 21.102037               3242 
14.511888 168.453766 -38.276001 69.755142 167.591309 -17.482992 8.824188 160.055389 -16.933973 89.451698 147.659607 16.751945               3260 
15.031868 167.981583 -43.899593 69.891319 166.193848 -21.855175 8.912009 158.911179 -22.767826 88.786430 145.545914 12.406986               3278 
15.180970 166.920166 -49.567482 69.624702 165.048813 -26.361248 8.812003 156.741638 -28.914696 88.172775 143.461594 7.509377               3300 
15.636559 165.458145 -54.357059 69.707916 163.770279 -30.247553 9.076820 154.671143 -34.049236 87.987915 141.761063 3.496986               3316 
16.967962 161.079895 -65.920433 70.066780 159.350052 -39.707798 9.761250 149.823242 -46.106636 87.169205 137.108688 -5.501264               3347 
17.132120 159.083313 -70.754173 70.055885 157.023560 -44.169800 9.895857 147.501144 -51.137337 86.910614 134.635986 -9.935704               3365 
18.438250 158.855209 -73.378723 71.411179 154.609833 -47.102024 10.984984 147.219193 -53.745510 87.688835 131.631134 -12.980539               3381 
19.442307 157.082642 -77.332825 72.209114 152.306168 -50.746796 11.865081 145.274231 -57.760746 88.160927 129.314178 -16.480684               3399 
20.224798 154.889816 -81.451729 72.634117 150.562302 -54.128555 12.541999 142.857498 -62.039749 88.351128 127.747200 -19.636456               3416 
20.225283 150.883759 -85.004166 72.664490 147.901062 -57.588791 12.895108 138.700378 -65.581078 88.838470 125.818504 -22.832191               3433 
21.036572 148.388763 -88.099327 73.347244 145.585724 -60.447285 13.655246 136.374161 -68.585236 89.340836 123.969284 -25.316202               3451 
21.850321 145.276031 -92.883072 73.447601 143.335861 -63.872715 14.289913 133.006744 -73.632256 88.878014 122.082703 -28.271252               3468 
22.859621 143.289551 -95.933121 74.179596 141.216736 -66.463875 15.158632 130.982086 -76.761154 89.232697 120.040375 -30.655712               3485 
24.051704 141.195786 -99.031967 75.052185 139.205109 -69.025040 16.262880 128.808929 -79.965858 89.748100 118.180481 -32.979877               3503 
25.309090 139.429459 -102.397614 75.665894 137.065536 -71.364098 17.185215 126.862526 -83.607376 89.544281 115.846771 -35.109272               3520 
25.957277 137.368011 -107.668777 75.228477 135.300369 -74.932396 17.615158 124.280167 -89.400658 88.090172 113.998848 -38.352619               3537 
26.897757 134.212051 -110.956566 75.499779 132.988708 -77.205421 18.580885 121.052132 -92.789459 87.761276 112.398056 -40.017540               3555 
27.629393 131.493820 -113.137749 75.784569 130.668747 -78.750984 19.464880 118.155899 -95.106262 87.605270 110.486275 -41.198387               3572 
28.501205 129.149521 -115.033722 76.496704 128.527817 -80.430183 20.440256 115.878311 -96.944542 88.044670 108.849152 -42.526974               3589 
29.252935 127.501091 -116.249352 77.179848 127.023201 -81.557854 21.365034 114.125015 -98.179733 88.645943 107.584297 -43.506363               3607 
28.810286 124.963425 -117.923515 77.138962 125.456665 -83.802948 21.492708 111.679665 -99.577789 89.147079 106.949356 -45.455284               3624 
28.721388 124.192474 -118.562996 77.380959 124.601830 -84.923195 21.815992 110.669640 -100.244858 89.755287 106.078384 -46.699951               3641 
28.706520 123.106377 -119.182175 77.632599 123.639709 -85.940887 22.101297 109.494179 -100.819534 90.323158 105.290443 -47.737324               3659 
29.457119 121.052620 -119.662865 78.632149 121.988426 -86.807526 23.015020 107.731529 -101.017120 91.541191 104.327065 -48.353767               3676 
30.677713 119.293587 -120.547615 79.655113 120.633331 -87.423515 24.106485 106.222893 -101.707611 92.345451 103.534485 -48.644100               3693 
31.830894 115.658775 -119.757736 81.028313 119.515388 -87.172028 25.760468 103.155624 -100.317879 94.497826 104.301682 -47.873505               3711 
32.173687 115.742752 -119.644783 81.540413 119.718094 -87.340485 26.430389 102.820122 -100.334419 95.518959 104.056969 -48.397095               3728 
32.713150 116.736862 -121.483009 81.599396 120.108810 -88.397812 26.741083 103.263298 -102.548523 95.182915 103.439163 -49.734268               3746 
33.667393 117.407288 -122.832603 82.047432 120.145248 -88.962059 27.235420 103.638657 -104.127380 95.128998 102.654076 -50.488827               3763 
34.331154 114.647202 -123.614479 82.491150 118.091782 -89.503540 27.519604 101.573868 -104.441566 95.281731 101.565582 -50.509384               3783 
33.715004 109.520363 -126.017891 81.706017 110.582573 -91.521614 25.539082 98.246323 -106.186653 92.777016 94.946869 -51.644100               3815 
34.148342 110.200607 -125.894653 81.985214 111.315552 -91.190948 25.828051 98.737877 -106.170074 93.096588 95.234810 -51.502087               3833 
37.138725 113.320381 -125.731972 83.880692 113.054649 -89.555977 27.686495 101.171753 -106.710564 94.032265 94.891670 -50.513561               3849 
39.066315 115.639030 -125.853065 85.228798 115.124496 -88.948158 28.400602 103.159569 -107.096542 95.443298 95.337097 -50.720139               3867 
40.191227 116.750290 -126.019806 86.078445 115.858978 -88.784882 28.367279 104.498856 -107.115814 96.221794 95.329201 -50.931225               3884 
41.888859 118.715286 -126.267555 87.542786 117.408188 -88.763412 29.002954 106.256142 -107.284737 97.968262 95.588974 -51.716286               3902 
41.702496 116.476028 -126.105095 87.514877 116.223366 -88.776672 28.047535 105.231163 -106.324631 98.080414 95.526039 -51.130310               3919 
41.206654 112.627724 -125.951324 86.676674 112.357056 -88.210533 26.605484 103.063515 -105.698074 96.231339 92.894409 -49.646664               3936 
41.228992 110.789825 -125.344887 86.803459 111.248795 -87.735687 26.299520 102.204369 -104.689354 96.333092 92.837036 -48.653061               3954 
42.005768 111.048134 -125.392395 84.378639 108.550240 -84.285965 25.177589 101.522499 -106.564232 90.635040 87.493301 -45.883869               3971 
42.329880 109.558441 -124.966721 84.980537 108.143715 -84.099632 25.089087 101.388672 -105.544991 91.308090 88.494522 -44.969978               3988 
41.975925 109.666634 -125.564072 84.606331 107.909775 -84.691963 24.404251 101.741302 -106.099701 90.878197 88.034012 -45.667919               4006 
41.188766 108.867630 -127.404861 83.641083 107.497528 -86.335716 23.374870 101.266464 -107.881935 89.781975 87.947151 -47.126911               4023 
40.912239 108.245529 -127.343643 83.717735 107.848587 -86.624207 23.168570 101.010437 -107.476120 90.333786 89.008118 -47.146076               4040 
40.880245 107.916931 -127.326546 83.872177 108.022202 -86.804626 23.159212 100.905449 -107.267792 90.739693 89.565987 -47.188175               4058 
40.897049 107.612701 -127.326942 84.016678 108.095207 -86.946045 23.192230 100.789635 -107.127335 91.050568 89.957809 -47.211712               4075 
42.474899 107.309448 -128.325928 82.564575 105.940544 -84.956421 23.141005 100.425629 -109.591232 86.415565 86.652832 -45.327995               4092 
44.011555 106.256226 -129.199249 82.216446 104.899277 -84.162163 23.549517 100.122353 -111.076897 84.209824 85.937248 -44.240658               4110 
44.597095 105.684692 -129.590469 82.362434 104.698685 -84.176422 23.351439 100.431938 -111.178818 83.992332 86.041229 -44.095238               4127 
44.329861 103.986908 -129.478302 82.836349 104.475327 -84.684547 22.859318 99.765404 -110.177094 85.255035 86.930351 -44.143436               4144 
43.108768 102.685707 -129.011383 83.442947 105.308456 -85.934845 22.183439 98.909508 -108.417831 88.028061 88.911385 -45.101383               4162 
42.754398 102.179001 -128.223129 84.322350 105.653885 -86.399742 22.143618 98.754280 -106.739937 90.314163 89.703934 -45.571377               4179 
42.747585 101.331917 -128.340240 84.312111 105.179016 -86.547745 21.962481 97.927567 -106.690887 90.523178 89.218605 -45.756248               4196 
42.654488 101.082291 -128.068390 84.403938 105.132164 -86.481544 21.766483 98.043365 -106.171936 90.806358 89.371063 -45.642166               4214 
42.560318 100.834572 -127.610497 84.609795 105.172623 -86.357948 21.647306 98.146225 -105.399544 91.345726 89.647835 -45.481720               4232 
42.701633 100.887146 -127.129471 84.867630 105.398827 -86.016243 21.793970 98.290657 -104.772285 91.787994 89.942444 -45.144897               4249 
42.642815 101.381966 -126.646690 85.037125 105.775513 -85.757584 21.834507 98.692368 -104.127068 92.239357 90.122643 -45.009895               4266 
41.830219 107.190208 -125.788544 85.120461 111.251457 -85.815544 21.921774 101.308311 -102.938583 94.681839 92.922340 -46.701836               4283 
41.922009 107.349426 -125.281181 85.316643 112.097382 -85.498947 22.145342 101.435631 -102.270378 95.217133 94.110924 -46.310612               4301 
41.962944 107.414497 -125.158127 85.140564 112.025841 -85.135391 21.992838 101.922211 -102.180405 94.591240 94.308968 -45.713882               4318 
42.223022 108.761787 -125.129074 84.648232 112.624893 -84.243134 21.838451 103.638062 -102.513725 92.939102 94.945053 -44.544983               4335 
42.711052 112.903496 -124.371712 83.855690 114.519791 -82.043777 21.712893 107.919235 -102.487656 90.158524 96.121529 -42.306686               4352 
43.744152 116.958572 -123.381042 82.862434 117.564980 -79.117371 21.999697 111.854996 -102.468529 86.943878 99.092422 -39.125313               4370 
42.887047 124.286713 -121.462646 81.304092 123.867218 -76.556541 21.274414 118.080322 -101.027573 84.861099 104.516586 -36.931309               4387 
43.027096 134.612885 -114.826851 82.162796 128.414978 -70.905403 21.369402 129.434036 -94.054543 84.672058 107.127396 -32.203972               4404 
43.308037 143.304626 -108.824051 83.507996 133.966446 -66.380516 22.096439 138.598755 -87.389885 86.205711 111.598434 -28.306213               4422 
42.738628 149.710632 -101.176201 85.211479 139.505646 -61.122749 22.684036 145.761871 -78.294708 89.614990 117.408539 -23.049334               4439 
40.491074 160.955246 -86.070663 84.219879 148.041855 -48.100151 21.545437 158.030716 -62.208000 89.272041 125.195763 -10.552979               4474 
39.455681 165.226120 -78.521118 84.251884 150.543854 -42.416073 21.621130 162.816345 -53.931904 90.116539 126.973251 -5.439177               4491 
39.342812 168.111526 -71.154877 84.761528 152.234558 -36.213406 22.871584 167.318512 -45.945122 91.026741 128.526520 0.609613               4509 
37.625374 171.362076 -63.291725 84.010452 154.841171 -29.764755 23.308867 172.019669 -37.589073 91.165131 131.027512 6.827302               4526 
37.014988 174.046692 -55.279079 83.940399 155.907578 -23.133230 24.620739 176.170517 -29.041260 91.504684 131.351486 12.881180               4543 
35.379787 177.010941 -48.277004 83.309868 157.563583 -18.138269 25.131626 180.059479 -21.437595 91.885002 132.130417 17.031017               4561 
33.719536 178.339432 -41.555058 83.007713 158.703903 -13.398656 25.525793 181.808029 -14.236513 93.120598 132.638336 20.887987               4578 
30.440195 182.954224 -26.819979 81.197769 160.968521 -2.710149 25.971987 187.373367 1.092333 93.067352 134.004547 30.294621               4613 
27.649559 182.774368 -21.561850 79.901291 161.705215 0.463154 25.214375 187.951370 6.480451 93.727768 135.046936 32.950432               4630 
25.679840 183.436295 -14.743565 78.873390 161.986908 5.128267 25.698753 189.576080 13.437290 93.973923 134.957291 36.729412               4649 
23.693758 182.850906 -9.450517 77.747841 162.292023 9.311436 25.840845 191.288834 18.889198 94.060745 135.961121 40.899902               4665 
21.278498 182.465073 -2.551586 76.234222 162.525436 14.386912 25.668869 193.085022 25.814497 93.998199 136.815918 45.703362               4682 
18.448627 180.587921 5.247418 74.755577 162.022186 19.272858 25.189362 193.341171 33.671417 94.829872 137.006470 49.744064               4699 
12.277431 178.937576 18.090149 70.167603 161.862076 27.192043 21.972883 193.461487 46.501987 93.430603 137.205872 55.620247               4734 
10.046288 177.916687 22.575974 68.508919 161.911011 30.255133 20.436853 193.108704 51.195530 92.871155 137.458481 57.928459               4751 
8.105719 175.990479 26.310459 67.053955 161.165634 33.324787 18.924707 192.206772 55.661736 92.132011 136.825836 60.452694               4769 
6.476052 174.475266 30.340895 65.808884 160.424622 36.607193 17.789932 191.311432 60.451778 91.449631 135.916946 63.049286               4786 
4.635832 172.498154 34.918560 64.389198 159.263229 40.135052 16.720446 190.429703 65.051285 90.821007 135.243088 66.243492               4803 
2.509931 170.441452 39.419109 62.659702 157.774658 43.039612 15.439081 188.560318 69.432793 89.942596 133.811508 68.311523               4821 
1.115954 167.130493 41.985569 61.730724 156.112198 45.112419 13.945575 185.654922 71.913437 89.799973 132.770142 70.102898               4838 
0.750789 165.595261 45.174774 61.460449 154.363159 48.000702 13.894249 183.755325 75.114822 89.465691 130.522003 72.588570               4857 
0.149043 164.518600 47.073677 61.015339 153.560471 49.783291 13.304971 182.373520 76.922302 89.039009 129.451019 74.086922               4873 
-0.301214 163.990128 49.014183 60.722523 153.241440 51.162632 13.114246 181.636581 78.266434 88.919365 128.998230 75.130585               4890 
-0.769964 163.009064 50.684883 60.406960 152.841751 52.284462 12.459434 179.451935 78.360359 88.860680 128.484528 75.829514               4907 
-1.278645 162.398575 51.639526 59.947590 152.452728 53.198513 11.776421 178.156998 77.711327 88.362556 128.172409 76.869469               4925 
-1.646039 161.819519 52.410908 59.629940 152.170944 53.828903 11.193168 176.495438 76.724174 88.056870 127.925316 77.521034               4943 
-1.951418 161.110092 52.950760 59.302685 151.733688 54.291821 10.605865 174.399841 75.412315 87.651291 127.404625 77.992279               4960 
-1.964455 160.779663 53.645046 59.290676 151.702621 54.679420 10.598104 173.495789 74.590302 87.708229 127.542694 78.470154               4977 
-2.030183 160.489899 54.274166 59.228382 151.665253 55.059292 10.548239 172.741882 74.069321 87.705719 127.623344 78.898048               4994 
-1.515325 160.697418 55.684746 59.668411 152.022812 55.909939 11.233637 173.130920 74.123909 88.274994 128.485916 80.095390               5018 
-1.393652 160.398483 56.111927 59.774853 151.731369 56.349998 11.355406 172.533401 74.068008 88.296082 128.116867 80.560577               5030 
-1.147282 160.692520 57.017178 59.975231 151.601746 57.074547 11.800545 172.443848 74.192696 88.349342 127.894455 81.367180               5051 
-0.972215 161.327362 57.807667 60.079075 151.672363 57.745129 12.195298 173.000885 74.483246 88.267151 127.938766 82.227921               5067 
-0.963692 161.214417 58.186794 60.111042 151.544357 57.860386 12.281016 172.717575 74.618904 88.339310 127.693405 82.182304               5085 
-0.780271 161.568069 58.963303 60.301392 151.826721 58.268028 12.641388 173.257233 74.994629 88.635078 128.195389 82.681564               5104 
-0.458599 161.614761 59.991959 60.685123 152.318695 58.903908 13.067797 173.745728 75.534386 89.265953 129.136642 83.459694               5143 
-0.449377 161.543564 59.684650 60.697201 152.083313 58.851952 13.096367 173.504608 75.284721 89.018944 128.513885 83.339081               5185 
-0.277507 161.637131 59.703720 60.847801 152.017349 58.824467 13.389491 173.592743 75.184784 89.053017 128.238831 83.243843               5221 
-0.229535 161.759689 59.794174 60.884449 152.072845 58.873581 13.553745 173.823669 75.152336 89.029900 128.226013 83.295303               5233 
-0.162198 162.956161 59.630493 60.870899 152.581177 58.905403 14.003713 175.247971 74.716606 88.621506 128.507431 83.555283               5254 
-0.666495 162.778763 58.380119 60.430824 152.509521 58.302418 13.391740 174.871307 73.775093 87.877831 128.033417 82.895920               5272 
-0.859779 163.241760 57.995792 60.277332 152.998032 58.063026 13.050713 174.844116 73.100037 87.662598 128.484100 82.687660               5289 
-1.243760 163.597168 58.003090 59.943562 153.658783 57.928902 12.593274 175.154800 72.547371 87.517860 129.591751 82.782356               5324 
-1.763110 163.034012 57.746323 59.484802 153.438797 57.433979 12.055691 174.632446 72.207489 87.282593 129.506302 82.168098               5341 
-2.392219 161.935638 57.778919 58.972458 153.001266 56.807041 11.485252 173.719162 72.047722 87.302910 129.420746 81.273407               5358 
-3.106981 161.028564 57.534740 58.375603 152.755081 56.242035 10.776958 173.174210 71.638428 87.125153 129.649307 80.672440               5376 
-4.185126 158.969406 56.722385 57.525024 152.115936 55.397861 9.571490 172.058640 70.774994 86.878952 129.947769 79.977875               5393 
-4.414323 157.692383 56.075039 57.430771 151.741745 55.093666 9.178938 171.298340 70.289253 86.982994 129.923798 79.749329               5411 
-4.371194 156.931244 55.599628 57.533710 151.398804 55.021332 9.113471 170.952560 69.936417 87.075058 129.770248 79.856239               5428 
-4.323662 156.468674 55.038475 57.609478 151.166107 54.901360 9.037907 170.891846 69.600250 87.046333 129.592743 79.907753               5446 
-4.204762 156.154724 54.231892 57.747372 150.974258 54.801018 8.980526 171.120300 69.233421 86.919312 129.329071 80.054565               5480 
-4.132717 156.249924 53.128422 57.798283 150.876556 54.516655 8.867410 171.603882 68.690582 86.544991 129.001007 80.057716               5499 
-4.541648 155.777466 51.631805 57.419376 151.002792 54.141636 7.968536 171.775452 67.791435 85.880623 129.353409 80.190041               5515 
-5.862636 154.261627 49.519871 56.142101 151.274643 53.462021 5.712259 171.314545 65.676445 84.499786 130.979568 80.687180               5549 
-6.271592 154.000320 49.019066 55.731529 151.311035 53.335461 5.103558 171.389740 65.083839 83.982071 131.416489 80.964645               5567 
-6.610721 153.829529 48.602978 55.417114 151.338913 53.238541 4.588805 171.416824 64.648155 83.583725 131.754211 81.173103               5584 
-6.915762 153.746552 48.268841 55.268002 151.275909 52.997555 4.306581 171.536926 64.271194 83.464417 132.114929 81.194664               5601 
-7.288982 154.042862 47.697781 55.278946 151.159027 52.924477 4.192844 171.663788 64.030724 83.406166 132.266968 81.371063               5619 
-7.628026 154.791519 46.295479 55.411194 150.714233 52.804352 4.130128 171.652527 63.351677 83.091454 131.869537 81.716949               5636 
-7.798455 155.468475 45.172855 55.728863 150.428452 52.753555 4.061954 171.449753 62.891590 83.192078 131.950836 82.106720               5655 
-7.525746 156.651077 43.450024 56.330563 150.031189 52.655499 4.145845 171.136566 61.965076 83.166351 131.643265 82.638542               5688 
-7.289056 157.077667 42.784588 56.669933 149.896866 52.567146 4.143641 170.733719 61.560181 83.291275 131.587326 82.788383               5705 
-6.835371 157.612595 42.325806 57.108879 149.861984 52.428493 4.285765 170.550522 61.169590 83.477196 131.519180 82.850716               5723 
-6.441330 158.222336 41.548416 57.522625 149.586136 51.333172 4.648030 170.183121 61.077244 83.757950 129.801910 80.956650               5757 
-6.365722 158.403061 41.595329 57.654213 149.724045 51.218582 4.707290 170.202484 61.342514 83.899078 129.538528 80.561554               5775 
-6.109203 157.981277 42.004578 57.970203 149.924606 51.291702 4.817214 169.967743 62.014313 84.320251 129.181946 80.147812               5792 
-5.871242 156.987823 43.188736 58.355972 150.954742 51.651314 4.824886 169.784790 62.903988 85.351509 130.596359 80.182617               5809 
-5.178269 155.996140 43.416473 58.690212 151.402283 51.700356 4.828100 169.491013 63.162235 85.593346 130.318634 79.788773               5844 
-4.685146 156.013962 43.428215 58.889732 151.760025 51.774002 4.960015 169.801605 63.119179 85.565773 130.269333 79.770386               5862 
-3.960935 156.235596 42.910194 59.119408 152.272430 51.951920 4.995935 170.220367 62.758377 85.191231 129.992050 79.900146               5879 
-3.619102 156.595932 42.590973 59.176281 152.694946 51.881523 4.956169 170.842834 62.472263 84.877342 130.011459 79.848877               5896 
-3.926633 156.955917 42.084572 58.778114 153.205200 51.914742 4.334390 171.338882 62.011147 84.210564 130.613159 80.199875               5914 
