-13.433673 164.500488 66.717010 54.292133 162.210480 55.587410 6.250633 167.594589 65.630302 79.205048 133.492844 75.755882                  0 
-12.845371 164.126572 67.956123 54.709507 162.365616 55.890388 6.122561 165.421188 65.985176 80.137161 134.077179 76.023003                 27 
-12.584665 163.395187 69.182236 54.820972 162.134995 56.113403 6.110884 162.213562 65.719887 80.910576 134.765076 76.664398                 47 
-12.483057 161.260345 71.304840 54.846432 161.365143 56.237747 6.348442 158.025299 66.610115 82.465080 135.300797 76.485794                 82 
-12.728226 161.015747 71.686882 54.821480 161.284515 56.254333 6.436975 156.997589 66.940651 82.962990 135.846832 76.579254                 99 
-13.232287 159.645447 72.528328 54.545212 161.469620 56.435081 6.495095 155.272171 67.749840 83.834763 136.963333 76.276642                117 
-13.862849 157.869843 73.201736 54.404549 161.001938 56.820126 6.723494 152.979752 68.614288 84.708931 136.851227 75.542053                134 
-13.644529 150.144531 72.528252 54.441883 163.624878 57.678146 8.281475 147.728851 68.374077 88.061897 141.475342 72.883926                170 
-13.343460 148.782776 71.321968 55.098873 164.519531 58.025005 9.193436 146.995132 68.369087 89.471474 142.943375 72.346931                189 
-13.303761 149.362335 69.647949 55.969021 165.239487 58.031013 9.688579 147.838791 68.474731 90.452644 143.567703 71.935577                204 
-13.601311 152.397995 66.957306 57.168137 165.582855 58.248093 9.490780 150.577698 68.354141 90.567360 142.292328 72.182480                238 
-13.636669 153.352875 66.162880 57.437206 165.573090 58.199299 9.237792 151.545197 68.339470 90.389786 141.679291 72.175598                256 
-13.708499 154.676697 65.497520 57.664307 165.575790 58.131149 9.032323 152.595322 68.089951 90.044746 141.020859 72.297493                273 
-13.573678 158.822556 65.090370 57.769772 164.590134 57.357407 8.081989 156.300552 67.589088 87.805428 137.748993 72.507835                308 
-13.174637 159.777725 65.486908 57.753757 164.176300 57.115242 7.752414 157.685349 67.829178 87.001595 136.790253 72.821678                325 
-12.541474 160.225830 66.438042 57.847900 164.150269 56.958290 7.679949 158.597122 68.295364 86.776550 136.761948 73.241302                342 
-12.217124 160.431763 67.197395 57.882080 163.998398 56.868671 7.698349 157.647964 67.798691 86.705238 136.727692 73.531723                362 
-11.888627 161.562500 69.076920 57.888821 163.246445 56.535461 8.085105 156.835068 68.245003 86.776756 136.851288 74.449318                377 
-11.465544 162.537979 71.991699 57.765919 162.379425 56.632118 8.613181 155.636093 69.744049 87.145256 137.306473 75.614349                404 
-11.580584 162.088562 73.870270 57.218143 162.233292 56.349510 8.762123 154.435211 70.972038 87.698006 138.869415 75.771919                429 
-11.881808 162.116425 75.226250 56.773678 162.032608 56.373077 8.717370 154.104477 72.263832 87.932129 139.615234 75.834198                446 
-12.202367 160.840820 76.466316 56.713352 161.284897 56.825695 9.140344 152.456223 73.778290 88.846687 140.110519 76.092712                464 
-13.672471 158.277008 77.130180 55.894398 161.049835 57.294155 9.000163 150.244781 74.564255 89.440796 141.534958 75.893402                498 
-14.337617 156.996490 77.188408 55.602211 160.913605 57.788761 8.816114 149.352524 74.581467 89.470406 141.354172 75.746971                516 
-15.127691 155.263000 76.660080 55.184155 161.439514 58.089581 8.500294 148.643539 74.003914 89.487625 141.595642 74.871017                533 
-15.601955 154.072327 75.140587 55.139381 161.909348 58.201847 8.179031 148.987671 73.073326 89.481903 141.586975 74.317543                550 
-15.765913 153.430786 71.899178 55.840691 162.608154 58.361244 8.026310 151.401215 72.467819 89.861099 141.355179 73.951164                569 
-15.240005 154.593094 66.082954 57.383522 163.093872 57.881245 7.907984 154.782227 70.595085 89.991287 139.442596 73.029663                603 
-15.012521 155.277008 63.858040 57.884159 163.151550 57.589386 7.757663 156.046555 70.023376 89.863869 138.531464 72.531700                620 
-15.236205 156.926453 61.356037 57.965061 163.542145 57.386021 6.906845 158.841568 70.180794 89.038574 137.981613 72.657539                654 
-15.345893 157.191605 60.600559 57.930489 163.452530 57.287571 6.618985 159.245743 70.016197 88.745621 137.630463 72.642426                672 
-16.598188 157.611771 58.559990 56.856731 162.570160 56.805038 5.144303 159.274734 68.633659 86.893112 136.047852 72.505562                689 
-17.082165 157.904907 59.452583 56.409718 161.442520 55.914860 4.848929 159.499649 69.154678 86.319283 134.756073 71.579308                706 
-17.643286 156.959930 65.487694 55.554428 159.864105 55.625183 5.099685 159.046646 72.980919 87.036621 135.478790 71.945480                741 
-17.780035 157.355087 66.949707 55.456165 159.619644 55.705349 5.258613 158.936707 73.840027 87.302002 135.725418 72.046463                758 
-17.431862 157.624619 69.123787 55.910717 159.148697 56.520779 6.084219 158.558167 75.115875 88.260757 136.220566 73.250961                776 
-16.636517 157.294128 71.612442 56.747086 158.206711 57.205536 7.478039 157.811188 76.828865 89.856613 136.555634 74.149933                793 
-16.236456 157.584579 73.453148 57.463936 157.195251 57.891914 8.744697 157.089676 78.259460 91.174217 136.587265 74.952141                811 
-16.470999 158.685883 73.581421 58.028137 156.936783 58.623856 9.467309 156.724457 78.678963 91.892654 136.626663 75.735748                848 
-16.409174 159.217010 73.828575 58.365284 156.848633 58.819763 9.980601 156.546753 78.929314 92.387245 136.734406 75.850563                863 
-16.656372 160.011047 73.401253 58.665779 156.681168 58.839989 10.422929 156.323288 78.790161 92.767403 136.585266 75.732513                886 
-17.119865 161.051208 72.912270 58.637791 157.249680 58.406025 10.576560 157.051239 78.604393 92.857468 136.736374 74.541130                920 
-16.980082 162.434845 72.297737 58.850433 160.110535 57.212635 11.010599 159.117065 77.996681 93.460907 139.283844 72.061432                937 
-16.784864 163.865570 69.366890 59.462997 161.497299 55.412136 11.350295 160.128479 75.737930 93.680489 139.264328 69.086258                949 
-13.124359 176.492477 60.322388 63.090206 168.868195 46.885410 15.125044 176.319275 72.260696 95.844391 144.633240 60.740135                984 
-11.335503 179.703201 55.249935 64.930031 168.936813 43.806763 16.894827 180.043167 70.141823 96.323463 143.210602 58.115425               1002 
-7.901296 185.254532 47.909199 68.024612 170.293167 38.592014 21.191811 188.037888 66.250648 97.973030 143.895630 54.666386               1023 
-5.507594 188.977356 38.590595 70.052521 170.700073 31.649094 24.572435 193.774780 60.578468 98.700752 143.759277 49.130398               1038 
0.422005 193.940384 9.710776 75.338455 171.782532 11.581587 30.643805 203.156326 38.649281 100.976555 145.017700 33.455215               1074 
2.061829 194.341400 -1.998816 76.651527 171.639328 4.335907 31.232603 204.619553 29.544762 101.004799 145.111847 27.901438               1088 
3.984812 191.131058 -20.826946 78.172485 170.226501 -6.924281 29.918890 202.725784 14.287746 100.899963 144.483597 19.015799               1114 
5.508816 189.695343 -34.089561 78.511620 169.297424 -14.229188 28.183247 200.732178 3.548647 99.330978 143.247589 12.975293               1127 
3.198794 179.618774 -46.638638 79.654663 168.492035 -35.185253 25.812719 182.238419 -8.637111 106.437042 139.340302 -18.303207               1157 
6.514324 172.462875 -56.098587 83.314217 167.049194 -45.579308 28.682905 174.244446 -20.471134 112.125648 138.771912 -30.665564               1175 
10.709881 162.418488 -81.416527 86.718536 163.206223 -67.012375 30.813330 163.491730 -48.573097 116.800323 136.516479 -51.687019               1210 
14.379930 162.586456 -103.038635 85.377472 160.597549 -69.658043 27.267975 156.768616 -68.008789 109.904655 136.490082 -43.785843               1227 
18.022839 161.964279 -129.958755 83.148956 153.585739 -84.344055 25.109283 147.965652 -92.961037 101.318672 130.370102 -52.990929               1261 
18.479153 160.307114 -138.073685 82.468384 151.764297 -90.576256 24.626999 145.614960 -100.812325 99.605751 128.997894 -58.325294               1279 
16.885262 154.956223 -149.753510 79.574753 148.299973 -100.109055 22.419428 139.745163 -112.609421 96.253799 126.129204 -67.209358               1314 
15.816819 152.842010 -153.504440 78.093254 147.442062 -103.089180 21.372301 137.328491 -116.543098 94.837097 125.560898 -70.028900               1331 
16.282604 151.422699 -155.670349 78.347977 146.984329 -104.790131 21.940182 135.759216 -118.998596 95.086403 125.283554 -71.608437               1348 
16.439423 149.842575 -158.431168 78.099419 146.025650 -106.842476 22.128868 133.685669 -122.284019 94.631454 124.277306 -73.588539               1377 
16.304255 147.149841 -159.922821 78.034286 144.595444 -108.262627 22.168407 131.442276 -123.736435 94.634575 123.466721 -74.645203               1396 
17.512926 145.287628 -162.634460 79.041832 142.306717 -110.661797 23.319960 128.354492 -127.087555 95.364258 120.869423 -77.103722               1437 
16.585642 143.143066 -162.838852 78.517891 141.908325 -111.245979 23.085438 126.197212 -127.434074 95.527672 121.036293 -77.672935               1452 
17.825935 143.842621 -164.538376 79.344727 141.509857 -112.419701 25.669630 124.086975 -131.023911 95.915306 120.061691 -78.990440               1471 
14.664646 138.685410 -165.066650 75.953804 137.873672 -112.517502 24.464384 116.885246 -133.195633 93.533478 116.186157 -79.764938               1487 
12.294630 140.316605 -163.887833 73.202873 134.700851 -111.176949 22.374519 115.107552 -134.639343 90.707512 109.985390 -80.601524               1505 
21.270863 145.722504 -166.034668 77.123055 133.472214 -109.006859 27.524609 118.212822 -137.723969 90.425728 106.193092 -78.494370               1539 
20.350595 148.572586 -165.255508 77.047638 133.057129 -109.893692 25.839130 120.720230 -137.151657 89.569954 105.055359 -79.707344               1556 
20.765051 148.920181 -165.297592 77.474297 132.902039 -110.085022 26.080837 120.998352 -137.188248 89.727928 104.891968 -79.796280               1574 
21.531755 149.668106 -165.113220 77.897675 132.156067 -109.999481 26.671024 120.984001 -137.725174 89.872772 103.415161 -80.289543               1591 
21.001116 149.192825 -164.657318 77.678162 130.059448 -110.398766 25.691031 120.416893 -137.237900 89.103111 101.169632 -80.616692               1609 
21.584072 149.714905 -163.334641 78.979729 130.885056 -109.724297 26.478458 121.302528 -135.530548 90.501923 102.504318 -79.493576               1643 
21.263720 148.947861 -162.732086 79.274483 130.674347 -109.509567 26.434748 120.812469 -134.493088 91.032471 102.840973 -78.863579               1660 
21.879389 149.759155 -162.204422 79.284523 129.971100 -108.831276 26.444176 121.199570 -134.200485 90.344765 101.739670 -78.289825               1678 
22.268686 150.627457 -161.980576 79.403770 129.590530 -108.796249 26.541700 121.635246 -134.374771 90.101463 100.902321 -78.552742               1695 
22.815344 152.023117 -160.513290 79.032211 128.450623 -107.440872 26.052292 122.569221 -133.323273 88.627487 99.055107 -77.508316               1713 
22.552761 150.307800 -159.805023 76.765083 126.387680 -104.822273 26.252529 118.916580 -134.895386 86.580704 95.337334 -76.685944               1747 
21.245230 150.568192 -158.462860 77.184486 127.986618 -104.647705 25.334946 120.242989 -132.283539 87.468918 98.114159 -75.424599               1787 
17.897575 146.184464 -157.993652 75.798698 127.713524 -104.681671 23.048132 117.841049 -129.821457 87.194847 100.151611 -73.655998               1816 
10.355151 144.862045 -155.458160 71.718140 134.424469 -103.879288 18.854736 118.964981 -125.795624 86.503067 109.975761 -71.695595               1853 
8.009904 144.871216 -152.256744 71.172195 136.577637 -102.566154 17.720356 120.044258 -122.181046 87.231270 113.260689 -70.153969               1870 
4.425754 139.346863 -148.459381 69.168854 137.475220 -100.347366 16.361322 116.793732 -117.704926 87.394951 116.779060 -67.307968               1903 
2.683292 137.603729 -146.598190 67.757057 137.352264 -98.989067 15.229259 115.584297 -115.839279 86.507751 117.307495 -65.841789               1921 
-0.016102 135.224808 -146.076660 63.862114 136.760284 -96.914223 12.874161 112.981529 -115.614754 82.623802 116.893089 -63.666405               1938 
-8.039760 126.272675 -143.258545 56.577145 133.539581 -95.607292 6.967238 105.807869 -112.531319 77.307091 115.970596 -62.234798               1955 
-3.956498 128.978897 -139.958221 60.599884 135.159378 -92.070877 10.797386 108.160568 -109.230499 80.616165 117.580803 -58.270500               1990 
-4.928324 126.219994 -138.225586 60.069115 134.877762 -91.350510 10.551662 106.536270 -107.153595 80.770073 118.619865 -57.302387               2007 
-14.256150 117.608948 -133.587341 53.304562 127.819794 -90.985916 3.170799 98.819824 -103.290962 76.156677 112.324142 -57.973961               2025 
-21.790058 74.922684 -93.349709 30.990942 124.279099 -77.940117 8.674942 69.464874 -75.662933 70.596794 128.751816 -61.707603               2042 
-12.987936 77.989838 -81.859077 37.299713 126.863808 -82.231468 19.390272 70.939438 -74.393341 79.940506 132.652634 -81.618462               2059 
-14.384230 65.512154 -94.702682 24.941082 118.507828 -77.300804 16.471525 59.382813 -81.519188 65.551559 130.283325 -69.285194               2110 
-14.600055 64.051491 -96.626305 23.076960 117.008789 -76.261543 15.988955 57.380695 -81.754753 63.255104 129.367233 -67.036102               2122 
8.174425 81.784126 -87.667465 37.155792 127.134560 -85.548706 17.378229 69.910278 -76.960571 79.667038 130.238525 -91.488647               2146 
19.395685 81.066017 -78.106766 41.561905 127.276451 -81.348656 24.533123 70.418991 -65.227036 83.167770 130.632919 -91.827644               2163 
999.000000 999.000000 999.000000 999.000000 999.000000 999.000000 999.000000 999.000000 999.000000 999.000000 999.000000 999.000000             2181.0 
999.000000 999.000000 999.000000 999.000000 999.000000 999.000000 999.000000 999.000000 999.000000 999.000000 999.000000 999.000000             2215.0 
999.000000 999.000000 999.000000 999.000000 999.000000 999.000000 999.000000 999.000000 999.000000 999.000000 999.000000 999.000000             2233.0 
999.000000 999.000000 999.000000 999.000000 999.000000 999.000000 999.000000 999.000000 999.000000 999.000000 999.000000 999.000000             2250.0 
999.000000 999.000000 999.000000 999.000000 999.000000 999.000000 999.000000 999.000000 999.000000 999.000000 999.000000 999.000000             2267.0 
999.000000 999.000000 999.000000 999.000000 999.000000 999.000000 999.000000 999.000000 999.000000 999.000000 999.000000 999.000000             2285.0 
999.000000 999.000000 999.000000 999.000000 999.000000 999.000000 999.000000 999.000000 999.000000 999.000000 999.000000 999.000000             2303.0 
999.000000 999.000000 999.000000 999.000000 999.000000 999.000000 999.000000 999.000000 999.000000 999.000000 999.000000 999.000000             2320.0 
999.000000 999.000000 999.000000 999.000000 999.000000 999.000000 999.000000 999.000000 999.000000 999.000000 999.000000 999.000000             2337.0 
999.000000 999.000000 999.000000 999.000000 999.000000 999.000000 999.000000 999.000000 999.000000 999.000000 999.000000 999.000000             2354.0 
999.000000 999.000000 999.000000 999.000000 999.000000 999.000000 999.000000 999.000000 999.000000 999.000000 999.000000 999.000000             2371.0 
999.000000 999.000000 999.000000 999.000000 999.000000 999.000000 999.000000 999.000000 999.000000 999.000000 999.000000 999.000000             2389.0 
999.000000 999.000000 999.000000 999.000000 999.000000 999.000000 999.000000 999.000000 999.000000 999.000000 999.000000 999.000000             2406.0 
999.000000 999.000000 999.000000 999.000000 999.000000 999.000000 999.000000 999.000000 999.000000 999.000000 999.000000 999.000000             2424.0 
999.000000 999.000000 999.000000 999.000000 999.000000 999.000000 999.000000 999.000000 999.000000 999.000000 999.000000 999.000000             2441.0 
999.000000 999.000000 999.000000 999.000000 999.000000 999.000000 999.000000 999.000000 999.000000 999.000000 999.000000 999.000000             2458.0 
999.000000 999.000000 999.000000 999.000000 999.000000 999.000000 999.000000 999.000000 999.000000 999.000000 999.000000 999.000000             2476.0 
999.000000 999.000000 999.000000 999.000000 999.000000 999.000000 999.000000 999.000000 999.000000 999.000000 999.000000 999.000000             2493.0 
999.000000 999.000000 999.000000 999.000000 999.000000 999.000000 999.000000 999.000000 999.000000 999.000000 999.000000 999.000000             2510.0 
999.000000 999.000000 999.000000 999.000000 999.000000 999.000000 999.000000 999.000000 999.000000 999.000000 999.000000 999.000000             2528.0 
999.000000 999.000000 999.000000 999.000000 999.000000 999.000000 999.000000 999.000000 999.000000 999.000000 999.000000 999.000000             2545.0 
999.000000 999.000000 999.000000 999.000000 999.000000 999.000000 999.000000 999.000000 999.000000 999.000000 999.000000 999.000000             2562.0 
999.000000 999.000000 999.000000 999.000000 999.000000 999.000000 999.000000 999.000000 999.000000 999.000000 999.000000 999.000000             2580.0 
999.000000 999.000000 999.000000 999.000000 999.000000 999.000000 999.000000 999.000000 999.000000 999.000000 999.000000 999.000000             2597.0 
999.000000 999.000000 999.000000 999.000000 999.000000 999.000000 999.000000 999.000000 999.000000 999.000000 999.000000 999.000000             2614.0 
999.000000 999.000000 999.000000 999.000000 999.000000 999.000000 999.000000 999.000000 999.000000 999.000000 999.000000 999.000000             2632.0 
999.000000 999.000000 999.000000 999.000000 999.000000 999.000000 999.000000 999.000000 999.000000 999.000000 999.000000 999.000000             2649.0 
999.000000 999.000000 999.000000 999.000000 999.000000 999.000000 999.000000 999.000000 999.000000 999.000000 999.000000 999.000000             2666.0 
999.000000 999.000000 999.000000 999.000000 999.000000 999.000000 999.000000 999.000000 999.000000 999.000000 999.000000 999.000000             2684.0 
999.000000 999.000000 999.000000 999.000000 999.000000 999.000000 999.000000 999.000000 999.000000 999.000000 999.000000 999.000000             2701.0 
999.000000 999.000000 999.000000 999.000000 999.000000 999.000000 999.000000 999.000000 999.000000 999.000000 999.000000 999.000000             2718.0 
999.000000 999.000000 999.000000 999.000000 999.000000 999.000000 999.000000 999.000000 999.000000 999.000000 999.000000 999.000000             2737.0 
999.000000 999.000000 999.000000 999.000000 999.000000 999.000000 999.000000 999.000000 999.000000 999.000000 999.000000 999.000000             2753.0 
999.000000 999.000000 999.000000 999.000000 999.000000 999.000000 999.000000 999.000000 999.000000 999.000000 999.000000 999.000000             2770.0 
999.000000 999.000000 999.000000 999.000000 999.000000 999.000000 999.000000 999.000000 999.000000 999.000000 999.000000 999.000000             2788.0 
999.000000 999.000000 999.000000 999.000000 999.000000 999.000000 999.000000 999.000000 999.000000 999.000000 999.000000 999.000000             2805.0 
999.000000 999.000000 999.000000 999.000000 999.000000 999.000000 999.000000 999.000000 999.000000 999.000000 999.000000 999.000000             2822.0 
999.000000 999.000000 999.000000 999.000000 999.000000 999.000000 999.000000 999.000000 999.000000 999.000000 999.000000 999.000000             2840.0 
999.000000 999.000000 999.000000 999.000000 999.000000 999.000000 999.000000 999.000000 999.000000 999.000000 999.000000 999.000000             2857.0 
999.000000 999.000000 999.000000 999.000000 999.000000 999.000000 999.000000 999.000000 999.000000 999.000000 999.000000 999.000000             2874.0 
999.000000 999.000000 999.000000 999.000000 999.000000 999.000000 999.000000 999.000000 999.000000 999.000000 999.000000 999.000000             2892.0 
999.000000 999.000000 999.000000 999.000000 999.000000 999.000000 999.000000 999.000000 999.000000 999.000000 999.000000 999.000000             2909.0 
999.000000 999.000000 999.000000 999.000000 999.000000 999.000000 999.000000 999.000000 999.000000 999.000000 999.000000 999.000000             2926.0 
999.000000 999.000000 999.000000 999.000000 999.000000 999.000000 999.000000 999.000000 999.000000 999.000000 999.000000 999.000000             2944.0 
999.000000 999.000000 999.000000 999.000000 999.000000 999.000000 999.000000 999.000000 999.000000 999.000000 999.000000 999.000000             2961.0 
999.000000 999.000000 999.000000 999.000000 999.000000 999.000000 999.000000 999.000000 999.000000 999.000000 999.000000 999.000000             2979.0 
999.000000 999.000000 999.000000 999.000000 999.000000 999.000000 999.000000 999.000000 999.000000 999.000000 999.000000 999.000000             2996.0 
999.000000 999.000000 999.000000 999.000000 999.000000 999.000000 999.000000 999.000000 999.000000 999.000000 999.000000 999.000000             3013.0 
999.000000 999.000000 999.000000 999.000000 999.000000 999.000000 999.000000 999.000000 999.000000 999.000000 999.000000 999.000000             3031.0 
999.000000 999.000000 999.000000 999.000000 999.000000 999.000000 999.000000 999.000000 999.000000 999.000000 999.000000 999.000000             3048.0 
999.000000 999.000000 999.000000 999.000000 999.000000 999.000000 999.000000 999.000000 999.000000 999.000000 999.000000 999.000000             3065.0 
999.000000 999.000000 999.000000 999.000000 999.000000 999.000000 999.000000 999.000000 999.000000 999.000000 999.000000 999.000000             3083.0 
999.000000 999.000000 999.000000 999.000000 999.000000 999.000000 999.000000 999.000000 999.000000 999.000000 999.000000 999.000000             3100.0 
999.000000 999.000000 999.000000 999.000000 999.000000 999.000000 999.000000 999.000000 999.000000 999.000000 999.000000 999.000000             3117.0 
999.000000 999.000000 999.000000 999.000000 999.000000 999.000000 999.000000 999.000000 999.000000 999.000000 999.000000 999.000000             3135.0 
999.000000 999.000000 999.000000 999.000000 999.000000 999.000000 999.000000 999.000000 999.000000 999.000000 999.000000 999.000000             3152.0 
999.000000 999.000000 999.000000 999.000000 999.000000 999.000000 999.000000 999.000000 999.000000 999.000000 999.000000 999.000000             3169.0 
999.000000 999.000000 999.000000 999.000000 999.000000 999.000000 999.000000 999.000000 999.000000 999.000000 999.000000 999.000000             3187.0 
999.000000 999.000000 999.000000 999.000000 999.000000 999.000000 999.000000 999.000000 999.000000 999.000000 999.000000 999.000000             3204.0 
999.000000 999.000000 999.000000 999.000000 999.000000 999.000000 999.000000 999.000000 999.000000 999.000000 999.000000 999.000000             3221.0 
999.000000 999.000000 999.000000 999.000000 999.000000 999.000000 999.000000 999.000000 999.000000 999.000000 999.000000 999.000000             3239.0 
999.000000 999.000000 999.000000 999.000000 999.000000 999.000000 999.000000 999.000000 999.000000 999.000000 999.000000 999.000000             3256.0 
999.000000 999.000000 999.000000 999.000000 999.000000 999.000000 999.000000 999.000000 999.000000 999.000000 999.000000 999.000000             3273.0 
999.000000 999.000000 999.000000 999.000000 999.000000 999.000000 999.000000 999.000000 999.000000 999.000000 999.000000 999.000000             3291.0 
999.000000 999.000000 999.000000 999.000000 999.000000 999.000000 999.000000 999.000000 999.000000 999.000000 999.000000 999.000000             3308.0 
999.000000 999.000000 999.000000 999.000000 999.000000 999.000000 999.000000 999.000000 999.000000 999.000000 999.000000 999.000000             3325.0 
999.000000 999.000000 999.000000 999.000000 999.000000 999.000000 999.000000 999.000000 999.000000 999.000000 999.000000 999.000000             3343.0 
999.000000 999.000000 999.000000 999.000000 999.000000 999.000000 999.000000 999.000000 999.000000 999.000000 999.000000 999.000000             3360.0 
999.000000 999.000000 999.000000 999.000000 999.000000 999.000000 999.000000 999.000000 999.000000 999.000000 999.000000 999.000000             3377.0 
999.000000 999.000000 999.000000 999.000000 999.000000 999.000000 999.000000 999.000000 999.000000 999.000000 999.000000 999.000000             3395.0 
999.000000 999.000000 999.000000 999.000000 999.000000 999.000000 999.000000 999.000000 999.000000 999.000000 999.000000 999.000000             3412.0 
-10.521358 165.779480 82.016655 61.076099 166.571793 56.764721 20.395731 149.615891 85.480652 98.885620 151.223465 70.439247               3429 
-10.940598 165.326187 80.977669 60.777359 166.221497 56.087017 20.174189 148.634247 84.173660 98.538872 150.938904 69.966270               3447 
-10.886727 165.259689 80.756538 60.816883 166.223846 55.868523 20.691647 147.698120 83.083481 98.594299 151.029541 69.801338               3464 
-11.021708 164.990997 80.396149 60.741497 166.081360 55.700699 21.312899 146.001801 81.551956 98.502037 150.935928 69.732132               3482 
-11.392960 164.841461 79.866371 60.415020 165.945099 55.310753 21.919668 144.108185 79.650909 98.162178 150.876663 69.460594               3499 
-11.615992 163.974167 79.703880 60.096306 165.766830 54.944347 23.217588 141.341003 77.583725 98.026268 151.103683 69.030998               3516 
-12.220955 161.218323 79.373573 59.464512 165.305542 54.820534 24.829809 137.128281 74.862106 97.729073 151.366333 68.736183               3553 
-12.685056 158.667145 79.078224 59.003567 164.906860 54.952240 25.584169 134.668930 73.456619 97.522987 151.534134 68.719864               3570 
-13.007681 156.358353 78.890564 58.671764 164.611588 55.157280 26.538128 132.479126 72.191422 97.463402 151.832932 68.723335               3587 
-13.153892 153.176987 78.307571 58.581436 163.815765 55.312641 27.794592 129.557739 70.267738 97.655525 151.496002 68.486954               3603 
-12.681824 146.246109 75.443649 59.551449 161.341309 56.086464 30.228441 123.901756 65.128838 98.730362 148.747879 68.677795               3638 
-12.620040 145.170776 74.546722 59.767281 161.060989 56.218212 30.633118 123.205612 64.087212 98.926758 148.429932 68.832298               3655 
-12.657980 145.294464 74.032875 59.914112 161.139053 56.234520 30.703001 123.222389 63.634422 98.997360 148.389114 68.964874               3672 
-12.747060 146.963135 72.729782 60.276894 162.028793 56.130119 30.493620 124.411743 62.955517 99.011124 148.827164 69.453018               3690 
-12.933117 149.691605 71.059875 60.650959 163.182404 55.672153 30.022514 126.175873 62.187233 98.869720 149.334381 69.803040               3710 
-12.912795 156.529480 69.251717 61.107407 164.858902 54.430920 27.937313 130.345016 62.090363 97.989815 149.308487 70.242180               3742 
-12.165378 158.532364 69.579575 61.287529 164.813217 54.123554 26.872238 131.694992 62.468651 97.518799 148.370239 70.526199               3759 
-10.855485 159.610962 70.061066 61.524094 164.669632 53.596294 26.051168 132.851959 62.561951 97.135742 147.504593 70.604965               3776 
-9.997478 160.113800 70.317734 61.677303 164.439957 53.200844 25.685171 133.286713 62.371807 96.868912 146.830505 70.624428               3794 
-9.397143 160.703613 70.680260 61.842522 164.518539 53.072250 25.665272 133.695496 62.587723 96.815880 146.844116 70.865555               3811 
-8.578861 161.187408 71.497147 62.110531 164.683823 53.254025 26.139591 133.697769 62.727219 96.906509 146.888184 71.272842               3846 
-8.398944 161.240616 71.722672 62.121120 164.699203 53.285290 26.272219 133.602966 62.775482 96.885529 146.940659 71.401405               3863 
-8.643878 159.633972 71.816315 61.832535 164.136185 53.718220 26.636066 132.087326 62.223675 96.664719 146.434616 71.759750               3881 
-8.533270 158.864838 72.734276 61.660728 163.847458 53.802036 27.378031 131.040482 62.819633 96.855232 146.797394 71.767715               3898 
-9.573901 156.460602 72.783272 60.556145 163.262207 54.222820 27.408495 129.082169 62.041645 96.020798 146.523499 71.948433               3916 
-9.511861 156.332489 74.546265 59.926552 163.779694 53.738644 28.205372 128.853561 63.709106 96.237648 148.630325 71.177811               3951 
-9.447556 155.959946 74.900925 59.874786 163.816238 53.753899 28.544786 128.536942 63.717937 96.379028 148.836716 70.934639               3967 
-9.620056 154.327271 75.045647 59.755817 163.390137 54.126724 29.009428 127.298950 62.941933 96.491585 148.300568 70.707191               3985 
-9.942756 153.875549 74.643959 59.716423 163.326797 54.183796 29.171162 126.867638 62.165531 96.530754 148.061951 70.426117               4021 
-9.913347 153.393524 74.561874 59.795307 163.288620 54.283714 29.317892 126.695915 61.864243 96.676346 147.957596 70.310951               4037 
-9.989573 153.190262 74.193077 59.955883 163.435394 54.423855 29.309959 126.898888 61.484852 96.854042 147.907974 70.220963               4054 
-9.960855 152.916367 73.633026 60.231895 163.493393 54.571865 29.355326 126.998489 60.790047 97.060806 147.591690 70.156822               4072 
-9.595574 153.978043 72.913567 61.007996 164.144974 54.972420 29.461945 128.045990 60.043571 97.474678 147.379654 70.503967               4090 
-9.634315 154.507416 72.264015 61.229961 164.413300 55.169357 29.203356 128.669983 59.725559 97.432281 147.228622 70.860191               4108 
-9.702586 155.796188 71.330658 61.477386 164.979599 55.172840 28.423981 130.180923 59.672230 97.275444 147.215332 71.143242               4141 
-9.492101 156.465012 71.066612 61.780186 165.147125 55.066475 28.388676 130.657822 59.467876 97.405022 147.043945 71.043625               4158 
-9.187968 157.576767 70.933998 62.163857 165.428482 54.933472 28.273224 131.425797 59.352520 97.557655 146.843155 70.870468               4176 
-8.760154 158.678986 71.012993 62.588760 165.783920 54.761295 28.324080 132.170639 59.267529 97.820541 146.784531 70.568520               4194 
-8.003600 160.048080 71.373672 63.263260 166.411407 54.593903 28.696430 133.162460 59.472317 98.405418 147.130035 70.258545               4228 
-7.895740 160.332214 71.512321 63.385494 166.337814 54.665466 28.691748 133.251389 59.731831 98.460732 146.995773 70.405121               4245 
-7.861081 160.697906 71.800316 63.420135 166.274338 54.826893 28.591633 133.379807 60.185829 98.429535 146.898697 70.671448               4262 
-7.646677 159.211090 72.456833 63.531578 165.383667 55.248447 29.053808 132.138306 60.543068 98.747711 146.193512 70.858864               4279 
-7.478674 157.676437 74.639343 63.556194 164.390030 56.330986 30.235149 130.288177 62.976780 99.454208 146.479538 71.908859               4314 
-7.484545 157.578430 75.554306 63.592888 164.021667 56.812828 30.566496 129.777863 63.963833 99.681335 146.409607 72.290634               4333 
-7.763160 158.182724 75.465622 63.611008 164.024612 56.799500 30.717493 129.732849 64.203423 99.779846 146.574463 72.273048               4349 
-7.647266 155.323395 77.854866 64.013832 161.948700 58.487419 32.189800 126.587250 65.475563 100.937080 144.930084 72.599960               4383 
-7.896304 155.004318 78.455917 64.115051 161.459778 59.055748 32.706417 125.738968 66.076874 101.310745 144.743408 72.809547               4404 
